/*--------------------------------*- C++ -*----------------------------------*\
| =========                 |                                                 |
| \\      /  F ield         | OpenFOAM: The Open Source CFD Toolbox           |
|  \\    /   O peration     | Version:  v2012                                 |
|   \\  /    A nd           | Website:  www.openfoam.com                      |
|    \\/     M anipulation  |                                                 |
\*---------------------------------------------------------------------------*/
FoamFile
{
    version     2.0;
    format      ascii;
    class       volScalarField;
    location    "2000";
    object      nut;
}
// * * * * * * * * * * * * * * * * * * * * * * * * * * * * * * * * * * * * * //

dimensions      [0 2 -1 0 0 0 0];


internalField   nonuniform List<scalar> 
4000
(
0.000289116
0.000247667
0.000189054
0.000135946
0.000116715
0.000109306
9.62975e-05
9.3116e-05
9.30228e-05
9.42885e-05
9.47557e-05
9.44542e-05
9.49799e-05
0.000100909
0.000110893
0.000120581
0.000132163
0.000193192
0.000267124
0.000310433
0.000343476
0.000330363
0.00031168
0.000283043
0.000249586
0.000184373
0.000121235
0.000118789
0.000121376
0.000123935
0.000122301
0.000118827
0.000118325
0.000133289
0.000216364
0.000251053
0.000277251
0.000300062
0.000325683
0.000346164
0.000360794
0.000348736
0.000325002
0.00029343
0.000259774
0.000219179
0.000170001
0.000127713
0.000133906
0.000137128
0.000133109
0.000125113
0.000142137
0.000193087
0.000229562
0.000261644
0.000290294
0.000318319
0.000343767
0.000362192
0.000369648
0.00036195
0.000340306
0.000306543
0.000267827
0.000232997
0.000199582
0.000165677
0.000139067
0.000150065
0.000145258
0.000140069
0.000166338
0.000199501
0.000228202
0.000259644
0.000297011
0.000332093
0.000357674
0.000370725
0.000375425
0.000373178
0.000359542
0.000339722
0.000317647
0.000297783
0.000280299
0.000263015
0.000247352
0.000237378
0.000243732
0.000255692
0.000267866
0.000280977
0.000295612
0.00031292
0.000333353
0.00035423
0.000370602
0.000376384
0.00038024
0.000384362
0.000381213
0.000374766
0.000367099
0.00035897
0.000350962
0.000342555
0.000333837
0.000325681
0.000327174
0.000334216
0.000341918
0.000349511
0.000356944
0.000364554
0.000372181
0.00037934
0.000383947
0.000381197
0.000385248
0.000395983
0.000401783
0.000404747
0.000405954
0.000404998
0.000402062
0.000397234
0.000390455
0.000382054
0.000381926
0.000388221
0.000394405
0.000399251
0.000402506
0.000404085
0.000403728
0.000401642
0.000396834
0.000385936
0.000391111
0.000408384
0.000421645
0.000431288
0.000438327
0.000442569
0.000443709
0.000441475
0.000435718
0.000426319
0.000425181
0.000431731
0.000437181
0.000439992
0.000439733
0.000436515
0.000430592
0.00042202
0.000409666
0.000391415
0.000398996
0.000423824
0.000443684
0.000458777
0.000470448
0.000478708
0.000483331
0.000483789
0.00047909
0.000468151
0.000466152
0.000473562
0.00047828
0.000478841
0.000475277
0.000468026
0.000457547
0.000443685
0.000424692
0.000398766
0.000410557
0.000443247
0.000469965
0.000490132
0.000506225
0.000518746
0.000527548
0.000532117
0.000531197
0.000522409
0.000518855
0.000524139
0.000525193
0.00052182
0.000514356
0.000503138
0.000488352
0.000469357
0.000443425
0.000409603
0.000247667
0.000222803
0.000188963
0.000161433
0.000149604
0.000146525
0.000121152
0.000110618
0.00010914
0.000110491
0.000110381
0.000110326
0.000116302
0.00013629
0.000148498
0.000152639
0.000160384
0.0002082
0.000260492
0.000292436
0.000330363
0.000448953
0.000436751
0.000400052
0.000380154
0.000325246
0.000253709
0.000277818
0.000332323
0.000360388
0.000331137
0.000284023
0.000254901
0.000285971
0.000360942
0.000393728
0.000408593
0.000433923
0.000459865
0.000339113
0.000348736
0.000455287
0.000461116
0.000416363
0.000376068
0.000337148
0.00030263
0.000301784
0.000358999
0.000404556
0.000349105
0.000281713
0.000277679
0.00031208
0.000351093
0.000382279
0.00041634
0.00046369
0.000479535
0.000358485
0.00036195
0.000486492
0.000507655
0.000463631
0.000389781
0.000337867
0.000298243
0.000273465
0.000306331
0.000402805
0.000367333
0.000275268
0.000272458
0.000302498
0.000333925
0.000366308
0.000420443
0.000483609
0.000492648
0.000370067
0.000373178
0.000511166
0.00054252
0.000507065
0.000422093
0.000359948
0.00031283
0.000274421
0.000261251
0.000287503
0.00027711
0.000258096
0.000273102
0.000310602
0.000346259
0.000385585
0.000459727
0.00052459
0.000517946
0.00037908
0.000384362
0.000530114
0.000570272
0.000561562
0.000498657
0.000416455
0.000362123
0.000320156
0.00029846
0.000300523
0.00030034
0.000301534
0.000318629
0.00035185
0.000393603
0.000452548
0.000522158
0.000561
0.000537756
0.00038747
0.000395983
0.000542123
0.000585887
0.000606946
0.000599894
0.000543592
0.000468149
0.000415524
0.000382479
0.000369909
0.00037132
0.000382335
0.000407046
0.000448154
0.000510507
0.000567337
0.000588762
0.000582226
0.000547777
0.000396651
0.000408384
0.000548882
0.000591315
0.000636441
0.000683547
0.000698357
0.000686622
0.000654187
0.000615734
0.000586408
0.000586494
0.000609605
0.000642087
0.000670823
0.000682173
0.000672443
0.000632103
0.000589765
0.000548975
0.00040743
0.000423824
0.000538824
0.000587991
0.000627744
0.000658602
0.000675456
0.000677923
0.000665218
0.000634956
0.000590947
0.000589365
0.000624855
0.000657372
0.000672877
0.00066871
0.000648894
0.0006194
0.000584469
0.00054144
0.000421393
0.000443247
0.000477393
0.00050634
0.000529651
0.000549828
0.000566916
0.000579995
0.000587796
0.000588294
0.000578854
0.000573187
0.000578734
0.000578599
0.000572331
0.000560694
0.000544833
0.000525873
0.000503445
0.000474745
0.000439015
0.000189054
0.000188963
0.000177261
0.000167791
0.00017025
0.000167265
0.000143058
0.00012608
0.000120155
0.000120084
0.000119212
0.000120164
0.000130306
0.000153781
0.000171103
0.000177151
0.000179513
0.000196975
0.000238101
0.000257725
0.00031168
0.000436751
0.000448296
0.000445189
0.000446322
0.000388944
0.000311708
0.000323129
0.000383803
0.000423443
0.000378608
0.000325831
0.000309942
0.000354496
0.000432242
0.000458051
0.000453133
0.000452468
0.000444602
0.000316811
0.000325002
0.000461116
0.00048642
0.000457376
0.00043335
0.00040273
0.000378367
0.000372851
0.000417304
0.000473347
0.000403062
0.000351375
0.000352729
0.000384717
0.000420289
0.000444944
0.00046836
0.00050101
0.000493671
0.000342609
0.000340306
0.000507655
0.000554357
0.000514414
0.000452745
0.000406593
0.000375859
0.000366621
0.000411357
0.000482966
0.000427777
0.000363776
0.000355998
0.000378328
0.000406035
0.000437708
0.00048657
0.000536316
0.000519571
0.000357499
0.000359542
0.00054252
0.00059427
0.000562485
0.000478937
0.000414002
0.000368331
0.000336992
0.000346176
0.000423584
0.000402351
0.000331021
0.000337383
0.000367607
0.000399822
0.00044497
0.000524484
0.000587197
0.000559469
0.000372183
0.000381213
0.000570272
0.000626518
0.000606251
0.000521077
0.000435987
0.000374245
0.000325885
0.000302367
0.000320052
0.000315025
0.000298763
0.000319722
0.00036056
0.000404244
0.000469107
0.000569071
0.000629334
0.000590894
0.00038766
0.000401783
0.000585887
0.000646536
0.000641815
0.000580689
0.000498985
0.000427325
0.000372962
0.000338904
0.000335173
0.000335262
0.000336785
0.000361159
0.000402792
0.000454774
0.00052273
0.000611051
0.000653635
0.000609036
0.000403647
0.000421645
0.000591314
0.000665169
0.000698189
0.000681864
0.000637562
0.000587307
0.000539045
0.000496589
0.000469761
0.000467908
0.00049148
0.000529218
0.000569717
0.00060497
0.000638832
0.000672085
0.000670172
0.000615522
0.000420531
0.000443684
0.000587991
0.000710922
0.00082901
0.000906831
0.000941115
0.000931187
0.000900394
0.000837874
0.000754786
0.000752448
0.000830954
0.000899721
0.000932466
0.000926237
0.000885989
0.000819455
0.000717072
0.000604395
0.000440847
0.000469965
0.00050634
0.000536775
0.000562103
0.00058528
0.00060618
0.000623159
0.000634064
0.000635989
0.00062553
0.000617651
0.00062404
0.000622894
0.000613899
0.000598396
0.000578619
0.000556765
0.000532257
0.000501923
0.000464193
0.000135946
0.000161433
0.000167791
0.00017359
0.000184498
0.000176686
0.000154247
0.000137817
0.000130312
0.000129376
0.000127577
0.000129852
0.000143213
0.000166475
0.000185858
0.000190219
0.000186655
0.000183749
0.000192588
0.000192028
0.000283043
0.000400052
0.000445189
0.000475227
0.000476243
0.000405991
0.000349179
0.000362272
0.00042163
0.000469739
0.000415004
0.000359932
0.000345323
0.000385419
0.000462446
0.000489124
0.000473606
0.00044919
0.00041136
0.0002957
0.00029343
0.000416363
0.000457376
0.000463664
0.000459304
0.000441218
0.000423616
0.000418316
0.0004682
0.000525086
0.000447316
0.000396298
0.000399087
0.000428961
0.000457602
0.000474049
0.000480708
0.00048779
0.000459613
0.000320084
0.000306543
0.000463631
0.000514414
0.000500734
0.000470324
0.000444928
0.000430619
0.000433717
0.000480108
0.000542137
0.000472833
0.000418094
0.000411429
0.000427614
0.000449284
0.000473742
0.000506294
0.000534164
0.000499883
0.000335698
0.000339722
0.000507065
0.000562485
0.000545355
0.000494623
0.000451566
0.000421705
0.000405951
0.000432318
0.000508973
0.000474409
0.000408178
0.000403916
0.00042327
0.000448815
0.000488383
0.000549868
0.000593412
0.000555774
0.000358601
0.000374766
0.000561562
0.000606251
0.000589713
0.000529003
0.000467148
0.000418122
0.000379732
0.000369518
0.000413148
0.000407299
0.000365012
0.000379781
0.000412709
0.000450077
0.000507378
0.000592446
0.000644666
0.000605762
0.00038371
0.000404747
0.000606946
0.000641815
0.000630394
0.000577473
0.000512013
0.000453904
0.000405713
0.00037602
0.00038213
0.000385249
0.000377271
0.000402623
0.000439274
0.000480115
0.000541497
0.000630675
0.000683009
0.000642277
0.00040718
0.000431288
0.000636441
0.000698189
0.00071614
0.000690349
0.000643358
0.000596051
0.000550935
0.000507146
0.000474226
0.000472458
0.000507742
0.000554568
0.0005911
0.000618881
0.000657288
0.000716532
0.000732738
0.000661296
0.000430124
0.000458777
0.000627744
0.00082901
0.000990563
0.00102313
0.00104669
0.00106548
0.00106159
0.00100877
0.000911524
0.000901299
0.00100151
0.00107698
0.00108706
0.00105109
0.00101117
0.00100212
0.000855566
0.000656535
0.000455713
0.000490132
0.000529651
0.000562103
0.000589737
0.000616875
0.000642623
0.000664462
0.000679558
0.000684603
0.000676437
0.000665219
0.000669618
0.000666016
0.000653181
0.000633019
0.000608485
0.000583087
0.000556246
0.000523718
0.000483152
0.000116715
0.000149604
0.00017025
0.000184498
0.000189121
0.000176008
0.000158209
0.000144601
0.000138674
0.000139032
0.000135693
0.000138027
0.000151519
0.000171747
0.000190701
0.000196536
0.000191651
0.000182491
0.000167908
0.000133974
0.000249586
0.000380154
0.000446322
0.000476243
0.000455628
0.000395165
0.000373741
0.000391282
0.00046255
0.000517685
0.000448912
0.000384339
0.000368474
0.000394094
0.000459187
0.000497217
0.000486401
0.000448224
0.00038959
0.000277166
0.000259774
0.000376068
0.00043335
0.000459304
0.000466057
0.0004616
0.000445307
0.000447044
0.000514329
0.000571421
0.000484442
0.000424591
0.000424422
0.000451503
0.000473844
0.000483479
0.000475458
0.000454789
0.000406683
0.000290143
0.000267827
0.000389781
0.000452745
0.000470324
0.000469737
0.000466887
0.000468227
0.000477068
0.000528083
0.000587906
0.000509669
0.000451573
0.000445498
0.000455736
0.000468454
0.000479312
0.000487291
0.000483642
0.000439808
0.000305245
0.000317647
0.000422093
0.000478937
0.000494623
0.000483768
0.000469317
0.000458936
0.000459427
0.000500751
0.000578133
0.000529859
0.000460163
0.00044801
0.000457481
0.000472845
0.000495471
0.000525865
0.000541034
0.000506439
0.000341984
0.000367099
0.000498657
0.000521077
0.000529003
0.000509585
0.0004807
0.000453043
0.000432859
0.000446226
0.000520233
0.000508864
0.000439575
0.000436546
0.000456675
0.000483307
0.000522421
0.000575088
0.000607796
0.000585633
0.000377668
0.000405954
0.000599894
0.000580689
0.000577473
0.000557214
0.000522451
0.0004846
0.000450903
0.00043823
0.000474141
0.000489659
0.000453128
0.000461266
0.000486905
0.000518439
0.000564465
0.000626919
0.000668415
0.000657225
0.000408362
0.000438327
0.000683547
0.000681864
0.000690349
0.000673667
0.000638957
0.000602768
0.000566147
0.000527139
0.000498597
0.000507254
0.000545286
0.000586926
0.000615311
0.000639229
0.000677884
0.00073391
0.000761694
0.000699738
0.00043675
0.000470448
0.000658602
0.000906831
0.00102313
0.00109853
0.00116259
0.00121272
0.00122146
0.00114582
0.000996128
0.000976789
0.00112766
0.00123574
0.00123985
0.00117865
0.00110944
0.00106034
0.000952235
0.000695791
0.000466831
0.000506225
0.000549828
0.00058528
0.000616875
0.000650141
0.000681145
0.000707508
0.000726647
0.000734992
0.000729703
0.000714655
0.000716395
0.000709824
0.000693166
0.000668673
0.000639451
0.00060851
0.00057781
0.000542212
0.000498022
0.000109306
0.000146525
0.000167265
0.000176686
0.000176008
0.000167372
0.000156679
0.000147894
0.000145357
0.0001482
0.000143663
0.00014498
0.000156115
0.000171412
0.00018656
0.000194963
0.000193202
0.000183582
0.000164852
0.000121607
0.000184373
0.000325246
0.000388944
0.000405991
0.000395165
0.000386504
0.000388282
0.000412477
0.000490383
0.00054491
0.000473787
0.000405238
0.000385361
0.000395341
0.000428585
0.000468666
0.000476555
0.000444357
0.000377629
0.000249322
0.000219179
0.000337148
0.00040273
0.000441218
0.0004616
0.000460184
0.000451664
0.000464808
0.000542655
0.000586226
0.00050217
0.000442765
0.000436162
0.000455333
0.000474879
0.000477155
0.00046265
0.000427951
0.000365722
0.000255358
0.000232996
0.000337867
0.000406593
0.000444928
0.000466887
0.000481426
0.000488778
0.000498267
0.000553639
0.000591245
0.000519939
0.000469299
0.000463495
0.000470036
0.000473123
0.000469895
0.000456797
0.000426994
0.000367609
0.000268721
0.000297783
0.000359948
0.000414002
0.000451566
0.000469317
0.00047744
0.000482791
0.000495257
0.000542432
0.000593974
0.000548458
0.000490026
0.000473129
0.000473378
0.000476329
0.000478099
0.000474976
0.000455804
0.000414294
0.000324224
0.00035897
0.000416455
0.000435987
0.000467148
0.0004807
0.000479621
0.000472614
0.000471089
0.000502646
0.000566351
0.000553638
0.000488219
0.000471185
0.000477896
0.000490013
0.000504563
0.000518258
0.000519867
0.000516909
0.000370161
0.000404998
0.000543592
0.000498985
0.000512013
0.000522451
0.000515507
0.000497866
0.000481146
0.000488352
0.000541209
0.000561044
0.000508647
0.000498601
0.000512804
0.000533528
0.000558496
0.00058526
0.000604822
0.000641612
0.000407246
0.000442569
0.000698357
0.000637562
0.000643358
0.000638957
0.000622166
0.000601273
0.000574769
0.000538285
0.000513232
0.000533789
0.000568543
0.000606205
0.000628279
0.000646695
0.000676673
0.000716381
0.000736623
0.000716313
0.00044007
0.000478708
0.000675456
0.000941115
0.00104669
0.00116259
0.00126618
0.0013393
0.00133452
0.00119378
0.000947584
0.000929628
0.00116701
0.00133738
0.00135643
0.0012807
0.0011819
0.00109278
0.00099288
0.00070855
0.000473722
0.000518746
0.000566916
0.00060618
0.000642623
0.000681145
0.000717072
0.00074828
0.000771942
0.00078492
0.000785457
0.000766273
0.000762821
0.000751664
0.000730534
0.000701423
0.000667528
0.000631466
0.000596208
0.000557291
0.000509279
9.62975e-05
0.000121152
0.000143058
0.000154247
0.000158209
0.000156679
0.000152778
0.000149648
0.000152042
0.000159477
0.000153346
0.000151473
0.000158034
0.000166894
0.000175091
0.000180424
0.000180976
0.000173662
0.000153745
0.000112388
0.000121235
0.000253709
0.000311708
0.000349179
0.000373741
0.000388282
0.000400529
0.000432585
0.000509113
0.000552169
0.000493748
0.000427147
0.000400667
0.000396529
0.000399429
0.000405531
0.000410674
0.000390021
0.000326462
0.000192492
0.000170001
0.00030263
0.000378368
0.000423616
0.000445307
0.000451664
0.000455807
0.000478365
0.000541976
0.000524822
0.000482587
0.000454995
0.000444054
0.000449591
0.00045953
0.000458749
0.000436347
0.000392874
0.000323494
0.000214223
0.000199582
0.000298243
0.000375859
0.000430619
0.000468227
0.000488778
0.000495377
0.000505636
0.00054014
0.000476848
0.000466732
0.000473365
0.000471197
0.000475817
0.000472683
0.000456825
0.000427507
0.000381633
0.000316782
0.00023774
0.000280299
0.00031283
0.000368331
0.000421705
0.000458936
0.000482791
0.000498673
0.00051496
0.000536137
0.000460273
0.000470797
0.000496227
0.000487002
0.00048044
0.000471731
0.000455655
0.000428432
0.00038827
0.000348936
0.000308252
0.000350962
0.000362123
0.000374245
0.000418122
0.000453043
0.000472614
0.000483089
0.000495561
0.000513034
0.000450844
0.000474616
0.000503099
0.00048861
0.000483407
0.000480054
0.000471653
0.000453948
0.000428995
0.000425742
0.00036178
0.000402062
0.000468148
0.000427325
0.000453904
0.0004846
0.000497866
0.000497605
0.000497328
0.000510424
0.000486475
0.000523996
0.000531112
0.000514532
0.000517235
0.000524997
0.00052842
0.000523879
0.000522897
0.000589127
0.000403903
0.000443709
0.000686622
0.000587307
0.000596051
0.000602768
0.000601273
0.000592551
0.000569021
0.000530514
0.000500326
0.000526088
0.00056358
0.000603202
0.000626104
0.00063858
0.000654513
0.000674168
0.000680593
0.00070865
0.000440278
0.000483331
0.000677923
0.000931187
0.00106548
0.00121272
0.0013393
0.00140829
0.00134898
0.0011004
0.000820235
0.000808916
0.00109214
0.0013512
0.00141383
0.00134527
0.00122764
0.00110301
0.000984326
0.000703007
0.00047692
0.000527548
0.000579995
0.000623159
0.000664462
0.000707508
0.00074828
0.000784682
0.000814402
0.000836206
0.000851641
0.00082693
0.000810566
0.000790898
0.000763727
0.000729643
0.000691156
0.000650405
0.00061074
0.000568522
0.000516964
9.3116e-05
0.000110618
0.00012608
0.000137817
0.000144601
0.000147894
0.000149648
0.000152495
0.000160664
0.000172069
0.000164519
0.000158574
0.000158824
0.0001604
0.000161565
0.000161118
0.000158071
0.000149943
0.000129083
9.72497e-05
0.000118789
0.000277818
0.000323129
0.000362272
0.000391282
0.000412477
0.000432585
0.000464828
0.00049921
0.000429012
0.000406425
0.000443603
0.000426386
0.000408595
0.000393775
0.000376284
0.000352763
0.000316544
0.000255788
0.000122835
0.000127713
0.000301784
0.000372851
0.000418316
0.000447044
0.000464808
0.000478365
0.000489527
0.000451419
0.000296456
0.000285471
0.000428821
0.000459666
0.000454631
0.000447839
0.00043739
0.000413162
0.000364816
0.000286114
0.00017156
0.000165677
0.000273465
0.000366621
0.000433717
0.000477068
0.000498267
0.000505636
0.000497135
0.000406243
0.000291909
0.00026032
0.000410779
0.000476122
0.000480688
0.000473822
0.000451244
0.00040874
0.000348601
0.000276703
0.000210729
0.000263015
0.000274421
0.000336992
0.000405951
0.000459427
0.000495257
0.00051496
0.000506374
0.000392525
0.000351945
0.000292018
0.000406355
0.00049138
0.00048884
0.000469753
0.000438317
0.000392829
0.000338436
0.000301353
0.000293786
0.000342555
0.000320156
0.000325885
0.000379732
0.000432859
0.000471089
0.000495561
0.000493286
0.00038022
0.000421172
0.000340539
0.000400554
0.000492115
0.000486089
0.000466869
0.000438038
0.000398447
0.000360683
0.000366822
0.000353045
0.000397234
0.000415524
0.000372962
0.000405713
0.000450903
0.000481146
0.000497328
0.000500943
0.000423463
0.000492469
0.00042373
0.000457445
0.00051838
0.000513728
0.000505701
0.000488677
0.000460418
0.000443284
0.000506632
0.00039845
0.000441475
0.000654187
0.000539045
0.000550935
0.000566147
0.000574769
0.000569021
0.000543141
0.000503608
0.000549515
0.000505428
0.000529122
0.000577333
0.000605079
0.000615364
0.00061796
0.000618593
0.000611219
0.000684562
0.000437359
0.000483789
0.000665218
0.000900393
0.00106159
0.00122146
0.00133452
0.00134898
0.00117753
0.000931571
0.000942939
0.00087311
0.000924319
0.00121525
0.00136731
0.00134308
0.00123143
0.00108583
0.000937458
0.000681374
0.000476212
0.000532117
0.000587796
0.000634064
0.000679558
0.000726647
0.000771942
0.000814402
0.00085391
0.000895116
0.000941156
0.00090776
0.000863637
0.000826779
0.00079063
0.000750963
0.000708109
0.00066329
0.00061973
0.000574882
0.000520675
9.30228e-05
0.00010914
0.000120155
0.000130312
0.000138674
0.000145357
0.000152042
0.000160664
0.000170825
0.000182093
0.000173975
0.000166753
0.000161555
0.000155584
0.000150408
0.000145454
0.000139655
0.000130481
0.000112037
9.1144e-05
0.000121376
0.000332323
0.000383803
0.00042163
0.00046255
0.000490383
0.000509113
0.00049921
0.000386199
0.000436816
0.000400696
0.000365726
0.000468285
0.000458525
0.000429187
0.00039922
0.000364626
0.000315916
0.00026146
0.000118743
0.000133906
0.000358999
0.000417304
0.0004682
0.000514329
0.000542655
0.000541976
0.000451419
0.000294571
0.000587703
0.000496282
0.000274989
0.000453626
0.000498262
0.000478524
0.000450174
0.000414593
0.000364545
0.000282954
0.000128761
0.000139067
0.000306331
0.000411357
0.000480108
0.000528083
0.000553639
0.00054014
0.000406243
0.000334401
0.000818509
0.00067874
0.000283045
0.000421162
0.000505648
0.000492708
0.000461215
0.00041038
0.000337531
0.000251606
0.000184265
0.000247352
0.000261251
0.000346176
0.000432318
0.000500751
0.000542432
0.000536137
0.000392525
0.000430453
0.00108464
0.000903057
0.000336644
0.00041257
0.000506096
0.000482524
0.000433623
0.000369858
0.000303107
0.000268508
0.000281726
0.000333836
0.000298459
0.000302367
0.000369518
0.000446226
0.000502646
0.000513034
0.00038022
0.00053137
0.00133359
0.00111511
0.000395245
0.000401181
0.000495446
0.000465496
0.000412814
0.000353482
0.000310965
0.000327753
0.000344433
0.000390455
0.000382478
0.000338904
0.00037602
0.00043823
0.000488352
0.000510424
0.000423463
0.000624607
0.00150225
0.00126123
0.000478891
0.000452806
0.000517599
0.000492847
0.00045172
0.000402879
0.000377316
0.000432324
0.000391343
0.000435718
0.000615734
0.000496589
0.000507146
0.000527139
0.000538285
0.000530514
0.000503608
0.000686664
0.0015551
0.00131099
0.000561317
0.0005321
0.000567742
0.000578551
0.000571748
0.00055688
0.000542151
0.000652663
0.000431176
0.00047909
0.000634956
0.000837874
0.00100877
0.00114582
0.00119378
0.0011004
0.000931571
0.00105306
0.00147441
0.00130718
0.000929203
0.000945578
0.00116174
0.00123234
0.00116701
0.00102866
0.000867208
0.000645705
0.000470949
0.000531197
0.000588294
0.000635989
0.000684603
0.000734992
0.00078492
0.000836206
0.000895116
0.000969377
0.00104705
0.00100763
0.000928102
0.000860874
0.000808914
0.000762095
0.000715158
0.00066716
0.000620816
0.000574733
0.000519386
9.42885e-05
0.000110491
0.000120084
0.000129376
0.000139032
0.0001482
0.000159477
0.000172069
0.000182093
0.000189667
0.000182705
0.000176682
0.000167713
0.000155972
0.000145432
0.000137287
0.0001295
0.000120138
0.000107391
9.05822e-05
0.000123935
0.000360388
0.000423443
0.000469739
0.000517685
0.00054491
0.000552169
0.000429012
0.000436816
0.000277813
0.000264349
0.000416388
0.000408697
0.000507007
0.00048109
0.000448349
0.000405256
0.000353708
0.000298626
0.00012034
0.000137128
0.000404556
0.000473347
0.000525086
0.000571421
0.000586226
0.000524822
0.000296456
0.000587703
0.000411817
0.000390861
0.000537661
0.000296525
0.000503935
0.000519753
0.000493291
0.000447615
0.000389701
0.000322729
0.000135365
0.000150065
0.000402805
0.000482966
0.000542137
0.000587906
0.000591245
0.000476848
0.000291909
0.00081851
0.000555853
0.000528462
0.000723485
0.000267693
0.000473809
0.00052303
0.000496382
0.000441648
0.0003677
0.000255468
0.00017595
0.000237378
0.000287503
0.000423584
0.000508974
0.000578133
0.000593974
0.000460273
0.000351945
0.00108464
0.000714532
0.000683192
0.00093939
0.000293179
0.000450648
0.00050965
0.000455842
0.000367211
0.000288655
0.000257747
0.000276277
0.000325681
0.000300523
0.000320052
0.000413148
0.000520233
0.000566351
0.000450844
0.000421172
0.00133359
0.000884329
0.000851965
0.00113873
0.000335847
0.00044443
0.000487115
0.000412607
0.000326225
0.000286851
0.000313979
0.000337387
0.000382054
0.000369909
0.000335173
0.00038213
0.000474141
0.000541209
0.000486475
0.000492469
0.00150225
0.00104768
0.00101901
0.00127799
0.000413977
0.000502447
0.000511468
0.00043982
0.000366505
0.000344439
0.000405502
0.000382908
0.000426319
0.000586407
0.000469761
0.000474226
0.000498597
0.000513232
0.000500326
0.000549515
0.0015551
0.00117143
0.00115
0.00129869
0.000496035
0.000537811
0.000550282
0.000532489
0.000504505
0.000492332
0.000619528
0.000421166
0.000468151
0.000590947
0.000754786
0.000911523
0.000996128
0.000947584
0.000820235
0.00094294
0.00147441
0.00126041
0.00123461
0.00128095
0.000856386
0.000859256
0.00102565
0.00104429
0.000940157
0.000785352
0.000597698
0.000459601
0.000522409
0.000578854
0.00062553
0.000676437
0.000729703
0.000785457
0.000851641
0.000941156
0.00104705
0.00104349
0.00104173
0.00099982
0.000897528
0.000818143
0.000760318
0.000709254
0.000658896
0.000610727
0.000565312
0.000510416
9.47557e-05
0.000110381
0.000119212
0.000127577
0.000135693
0.000143663
0.000153346
0.000164519
0.000173975
0.000182705
0.000187771
0.000180817
0.000170549
0.000158602
0.000147979
0.000138825
0.000129638
0.000118752
0.00010735
9.15615e-05
0.000122301
0.000331137
0.000378608
0.000415004
0.000448912
0.000473787
0.000493748
0.000406425
0.000400696
0.000264349
0.000268661
0.000394741
0.000394076
0.000455404
0.00043019
0.000406749
0.0003799
0.000334974
0.000282655
0.00011997
0.000133109
0.000349105
0.000403062
0.000447316
0.000484442
0.00050217
0.000482587
0.000285471
0.000496282
0.000390861
0.000386671
0.000464682
0.000312688
0.000470022
0.000465741
0.000444654
0.000413552
0.000360946
0.000289083
0.000133641
0.000145258
0.000367333
0.000427777
0.000472833
0.00050967
0.000519939
0.000466732
0.00026032
0.00067874
0.000528462
0.000514546
0.000587989
0.000274973
0.000470864
0.000481359
0.00045763
0.000418013
0.000353813
0.000250587
0.000181544
0.000243732
0.00027711
0.000402351
0.000474409
0.000529859
0.000548458
0.000470797
0.000292018
0.000903057
0.000683192
0.000661267
0.000744089
0.000266677
0.000465469
0.00048027
0.0004329
0.000355758
0.000279602
0.000256921
0.00027975
0.000327174
0.00030034
0.000315025
0.000407299
0.000508864
0.000553638
0.000474616
0.000340539
0.00111511
0.000851965
0.000825309
0.000901096
0.000285733
0.00046697
0.000478667
0.000406971
0.000316891
0.000281878
0.000315237
0.000339174
0.000381926
0.00037132
0.000335262
0.000385249
0.000489659
0.000561044
0.000523996
0.00042373
0.00126123
0.00101901
0.000993159
0.00102699
0.00037349
0.000526904
0.000520994
0.000444306
0.00035961
0.000340652
0.00040624
0.000383619
0.000425181
0.000586494
0.000467908
0.000472458
0.000507254
0.000533789
0.000526088
0.000505428
0.00131099
0.00115
0.00113456
0.00105233
0.000481368
0.000556178
0.000564016
0.000536122
0.000496318
0.000484443
0.000615809
0.000421159
0.000466152
0.000589365
0.000752448
0.000901299
0.000976789
0.000929628
0.000808916
0.00087311
0.00130718
0.00123461
0.00121427
0.00112171
0.00080562
0.000861153
0.00101818
0.0010351
0.00093589
0.000783276
0.000596318
0.000459012
0.000518855
0.000573187
0.000617651
0.000665219
0.000714655
0.000766273
0.00082693
0.00090776
0.00100763
0.00104173
0.00104147
0.000967191
0.000870645
0.000798812
0.000745537
0.000697987
0.000650972
0.000605691
0.000562004
0.000508755
9.44542e-05
0.000110326
0.000120164
0.000129852
0.000138027
0.00014498
0.000151473
0.000158574
0.000166753
0.000176682
0.000180817
0.000178367
0.000174674
0.000169116
0.000162775
0.000155303
0.000145631
0.000131224
0.000113961
9.39991e-05
0.000118827
0.000284023
0.000325831
0.000359932
0.000384339
0.000405238
0.000427147
0.000443603
0.000365726
0.000416388
0.000394741
0.000363492
0.000429977
0.000417762
0.000401677
0.00038555
0.000362909
0.00032623
0.000260586
0.000120098
0.000125113
0.000281713
0.000351375
0.000396299
0.000424591
0.000442765
0.000454995
0.000428821
0.000274988
0.000537661
0.000464682
0.000298702
0.00044756
0.000460429
0.000453887
0.000439552
0.000410723
0.000360934
0.000280138
0.00015248
0.000140069
0.000275268
0.000363776
0.000418094
0.000451574
0.000469299
0.000473365
0.000410779
0.000283045
0.000723485
0.000587989
0.00027465
0.000447255
0.000477336
0.000467871
0.000444184
0.000402618
0.000338849
0.000254117
0.000193428
0.000255692
0.000258096
0.000331021
0.000408178
0.000460163
0.000490026
0.000496227
0.000406355
0.000336644
0.000939391
0.000744089
0.000277203
0.000437268
0.000482043
0.00046327
0.000424142
0.000363901
0.000294073
0.000265992
0.000287395
0.000334216
0.000301534
0.000298763
0.000365012
0.000439575
0.000488219
0.000503099
0.000400554
0.000395245
0.00113873
0.000901097
0.000300121
0.000428462
0.00048571
0.000459568
0.000408115
0.000340165
0.000296359
0.000327294
0.0003458
0.000388221
0.000382335
0.000336785
0.000377271
0.000453128
0.000508647
0.000531112
0.000457445
0.000478892
0.00127799
0.00102699
0.000380172
0.000474108
0.000519586
0.000497299
0.000449625
0.000386522
0.000363036
0.000438388
0.000390233
0.000431732
0.000609605
0.00049148
0.000507742
0.000545286
0.000568543
0.00056358
0.000529122
0.000561317
0.00129869
0.00105233
0.000496337
0.000546778
0.000582266
0.000590765
0.000573707
0.000541834
0.000520571
0.00063267
0.000428401
0.000473562
0.000624855
0.000830954
0.00100151
0.00112766
0.00116701
0.00109214
0.000924319
0.000929203
0.00128095
0.00112171
0.000846413
0.000983068
0.00118501
0.00123317
0.00116628
0.00103101
0.000862615
0.00063462
0.000467333
0.000524139
0.000578734
0.00062404
0.000669618
0.000716395
0.000762821
0.000810566
0.000863637
0.000928102
0.00099982
0.000967191
0.000895342
0.000837401
0.000790433
0.000746464
0.000702259
0.000657194
0.000613305
0.00056871
0.000515015
9.49799e-05
0.000116302
0.000130306
0.000143213
0.000151519
0.000156115
0.000158034
0.000158824
0.000161555
0.000167713
0.000170549
0.000174674
0.000179176
0.000181227
0.00018048
0.00017701
0.000169992
0.000158089
0.000138595
0.000101781
0.000118325
0.000254901
0.000309942
0.000345323
0.000368474
0.000385361
0.000400667
0.000426386
0.000468285
0.000408697
0.000394076
0.000429977
0.000425583
0.000422784
0.000419132
0.000409724
0.000389616
0.000351994
0.000285703
0.000133983
0.000142137
0.000277679
0.000352729
0.000399087
0.000424422
0.000436162
0.000444054
0.000459666
0.000453626
0.000296525
0.000312688
0.00044756
0.000468253
0.000477322
0.000480028
0.000469151
0.000440483
0.000390594
0.000313081
0.000198541
0.000166338
0.000272458
0.000355998
0.000411429
0.000445498
0.000463495
0.000471197
0.000476122
0.000421162
0.000267693
0.000274973
0.000447255
0.000482498
0.000487462
0.000481747
0.000462455
0.000425936
0.00036798
0.000289994
0.00021417
0.000267866
0.000273102
0.000337383
0.000403916
0.00044801
0.000473129
0.000487002
0.00049138
0.00041257
0.000293179
0.000266677
0.000437268
0.000484924
0.000484181
0.00047247
0.00044513
0.00039783
0.000335651
0.000294744
0.000297425
0.000341918
0.000318629
0.000319722
0.000379781
0.000436546
0.000471185
0.00048861
0.000492115
0.000401181
0.000335847
0.000285733
0.000428462
0.000486919
0.000484766
0.000470411
0.000437352
0.000384503
0.000336134
0.000354646
0.000353476
0.000394405
0.000407046
0.000361159
0.000402623
0.000461266
0.000498601
0.000514532
0.00051838
0.000452806
0.000413977
0.00037349
0.000474108
0.000514519
0.000515188
0.000507456
0.000479018
0.000431423
0.000406739
0.000489321
0.000396836
0.000437181
0.000642087
0.000529218
0.000554568
0.000586926
0.000606205
0.000603203
0.000577333
0.0005321
0.000496035
0.000481368
0.000546778
0.000587939
0.000610818
0.000617061
0.00060793
0.000588947
0.000569635
0.000655981
0.000434415
0.00047828
0.000657372
0.000899721
0.00107698
0.00123574
0.00133738
0.0013512
0.00121525
0.000945578
0.000856386
0.00080562
0.000983068
0.00128172
0.0013831
0.00133729
0.00122927
0.0010841
0.000924512
0.00066701
0.000472728
0.000525193
0.000578599
0.000622894
0.000666016
0.000709824
0.000751664
0.000790898
0.000826779
0.000860874
0.000897528
0.000870645
0.000837401
0.000807463
0.000774155
0.000736475
0.000696074
0.000653944
0.000612649
0.000569272
0.000516773
0.000100909
0.00013629
0.000153781
0.000166475
0.000171747
0.000171412
0.000166894
0.0001604
0.000155584
0.000155972
0.000158602
0.000169116
0.000181227
0.000190278
0.000195049
0.000195831
0.000192305
0.000182911
0.000160821
0.000121404
0.000133289
0.000285971
0.000354496
0.000385419
0.000394094
0.000395341
0.000396529
0.000408595
0.000458525
0.000507007
0.000455404
0.000417762
0.000422784
0.000437889
0.000446371
0.000444729
0.000430778
0.000397932
0.000333614
0.000203449
0.000193087
0.00031208
0.000384717
0.000428961
0.000451503
0.000455333
0.000449591
0.000454631
0.000498262
0.000503935
0.000470022
0.000460429
0.000477322
0.00049643
0.00050179
0.000491737
0.000466457
0.00042245
0.000349283
0.000233289
0.000199501
0.000302498
0.000378328
0.000427614
0.000455736
0.000470036
0.000475817
0.000480688
0.000505648
0.000473809
0.000470864
0.000477336
0.000487462
0.000495861
0.000494026
0.000480348
0.000451539
0.000401818
0.000329227
0.000239828
0.000280977
0.000310602
0.000367607
0.00042327
0.000457481
0.000473378
0.00048044
0.00048884
0.000506096
0.000450648
0.000465469
0.000482043
0.000484181
0.000488537
0.000485552
0.000469264
0.000433789
0.00038045
0.000334985
0.000309099
0.000349511
0.00035185
0.00036056
0.000412709
0.000456675
0.000477896
0.000483407
0.000486089
0.000495446
0.00044443
0.00046697
0.00048571
0.000484766
0.000490413
0.000490118
0.000473352
0.00043484
0.000391559
0.000397052
0.000361034
0.000399251
0.000448154
0.000402792
0.000439274
0.000486905
0.000512804
0.000517235
0.000513728
0.000517599
0.000502447
0.000526904
0.000519586
0.000515188
0.00052594
0.000532192
0.000519178
0.000484527
0.000464672
0.000550356
0.000401915
0.000439992
0.000670823
0.000569717
0.0005911
0.000615311
0.000628279
0.000626104
0.000605079
0.000567742
0.000537811
0.000556178
0.000582266
0.000610818
0.000627777
0.000638864
0.000641502
0.000632472
0.000618182
0.000675499
0.000437415
0.000478841
0.000672877
0.000932466
0.00108706
0.00123985
0.00135643
0.00141383
0.00136731
0.00116174
0.000859256
0.000861153
0.00118501
0.0013831
0.00139459
0.00131747
0.0012087
0.00108053
0.000947233
0.000680234
0.000473516
0.00052182
0.000572331
0.000613899
0.000653181
0.000693166
0.000730534
0.000763727
0.00079063
0.000808914
0.000818143
0.000798812
0.000790433
0.000774155
0.000748288
0.000715702
0.000679454
0.000641129
0.000603667
0.000563215
0.00051368
0.000110893
0.000148498
0.000171103
0.000185858
0.000190701
0.00018656
0.000175091
0.000161565
0.000150408
0.000145432
0.000147979
0.000162775
0.00018048
0.000195049
0.000203434
0.000205606
0.000202
0.000190128
0.000166617
0.000126677
0.000216364
0.000360941
0.000432242
0.000462446
0.000459187
0.000428585
0.000399429
0.000393775
0.000429187
0.00048109
0.00043019
0.000401677
0.000419132
0.000446371
0.000462915
0.000465473
0.000451971
0.000420328
0.000360993
0.000236278
0.000229562
0.000351093
0.000420289
0.000457602
0.000473844
0.000474879
0.00045953
0.000447839
0.000478524
0.000519753
0.000465741
0.000453887
0.000480028
0.00050179
0.000507556
0.000502171
0.000487458
0.000454722
0.000387164
0.0002619
0.000228202
0.000333925
0.000406035
0.000449284
0.000468454
0.000473123
0.000472683
0.000473822
0.000492708
0.00052303
0.00048136
0.000467871
0.000481747
0.000494026
0.000496911
0.000491678
0.00047437
0.000435057
0.000367425
0.000269111
0.000295612
0.000346259
0.000399822
0.000448815
0.000472845
0.000476329
0.000471731
0.000469753
0.000482524
0.00050965
0.00048027
0.00046327
0.00047247
0.000485552
0.000493741
0.000493128
0.000474009
0.000431014
0.000381609
0.000322151
0.000356944
0.000393603
0.000404244
0.000450077
0.000483307
0.000490013
0.000480054
0.000466869
0.000465496
0.000487115
0.000478667
0.000459568
0.000470411
0.000490118
0.000508039
0.000514653
0.00049793
0.000465971
0.0004636
0.000368174
0.000402506
0.000510507
0.000454774
0.000480115
0.000518439
0.000533528
0.000524997
0.000505701
0.000492847
0.000511468
0.000520994
0.000497299
0.000507456
0.000532192
0.000557074
0.000568074
0.000553872
0.000537795
0.000596598
0.000405067
0.000439733
0.000682173
0.00060497
0.000618881
0.000639229
0.000646695
0.00063858
0.000615364
0.000578551
0.000550282
0.000564016
0.000590765
0.000617061
0.000638864
0.000664509
0.000685808
0.000687242
0.000668639
0.000683751
0.00043736
0.000475277
0.00066871
0.000926237
0.00105109
0.00117865
0.0012807
0.00134527
0.00134308
0.00123234
0.00102565
0.00101818
0.00123317
0.00133729
0.00131747
0.00124722
0.00116617
0.0010683
0.00094434
0.000679432
0.000470355
0.000514357
0.000560694
0.000598396
0.000633019
0.000668673
0.000701423
0.000729643
0.000750963
0.000762095
0.000760318
0.000745537
0.000746464
0.000736475
0.000715702
0.000687828
0.000656158
0.000622314
0.000589058
0.000552109
0.000506469
0.000120581
0.000152639
0.000177151
0.000190219
0.000196536
0.000194963
0.000180424
0.000161118
0.000145454
0.000137287
0.000138825
0.000155303
0.00017701
0.000195831
0.000205606
0.000206445
0.000200067
0.000186096
0.000163473
0.000133432
0.000251053
0.000393728
0.000458051
0.000489124
0.000497217
0.000468666
0.000405531
0.000376284
0.00039922
0.000448349
0.000406749
0.00038555
0.000409724
0.000444729
0.000465473
0.000463964
0.000444472
0.000411196
0.000363301
0.000257459
0.000261643
0.000382279
0.000444944
0.000474049
0.000483479
0.000477155
0.000458749
0.00043739
0.000450174
0.000493291
0.000444654
0.000439552
0.000469151
0.000491737
0.000502171
0.000508846
0.000510042
0.000493616
0.000433859
0.000288184
0.000259644
0.000366308
0.000437708
0.000473742
0.000479312
0.000469895
0.000456825
0.000451244
0.000461214
0.000496382
0.00045763
0.000444184
0.000462455
0.000480348
0.000491678
0.000500749
0.000501897
0.000478805
0.000417988
0.000299508
0.00031292
0.000385585
0.00044497
0.000488383
0.000495471
0.000478099
0.000455655
0.000438317
0.000433623
0.000455842
0.0004329
0.000424142
0.00044513
0.000469264
0.000493128
0.000516823
0.000525412
0.000503226
0.00045333
0.000336864
0.000364554
0.000452548
0.000469107
0.000507378
0.000522421
0.000504563
0.000471653
0.000438038
0.000412814
0.000412607
0.000406971
0.000408115
0.000437352
0.000473352
0.000514653
0.000555182
0.00057253
0.000558525
0.000528465
0.000374712
0.000404085
0.000567337
0.00052273
0.000541497
0.000564465
0.000558496
0.00052842
0.000488677
0.00045172
0.00043982
0.000444306
0.000449625
0.000479018
0.000519178
0.000568074
0.000614339
0.000632549
0.000624218
0.00061956
0.000406292
0.000436515
0.000672443
0.000638832
0.000657288
0.000677884
0.000676673
0.000654513
0.00061796
0.000571748
0.000532488
0.000536122
0.000573707
0.00060793
0.000641502
0.000685808
0.000731049
0.000747956
0.000719427
0.000674948
0.00043454
0.000468026
0.000648894
0.000885989
0.00101117
0.00110944
0.0011819
0.00122764
0.00123143
0.00116701
0.00104429
0.0010351
0.00116628
0.00122927
0.0012087
0.00116617
0.00112575
0.00106481
0.000922891
0.000669749
0.000463995
0.000503138
0.000544833
0.000578619
0.000608485
0.000639451
0.000667528
0.000691156
0.000708109
0.000715158
0.000709254
0.000697987
0.000702259
0.000696074
0.000679454
0.000656158
0.000629394
0.000600532
0.000571322
0.000537493
0.000495778
0.000132163
0.000160384
0.000179513
0.000186655
0.000191651
0.000193202
0.000180976
0.000158071
0.000139655
0.0001295
0.000129638
0.000145631
0.000169992
0.000192305
0.000202
0.000200067
0.000189921
0.000183266
0.000197272
0.000188509
0.000277251
0.000408594
0.000453133
0.000473606
0.000486401
0.000476556
0.000410674
0.000352763
0.000364626
0.000405256
0.0003799
0.000362909
0.000389616
0.000430778
0.000451971
0.000444472
0.000421843
0.000400569
0.000379053
0.00027807
0.000290294
0.00041634
0.00046836
0.000480708
0.000475458
0.00046265
0.000436347
0.000413162
0.000414593
0.000447615
0.000413552
0.000410723
0.000440483
0.000466457
0.000487458
0.000510042
0.000533894
0.000542252
0.000493432
0.000311375
0.00029701
0.000420443
0.00048657
0.000506294
0.000487291
0.000456797
0.000427507
0.00040874
0.00041038
0.000441648
0.000418013
0.000402618
0.000425936
0.000451539
0.00047437
0.000501897
0.000529536
0.000531828
0.00047838
0.000325807
0.000333353
0.000459727
0.000524484
0.000549868
0.000525865
0.000474976
0.000428432
0.000392829
0.000369858
0.000367211
0.000355758
0.000363901
0.00039783
0.000433789
0.000474009
0.000525412
0.000567005
0.000570924
0.000517635
0.000352221
0.000372181
0.000522158
0.000569071
0.000592446
0.000575088
0.000518258
0.000453948
0.000398447
0.000353482
0.000326225
0.000316891
0.000340165
0.000384503
0.00043484
0.00049793
0.00057253
0.000622067
0.000625943
0.000572412
0.000380539
0.000403728
0.000588762
0.000611051
0.000630675
0.000626919
0.00058526
0.000523879
0.000460418
0.00040288
0.000366505
0.00035961
0.000386522
0.000431423
0.000484527
0.000553872
0.000632549
0.000676889
0.000674022
0.000620783
0.000405605
0.000430592
0.000632103
0.000672085
0.000716532
0.00073391
0.000716381
0.000674168
0.000618593
0.00055688
0.000504505
0.000496318
0.000541834
0.000588946
0.000632472
0.000687242
0.000747956
0.000771466
0.000727828
0.000648118
0.00042889
0.000457547
0.0006194
0.000819455
0.00100212
0.00106034
0.00109278
0.001103
0.00108583
0.00102866
0.000940156
0.00093589
0.00103101
0.0010841
0.00108053
0.0010683
0.00106481
0.00103933
0.000853002
0.000642324
0.000454131
0.000488352
0.000525873
0.000556765
0.000583087
0.00060851
0.000631466
0.000650405
0.00066329
0.00066716
0.000658895
0.000650972
0.000657194
0.000653944
0.000641129
0.000622314
0.000600532
0.000576843
0.000551008
0.000519843
0.000481661
0.000193191
0.0002082
0.000196975
0.000183749
0.000182491
0.000183582
0.000173662
0.000149943
0.000130481
0.000120138
0.000118752
0.000131224
0.000158089
0.000182911
0.000190128
0.000186096
0.000183266
0.000241539
0.000275514
0.000281326
0.000300062
0.000433923
0.000452468
0.00044919
0.000448224
0.000444357
0.000390021
0.000316544
0.000315915
0.000353708
0.000334974
0.00032623
0.000351994
0.000397932
0.000420328
0.000411196
0.000400569
0.000412641
0.000442237
0.000311361
0.000318319
0.00046369
0.00050101
0.00048779
0.000454789
0.000427951
0.000392874
0.000364816
0.000364545
0.000389701
0.000360946
0.000360934
0.000390594
0.00042245
0.000454722
0.000493616
0.000542252
0.000579224
0.000543045
0.000333433
0.000332093
0.000483609
0.000536316
0.000534164
0.000483642
0.000426994
0.000381633
0.000348601
0.000337531
0.0003677
0.000353813
0.000338849
0.00036798
0.000401818
0.000435057
0.000478805
0.000531828
0.000560552
0.000522016
0.000348849
0.00035423
0.00052459
0.000587197
0.000593412
0.000541034
0.000455804
0.00038827
0.000338436
0.000303107
0.000288655
0.000279602
0.000294073
0.000335651
0.00038045
0.000431014
0.000503226
0.000570923
0.00059514
0.00054912
0.000366621
0.00037934
0.000561
0.000629334
0.000644666
0.000607796
0.000519867
0.000428995
0.000360683
0.000310965
0.000286851
0.000281878
0.000296359
0.000336134
0.000391559
0.000465971
0.000558525
0.000625943
0.000638952
0.000581615
0.000385254
0.000401642
0.000582226
0.000653635
0.000683009
0.000668415
0.000604822
0.000522897
0.000443284
0.000377316
0.000344439
0.000340652
0.000363036
0.000406739
0.000464672
0.000537795
0.000624218
0.000674022
0.000671521
0.000603414
0.000402953
0.00042202
0.000589765
0.000670172
0.000732738
0.000761694
0.000736623
0.000680593
0.000611219
0.000542151
0.000492332
0.000484443
0.000520571
0.000569635
0.000618182
0.000668639
0.000719427
0.000727828
0.000695659
0.000611063
0.000420441
0.000443685
0.000584469
0.000717072
0.000855566
0.000952235
0.00099288
0.000984326
0.000937458
0.000867207
0.000785352
0.000783275
0.000862615
0.000924512
0.000947233
0.00094434
0.000922891
0.000853002
0.000735917
0.000602769
0.000440569
0.000469357
0.000503445
0.000532257
0.000556246
0.00057781
0.000596208
0.00061074
0.00061973
0.000620816
0.000610727
0.000605691
0.000613305
0.000612649
0.000603667
0.000589058
0.000571322
0.000551008
0.000527653
0.000498651
0.000463398
0.000267124
0.000260492
0.000238101
0.000192588
0.000167908
0.000164852
0.000153745
0.000129083
0.000112037
0.000107391
0.00010735
0.000113961
0.000138595
0.000160821
0.000166617
0.000163473
0.000197272
0.000275514
0.00030256
0.000312643
0.000325683
0.000459865
0.000444602
0.00041136
0.00038959
0.000377629
0.000326462
0.000255788
0.00026146
0.000298626
0.000282655
0.000260586
0.000285703
0.000333614
0.000360993
0.000363301
0.000379053
0.000442237
0.000500874
0.000339063
0.000343767
0.000479535
0.000493671
0.000459613
0.000406683
0.000365722
0.000323494
0.000286114
0.000282954
0.000322729
0.000289084
0.000280138
0.000313081
0.000349283
0.000387164
0.000433859
0.000493432
0.000543045
0.000514337
0.000355598
0.000357674
0.000492648
0.000519571
0.000499883
0.000439808
0.000367609
0.000316782
0.000276704
0.000251606
0.000255468
0.000250587
0.000254117
0.000289994
0.000329227
0.000367425
0.000417988
0.00047838
0.000522016
0.000505202
0.000367096
0.000370602
0.000517946
0.000559469
0.000555774
0.000506439
0.000414294
0.000348936
0.000301353
0.000268508
0.000257747
0.000256921
0.000265992
0.000294744
0.000334985
0.000381609
0.00045333
0.000517635
0.00054912
0.000521603
0.00037709
0.000383947
0.000537756
0.000590894
0.000605762
0.000585633
0.000516909
0.000425742
0.000366822
0.000327753
0.000313979
0.000315237
0.000327294
0.000354646
0.000397052
0.0004636
0.000528465
0.000572412
0.000581615
0.000541883
0.000386952
0.000396834
0.000547777
0.000609036
0.000642277
0.000657225
0.000641612
0.000589127
0.000506632
0.000432324
0.000405502
0.00040624
0.000438388
0.000489321
0.000550356
0.000596598
0.00061956
0.000620783
0.000603414
0.00055701
0.00039704
0.000409666
0.000548975
0.000615522
0.000661296
0.000699738
0.000716313
0.00070865
0.000684562
0.000652663
0.000619528
0.000615809
0.00063267
0.000655981
0.000675499
0.000683751
0.000674948
0.000648118
0.000611063
0.000564071
0.000407945
0.000424692
0.00054144
0.000604395
0.000656535
0.000695791
0.00070855
0.000703007
0.000681374
0.000645705
0.000597698
0.000596318
0.00063462
0.00066701
0.000680234
0.000679432
0.000669748
0.000642324
0.000602769
0.000547901
0.000421788
0.000443425
0.000474745
0.000501923
0.000523718
0.000542212
0.000557291
0.000568522
0.000574882
0.000574733
0.000565312
0.000562004
0.00056871
0.000569272
0.000563215
0.000552109
0.000537493
0.000519843
0.000498651
0.000471414
0.000438482
0.000310433
0.000292436
0.000257725
0.000192028
0.000133974
0.000121607
0.000112388
9.72497e-05
9.1144e-05
9.05822e-05
9.15615e-05
9.39991e-05
0.000101781
0.000121404
0.000126677
0.000133432
0.000188509
0.000281326
0.000312643
0.000331298
0.000346164
0.000339113
0.000316811
0.0002957
0.000277166
0.000249322
0.000192492
0.000122835
0.000118743
0.00012034
0.00011997
0.000120098
0.000133983
0.000203449
0.000236278
0.000257459
0.00027807
0.000311361
0.000339063
0.000353724
0.000362192
0.000358485
0.000342609
0.000320084
0.000290143
0.000255358
0.000214223
0.00017156
0.000128761
0.000135365
0.000133641
0.00015248
0.000198541
0.000233289
0.0002619
0.000288184
0.000311375
0.000333433
0.000355598
0.00036619
0.000370725
0.000370067
0.000357499
0.000335698
0.000305245
0.000268721
0.00023774
0.000210729
0.000184265
0.00017595
0.000181544
0.000193428
0.00021417
0.000239828
0.000269111
0.000299508
0.000325807
0.000348849
0.000367096
0.000373101
0.000376384
0.00037908
0.000372183
0.000358601
0.000341984
0.000324224
0.000308252
0.000293786
0.000281726
0.000276277
0.00027975
0.000287395
0.000297425
0.000309099
0.000322151
0.000336864
0.000352221
0.000366621
0.00037709
0.000377746
0.000381197
0.00038747
0.00038766
0.00038371
0.000377668
0.000370161
0.00036178
0.000353045
0.000344433
0.000337387
0.000339174
0.0003458
0.000353476
0.000361034
0.000368174
0.000374712
0.000380539
0.000385254
0.000386952
0.00038164
0.000385936
0.000396651
0.000403647
0.00040718
0.000408362
0.000407246
0.000403903
0.00039845
0.000391343
0.000382908
0.000383619
0.000390233
0.000396836
0.000401915
0.000405067
0.000406292
0.000405605
0.000402953
0.00039704
0.000385707
0.000391415
0.00040743
0.000420531
0.000430124
0.00043675
0.00044007
0.000440278
0.000437359
0.000431176
0.000421166
0.000421159
0.000428401
0.000434415
0.000437415
0.00043736
0.00043454
0.00042889
0.000420441
0.000407945
0.000390551
0.000398766
0.000421393
0.000440847
0.000455713
0.000466831
0.000473722
0.00047692
0.000476212
0.000470949
0.000459601
0.000459012
0.000467333
0.000472728
0.000473516
0.000470355
0.000463995
0.000454131
0.000440569
0.000421788
0.000397284
0.000409603
0.000439015
0.000464193
0.000483152
0.000498022
0.000509279
0.000516964
0.000520675
0.000519386
0.000510416
0.000508755
0.000515015
0.000516773
0.00051368
0.000506469
0.000495778
0.000481661
0.000463398
0.000438482
0.000407343
)
;

boundaryField
{
    floor
    {
        type            nutkWallFunction;
        blending        stepwise;
        Cmu             0.09;
        kappa           0.41;
        E               9.8;
        value           nonuniform List<scalar> 
400
(
3.16733e-05
2.58028e-05
1.74543e-05
9.75156e-06
6.97808e-06
5.81466e-06
3.78019e-06
3.27566e-06
3.25838e-06
3.4581e-06
3.53227e-06
3.48322e-06
3.56668e-06
4.50344e-06
6.12263e-06
7.60185e-06
9.36168e-06
1.83465e-05
2.87972e-05
3.47676e-05
2.58028e-05
2.2377e-05
1.76047e-05
1.36673e-05
1.1977e-05
1.15273e-05
7.6491e-06
6.04432e-06
5.81212e-06
6.01985e-06
6.00602e-06
5.9969e-06
6.92133e-06
9.99944e-06
1.18786e-05
1.24517e-05
1.36119e-05
2.05516e-05
2.79043e-05
3.23115e-05
1.74543e-05
1.76047e-05
1.59754e-05
1.46748e-05
1.51082e-05
1.45944e-05
1.09577e-05
8.41367e-06
7.52179e-06
7.51343e-06
7.38242e-06
7.52747e-06
9.08133e-06
1.26275e-05
1.52075e-05
1.61024e-05
1.64933e-05
1.89449e-05
2.47618e-05
2.7517e-05
9.75156e-06
1.36673e-05
1.46748e-05
1.5599e-05
1.71751e-05
1.59553e-05
1.26372e-05
1.02012e-05
9.08375e-06
8.94487e-06
8.67263e-06
9.02328e-06
1.10429e-05
1.45001e-05
1.73431e-05
1.79925e-05
1.75084e-05
1.70859e-05
1.82955e-05
1.82097e-05
6.97808e-06
1.1977e-05
1.51082e-05
1.71751e-05
1.77923e-05
1.58365e-05
1.32317e-05
1.12309e-05
1.03625e-05
1.04205e-05
9.91476e-06
1.02643e-05
1.22831e-05
1.52679e-05
1.80365e-05
1.88962e-05
1.82079e-05
1.6906e-05
1.47974e-05
9.64498e-06
5.81466e-06
1.15273e-05
1.45944e-05
1.59552e-05
1.58365e-05
1.45733e-05
1.30178e-05
1.17368e-05
1.13819e-05
1.18112e-05
1.11236e-05
1.13117e-05
1.29664e-05
1.52184e-05
1.74277e-05
1.86574e-05
1.84145e-05
1.70302e-05
1.42891e-05
7.73855e-06
3.78019e-06
7.64909e-06
1.09577e-05
1.26372e-05
1.32317e-05
1.30178e-05
1.24586e-05
1.20158e-05
1.23994e-05
1.35071e-05
1.25772e-05
1.22854e-05
1.32538e-05
1.45588e-05
1.57597e-05
1.65386e-05
1.66238e-05
1.55595e-05
1.26254e-05
6.34027e-06
3.27566e-06
6.04432e-06
8.41367e-06
1.02012e-05
1.12309e-05
1.17368e-05
1.20158e-05
1.24633e-05
1.37042e-05
1.53814e-05
1.42363e-05
1.33456e-05
1.33761e-05
1.36067e-05
1.37783e-05
1.3712e-05
1.32596e-05
1.20478e-05
8.90432e-06
3.92591e-06
3.25838e-06
5.81212e-06
7.52178e-06
9.08375e-06
1.03625e-05
1.13819e-05
1.23994e-05
1.37042e-05
1.52224e-05
1.6862e-05
1.5629e-05
1.45579e-05
1.37853e-05
1.28972e-05
1.21247e-05
1.13828e-05
1.051e-05
9.12e-06
6.28576e-06
2.94542e-06
3.4581e-06
6.01985e-06
7.51343e-06
8.94487e-06
1.04205e-05
1.18112e-05
1.35071e-05
1.53814e-05
1.6862e-05
7.11119e-06
5.94261e-06
1.60216e-05
1.47023e-05
1.29613e-05
1.13816e-05
1.01515e-05
8.96771e-06
7.53523e-06
5.54663e-06
2.85723e-06
3.53227e-06
6.00602e-06
7.38242e-06
8.67262e-06
9.91477e-06
1.11236e-05
1.25772e-05
1.42363e-05
1.5629e-05
5.94261e-06
6.74505e-06
1.66181e-05
1.51147e-05
1.33439e-05
1.17521e-05
1.03672e-05
8.96869e-06
7.31102e-06
5.53466e-06
3.01641e-06
3.48322e-06
5.9969e-06
7.52747e-06
9.02328e-06
1.02643e-05
1.13117e-05
1.22854e-05
1.33456e-05
1.45579e-05
1.60216e-05
1.66181e-05
1.62525e-05
1.57071e-05
1.48856e-05
1.39434e-05
1.2826e-05
1.13709e-05
9.19839e-06
6.54362e-06
3.40152e-06
3.56668e-06
6.92134e-06
9.08132e-06
1.10429e-05
1.22831e-05
1.29664e-05
1.32538e-05
1.33761e-05
1.37853e-05
1.47023e-05
1.51147e-05
1.57071e-05
1.63635e-05
1.66638e-05
1.65539e-05
1.60436e-05
1.50067e-05
1.32495e-05
1.03105e-05
4.62734e-06
4.50344e-06
9.99944e-06
1.26275e-05
1.45001e-05
1.52679e-05
1.52184e-05
1.45588e-05
1.36067e-05
1.28972e-05
1.29613e-05
1.33439e-05
1.48856e-05
1.66638e-05
1.79881e-05
1.86829e-05
1.87979e-05
1.82835e-05
1.69149e-05
1.36557e-05
7.69053e-06
6.12263e-06
1.18786e-05
1.52075e-05
1.73431e-05
1.80365e-05
1.74277e-05
1.57597e-05
1.37783e-05
1.21247e-05
1.13816e-05
1.17521e-05
1.39434e-05
1.65539e-05
1.86829e-05
1.98985e-05
2.02202e-05
1.97104e-05
1.79882e-05
1.4549e-05
8.50924e-06
7.60185e-06
1.24517e-05
1.61024e-05
1.79925e-05
1.88962e-05
1.86574e-05
1.65386e-05
1.3712e-05
1.13828e-05
1.01515e-05
1.03672e-05
1.2826e-05
1.60436e-05
1.87979e-05
2.02202e-05
2.03556e-05
1.94509e-05
1.74097e-05
1.40841e-05
9.56633e-06
9.36168e-06
1.36119e-05
1.64933e-05
1.75084e-05
1.82079e-05
1.84145e-05
1.66238e-05
1.32596e-05
1.051e-05
8.9677e-06
8.96869e-06
1.13709e-05
1.50067e-05
1.82835e-05
1.97104e-05
1.94509e-05
1.79809e-05
1.70029e-05
1.90842e-05
1.78032e-05
1.83466e-05
2.05516e-05
1.89449e-05
1.70859e-05
1.6906e-05
1.70302e-05
1.55595e-05
1.20478e-05
9.12e-06
7.53523e-06
7.31102e-06
9.19839e-06
1.32495e-05
1.69149e-05
1.79882e-05
1.74097e-05
1.70029e-05
2.53194e-05
3.00727e-05
3.08612e-05
2.87973e-05
2.79043e-05
2.47618e-05
1.82955e-05
1.47974e-05
1.42891e-05
1.26254e-05
8.90431e-06
6.28576e-06
5.54663e-06
5.53466e-06
6.54362e-06
1.03105e-05
1.36557e-05
1.4549e-05
1.40841e-05
1.90843e-05
3.00727e-05
3.3765e-05
3.51214e-05
3.47676e-05
3.23115e-05
2.7517e-05
1.82097e-05
9.64498e-06
7.73855e-06
6.34027e-06
3.92591e-06
2.94542e-06
2.85723e-06
3.01641e-06
3.40152e-06
4.62734e-06
7.69053e-06
8.50924e-06
9.56633e-06
1.78033e-05
3.08612e-05
3.51214e-05
3.7637e-05
)
;
    }
    ceiling
    {
        type            nutkWallFunction;
        blending        stepwise;
        Cmu             0.09;
        kappa           0.41;
        E               9.8;
        value           nonuniform List<scalar> 
400
(
4.81234e-05
5.2385e-05
5.58401e-05
5.84333e-05
6.04948e-05
6.2095e-05
6.32197e-05
6.38074e-05
6.36997e-05
6.25925e-05
6.21435e-05
6.28075e-05
6.29372e-05
6.25066e-05
6.15559e-05
6.01245e-05
5.82318e-05
5.57893e-05
5.24347e-05
4.80203e-05
5.2385e-05
5.67953e-05
6.05044e-05
6.34737e-05
6.60326e-05
6.81926e-05
6.98431e-05
7.08312e-05
7.0905e-05
6.97331e-05
6.90246e-05
6.97107e-05
6.9688e-05
6.8898e-05
6.74322e-05
6.54289e-05
6.30239e-05
6.01645e-05
5.64817e-05
5.18567e-05
5.58401e-05
6.05044e-05
6.4376e-05
6.75787e-05
7.04963e-05
7.3117e-05
7.52403e-05
7.66073e-05
7.68596e-05
7.55754e-05
7.45984e-05
7.53799e-05
7.52305e-05
7.41075e-05
7.21712e-05
6.96922e-05
6.69392e-05
6.38351e-05
5.99683e-05
5.51178e-05
5.84333e-05
6.34737e-05
6.75787e-05
7.10528e-05
7.44492e-05
7.76563e-05
8.03681e-05
8.22425e-05
8.28794e-05
8.18909e-05
8.05087e-05
8.10347e-05
8.05822e-05
7.89931e-05
7.64929e-05
7.34368e-05
7.02552e-05
6.68734e-05
6.27483e-05
5.75598e-05
6.04948e-05
6.60326e-05
7.04963e-05
7.44492e-05
7.85881e-05
8.24244e-05
8.56746e-05
8.80317e-05
8.90679e-05
8.844e-05
8.65975e-05
8.67902e-05
8.5976e-05
8.3929e-05
8.09119e-05
7.72944e-05
7.34402e-05
6.95909e-05
6.50964e-05
5.94674e-05
6.2095e-05
6.81926e-05
7.3117e-05
7.76563e-05
8.24244e-05
8.6845e-05
9.06691e-05
9.35624e-05
9.51527e-05
9.52341e-05
9.2901e-05
9.24587e-05
9.10909e-05
8.85107e-05
8.49449e-05
8.07711e-05
7.6301e-05
7.18992e-05
6.70039e-05
6.09071e-05
6.32197e-05
6.98431e-05
7.52403e-05
8.03681e-05
8.56746e-05
9.06691e-05
9.51059e-05
9.87154e-05
0.000101355
0.000103222
0.000100243
9.82474e-05
9.58579e-05
9.25576e-05
8.84025e-05
8.36836e-05
7.86517e-05
7.37167e-05
6.84209e-05
6.18883e-05
6.38074e-05
7.08312e-05
7.66073e-05
8.22425e-05
8.80317e-05
9.35624e-05
9.87154e-05
0.000103482
0.000108421
0.000113911
0.000109925
0.000104636
0.000100196
9.58244e-05
9.10055e-05
8.57667e-05
8.0247e-05
7.48389e-05
6.92223e-05
6.23622e-05
6.36997e-05
7.0905e-05
7.68596e-05
8.28794e-05
8.90679e-05
9.51527e-05
0.000101355
0.000108421
0.000117253
0.000126405
0.000121749
0.000112327
0.000104296
9.80389e-05
9.23632e-05
8.66333e-05
8.07275e-05
7.49767e-05
6.92058e-05
6.22001e-05
6.25925e-05
6.97331e-05
7.55754e-05
8.18909e-05
8.844e-05
9.52341e-05
0.000103222
0.000113911
0.000126405
0.000125921
0.00012576
0.000120799
0.000108673
9.91539e-05
9.21502e-05
8.59127e-05
7.97092e-05
7.37219e-05
6.80223e-05
6.10584e-05
6.21435e-05
6.90246e-05
7.45984e-05
8.05087e-05
8.65975e-05
9.2901e-05
0.000100243
0.000109925
0.000121749
0.00012576
0.000125681
0.000116916
0.000105439
9.68041e-05
9.03399e-05
8.45239e-05
7.87259e-05
7.30932e-05
6.76073e-05
6.08501e-05
6.28075e-05
6.97107e-05
7.53799e-05
8.10347e-05
8.67902e-05
9.24587e-05
9.82474e-05
0.000104636
0.000112327
0.000120799
0.000116916
0.000108386
0.000101448
9.57834e-05
9.0446e-05
8.50419e-05
7.94895e-05
7.40369e-05
6.84469e-05
6.16446e-05
6.29372e-05
6.9688e-05
7.52305e-05
8.05822e-05
8.5976e-05
9.10909e-05
9.58579e-05
0.000100196
0.000104296
0.000108673
0.000105439
0.000101448
9.78399e-05
9.38104e-05
8.92277e-05
8.42816e-05
7.90858e-05
7.3953e-05
6.85158e-05
6.18672e-05
6.25066e-05
6.8898e-05
7.41075e-05
7.89931e-05
8.3929e-05
8.85107e-05
9.25576e-05
9.58244e-05
9.80389e-05
9.91539e-05
9.68041e-05
9.57834e-05
9.38104e-05
9.06679e-05
8.669e-05
8.22381e-05
7.74986e-05
7.28316e-05
6.77528e-05
6.14731e-05
6.15559e-05
6.74322e-05
7.21712e-05
7.64929e-05
8.09118e-05
8.49449e-05
8.84025e-05
9.10055e-05
9.23632e-05
9.21502e-05
9.03399e-05
9.0446e-05
8.92277e-05
8.669e-05
8.327e-05
7.93626e-05
7.51607e-05
7.10037e-05
6.63516e-05
6.05533e-05
6.01245e-05
6.54289e-05
6.96922e-05
7.34368e-05
7.72944e-05
8.07711e-05
8.36836e-05
8.57667e-05
8.66333e-05
8.59127e-05
8.45239e-05
8.50419e-05
8.42816e-05
8.22381e-05
7.93626e-05
7.60425e-05
7.24419e-05
6.8776e-05
6.4502e-05
5.91864e-05
5.82318e-05
6.30239e-05
6.69392e-05
7.02552e-05
7.34402e-05
7.6301e-05
7.86517e-05
8.0247e-05
8.07275e-05
7.97092e-05
7.87259e-05
7.94895e-05
7.90858e-05
7.74986e-05
7.51607e-05
7.24419e-05
6.94708e-05
6.62134e-05
6.22594e-05
5.73755e-05
5.57893e-05
6.01645e-05
6.38351e-05
6.68734e-05
6.95909e-05
7.18992e-05
7.37167e-05
7.48389e-05
7.49767e-05
7.37219e-05
7.30932e-05
7.40369e-05
7.3953e-05
7.28316e-05
7.10037e-05
6.8776e-05
6.62134e-05
6.32529e-05
5.95543e-05
5.5023e-05
5.24347e-05
5.64817e-05
5.99683e-05
6.27483e-05
6.50964e-05
6.70039e-05
6.84209e-05
6.92223e-05
6.92058e-05
6.80223e-05
6.76073e-05
6.84469e-05
6.85158e-05
6.77528e-05
6.63516e-05
6.4502e-05
6.22594e-05
5.95543e-05
5.60569e-05
5.17948e-05
4.80203e-05
5.18567e-05
5.51178e-05
5.75598e-05
5.94674e-05
6.09071e-05
6.18883e-05
6.23622e-05
6.22001e-05
6.10584e-05
6.08501e-05
6.16446e-05
6.18672e-05
6.14731e-05
6.05533e-05
5.91864e-05
5.73755e-05
5.5023e-05
5.17948e-05
4.77283e-05
)
;
    }
    fixedWalls
    {
        type            nutkWallFunction;
        blending        stepwise;
        Cmu             0.09;
        kappa           0.41;
        E               9.8;
        value           nonuniform List<scalar> 
800
(
3.16589e-05
3.91981e-05
4.15374e-05
4.27216e-05
4.34892e-05
4.41261e-05
4.47871e-05
4.55597e-05
4.6597e-05
4.81141e-05
2.5788e-05
3.74457e-05
3.99314e-05
4.16977e-05
4.31901e-05
4.46691e-05
4.6201e-05
4.78295e-05
4.98487e-05
5.23765e-05
1.74387e-05
3.49537e-05
3.67534e-05
3.8804e-05
4.1373e-05
4.42506e-05
4.69634e-05
4.95654e-05
5.2434e-05
5.58323e-05
9.73441e-06
3.10038e-05
3.24745e-05
3.42384e-05
3.87141e-05
4.33943e-05
4.73535e-05
5.08248e-05
5.43905e-05
5.8426e-05
6.95982e-06
2.63467e-05
2.78304e-05
2.89337e-05
3.5727e-05
4.23743e-05
4.75136e-05
5.17434e-05
5.58992e-05
6.04879e-05
5.79575e-06
1.69204e-05
2.21115e-05
2.40545e-05
3.30122e-05
4.12917e-05
4.73904e-05
5.22982e-05
5.69659e-05
6.20883e-05
3.76066e-06
7.6679e-06
1.49546e-05
1.92628e-05
3.05889e-05
4.02215e-05
4.70076e-05
5.24504e-05
5.75646e-05
6.32132e-05
3.25602e-06
7.30849e-06
8.68688e-06
1.43571e-05
2.81549e-05
3.90944e-05
4.63761e-05
5.21651e-05
5.763e-05
6.38011e-05
3.23873e-06
7.7034e-06
9.61766e-06
1.03877e-05
2.59521e-05
3.7923e-05
4.54869e-05
5.14234e-05
5.70348e-05
6.36933e-05
3.43851e-06
8.10054e-06
1.01171e-05
1.20706e-05
2.45989e-05
3.68311e-05
4.43822e-05
5.02045e-05
5.56338e-05
6.2586e-05
3.51271e-06
7.86008e-06
9.5204e-06
1.13479e-05
2.55369e-05
3.70476e-05
4.43722e-05
5.00601e-05
5.53795e-05
6.21368e-05
3.46365e-06
7.32103e-06
8.29795e-06
1.05632e-05
2.72238e-05
3.79982e-05
4.52015e-05
5.09089e-05
5.63276e-05
6.2801e-05
3.54714e-06
7.23799e-06
1.08686e-05
1.44955e-05
2.89311e-05
3.90344e-05
4.6016e-05
5.16161e-05
5.69317e-05
6.29307e-05
4.48404e-06
9.44277e-06
1.83859e-05
1.93216e-05
3.07481e-05
4.00529e-05
4.66542e-05
5.19815e-05
5.70035e-05
6.25e-05
6.10382e-06
2.16714e-05
2.35897e-05
2.34116e-05
3.2758e-05
4.10467e-05
4.70826e-05
5.19485e-05
5.65457e-05
6.15492e-05
7.58368e-06
2.65973e-05
2.80884e-05
2.78112e-05
3.51155e-05
4.20603e-05
4.72901e-05
5.15305e-05
5.5612e-05
6.01175e-05
9.34424e-06
3.02338e-05
3.20361e-05
3.29462e-05
3.78773e-05
4.30738e-05
4.72432e-05
5.07594e-05
5.42587e-05
5.82244e-05
1.83307e-05
3.33629e-05
3.58496e-05
3.77065e-05
4.06792e-05
4.40234e-05
4.6969e-05
4.96406e-05
5.24619e-05
5.57815e-05
2.87824e-05
3.68422e-05
3.92779e-05
4.11396e-05
4.2863e-05
4.46339e-05
4.63359e-05
4.80226e-05
4.9988e-05
5.24262e-05
3.47536e-05
3.95977e-05
4.17443e-05
4.28811e-05
4.36329e-05
4.42708e-05
4.48976e-05
4.56201e-05
4.6588e-05
4.80109e-05
3.47536e-05
3.95977e-05
4.17443e-05
4.28811e-05
4.36329e-05
4.42708e-05
4.48976e-05
4.56201e-05
4.6588e-05
4.80109e-05
3.22971e-05
3.86599e-05
4.12571e-05
4.27986e-05
4.39922e-05
4.50996e-05
4.63081e-05
4.77247e-05
4.95524e-05
5.18481e-05
2.75021e-05
3.56569e-05
3.91423e-05
4.1133e-05
4.30832e-05
4.51266e-05
4.72293e-05
4.94404e-05
5.20877e-05
5.51098e-05
1.8194e-05
3.2797e-05
3.61079e-05
3.82135e-05
4.12757e-05
4.4605e-05
4.76936e-05
5.0693e-05
5.40161e-05
5.75523e-05
9.62782e-06
3.02525e-05
3.20253e-05
3.40905e-05
3.90511e-05
4.38046e-05
4.78487e-05
5.15562e-05
5.54536e-05
5.94603e-05
7.72053e-06
2.63719e-05
2.72109e-05
2.9081e-05
3.66582e-05
4.2808e-05
4.7702e-05
5.1988e-05
5.63424e-05
6.09003e-05
6.32153e-06
1.82153e-05
2.14058e-05
2.47603e-05
3.44908e-05
4.16923e-05
4.72631e-05
5.20152e-05
5.67546e-05
6.18817e-05
3.9064e-06
7.93258e-06
1.52322e-05
2.09333e-05
3.25158e-05
4.0526e-05
4.6546e-05
5.16359e-05
5.66641e-05
6.23556e-05
2.92569e-06
7.29268e-06
8.82351e-06
1.7123e-05
3.08613e-05
3.9373e-05
4.56101e-05
5.08321e-05
5.59879e-05
6.21935e-05
2.83747e-06
7.53578e-06
9.82977e-06
1.58937e-05
3.01094e-05
3.8428e-05
4.44971e-05
4.9527e-05
5.45243e-05
6.10515e-05
2.9967e-06
7.48194e-06
9.58222e-06
1.67049e-05
3.05907e-05
3.86722e-05
4.45962e-05
4.95316e-05
5.44536e-05
6.08432e-05
3.38191e-06
7.49532e-06
1.23576e-05
1.84064e-05
3.16395e-05
3.95618e-05
4.54708e-05
5.04773e-05
5.55267e-05
6.16379e-05
4.60797e-06
9.51456e-06
1.91514e-05
2.13749e-05
3.30107e-05
4.05892e-05
4.6342e-05
5.12617e-05
5.6222e-05
6.18605e-05
7.67193e-06
1.98326e-05
2.41197e-05
2.50428e-05
3.46041e-05
4.15986e-05
4.70109e-05
5.16528e-05
5.63241e-05
6.14663e-05
8.49104e-06
2.451e-05
2.81284e-05
2.91303e-05
3.63759e-05
4.25494e-05
4.74253e-05
5.16458e-05
5.59169e-05
6.05463e-05
9.54854e-06
2.74683e-05
3.17496e-05
3.33058e-05
3.83612e-05
4.34175e-05
4.75856e-05
5.12782e-05
5.50959e-05
5.91792e-05
1.77869e-05
3.03157e-05
3.49127e-05
3.68694e-05
4.04202e-05
4.41886e-05
4.74941e-05
5.05407e-05
5.38195e-05
5.7368e-05
3.08466e-05
3.49096e-05
3.78953e-05
3.9967e-05
4.23402e-05
4.4811e-05
4.71441e-05
4.94364e-05
5.20593e-05
5.5015e-05
3.51076e-05
3.86578e-05
4.08714e-05
4.24032e-05
4.37302e-05
4.50349e-05
4.63653e-05
4.77986e-05
4.96111e-05
5.17862e-05
3.76237e-05
4.06236e-05
4.22837e-05
4.32015e-05
4.38173e-05
4.43328e-05
4.48705e-05
4.55101e-05
4.63972e-05
4.7719e-05
3.16589e-05
3.91981e-05
4.15374e-05
4.27216e-05
4.34892e-05
4.41261e-05
4.47871e-05
4.55597e-05
4.6597e-05
4.81141e-05
2.5788e-05
3.74457e-05
3.99314e-05
4.16977e-05
4.31901e-05
4.46691e-05
4.6201e-05
4.78295e-05
4.98487e-05
5.23765e-05
1.74387e-05
3.49537e-05
3.67534e-05
3.8804e-05
4.1373e-05
4.42506e-05
4.69634e-05
4.95654e-05
5.2434e-05
5.58323e-05
9.73441e-06
3.10038e-05
3.24745e-05
3.42385e-05
3.87141e-05
4.33943e-05
4.73535e-05
5.08248e-05
5.43905e-05
5.8426e-05
6.95982e-06
2.63467e-05
2.78304e-05
2.89337e-05
3.5727e-05
4.23743e-05
4.75136e-05
5.17434e-05
5.58992e-05
6.04879e-05
5.79575e-06
1.69204e-05
2.21115e-05
2.40545e-05
3.30122e-05
4.12917e-05
4.73904e-05
5.22982e-05
5.69659e-05
6.20883e-05
3.76066e-06
7.6679e-06
1.49546e-05
1.92628e-05
3.05889e-05
4.02216e-05
4.70076e-05
5.24504e-05
5.75646e-05
6.32132e-05
3.25602e-06
7.30849e-06
8.68688e-06
1.43571e-05
2.81549e-05
3.90944e-05
4.63761e-05
5.21651e-05
5.763e-05
6.38011e-05
3.23873e-06
7.7034e-06
9.61766e-06
1.03877e-05
2.59521e-05
3.7923e-05
4.5487e-05
5.14234e-05
5.70348e-05
6.36933e-05
3.43851e-06
8.10054e-06
1.01171e-05
1.20706e-05
2.45989e-05
3.68311e-05
4.43822e-05
5.02045e-05
5.56338e-05
6.2586e-05
3.51271e-06
7.86008e-06
9.52041e-06
1.13478e-05
2.55369e-05
3.70476e-05
4.43722e-05
5.00601e-05
5.53794e-05
6.21368e-05
3.46365e-06
7.32103e-06
8.29795e-06
1.05632e-05
2.72238e-05
3.79982e-05
4.52015e-05
5.09089e-05
5.63276e-05
6.2801e-05
3.54714e-06
7.23799e-06
1.08686e-05
1.44955e-05
2.89311e-05
3.90344e-05
4.6016e-05
5.16161e-05
5.69317e-05
6.29307e-05
4.48404e-06
9.44278e-06
1.83859e-05
1.93216e-05
3.07481e-05
4.00529e-05
4.66542e-05
5.19815e-05
5.70035e-05
6.25e-05
6.10382e-06
2.16714e-05
2.35897e-05
2.34116e-05
3.2758e-05
4.10467e-05
4.70826e-05
5.19485e-05
5.65457e-05
6.15492e-05
7.58368e-06
2.65973e-05
2.80884e-05
2.78112e-05
3.51155e-05
4.20603e-05
4.72901e-05
5.15305e-05
5.5612e-05
6.01175e-05
9.34424e-06
3.02338e-05
3.20361e-05
3.29462e-05
3.78773e-05
4.30738e-05
4.72432e-05
5.07594e-05
5.42587e-05
5.82244e-05
1.83307e-05
3.33629e-05
3.58496e-05
3.77065e-05
4.06792e-05
4.40234e-05
4.6969e-05
4.96406e-05
5.24619e-05
5.57815e-05
2.87824e-05
3.68422e-05
3.92779e-05
4.11396e-05
4.2863e-05
4.46339e-05
4.63359e-05
4.80226e-05
4.9988e-05
5.24262e-05
3.47536e-05
3.95977e-05
4.17443e-05
4.28811e-05
4.36329e-05
4.42708e-05
4.48976e-05
4.56201e-05
4.6588e-05
4.80109e-05
3.47536e-05
3.95977e-05
4.17443e-05
4.28811e-05
4.36329e-05
4.42708e-05
4.48976e-05
4.56201e-05
4.6588e-05
4.80109e-05
3.22971e-05
3.86599e-05
4.12571e-05
4.27986e-05
4.39922e-05
4.50996e-05
4.63081e-05
4.77247e-05
4.95524e-05
5.18481e-05
2.75021e-05
3.56569e-05
3.91423e-05
4.1133e-05
4.30832e-05
4.51266e-05
4.72293e-05
4.94404e-05
5.20877e-05
5.51098e-05
1.8194e-05
3.2797e-05
3.61079e-05
3.82135e-05
4.12757e-05
4.4605e-05
4.76936e-05
5.06929e-05
5.40161e-05
5.75523e-05
9.62782e-06
3.02525e-05
3.20254e-05
3.40905e-05
3.90511e-05
4.38046e-05
4.78487e-05
5.15562e-05
5.54536e-05
5.94603e-05
7.72053e-06
2.63719e-05
2.72109e-05
2.9081e-05
3.66582e-05
4.2808e-05
4.7702e-05
5.1988e-05
5.63424e-05
6.09003e-05
6.32153e-06
1.82153e-05
2.14058e-05
2.47603e-05
3.44908e-05
4.16923e-05
4.72631e-05
5.20152e-05
5.67546e-05
6.18817e-05
3.9064e-06
7.93258e-06
1.52322e-05
2.09333e-05
3.25158e-05
4.0526e-05
4.6546e-05
5.16359e-05
5.66641e-05
6.23556e-05
2.92569e-06
7.29267e-06
8.82351e-06
1.7123e-05
3.08613e-05
3.9373e-05
4.56101e-05
5.08321e-05
5.59879e-05
6.21935e-05
2.83747e-06
7.53578e-06
9.82978e-06
1.58937e-05
3.01094e-05
3.8428e-05
4.4497e-05
4.9527e-05
5.45243e-05
6.10515e-05
2.9967e-06
7.48194e-06
9.58223e-06
1.67049e-05
3.05907e-05
3.86722e-05
4.45962e-05
4.95316e-05
5.44536e-05
6.08432e-05
3.38191e-06
7.49533e-06
1.23575e-05
1.84064e-05
3.16395e-05
3.95618e-05
4.54708e-05
5.04773e-05
5.55267e-05
6.16379e-05
4.60797e-06
9.51455e-06
1.91514e-05
2.13749e-05
3.30107e-05
4.05892e-05
4.6342e-05
5.12617e-05
5.6222e-05
6.18605e-05
7.67193e-06
1.98326e-05
2.41197e-05
2.50428e-05
3.46041e-05
4.15986e-05
4.70109e-05
5.16528e-05
5.63241e-05
6.14663e-05
8.49104e-06
2.451e-05
2.81284e-05
2.91303e-05
3.63759e-05
4.25494e-05
4.74253e-05
5.16458e-05
5.59169e-05
6.05463e-05
9.54854e-06
2.74683e-05
3.17496e-05
3.33058e-05
3.83612e-05
4.34175e-05
4.75856e-05
5.12782e-05
5.50959e-05
5.91792e-05
1.77869e-05
3.03157e-05
3.49127e-05
3.68694e-05
4.04202e-05
4.41886e-05
4.74941e-05
5.05407e-05
5.38195e-05
5.7368e-05
3.08466e-05
3.49096e-05
3.78953e-05
3.9967e-05
4.23402e-05
4.4811e-05
4.71441e-05
4.94364e-05
5.20593e-05
5.5015e-05
3.51076e-05
3.86578e-05
4.08714e-05
4.24032e-05
4.37302e-05
4.50349e-05
4.63653e-05
4.77986e-05
4.96111e-05
5.17862e-05
3.76237e-05
4.06236e-05
4.22837e-05
4.32015e-05
4.38173e-05
4.43328e-05
4.48705e-05
4.55101e-05
4.63972e-05
4.7719e-05
)
;
    }
}


// ************************************************************************* //
