/*--------------------------------*- C++ -*----------------------------------*\
| =========                 |                                                 |
| \\      /  F ield         | OpenFOAM: The Open Source CFD Toolbox           |
|  \\    /   O peration     | Version:  v2012                                 |
|   \\  /    A nd           | Website:  www.openfoam.com                      |
|    \\/     M anipulation  |                                                 |
\*---------------------------------------------------------------------------*/
FoamFile
{
    version     2.0;
    format      ascii;
    class       volScalarField;
    location    "2000";
    object      T;
}
// * * * * * * * * * * * * * * * * * * * * * * * * * * * * * * * * * * * * * //

dimensions      [0 0 0 1 0 0 0];


internalField   nonuniform List<scalar> 
4000
(
300.547
300.513
300.475
300.469
300.482
300.491
300.494
300.494
300.494
300.494
300.494
300.493
300.493
300.496
300.491
300.483
300.475
300.489
300.537
300.56
300.568
300.569
300.568
300.558
300.548
300.542
300.542
300.542
300.542
300.542
300.542
300.542
300.543
300.541
300.542
300.546
300.553
300.561
300.569
300.569
300.565
300.568
300.57
300.569
300.561
300.554
300.553
300.554
300.554
300.554
300.554
300.554
300.554
300.553
300.555
300.562
300.568
300.569
300.568
300.565
300.56
300.564
300.567
300.568
300.565
300.56
300.557
300.555
300.555
300.556
300.555
300.555
300.556
300.557
300.56
300.565
300.568
300.567
300.564
300.56
300.555
300.559
300.563
300.564
300.565
300.565
300.564
300.563
300.562
300.561
300.562
300.563
300.564
300.564
300.565
300.565
300.565
300.563
300.56
300.555
300.55
300.554
300.558
300.56
300.561
300.562
300.563
300.563
300.563
300.563
300.563
300.563
300.563
300.563
300.562
300.561
300.56
300.558
300.555
300.55
300.545
300.549
300.552
300.555
300.556
300.558
300.559
300.559
300.559
300.559
300.559
300.559
300.559
300.559
300.558
300.557
300.555
300.553
300.549
300.544
300.539
300.543
300.546
300.549
300.551
300.552
300.554
300.554
300.555
300.555
300.555
300.555
300.554
300.554
300.553
300.551
300.549
300.547
300.543
300.538
300.533
300.536
300.54
300.542
300.545
300.547
300.548
300.549
300.55
300.55
300.549
300.549
300.549
300.548
300.546
300.545
300.542
300.54
300.536
300.532
300.524
300.527
300.53
300.533
300.535
300.538
300.54
300.541
300.542
300.542
300.542
300.542
300.541
300.539
300.537
300.535
300.533
300.53
300.526
300.523
300.513
300.488
300.469
300.466
300.476
300.49
300.495
300.494
300.494
300.494
300.494
300.494
300.494
300.495
300.489
300.48
300.471
300.488
300.529
300.553
300.569
300.568
300.566
300.559
300.551
300.544
300.541
300.543
300.542
300.542
300.542
300.543
300.542
300.541
300.543
300.548
300.553
300.556
300.564
300.569
300.568
300.569
300.57
300.568
300.561
300.554
300.552
300.553
300.554
300.554
300.554
300.553
300.553
300.553
300.556
300.562
300.568
300.569
300.568
300.566
300.564
300.565
300.567
300.567
300.564
300.559
300.556
300.555
300.555
300.556
300.556
300.555
300.555
300.557
300.559
300.564
300.567
300.567
300.565
300.562
300.559
300.561
300.563
300.565
300.564
300.562
300.56
300.559
300.558
300.557
300.558
300.559
300.559
300.56
300.562
300.564
300.565
300.564
300.56
300.557
300.554
300.556
300.559
300.561
300.561
300.561
300.56
300.559
300.559
300.558
300.559
300.559
300.56
300.56
300.561
300.561
300.561
300.559
300.556
300.552
300.549
300.551
300.555
300.557
300.558
300.558
300.558
300.558
300.558
300.558
300.558
300.558
300.558
300.558
300.558
300.558
300.557
300.555
300.551
300.547
300.543
300.546
300.55
300.552
300.554
300.554
300.555
300.555
300.555
300.555
300.555
300.555
300.555
300.555
300.554
300.554
300.552
300.55
300.546
300.541
300.536
300.54
300.544
300.547
300.549
300.551
300.553
300.554
300.554
300.555
300.554
300.554
300.554
300.553
300.551
300.549
300.547
300.544
300.54
300.535
300.527
300.53
300.533
300.536
300.539
300.542
300.545
300.547
300.548
300.548
300.548
300.547
300.546
300.544
300.542
300.539
300.536
300.532
300.529
300.526
300.475
300.469
300.464
300.466
300.477
300.49
300.496
300.495
300.495
300.495
300.494
300.494
300.495
300.495
300.489
300.479
300.471
300.477
300.508
300.53
300.568
300.566
300.562
300.556
300.55
300.543
300.542
300.543
300.543
300.542
300.543
300.543
300.542
300.541
300.543
300.547
300.551
300.553
300.556
300.564
300.57
300.57
300.569
300.565
300.558
300.553
300.552
300.553
300.554
300.554
300.554
300.553
300.552
300.553
300.555
300.561
300.567
300.569
300.569
300.568
300.567
300.567
300.568
300.567
300.562
300.558
300.555
300.555
300.555
300.556
300.556
300.556
300.555
300.556
300.559
300.564
300.567
300.567
300.566
300.565
300.563
300.563
300.564
300.565
300.563
300.56
300.558
300.556
300.556
300.556
300.556
300.557
300.557
300.558
300.56
300.563
300.565
300.564
300.562
300.561
300.558
300.559
300.56
300.561
300.561
300.559
300.558
300.556
300.556
300.555
300.555
300.556
300.557
300.557
300.559
300.56
300.561
300.56
300.558
300.556
300.552
300.555
300.556
300.557
300.558
300.557
300.556
300.556
300.555
300.555
300.555
300.555
300.556
300.556
300.557
300.557
300.557
300.556
300.553
300.55
300.546
300.55
300.552
300.553
300.554
300.553
300.553
300.552
300.552
300.552
300.552
300.552
300.552
300.553
300.553
300.553
300.553
300.552
300.549
300.545
300.54
300.544
300.548
300.55
300.552
300.553
300.554
300.554
300.555
300.554
300.554
300.555
300.554
300.554
300.553
300.552
300.55
300.547
300.543
300.538
300.53
300.533
300.537
300.54
300.543
300.547
300.55
300.552
300.554
300.554
300.554
300.553
300.552
300.549
300.546
300.543
300.539
300.536
300.532
300.529
300.469
300.466
300.466
300.472
300.484
300.494
300.497
300.496
300.496
300.496
300.495
300.495
300.496
300.496
300.49
300.481
300.473
300.47
300.476
300.482
300.558
300.559
300.556
300.552
300.546
300.541
300.542
300.544
300.543
300.543
300.543
300.543
300.542
300.541
300.542
300.546
300.549
300.551
300.553
300.557
300.569
300.568
300.565
300.56
300.555
300.552
300.551
300.553
300.554
300.554
300.554
300.553
300.552
300.552
300.554
300.559
300.565
300.568
300.569
300.57
300.568
300.567
300.567
300.564
300.56
300.556
300.555
300.555
300.556
300.557
300.557
300.556
300.555
300.556
300.558
300.563
300.566
300.567
300.567
300.567
300.564
300.565
300.565
300.564
300.561
300.558
300.556
300.555
300.555
300.556
300.556
300.556
300.556
300.557
300.559
300.562
300.564
300.564
300.564
300.563
300.56
300.561
300.561
300.561
300.56
300.558
300.556
300.555
300.554
300.554
300.554
300.555
300.555
300.556
300.558
300.56
300.561
300.561
300.56
300.558
300.555
300.557
300.557
300.557
300.557
300.556
300.555
300.554
300.553
300.553
300.553
300.554
300.554
300.554
300.555
300.557
300.557
300.557
300.556
300.553
300.549
300.552
300.553
300.553
300.553
300.552
300.552
300.551
300.55
300.55
300.55
300.55
300.551
300.551
300.552
300.553
300.553
300.552
300.551
300.547
300.542
300.547
300.55
300.552
300.552
300.552
300.553
300.554
300.554
300.554
300.554
300.554
300.554
300.553
300.552
300.552
300.551
300.549
300.546
300.541
300.533
300.536
300.54
300.544
300.548
300.552
300.555
300.558
300.56
300.561
300.56
300.56
300.558
300.554
300.551
300.547
300.543
300.539
300.535
300.531
300.482
300.476
300.477
300.484
300.492
300.498
300.498
300.497
300.497
300.497
300.496
300.495
300.497
300.497
300.494
300.486
300.479
300.474
300.471
300.469
300.548
300.551
300.55
300.546
300.542
300.541
300.543
300.544
300.544
300.543
300.543
300.544
300.543
300.541
300.541
300.544
300.547
300.55
300.552
300.554
300.561
300.561
300.558
300.555
300.552
300.551
300.552
300.553
300.554
300.554
300.554
300.554
300.553
300.552
300.553
300.556
300.56
300.565
300.567
300.569
300.565
300.564
300.562
300.56
300.557
300.555
300.554
300.555
300.556
300.557
300.557
300.556
300.555
300.555
300.557
300.56
300.564
300.566
300.567
300.567
300.565
300.564
300.563
300.561
300.559
300.557
300.555
300.555
300.555
300.556
300.556
300.556
300.556
300.556
300.558
300.561
300.563
300.564
300.564
300.564
300.561
300.561
300.561
300.56
300.558
300.556
300.555
300.554
300.553
300.553
300.554
300.554
300.554
300.555
300.557
300.559
300.56
300.561
300.561
300.56
300.556
300.558
300.558
300.557
300.556
300.555
300.554
300.553
300.552
300.552
300.553
300.553
300.553
300.553
300.555
300.556
300.557
300.557
300.557
300.555
300.551
300.554
300.554
300.553
300.553
300.552
300.551
300.55
300.55
300.549
300.549
300.55
300.55
300.551
300.551
300.552
300.552
300.552
300.553
300.549
300.545
300.549
300.552
300.552
300.552
300.553
300.554
300.555
300.555
300.554
300.554
300.555
300.555
300.554
300.553
300.552
300.551
300.551
300.548
300.543
300.535
300.539
300.543
300.548
300.552
300.557
300.561
300.565
300.568
300.569
300.568
300.567
300.564
300.56
300.555
300.551
300.546
300.542
300.538
300.534
300.491
300.49
300.49
300.494
300.498
300.499
300.499
300.498
300.498
300.498
300.497
300.496
300.497
300.498
300.497
300.493
300.487
300.482
300.479
300.48
300.542
300.544
300.543
300.541
300.541
300.543
300.544
300.545
300.544
300.544
300.544
300.544
300.544
300.542
300.541
300.542
300.544
300.547
300.549
300.549
300.554
300.554
300.553
300.552
300.551
300.551
300.553
300.554
300.555
300.555
300.555
300.554
300.553
300.552
300.552
300.553
300.555
300.559
300.561
300.562
300.56
300.559
300.558
300.556
300.555
300.554
300.555
300.556
300.557
300.557
300.557
300.556
300.556
300.555
300.556
300.557
300.56
300.562
300.564
300.565
300.565
300.562
300.56
300.558
300.557
300.556
300.555
300.555
300.555
300.556
300.557
300.556
300.556
300.556
300.557
300.559
300.561
300.562
300.564
300.564
300.562
300.561
300.559
300.558
300.556
300.555
300.554
300.553
300.553
300.553
300.554
300.554
300.554
300.555
300.556
300.557
300.559
300.56
300.561
300.561
300.558
300.558
300.557
300.556
300.555
300.554
300.553
300.552
300.552
300.552
300.552
300.552
300.552
300.553
300.554
300.555
300.556
300.557
300.557
300.556
300.552
300.554
300.553
300.552
300.552
300.551
300.551
300.55
300.549
300.548
300.548
300.549
300.55
300.55
300.551
300.551
300.552
300.552
300.554
300.551
300.547
300.551
300.553
300.552
300.553
300.554
300.555
300.557
300.557
300.556
300.556
300.557
300.556
300.555
300.553
300.552
300.552
300.552
300.55
300.545
300.538
300.542
300.547
300.552
300.557
300.562
300.567
300.573
300.577
300.579
300.577
300.575
300.571
300.566
300.56
300.555
300.55
300.545
300.54
300.536
300.494
300.495
300.496
300.497
300.498
300.499
300.499
300.499
300.5
300.5
300.498
300.497
300.498
300.498
300.498
300.497
300.494
300.492
300.49
300.49
300.542
300.541
300.542
300.542
300.543
300.544
300.545
300.545
300.545
300.544
300.544
300.545
300.544
300.543
300.542
300.541
300.542
300.543
300.544
300.544
300.553
300.552
300.552
300.551
300.552
300.553
300.554
300.555
300.555
300.555
300.555
300.555
300.554
300.553
300.552
300.552
300.553
300.554
300.555
300.555
300.557
300.556
300.555
300.555
300.554
300.555
300.555
300.556
300.557
300.558
300.558
300.557
300.556
300.555
300.555
300.556
300.557
300.558
300.56
300.562
300.564
300.56
300.558
300.556
300.555
300.555
300.555
300.555
300.556
300.557
300.557
300.556
300.556
300.555
300.556
300.557
300.558
300.56
300.562
300.564
300.563
300.56
300.558
300.556
300.555
300.554
300.553
300.553
300.553
300.553
300.553
300.553
300.553
300.554
300.555
300.556
300.557
300.559
300.56
300.561
300.559
300.558
300.556
300.555
300.554
300.553
300.552
300.552
300.551
300.551
300.551
300.552
300.552
300.552
300.553
300.554
300.555
300.556
300.557
300.557
300.554
300.555
300.553
300.552
300.551
300.551
300.55
300.55
300.549
300.548
300.548
300.549
300.549
300.55
300.55
300.551
300.551
300.552
300.554
300.552
300.548
300.553
300.554
300.553
300.554
300.555
300.557
300.559
300.56
300.56
300.56
300.559
300.558
300.557
300.555
300.553
300.552
300.552
300.551
300.546
300.54
300.545
300.55
300.555
300.561
300.567
300.574
300.581
300.587
300.591
300.589
300.585
300.579
300.572
300.566
300.559
300.553
300.548
300.543
300.538
300.494
300.494
300.495
300.496
300.497
300.498
300.499
300.5
300.501
300.503
300.501
300.499
300.498
300.498
300.497
300.497
300.496
300.496
300.495
300.495
300.542
300.543
300.543
300.544
300.544
300.545
300.545
300.545
300.545
300.545
300.545
300.545
300.545
300.544
300.544
300.543
300.543
300.542
300.542
300.542
300.554
300.553
300.553
300.553
300.553
300.554
300.555
300.555
300.555
300.555
300.556
300.555
300.555
300.554
300.554
300.553
300.553
300.553
300.553
300.553
300.555
300.555
300.555
300.555
300.555
300.556
300.556
300.557
300.557
300.558
300.558
300.557
300.557
300.556
300.556
300.555
300.556
300.556
300.558
300.56
300.563
300.559
300.556
300.555
300.555
300.555
300.555
300.555
300.556
300.557
300.557
300.556
300.556
300.555
300.556
300.556
300.557
300.558
300.561
300.564
300.563
300.559
300.556
300.555
300.554
300.553
300.553
300.553
300.553
300.554
300.554
300.553
300.553
300.553
300.554
300.555
300.556
300.557
300.56
300.562
300.559
300.558
300.556
300.554
300.553
300.552
300.552
300.551
300.551
300.552
300.552
300.551
300.551
300.552
300.552
300.553
300.554
300.556
300.557
300.557
300.554
300.555
300.552
300.551
300.55
300.55
300.55
300.549
300.549
300.55
300.55
300.549
300.549
300.549
300.55
300.55
300.551
300.552
300.554
300.553
300.549
300.554
300.554
300.554
300.555
300.557
300.559
300.561
300.564
300.572
300.571
300.563
300.56
300.558
300.556
300.554
300.553
300.553
300.552
300.547
300.541
300.547
300.552
300.558
300.565
300.573
300.581
300.59
300.599
300.609
300.606
300.597
300.588
300.579
300.57
300.563
300.556
300.55
300.545
300.539
300.494
300.494
300.495
300.496
300.497
300.498
300.5
300.501
300.503
300.507
300.505
300.501
300.499
300.498
300.496
300.496
300.495
300.495
300.494
300.494
300.542
300.542
300.543
300.543
300.544
300.544
300.545
300.545
300.546
300.554
300.553
300.546
300.545
300.545
300.544
300.544
300.544
300.544
300.543
300.543
300.554
300.554
300.554
300.554
300.554
300.555
300.555
300.555
300.556
300.563
300.562
300.556
300.555
300.555
300.555
300.554
300.554
300.554
300.554
300.554
300.555
300.555
300.555
300.556
300.556
300.557
300.557
300.557
300.558
300.568
300.566
300.558
300.558
300.557
300.557
300.556
300.556
300.556
300.556
300.558
300.562
300.558
300.556
300.555
300.555
300.555
300.556
300.556
300.557
300.57
300.568
300.558
300.556
300.556
300.556
300.556
300.556
300.557
300.56
300.564
300.563
300.559
300.556
300.554
300.553
300.553
300.553
300.553
300.555
300.57
300.567
300.555
300.553
300.553
300.553
300.554
300.555
300.557
300.559
300.562
300.559
300.558
300.555
300.553
300.552
300.552
300.551
300.551
300.553
300.569
300.565
300.552
300.551
300.551
300.552
300.552
300.553
300.555
300.557
300.558
300.555
300.555
300.552
300.55
300.55
300.549
300.549
300.549
300.552
300.575
300.572
300.551
300.548
300.549
300.549
300.549
300.55
300.551
300.554
300.553
300.55
300.554
300.555
300.554
300.555
300.557
300.56
300.564
300.576
300.603
300.6
300.573
300.563
300.558
300.556
300.554
300.553
300.553
300.553
300.548
300.542
300.548
300.554
300.56
300.568
300.577
300.587
300.599
300.615
300.636
300.63
300.611
300.596
300.584
300.574
300.565
300.558
300.552
300.546
300.54
300.494
300.494
300.495
300.496
300.497
300.498
300.5
300.503
300.507
300.969
300.955
300.505
300.501
300.498
300.496
300.495
300.495
300.494
300.494
300.494
300.542
300.542
300.542
300.543
300.543
300.544
300.544
300.545
300.554
300.857
300.844
300.554
300.545
300.544
300.544
300.544
300.544
300.543
300.543
300.543
300.554
300.554
300.554
300.554
300.554
300.555
300.555
300.555
300.563
300.802
300.79
300.563
300.556
300.555
300.555
300.555
300.554
300.554
300.554
300.554
300.556
300.556
300.556
300.557
300.557
300.557
300.558
300.558
300.568
300.769
300.756
300.567
300.558
300.558
300.557
300.557
300.557
300.556
300.556
300.558
300.561
300.557
300.556
300.556
300.556
300.556
300.557
300.557
300.57
300.745
300.733
300.568
300.558
300.557
300.557
300.557
300.556
300.557
300.56
300.564
300.563
300.558
300.555
300.554
300.553
300.553
300.553
300.554
300.57
300.726
300.714
300.568
300.554
300.553
300.553
300.554
300.554
300.556
300.559
300.562
300.559
300.558
300.555
300.553
300.552
300.552
300.551
300.552
300.569
300.712
300.699
300.566
300.552
300.551
300.552
300.552
300.553
300.555
300.557
300.558
300.555
300.555
300.552
300.55
300.549
300.548
300.548
300.55
300.575
300.702
300.69
300.567
300.549
300.548
300.548
300.549
300.549
300.551
300.554
300.553
300.55
300.555
300.554
300.554
300.554
300.556
300.56
300.572
300.603
300.694
300.682
300.597
300.569
300.558
300.555
300.553
300.552
300.553
300.553
300.547
300.542
300.548
300.554
300.561
300.569
300.579
300.591
300.609
300.636
300.683
300.672
300.63
300.604
300.588
300.576
300.566
300.558
300.552
300.546
300.54
300.494
300.494
300.494
300.495
300.496
300.497
300.498
300.501
300.505
300.955
300.962
300.506
300.502
300.499
300.497
300.496
300.495
300.495
300.494
300.494
300.542
300.542
300.543
300.543
300.543
300.544
300.544
300.545
300.553
300.844
300.846
300.553
300.545
300.544
300.544
300.544
300.543
300.543
300.543
300.543
300.554
300.554
300.554
300.554
300.554
300.555
300.555
300.556
300.562
300.79
300.787
300.562
300.555
300.555
300.555
300.554
300.554
300.554
300.554
300.554
300.555
300.556
300.556
300.557
300.557
300.557
300.558
300.558
300.566
300.756
300.751
300.565
300.558
300.557
300.557
300.557
300.556
300.556
300.556
300.558
300.562
300.558
300.556
300.556
300.556
300.557
300.557
300.557
300.568
300.733
300.725
300.566
300.557
300.557
300.556
300.556
300.557
300.557
300.56
300.564
300.563
300.559
300.555
300.554
300.554
300.554
300.553
300.554
300.567
300.714
300.704
300.564
300.554
300.553
300.553
300.554
300.554
300.556
300.559
300.562
300.559
300.558
300.555
300.553
300.553
300.552
300.551
300.552
300.565
300.699
300.688
300.562
300.551
300.551
300.552
300.552
300.553
300.555
300.557
300.558
300.555
300.555
300.552
300.55
300.549
300.548
300.548
300.55
300.572
300.69
300.679
300.562
300.548
300.547
300.548
300.548
300.549
300.551
300.554
300.553
300.549
300.554
300.554
300.554
300.554
300.556
300.56
300.571
300.6
300.682
300.672
300.593
300.567
300.558
300.554
300.553
300.552
300.553
300.553
300.547
300.542
300.548
300.554
300.56
300.568
300.577
300.589
300.606
300.63
300.672
300.663
300.625
300.602
300.586
300.575
300.566
300.558
300.551
300.545
300.539
300.493
300.494
300.494
300.495
300.495
300.496
300.497
300.499
300.501
300.505
300.506
300.503
300.502
300.5
300.499
300.498
300.497
300.496
300.495
300.494
300.542
300.543
300.543
300.543
300.544
300.544
300.545
300.545
300.546
300.554
300.553
300.546
300.544
300.544
300.543
300.542
300.542
300.542
300.542
300.542
300.554
300.553
300.553
300.553
300.554
300.554
300.555
300.555
300.556
300.563
300.562
300.555
300.555
300.554
300.554
300.554
300.553
300.553
300.553
300.553
300.555
300.555
300.556
300.556
300.556
300.556
300.557
300.557
300.558
300.567
300.565
300.557
300.557
300.556
300.556
300.556
300.556
300.556
300.556
300.559
300.563
300.559
300.557
300.556
300.556
300.556
300.556
300.556
300.558
300.568
300.566
300.557
300.556
300.556
300.556
300.556
300.556
300.557
300.56
300.564
300.563
300.559
300.556
300.555
300.554
300.554
300.553
300.553
300.555
300.568
300.564
300.554
300.553
300.553
300.554
300.554
300.555
300.556
300.559
300.562
300.559
300.558
300.555
300.554
300.553
300.552
300.552
300.551
300.552
300.566
300.562
300.551
300.551
300.551
300.552
300.552
300.553
300.555
300.557
300.557
300.555
300.555
300.552
300.55
300.55
300.549
300.549
300.549
300.551
300.567
300.562
300.549
300.548
300.548
300.548
300.549
300.549
300.551
300.554
300.553
300.549
300.554
300.555
300.554
300.555
300.557
300.559
300.563
300.573
300.597
300.593
300.57
300.562
300.558
300.555
300.554
300.553
300.553
300.552
300.547
300.542
300.547
300.553
300.56
300.567
300.575
300.585
300.597
300.611
300.63
300.625
300.608
300.594
300.583
300.573
300.565
300.557
300.551
300.545
300.539
300.493
300.494
300.495
300.496
300.497
300.497
300.498
300.498
300.499
300.501
300.502
300.502
300.502
300.501
300.501
300.5
300.499
300.499
300.498
300.496
300.543
300.542
300.542
300.542
300.543
300.544
300.544
300.545
300.545
300.545
300.545
300.544
300.543
300.542
300.541
300.54
300.539
300.538
300.538
300.541
300.554
300.553
300.552
300.552
300.553
300.553
300.554
300.555
300.555
300.556
300.555
300.555
300.554
300.553
300.553
300.554
300.554
300.554
300.554
300.553
300.556
300.555
300.555
300.555
300.555
300.556
300.556
300.557
300.558
300.558
300.558
300.557
300.556
300.556
300.556
300.557
300.557
300.557
300.558
300.56
300.564
300.559
300.557
300.556
300.556
300.556
300.556
300.556
300.556
300.558
300.557
300.556
300.555
300.556
300.556
300.557
300.557
300.558
300.561
300.564
300.563
300.56
300.557
300.555
300.554
300.554
300.553
300.553
300.553
300.554
300.554
300.553
300.553
300.554
300.554
300.555
300.555
300.557
300.56
300.561
300.559
300.558
300.556
300.554
300.553
300.552
300.552
300.551
300.551
300.552
300.551
300.551
300.551
300.552
300.552
300.553
300.553
300.555
300.557
300.557
300.554
300.555
300.552
300.551
300.55
300.55
300.549
300.549
300.548
300.549
300.548
300.548
300.548
300.549
300.549
300.549
300.55
300.551
300.554
300.552
300.549
300.554
300.554
300.554
300.555
300.556
300.558
300.56
300.563
300.569
300.567
300.562
300.559
300.557
300.555
300.553
300.553
300.553
300.552
300.547
300.541
300.546
300.552
300.558
300.564
300.571
300.579
300.588
300.596
300.604
300.602
300.594
300.585
300.577
300.569
300.562
300.555
300.55
300.544
300.539
300.496
300.495
300.495
300.496
300.497
300.498
300.498
300.498
300.498
300.498
300.499
300.5
300.501
300.501
300.501
300.5
300.499
300.498
300.497
300.495
300.541
300.541
300.541
300.541
300.541
300.542
300.543
300.544
300.545
300.544
300.544
300.544
300.542
300.54
300.538
300.536
300.536
300.536
300.537
300.537
300.553
300.553
300.553
300.552
300.552
300.552
300.553
300.554
300.555
300.555
300.555
300.554
300.553
300.553
300.554
300.554
300.555
300.555
300.556
300.556
300.557
300.557
300.556
300.556
300.555
300.555
300.555
300.556
300.557
300.558
300.557
300.556
300.556
300.557
300.557
300.558
300.559
300.56
300.56
300.562
300.564
300.56
300.558
300.557
300.556
300.556
300.555
300.555
300.556
300.557
300.557
300.556
300.556
300.556
300.557
300.558
300.559
300.56
300.562
300.564
300.563
300.56
300.557
300.556
300.555
300.555
300.554
300.553
300.553
300.553
300.553
300.553
300.554
300.554
300.555
300.556
300.557
300.558
300.56
300.561
300.559
300.558
300.556
300.554
300.553
300.553
300.552
300.552
300.551
300.551
300.551
300.551
300.552
300.552
300.553
300.554
300.554
300.556
300.557
300.557
300.554
300.555
300.553
300.551
300.551
300.55
300.55
300.549
300.549
300.548
300.547
300.548
300.549
300.549
300.55
300.55
300.55
300.551
300.554
300.552
300.548
300.553
300.554
300.553
300.554
300.555
300.557
300.558
300.558
300.558
300.558
300.558
300.557
300.555
300.554
300.552
300.552
300.552
300.551
300.546
300.539
300.544
300.549
300.554
300.56
300.566
300.572
300.579
300.584
300.588
300.586
300.583
300.577
300.57
300.564
300.558
300.552
300.547
300.542
300.537
300.491
300.489
300.489
300.49
300.494
300.497
300.498
300.497
300.496
300.496
300.497
300.499
300.501
300.501
300.499
300.497
300.495
300.493
300.491
300.49
300.542
300.543
300.543
300.542
300.541
300.541
300.542
300.544
300.544
300.544
300.544
300.543
300.541
300.538
300.536
300.535
300.536
300.537
300.538
300.539
300.555
300.556
300.555
300.554
300.553
300.552
300.552
300.554
300.555
300.555
300.555
300.554
300.553
300.554
300.555
300.556
300.557
300.558
300.56
300.561
300.56
300.559
300.559
300.558
300.557
300.556
300.555
300.556
300.557
300.557
300.557
300.556
300.556
300.557
300.559
300.561
300.562
300.563
300.564
300.566
300.565
300.562
300.56
300.559
300.558
300.557
300.556
300.556
300.556
300.557
300.556
300.556
300.556
300.557
300.559
300.561
300.562
300.562
300.564
300.564
300.562
300.561
300.559
300.558
300.557
300.556
300.555
300.554
300.553
300.553
300.553
300.554
300.554
300.555
300.557
300.558
300.559
300.559
300.56
300.56
300.558
300.558
300.557
300.555
300.555
300.554
300.553
300.552
300.552
300.552
300.552
300.552
300.552
300.553
300.554
300.555
300.555
300.556
300.557
300.556
300.553
300.554
300.553
300.552
300.551
300.551
300.55
300.55
300.549
300.548
300.548
300.548
300.549
300.55
300.55
300.551
300.551
300.552
300.553
300.551
300.546
300.551
300.553
300.552
300.553
300.553
300.555
300.556
300.556
300.555
300.554
300.555
300.555
300.554
300.552
300.551
300.551
300.551
300.549
300.544
300.537
300.542
300.546
300.551
300.555
300.56
300.566
300.57
300.574
300.576
300.575
300.573
300.569
300.564
300.559
300.554
300.549
300.544
300.54
300.535
300.483
300.48
300.479
300.481
300.486
300.493
300.497
300.497
300.496
300.495
300.496
300.498
300.5
300.5
300.497
300.494
300.49
300.487
300.485
300.486
300.546
300.548
300.547
300.546
300.544
300.542
300.541
300.543
300.544
300.544
300.544
300.542
300.54
300.536
300.535
300.536
300.537
300.538
300.54
300.542
300.562
300.562
300.561
300.559
300.556
300.553
300.552
300.553
300.554
300.555
300.554
300.554
300.554
300.554
300.556
300.558
300.56
300.562
300.564
300.566
300.565
300.564
300.564
300.563
300.56
300.557
300.556
300.555
300.556
300.557
300.557
300.556
300.557
300.558
300.561
300.563
300.565
300.566
300.566
300.567
300.565
300.564
300.563
300.562
300.561
300.559
300.557
300.556
300.556
300.557
300.556
300.556
300.557
300.558
300.561
300.562
300.563
300.564
300.564
300.564
300.561
300.561
300.56
300.56
300.559
300.557
300.556
300.555
300.554
300.554
300.554
300.554
300.555
300.556
300.558
300.559
300.56
300.56
300.56
300.56
300.557
300.558
300.557
300.557
300.556
300.555
300.554
300.553
300.552
300.552
300.552
300.552
300.553
300.554
300.555
300.555
300.556
300.556
300.556
300.555
300.551
300.554
300.553
300.553
300.552
300.551
300.551
300.55
300.549
300.549
300.548
300.549
300.549
300.55
300.551
300.551
300.551
300.552
300.552
300.549
300.545
300.549
300.552
300.552
300.552
300.552
300.553
300.554
300.554
300.553
300.553
300.554
300.553
300.552
300.551
300.551
300.55
300.55
300.547
300.543
300.535
300.539
300.543
300.547
300.551
300.555
300.559
300.563
300.565
300.566
300.566
300.565
300.562
300.558
300.554
300.549
300.545
300.541
300.537
300.533
300.475
300.471
300.471
300.473
300.479
300.487
300.494
300.496
300.495
300.495
300.495
300.497
300.499
300.499
300.495
300.49
300.484
300.485
300.497
300.5
300.553
300.553
300.551
300.549
300.547
300.544
300.542
300.543
300.544
300.544
300.543
300.542
300.539
300.536
300.536
300.537
300.538
300.54
300.543
300.549
300.568
300.568
300.567
300.565
300.56
300.555
300.553
300.553
300.554
300.554
300.554
300.553
300.554
300.555
300.557
300.56
300.563
300.565
300.567
300.568
300.568
300.567
300.567
300.566
300.564
300.56
300.557
300.556
300.556
300.557
300.556
300.556
300.557
300.559
300.562
300.565
300.566
300.566
300.566
300.566
300.565
300.565
300.565
300.564
300.563
300.561
300.558
300.557
300.556
300.556
300.557
300.556
300.557
300.559
300.562
300.563
300.564
300.563
300.563
300.563
300.56
300.561
300.561
300.561
300.56
300.559
300.557
300.556
300.555
300.554
300.554
300.555
300.555
300.557
300.559
300.56
300.56
300.56
300.559
300.558
300.555
300.557
300.557
300.557
300.557
300.556
300.555
300.554
300.553
300.553
300.553
300.553
300.553
300.554
300.555
300.556
300.556
300.556
300.555
300.553
300.549
300.552
300.553
300.553
300.552
300.552
300.551
300.551
300.55
300.549
300.549
300.549
300.55
300.55
300.551
300.551
300.551
300.552
300.551
300.547
300.542
300.547
300.55
300.551
300.551
300.552
300.552
300.553
300.553
300.552
300.552
300.553
300.553
300.552
300.551
300.55
300.55
300.548
300.545
300.54
300.533
300.536
300.539
300.543
300.546
300.55
300.553
300.556
300.558
300.558
300.558
300.557
300.555
300.552
300.549
300.545
300.541
300.538
300.534
300.531
300.489
300.488
300.477
300.47
300.474
300.482
300.492
300.496
300.495
300.494
300.495
300.496
300.499
300.498
300.493
300.487
300.485
300.517
300.54
300.548
300.561
300.556
300.553
300.551
300.55
300.547
300.543
300.542
300.544
300.543
300.543
300.542
300.538
300.536
300.537
300.538
300.54
300.545
300.557
300.564
300.569
300.569
300.569
300.568
300.565
300.559
300.554
300.553
300.554
300.554
300.554
300.553
300.554
300.555
300.558
300.562
300.565
300.566
300.567
300.568
300.567
300.567
300.567
300.567
300.566
300.562
300.558
300.556
300.556
300.556
300.556
300.556
300.557
300.56
300.563
300.566
300.566
300.566
300.565
300.565
300.563
300.564
300.564
300.564
300.564
300.562
300.56
300.558
300.557
300.557
300.557
300.557
300.558
300.56
300.562
300.564
300.563
300.562
300.561
300.561
300.558
300.559
300.56
300.561
300.561
300.56
300.559
300.557
300.557
300.556
300.556
300.556
300.557
300.558
300.559
300.56
300.56
300.559
300.557
300.556
300.553
300.555
300.556
300.557
300.557
300.557
300.556
300.556
300.555
300.555
300.555
300.555
300.555
300.556
300.556
300.556
300.556
300.555
300.553
300.55
300.547
300.55
300.552
300.552
300.552
300.552
300.552
300.552
300.551
300.551
300.551
300.551
300.551
300.551
300.552
300.552
300.552
300.551
300.548
300.544
300.54
300.544
300.547
300.549
300.551
300.552
300.552
300.553
300.553
300.553
300.553
300.553
300.553
300.552
300.551
300.55
300.548
300.546
300.542
300.538
300.53
300.532
300.536
300.539
300.542
300.545
300.548
300.55
300.552
300.552
300.551
300.551
300.55
300.547
300.544
300.541
300.538
300.534
300.531
300.528
300.537
300.529
300.508
300.476
300.471
300.479
300.49
300.495
300.494
300.494
300.494
300.495
300.498
300.497
300.491
300.485
300.497
300.54
300.554
300.561
300.569
300.564
300.556
300.553
300.552
300.549
300.544
300.542
300.543
300.543
300.543
300.542
300.538
300.537
300.538
300.54
300.543
300.557
300.568
300.569
300.568
300.568
300.569
300.569
300.567
300.561
300.555
300.553
300.554
300.554
300.554
300.553
300.554
300.556
300.56
300.564
300.567
300.567
300.567
300.566
300.564
300.565
300.566
300.567
300.567
300.564
300.56
300.558
300.556
300.556
300.556
300.556
300.558
300.56
300.564
300.566
300.566
300.565
300.563
300.562
300.56
300.56
300.562
300.564
300.564
300.564
300.562
300.561
300.56
300.56
300.56
300.56
300.561
300.562
300.564
300.564
300.563
300.561
300.559
300.557
300.555
300.556
300.558
300.56
300.561
300.561
300.56
300.56
300.559
300.559
300.559
300.559
300.56
300.56
300.56
300.56
300.559
300.557
300.554
300.552
300.549
300.551
300.553
300.556
300.557
300.557
300.557
300.557
300.557
300.557
300.557
300.557
300.557
300.557
300.557
300.556
300.555
300.553
300.55
300.547
300.543
300.546
300.549
300.551
300.553
300.554
300.554
300.554
300.554
300.554
300.554
300.554
300.554
300.554
300.553
300.552
300.551
300.548
300.545
300.541
300.536
300.54
300.543
300.546
300.548
300.55
300.551
300.552
300.553
300.553
300.553
300.552
300.552
300.551
300.549
300.547
300.545
300.542
300.538
300.534
300.526
300.529
300.532
300.535
300.538
300.54
300.543
300.545
300.546
300.546
300.545
300.545
300.544
300.542
300.54
300.537
300.534
300.531
300.528
300.525
300.56
300.553
300.53
300.482
300.469
300.48
300.49
300.495
300.494
300.494
300.494
300.494
300.496
300.495
300.49
300.486
300.5
300.548
300.561
300.564
300.569
300.569
300.564
300.557
300.554
300.549
300.544
300.542
300.543
300.543
300.543
300.542
300.541
300.537
300.539
300.542
300.549
300.564
300.569
300.567
300.565
300.566
300.568
300.57
300.569
300.562
300.555
300.553
300.554
300.554
300.554
300.553
300.553
300.556
300.561
300.566
300.568
300.568
300.566
300.563
300.56
300.562
300.565
300.567
300.567
300.565
300.562
300.56
300.558
300.558
300.558
300.559
300.56
300.562
300.566
300.567
300.566
300.565
300.562
300.558
300.555
300.557
300.561
300.563
300.564
300.564
300.564
300.564
300.564
300.564
300.564
300.564
300.564
300.564
300.564
300.564
300.563
300.561
300.557
300.553
300.55
300.552
300.556
300.558
300.56
300.561
300.561
300.562
300.562
300.562
300.562
300.562
300.561
300.561
300.56
300.56
300.558
300.556
300.552
300.548
300.544
300.547
300.55
300.553
300.555
300.556
300.557
300.557
300.558
300.558
300.558
300.557
300.557
300.557
300.556
300.555
300.553
300.55
300.547
300.543
300.538
300.541
300.545
300.547
300.549
300.551
300.552
300.553
300.553
300.553
300.553
300.553
300.552
300.552
300.551
300.549
300.547
300.544
300.541
300.537
300.532
300.535
300.538
300.541
300.543
300.545
300.546
300.547
300.548
300.547
300.547
300.547
300.547
300.546
300.544
300.543
300.54
300.538
300.534
300.531
300.523
300.526
300.529
300.531
300.534
300.536
300.538
300.539
300.54
300.54
300.539
300.539
300.539
300.537
300.535
300.533
300.531
300.528
300.525
300.522
)
;

boundaryField
{
    floor
    {
        type            fixedValue;
        value           nonuniform List<scalar> 
400
(
300
300
300
300
300
300
300
300
300
300
300
300
300
300
300
300
300
300
300
300
300
300
300
300
300
300
300
300
300
300
300
300
300
300
300
300
300
300
300
300
300
300
300
300
300
300
300
300
300
300
300
300
300
300
300
300
300
300
300
300
300
300
300
300
300
300
300
300
300
300
300
300
300
300
300
300
300
300
300
300
300
300
300
300
300
300
300
300
300
300
300
300
300
300
300
300
300
300
300
300
300
300
300
300
300
300
300
300
300
300
300
300
300
300
300
300
300
300
300
300
300
300
300
300
300
300
300
300
300
300
300
300
300
300
300
300
300
300
300
300
300
300
300
300
300
300
300
300
300
300
300
300
300
300
300
300
300
300
300
300
300
300
300
300
300
300
300
300
300
300
300
300
300
300
300
300
300
300
300
300
300
300
300
300
300
300
300
300
300
600
600
300
300
300
300
300
300
300
300
300
300
300
300
300
300
300
300
300
300
600
600
300
300
300
300
300
300
300
300
300
300
300
300
300
300
300
300
300
300
300
300
300
300
300
300
300
300
300
300
300
300
300
300
300
300
300
300
300
300
300
300
300
300
300
300
300
300
300
300
300
300
300
300
300
300
300
300
300
300
300
300
300
300
300
300
300
300
300
300
300
300
300
300
300
300
300
300
300
300
300
300
300
300
300
300
300
300
300
300
300
300
300
300
300
300
300
300
300
300
300
300
300
300
300
300
300
300
300
300
300
300
300
300
300
300
300
300
300
300
300
300
300
300
300
300
300
300
300
300
300
300
300
300
300
300
300
300
300
300
300
300
300
300
300
300
300
300
300
300
300
300
300
300
300
300
300
300
300
300
300
300
300
300
300
300
300
300
300
300
300
300
300
300
300
300
300
300
300
300
300
300
300
300
300
300
300
300
300
300
300
)
;
    }
    ceiling
    {
        type            lumpedMassWallTemperature;
        refValue        uniform 300.02;
        refGradient     uniform 0;
        valueFraction   uniform 1;
        value           uniform 300.02;
        kappaMethod     fluidThermo;
        kappa           none;
        alphaAni        none;
        alpha           none;
        Cp              4100;
        mass            1000;
    }
    fixedWalls
    {
        type            zeroGradient;
    }
}


// ************************************************************************* //
