/*--------------------------------*- C++ -*----------------------------------*\
| =========                 |                                                 |
| \\      /  F ield         | OpenFOAM: The Open Source CFD Toolbox           |
|  \\    /   O peration     | Version:  v2012                                 |
|   \\  /    A nd           | Website:  www.openfoam.com                      |
|    \\/     M anipulation  |                                                 |
\*---------------------------------------------------------------------------*/
FoamFile
{
    version     2.0;
    format      ascii;
    class       vectorField;
    location    "constant/rightSolid/polyMesh";
    object      points;
}
// * * * * * * * * * * * * * * * * * * * * * * * * * * * * * * * * * * * * * //


308
(
(0.01333333 0 -0.05)
(0.02 0 -0.05)
(0.02666667 0 -0.05)
(0.03333333 0 -0.05)
(0.04 -2.891206e-19 -0.05)
(0.04666667 2.891206e-19 -0.05)
(0.05333333 -2.891206e-19 -0.05)
(0.06 -2.891206e-19 -0.05)
(0.06666667 -4.336809e-19 -0.05)
(0.07333333 -5.782412e-19 -0.05)
(0.08 4.336809e-19 -0.05)
(0.08666667 2.891206e-19 -0.05)
(0.09333333 1.445603e-19 -0.05)
(0.1 0 -0.05)
(0.01333333 0.008 -0.05)
(0.02 0.008 -0.05)
(0.02666667 0.008 -0.05)
(0.03333333 0.008 -0.05)
(0.04 0.008 -0.05)
(0.04666667 0.008 -0.05)
(0.05333333 0.008 -0.05)
(0.06 0.008 -0.05)
(0.06666667 0.008 -0.05)
(0.07333333 0.008 -0.05)
(0.08 0.008 -0.05)
(0.08666667 0.008 -0.05)
(0.09333333 0.008 -0.05)
(0.1 0.008 -0.05)
(0.01333333 0 -0.04)
(0.02 -5.782412e-19 -0.04)
(0.02666667 0 -0.04)
(0.03333333 0 -0.04)
(0.04 0 -0.04)
(0.04666667 2.891206e-19 -0.04)
(0.05333333 -2.891206e-19 -0.04)
(0.06 -2.891206e-19 -0.04)
(0.06666667 -4.336809e-19 -0.04)
(0.07333333 -5.782412e-19 -0.04)
(0.08 4.336809e-19 -0.04)
(0.08666667 2.891206e-19 -0.04)
(0.09333333 1.445603e-19 -0.04)
(0.1 0 -0.04)
(0.01333333 0.008 -0.04)
(0.02 0.008 -0.04)
(0.02666667 0.008 -0.04)
(0.03333333 0.008 -0.04)
(0.04 0.008 -0.04)
(0.04666667 0.008 -0.04)
(0.05333333 0.008 -0.04)
(0.06 0.008 -0.04)
(0.06666667 0.008 -0.04)
(0.07333333 0.008 -0.04)
(0.08 0.008 -0.04)
(0.08666667 0.008 -0.04)
(0.09333333 0.008 -0.04)
(0.1 0.008 -0.04)
(0.01333333 0 -0.03)
(0.02 -5.782412e-19 -0.03)
(0.02666667 0 -0.03)
(0.03333333 0 -0.03)
(0.04 -2.891206e-19 -0.03)
(0.04666667 -2.891206e-19 -0.03)
(0.05333333 0 -0.03)
(0.06 -2.891206e-19 -0.03)
(0.06666667 -4.336809e-19 -0.03)
(0.07333333 -5.782412e-19 -0.03)
(0.08 4.336809e-19 -0.03)
(0.08666667 2.891206e-19 -0.03)
(0.09333333 1.445603e-19 -0.03)
(0.1 0 -0.03)
(0.01333333 0.008 -0.03)
(0.02 0.008 -0.03)
(0.02666667 0.008 -0.03)
(0.03333333 0.008 -0.03)
(0.04 0.008 -0.03)
(0.04666667 0.008 -0.03)
(0.05333333 0.008 -0.03)
(0.06 0.008 -0.03)
(0.06666667 0.008 -0.03)
(0.07333333 0.008 -0.03)
(0.08 0.008 -0.03)
(0.08666667 0.008 -0.03)
(0.09333333 0.008 -0.03)
(0.1 0.008 -0.03)
(0.01333333 0 -0.02)
(0.02 0 -0.02)
(0.02666667 -2.891206e-19 -0.02)
(0.03333333 0 -0.02)
(0.04 -2.891206e-19 -0.02)
(0.04666667 2.891206e-19 -0.02)
(0.05333333 -2.891206e-19 -0.02)
(0.06 0 -0.02)
(0.06666667 -4.336809e-19 -0.02)
(0.07333333 -5.782412e-19 -0.02)
(0.08 4.336809e-19 -0.02)
(0.08666667 2.891206e-19 -0.02)
(0.09333333 1.807004e-19 -0.02)
(0.1 0 -0.02)
(0.01333333 0.008 -0.02)
(0.02 0.008 -0.02)
(0.02666667 0.008 -0.02)
(0.03333333 0.008 -0.02)
(0.04 0.008 -0.02)
(0.04666667 0.008 -0.02)
(0.05333333 0.008 -0.02)
(0.06 0.008 -0.02)
(0.06666667 0.008 -0.02)
(0.07333333 0.008 -0.02)
(0.08 0.008 -0.02)
(0.08666667 0.008 -0.02)
(0.09333333 0.008 -0.02)
(0.1 0.008 -0.02)
(0.01333333 0 -0.01)
(0.02 0 -0.01)
(0.02666667 0 -0.01)
(0.03333333 0 -0.01)
(0.04 -2.891206e-19 -0.01)
(0.04666667 2.891206e-19 -0.01)
(0.05333333 -2.891206e-19 -0.01)
(0.06 -2.891206e-19 -0.01)
(0.06666667 -4.336809e-19 -0.01)
(0.07333333 -5.782412e-19 -0.01)
(0.08 4.336809e-19 -0.01)
(0.08666667 2.891206e-19 -0.01)
(0.09333333 1.445603e-19 -0.01)
(0.1 0 -0.01)
(0.01333333 0.008 -0.01)
(0.02 0.008 -0.01)
(0.02666667 0.008 -0.01)
(0.03333333 0.008 -0.01)
(0.04 0.008 -0.01)
(0.04666667 0.008 -0.01)
(0.05333333 0.008 -0.01)
(0.06 0.008 -0.01)
(0.06666667 0.008 -0.01)
(0.07333333 0.008 -0.01)
(0.08 0.008 -0.01)
(0.08666667 0.008 -0.01)
(0.09333333 0.008 -0.01)
(0.1 0.008 -0.01)
(0.01333333 0 0)
(0.02 0 0)
(0.02666667 0 5.782412e-19)
(0.03333333 0 0)
(0.04 -2.891206e-19 -5.782412e-19)
(0.04666667 2.891206e-19 0)
(0.05333333 -2.891206e-19 0)
(0.06 -2.891206e-19 5.782412e-19)
(0.06666667 -4.336809e-19 0)
(0.07333333 -5.782412e-19 -4.336809e-19)
(0.08 4.336809e-19 2.891206e-19)
(0.08666667 2.891206e-19 -2.168404e-19)
(0.09333333 1.445603e-19 4.698209e-19)
(0.1 0 0)
(0.01333333 0.008 0)
(0.02 0.008 0)
(0.02666667 0.008 5.782412e-19)
(0.03333333 0.008 0)
(0.04 0.008 -5.782412e-19)
(0.04666667 0.008 0)
(0.05333333 0.008 0)
(0.06 0.008 5.782412e-19)
(0.06666667 0.008 0)
(0.07333333 0.008 -4.336809e-19)
(0.08 0.008 2.891206e-19)
(0.08666667 0.008 -2.168404e-19)
(0.09333333 0.008 4.698209e-19)
(0.1 0.008 0)
(0.01333333 0 0.01)
(0.02 0 0.01)
(0.02666667 0 0.01)
(0.03333333 0 0.01)
(0.04 -2.891206e-19 0.01)
(0.04666667 2.891206e-19 0.01)
(0.05333333 -2.891206e-19 0.01)
(0.06 -2.891206e-19 0.01)
(0.06666667 -4.336809e-19 0.01)
(0.07333333 -5.782412e-19 0.01)
(0.08 4.336809e-19 0.01)
(0.08666667 2.891206e-19 0.01)
(0.09333333 1.445603e-19 0.01)
(0.1 0 0.01)
(0.01333333 0.008 0.01)
(0.02 0.008 0.01)
(0.02666667 0.008 0.01)
(0.03333333 0.008 0.01)
(0.04 0.008 0.01)
(0.04666667 0.008 0.01)
(0.05333333 0.008 0.01)
(0.06 0.008 0.01)
(0.06666667 0.008 0.01)
(0.07333333 0.008 0.01)
(0.08 0.008 0.01)
(0.08666667 0.008 0.01)
(0.09333333 0.008 0.01)
(0.1 0.008 0.01)
(0.01333333 0 0.02)
(0.02 0 0.02)
(0.02666667 0 0.02)
(0.03333333 0 0.02)
(0.04 -2.891206e-19 0.02)
(0.04666667 -2.891206e-19 0.02)
(0.05333333 2.891206e-19 0.02)
(0.06 -2.891206e-19 0.02)
(0.06666667 -4.336809e-19 0.02)
(0.07333333 -5.782412e-19 0.02)
(0.08 4.336809e-19 0.02)
(0.08666667 2.891206e-19 0.02)
(0.09333333 1.445603e-19 0.02)
(0.1 0 0.02)
(0.01333333 0.008 0.02)
(0.02 0.008 0.02)
(0.02666667 0.008 0.02)
(0.03333333 0.008 0.02)
(0.04 0.008 0.02)
(0.04666667 0.008 0.02)
(0.05333333 0.008 0.02)
(0.06 0.008 0.02)
(0.06666667 0.008 0.02)
(0.07333333 0.008 0.02)
(0.08 0.008 0.02)
(0.08666667 0.008 0.02)
(0.09333333 0.008 0.02)
(0.1 0.008 0.02)
(0.01333333 0 0.03)
(0.02 0 0.03)
(0.02666667 0 0.03)
(0.03333333 0 0.03)
(0.04 -2.891206e-19 0.03)
(0.04666667 2.891206e-19 0.03)
(0.05333333 -2.891206e-19 0.03)
(0.06 -2.891206e-19 0.03)
(0.06666667 -4.336809e-19 0.03)
(0.07333333 -5.782412e-19 0.03)
(0.08 4.336809e-19 0.03)
(0.08666667 2.891206e-19 0.03)
(0.09333333 1.445603e-19 0.03)
(0.1 0 0.03)
(0.01333333 0.008 0.03)
(0.02 0.008 0.03)
(0.02666667 0.008 0.03)
(0.03333333 0.008 0.03)
(0.04 0.008 0.03)
(0.04666667 0.008 0.03)
(0.05333333 0.008 0.03)
(0.06 0.008 0.03)
(0.06666667 0.008 0.03)
(0.07333333 0.008 0.03)
(0.08 0.008 0.03)
(0.08666667 0.008 0.03)
(0.09333333 0.008 0.03)
(0.1 0.008 0.03)
(0.01333333 0 0.04)
(0.02 0 0.04)
(0.02666667 0 0.04)
(0.03333333 0 0.04)
(0.04 -2.891206e-19 0.04)
(0.04666667 -5.782412e-19 0.04)
(0.05333333 -2.891206e-19 0.04)
(0.06 -2.891206e-19 0.04)
(0.06666667 -2.891206e-19 0.04)
(0.07333333 -5.782412e-19 0.04)
(0.08 4.336809e-19 0.04)
(0.08666667 2.891206e-19 0.04)
(0.09333333 1.445603e-19 0.04)
(0.1 0 0.04)
(0.01333333 0.008 0.04)
(0.02 0.008 0.04)
(0.02666667 0.008 0.04)
(0.03333333 0.008 0.04)
(0.04 0.008 0.04)
(0.04666667 0.008 0.04)
(0.05333333 0.008 0.04)
(0.06 0.008 0.04)
(0.06666667 0.008 0.04)
(0.07333333 0.008 0.04)
(0.08 0.008 0.04)
(0.08666667 0.008 0.04)
(0.09333333 0.008 0.04)
(0.1 0.008 0.04)
(0.01333333 0 0.05)
(0.02 0 0.05)
(0.02666667 0 0.05)
(0.03333333 0 0.05)
(0.04 -2.891206e-19 0.05)
(0.04666667 2.891206e-19 0.05)
(0.05333333 -2.891206e-19 0.05)
(0.06 -2.891206e-19 0.05)
(0.06666667 -4.336809e-19 0.05)
(0.07333333 -5.782412e-19 0.05)
(0.08 4.336809e-19 0.05)
(0.08666667 2.891206e-19 0.05)
(0.09333333 1.445603e-19 0.05)
(0.1 0 0.05)
(0.01333333 0.008 0.05)
(0.02 0.008 0.05)
(0.02666667 0.008 0.05)
(0.03333333 0.008 0.05)
(0.04 0.008 0.05)
(0.04666667 0.008 0.05)
(0.05333333 0.008 0.05)
(0.06 0.008 0.05)
(0.06666667 0.008 0.05)
(0.07333333 0.008 0.05)
(0.08 0.008 0.05)
(0.08666667 0.008 0.05)
(0.09333333 0.008 0.05)
(0.1 0.008 0.05)
)


// ************************************************************************* //
