/*--------------------------------*- C++ -*----------------------------------*\
| =========                 |                                                 |
| \\      /  F ield         | OpenFOAM: The Open Source CFD Toolbox           |
|  \\    /   O peration     | Version:  v2012                                 |
|   \\  /    A nd           | Website:  www.openfoam.com                      |
|    \\/     M anipulation  |                                                 |
\*---------------------------------------------------------------------------*/
FoamFile
{
    version     2.0;
    format      ascii;
    class       surfaceScalarField;
    location    "1200/topAir";
    object      phi;
}
// * * * * * * * * * * * * * * * * * * * * * * * * * * * * * * * * * * * * * //

dimensions      [1 0 -1 0 0 0 0];
oriented        oriented;


internalField   nonuniform List<scalar> 
3140
(
9.247296e-06
-5.478178e-08
7.64575e-08
9.256341e-06
-9.918721e-08
9.014158e-08
9.272415e-06
-1.105642e-07
9.448986e-08
9.279505e-06
-9.975339e-08
9.266313e-08
9.27763e-06
-8.254303e-08
8.44181e-08
9.269047e-06
-6.224614e-08
7.082967e-08
9.256728e-06
-3.977098e-08
5.209053e-08
9.245107e-06
-1.58272e-08
2.744875e-08
9.24027e-06
9.671202e-09
-4.834393e-09
9.248638e-06
3.858981e-08
-4.695693e-08
9.276289e-06
7.397077e-08
-1.016204e-07
9.328627e-06
1.202924e-07
-1.726297e-07
9.408804e-06
1.844996e-07
-2.646751e-07
9.515841e-06
2.758293e-07
-3.828651e-07
9.643526e-06
4.039424e-07
-5.316261e-07
9.779187e-06
5.783852e-07
-7.140449e-07
9.904535e-06
8.050709e-07
-9.304171e-07
1.000008e-05
1.081058e-06
-1.176597e-06
1.005208e-05
1.391117e-06
-1.44312e-06
1.005818e-05
1.710031e-06
-1.716122e-06
1.002805e-05
2.010401e-06
-1.980265e-06
9.979709e-06
2.270493e-06
-2.222152e-06
9.934198e-06
2.477422e-06
-2.431907e-06
9.909631e-06
2.626765e-06
-2.602195e-06
9.912494e-06
2.721897e-06
-2.724756e-06
9.922816e-06
2.775998e-06
-2.786316e-06
9.863709e-06
2.819043e-06
-2.759933e-06
9.574279e-06
2.909987e-06
-2.620556e-06
8.661679e-06
3.194812e-06
-2.282212e-06
3.839158e-06
-1.799536e-06
9.233228e-06
-9.956781e-08
8.052126e-08
9.19355e-06
-1.588471e-07
9.933706e-08
9.157653e-06
-1.860226e-07
1.113548e-07
9.132184e-06
-1.937921e-07
1.195078e-07
9.116301e-06
-1.900833e-07
1.234233e-07
9.109495e-06
-1.800402e-07
1.246002e-07
9.11218e-06
-1.663384e-07
1.238821e-07
9.12587e-06
-1.508721e-07
1.213556e-07
9.153013e-06
-1.338889e-07
1.164174e-07
9.196481e-06
-1.125984e-07
1.077208e-07
9.260818e-06
-8.389044e-08
9.352529e-08
9.352559e-06
-4.276555e-08
7.131799e-08
9.479228e-06
2.024133e-08
3.759046e-08
9.648611e-06
1.19607e-07
-1.315986e-08
9.865762e-06
2.73986e-07
-8.719391e-08
1.012442e-05
5.099407e-07
-1.902099e-07
1.040377e-05
8.526076e-07
-3.268864e-07
1.067081e-05
1.311591e-06
-4.975749e-07
1.0892e-05
1.865253e-06
-6.95316e-07
1.104773e-05
2.460244e-06
-9.059421e-07
1.113864e-05
3.032326e-06
-1.112833e-06
1.118086e-05
3.530831e-06
-1.302554e-06
1.119617e-05
3.927719e-06
-1.465603e-06
1.120134e-05
4.214428e-06
-1.59282e-06
1.119621e-05
4.396379e-06
-1.669357e-06
1.114973e-05
4.492434e-06
-1.669949e-06
1.0971e-05
4.540006e-06
-1.542233e-06
1.050043e-05
4.613626e-06
-1.233059e-06
9.354822e-06
4.882801e-06
-5.423872e-07
5.449135e-06
2.511616e-07
9.243844e-06
-1.557136e-07
8.125651e-08
9.169695e-06
-1.856366e-07
1.009382e-07
9.070934e-06
-2.013475e-07
1.14085e-07
8.960687e-06
-2.073432e-07
1.23798e-07
8.845287e-06
-2.046382e-07
1.299534e-07
8.728188e-06
-1.972883e-07
1.343472e-07
8.61112e-06
-1.875465e-07
1.382757e-07
8.494417e-06
-1.76724e-07
1.425551e-07
8.377982e-06
-1.654742e-07
1.480209e-07
8.262978e-06
-1.533111e-07
1.557173e-07
8.15225e-06
-1.397578e-07
1.66596e-07
8.052998e-06
-1.248622e-07
1.813495e-07
7.981554e-06
-1.08043e-07
1.997285e-07
7.963131e-06
-8.201774e-08
2.200491e-07
8.025015e-06
-2.823228e-08
2.403341e-07
8.190923e-06
8.723321e-08
2.568017e-07
8.47224e-06
3.080968e-07
2.631951e-07
8.849127e-06
6.790165e-07
2.556911e-07
9.26666e-06
1.208594e-06
2.39129e-07
9.664199e-06
1.833479e-06
2.292302e-07
1.000352e-05
2.452897e-06
2.401177e-07
1.027245e-05
2.989624e-06
2.722743e-07
1.047448e-05
3.407267e-06
3.184299e-07
1.061493e-05
3.697692e-06
3.76299e-07
1.068609e-05
3.86747e-06
4.577578e-07
1.065334e-05
3.93279e-06
5.92392e-07
1.042717e-05
3.927337e-06
8.388466e-07
9.897745e-06
3.921241e-06
1.221811e-06
8.723139e-06
4.158667e-06
1.898738e-06
4.659325e-06
2.715086e-06
9.033628e-06
7.960505e-08
8.749538e-06
9.845268e-08
8.437916e-06
1.102739e-07
8.112163e-06
1.184099e-07
7.784715e-06
1.228093e-07
7.462172e-06
1.252541e-07
7.147515e-06
1.271103e-07
6.841445e-06
1.293461e-07
6.542965e-06
1.330066e-07
6.250187e-06
1.39467e-07
5.959993e-06
1.504363e-07
5.667018e-06
1.681132e-07
5.363416e-06
1.9556e-07
5.043678e-06
2.3772e-07
4.715392e-06
3.000545e-07
4.411594e-06
3.910321e-07
4.192171e-06
5.275233e-07
4.13699e-06
7.342008e-07
4.311927e-06
1.033662e-06
4.716794e-06
1.428618e-06
5.281691e-06
1.888005e-06
5.915312e-06
2.356011e-06
6.541245e-06
2.781338e-06
7.101324e-06
3.137621e-06
7.544746e-06
3.424053e-06
7.821442e-06
3.6561e-06
7.885271e-06
3.86351e-06
7.742658e-06
4.063855e-06
7.609112e-06
4.292211e-06
4.447429e-06
9.361112e-06
-5.327605e-08
3.759284e-08
9.489529e-06
-9.816848e-08
5.989248e-08
9.626657e-06
-1.12242e-07
6.960369e-08
9.753342e-06
-1.072624e-07
7.324082e-08
9.865432e-06
-9.951535e-08
7.184379e-08
9.962848e-06
-9.282802e-08
6.62415e-08
1.004671e-05
-8.872155e-08
5.694647e-08
1.011871e-05
-8.851031e-08
4.396771e-08
1.018006e-05
-9.311931e-08
2.693028e-08
1.023174e-05
-1.034992e-07
4.867398e-09
1.027503e-05
-1.21288e-07
-2.362475e-08
1.031112e-05
-1.484865e-07
-6.022805e-08
1.034136e-05
-1.879155e-07
-1.070002e-07
1.036792e-05
-2.431442e-07
-1.662825e-07
1.039254e-05
-3.154191e-07
-2.408254e-07
1.041724e-05
-4.054556e-07
-3.33289e-07
1.044465e-05
-5.119845e-07
-4.458395e-07
1.047799e-05
-6.301773e-07
-5.797557e-07
1.052011e-05
-7.500945e-07
-7.351461e-07
1.057161e-05
-8.566485e-07
-9.109697e-07
1.06307e-05
-9.343788e-07
-1.104976e-06
1.069779e-05
-9.763662e-07
-1.31287e-06
1.078161e-05
-9.883397e-07
-1.527378e-06
1.090123e-05
-9.836494e-07
-1.738158e-06
1.108125e-05
-9.734669e-07
-1.931312e-06
1.133448e-05
-9.561548e-07
-2.083387e-06
1.163705e-05
-8.99468e-07
-2.163031e-06
1.190706e-05
-7.430068e-07
-2.147555e-06
1.188941e-05
-2.492953e-07
-2.015274e-06
6.502085e-07
-1.788463e-06
9.356316e-06
-9.995683e-08
3.984988e-08
9.450994e-06
-1.599717e-07
6.6461e-08
9.557533e-06
-1.889554e-07
8.152912e-08
9.678652e-06
-2.005486e-07
9.167458e-08
9.808002e-06
-2.032915e-07
9.784973e-08
9.941775e-06
-2.029359e-07
1.009346e-07
1.007804e-05
-2.026893e-07
1.015895e-07
1.021569e-05
-2.047614e-07
9.995458e-08
1.035435e-05
-2.110748e-07
9.571192e-08
1.049415e-05
-2.23647e-07
8.806658e-08
1.063557e-05
-2.449624e-07
7.5784e-08
1.077935e-05
-2.781236e-07
5.717538e-08
1.092607e-05
-3.270628e-07
3.001848e-08
1.107485e-05
-3.962797e-07
-8.803726e-09
1.122476e-05
-4.888617e-07
-6.365966e-08
1.137628e-05
-6.075393e-07
-1.396472e-07
1.153068e-05
-7.514052e-07
-2.418645e-07
1.169083e-05
-9.133068e-07
-3.745921e-07
1.186032e-05
-1.075015e-06
-5.398809e-07
1.203979e-05
-1.205974e-06
-7.360858e-07
1.22243e-05
-1.274932e-06
-9.567867e-07
1.240765e-05
-1.272247e-06
-1.190012e-06
1.259045e-05
-1.217207e-06
-1.419533e-06
1.278599e-05
-1.143761e-06
-1.628248e-06
1.302371e-05
-1.082099e-06
-1.798436e-06
1.335003e-05
-1.043601e-06
-1.908816e-06
1.384548e-05
-1.015624e-06
-1.921523e-06
1.465632e-05
-9.782113e-07
-1.808698e-06
1.633107e-05
-9.089704e-07
-1.557456e-06
-5.413744e-07
-1.288382e-06
9.367549e-06
-1.57507e-07
4.02127e-08
9.428795e-06
-1.876163e-07
6.733577e-08
9.474919e-06
-2.042459e-07
8.325079e-08
9.515527e-06
-2.12003e-07
9.464434e-08
9.551648e-06
-2.120539e-07
1.025938e-07
9.583693e-06
-2.087985e-07
1.081646e-07
9.611743e-06
-2.047674e-07
1.123033e-07
9.635376e-06
-2.0144e-07
1.156017e-07
9.65391e-06
-2.000934e-07
1.185055e-07
9.666635e-06
-2.020649e-07
1.214102e-07
9.672825e-06
-2.090674e-07
1.245112e-07
9.671963e-06
-2.235273e-07
1.276166e-07
9.663863e-06
-2.490187e-07
1.297847e-07
9.649009e-06
-2.904553e-07
1.290801e-07
9.631003e-06
-3.533379e-07
1.228172e-07
9.617468e-06
-4.439141e-07
1.067123e-07
9.621785e-06
-5.66766e-07
7.424091e-08
9.663116e-06
-7.164742e-07
1.753031e-08
9.759869e-06
-8.638178e-07
-6.881777e-08
9.919688e-06
-9.536057e-07
-1.829529e-07
1.013269e-05
-9.353777e-07
-3.124369e-07
1.03744e-05
-8.061744e-07
-4.354988e-07
1.061733e-05
-6.121189e-07
-5.295765e-07
1.08428e-05
-4.132941e-07
-5.796294e-07
1.104562e-05
-2.567399e-07
-5.704084e-07
1.122967e-05
-1.662106e-07
-4.690475e-07
1.139204e-05
-1.385123e-07
-2.006241e-07
1.153518e-05
-1.618594e-07
2.623149e-07
1.176294e-05
-2.489069e-07
1.010911e-06
-3.472702e-07
1.768891e-06
9.151978e-06
3.906641e-08
8.997673e-06
6.51409e-08
8.823568e-06
8.013258e-08
8.63944e-06
9.053401e-08
8.452778e-06
9.74175e-08
8.267363e-06
1.018701e-07
8.084806e-06
1.048998e-07
7.90549e-06
1.072225e-07
7.728924e-06
1.094788e-07
7.553946e-06
1.123802e-07
7.378595e-06
1.167206e-07
7.199765e-06
1.234159e-07
7.012696e-06
1.336108e-07
6.810966e-06
1.489956e-07
6.586285e-06
1.713984e-07
6.329947e-06
2.034569e-07
6.039131e-06
2.515748e-07
5.727645e-06
3.292156e-07
5.437755e-06
4.597365e-07
5.239269e-06
6.735037e-07
5.198117e-06
9.937846e-07
5.329174e-06
1.418785e-06
5.583558e-06
1.914844e-06
5.880239e-06
2.427656e-06
6.136878e-06
2.910683e-06
6.283959e-06
3.342817e-06
6.263222e-06
3.745738e-06
6.035843e-06
4.129373e-06
5.539119e-06
4.540025e-06
4.903771e-06
9.340355e-06
-5.376845e-08
1.99777e-08
9.465083e-06
-9.861811e-08
3.378199e-08
9.604553e-06
-1.120076e-07
4.214161e-08
9.736533e-06
-1.058216e-07
4.708165e-08
9.855486e-06
-9.65289e-08
4.942012e-08
9.960013e-06
-8.798414e-08
4.969867e-08
1.005019e-05
-8.165233e-08
4.841746e-08
1.012692e-05
-7.872424e-08
4.596525e-08
1.019128e-05
-8.01247e-08
4.2694e-08
1.024407e-05
-8.683115e-08
3.891398e-08
1.028568e-05
-1.000982e-07
3.486407e-08
1.03161e-05
-1.215824e-07
3.093415e-08
1.033482e-05
-1.535077e-07
2.779019e-08
1.034073e-05
-1.987184e-07
2.652292e-08
1.033227e-05
-2.606797e-07
2.83237e-08
1.030812e-05
-3.435944e-07
3.444962e-08
1.026854e-05
-4.52483e-07
4.622537e-08
1.021733e-05
-5.930702e-07
6.452646e-08
1.016411e-05
-7.70938e-07
8.901592e-08
1.01252e-05
-9.889632e-07
1.169101e-07
1.012114e-05
-1.242729e-06
1.418191e-07
1.017074e-05
-1.516755e-06
1.542832e-07
1.028681e-05
-1.787976e-06
1.44539e-07
1.047915e-05
-2.03638e-06
1.058841e-07
1.076211e-05
-2.250644e-06
3.637835e-08
1.115773e-05
-2.417759e-06
-6.124637e-08
1.167923e-05
-2.502381e-06
-1.821416e-07
1.231422e-05
-2.45297e-06
-3.295808e-07
1.290743e-05
-1.991353e-06
-6.171311e-07
-1.073938e-06
-1.002548e-06
9.333916e-06
-9.983091e-08
2.095983e-08
9.424724e-06
-1.596899e-07
3.672442e-08
9.534903e-06
-1.881093e-07
4.745056e-08
9.664542e-06
-1.987458e-07
5.496034e-08
9.806151e-06
-2.001503e-07
5.986187e-08
9.954679e-06
-1.980663e-07
6.248813e-08
1.010711e-05
-1.956101e-07
6.312036e-08
1.026127e-05
-1.947613e-07
6.18326e-08
1.041552e-05
-1.971378e-07
5.847487e-08
1.056847e-05
-2.043884e-07
5.267113e-08
1.071877e-05
-2.184319e-07
4.381959e-08
1.086492e-05
-2.416558e-07
3.109918e-08
1.100509e-05
-2.771332e-07
1.347454e-08
1.113669e-05
-3.288699e-07
-1.025463e-08
1.125605e-05
-4.020504e-07
-4.164288e-08
1.135854e-05
-5.028668e-07
-8.286036e-08
1.143926e-05
-6.384434e-07
-1.366244e-07
1.149477e-05
-8.167119e-07
-2.064619e-07
1.152576e-05
-1.044541e-06
-2.972684e-07
1.153876e-05
-1.322424e-06
-4.15614e-07
1.154409e-05
-1.636474e-06
-5.683726e-07
1.155058e-05
-1.954608e-06
-7.586418e-07
1.15641e-05
-2.239222e-06
-9.818066e-07
1.159506e-05
-2.470462e-06
-1.225116e-06
1.167051e-05
-2.654383e-06
-1.470139e-06
1.184401e-05
-2.807156e-06
-1.692917e-06
1.22073e-05
-2.925825e-06
-1.861363e-06
1.294002e-05
-2.986018e-06
-2.008368e-06
1.473662e-05
-2.903485e-06
-2.441928e-06
-2.548277e-06
-2.793997e-06
9.345491e-06
-1.572651e-07
2.111031e-08
9.403178e-06
-1.871295e-07
3.708763e-08
9.453551e-06
-2.034436e-07
4.821173e-08
9.503928e-06
-2.107948e-07
5.631603e-08
9.55461e-06
-2.102681e-07
6.202932e-08
9.605241e-06
-2.062598e-07
6.572661e-08
9.655421e-06
-2.012565e-07
6.776909e-08
9.704501e-06
-1.966064e-07
6.836684e-08
9.751658e-06
-1.933759e-07
6.75869e-08
9.795908e-06
-1.925915e-07
6.536369e-08
9.835981e-06
-1.954343e-07
6.144141e-08
9.870106e-06
-2.034492e-07
5.528575e-08
9.895605e-06
-2.187956e-07
4.594884e-08
9.90847e-06
-2.44549e-07
3.18949e-08
9.903186e-06
-2.849331e-07
1.098497e-08
9.872659e-06
-3.457126e-07
-1.991312e-08
9.808932e-06
-4.349264e-07
-6.554767e-08
9.705932e-06
-5.630974e-07
-1.330822e-07
9.565258e-06
-7.411374e-07
-2.315446e-07
9.401453e-06
-9.702971e-07
-3.712728e-07
9.23771e-06
-1.226423e-06
-5.587397e-07
9.092907e-06
-1.455644e-06
-7.896557e-07
8.974152e-06
-1.603687e-06
-1.046346e-06
8.883329e-06
-1.660008e-06
-1.299247e-06
8.83185e-06
-1.66541e-06
-1.507887e-06
8.84594e-06
-1.680678e-06
-1.609606e-06
8.980798e-06
-1.754022e-06
-1.507281e-06
9.405426e-06
-1.883645e-06
-1.264689e-06
1.093666e-05
-2.208679e-06
-1.215137e-06
-2.50951e-06
-1.401811e-06
9.130114e-06
2.063412e-08
8.97208e-06
3.604415e-08
8.80219e-06
4.657928e-08
8.627873e-06
5.405535e-08
8.455889e-06
5.913298e-08
8.289267e-06
6.223246e-08
8.129136e-06
6.377413e-08
7.975695e-06
6.405641e-08
7.828524e-06
6.327381e-08
7.686762e-06
6.155096e-08
7.549112e-06
5.8937e-08
7.413677e-06
5.54023e-08
7.27764e-06
5.085254e-08
7.13691e-06
4.517694e-08
6.985138e-06
3.823809e-08
6.812821e-06
3.006285e-08
6.608098e-06
2.137214e-08
6.360026e-06
1.419207e-08
6.065141e-06
1.348565e-08
5.737158e-06
3.119252e-08
5.414551e-06
8.997229e-08
5.158636e-06
2.190636e-07
5.030389e-06
4.39417e-07
5.049791e-06
7.482626e-07
5.17201e-06
1.123069e-06
5.315513e-06
1.518646e-06
5.348856e-06
1.958374e-06
5.195634e-06
2.398944e-06
5.182393e-06
2.344581e-06
1.773036e-06
9.334352e-06
-5.351997e-08
8.117641e-09
9.450777e-06
-9.782878e-08
1.518464e-08
9.583178e-06
-1.102192e-07
1.995934e-08
9.709536e-06
-1.022747e-07
2.299845e-08
9.824497e-06
-9.028148e-08
2.474116e-08
9.926532e-06
-7.785642e-08
2.55201e-08
1.001543e-05
-6.611824e-08
2.564129e-08
1.009178e-05
-5.576239e-08
2.537369e-08
1.015651e-05
-4.700195e-08
2.496962e-08
1.021053e-05
-3.98017e-08
2.469507e-08
1.025458e-05
-3.407137e-08
2.48854e-08
1.028915e-05
-2.970074e-08
2.606575e-08
1.031443e-05
-2.65746e-08
2.908501e-08
1.033024e-05
-2.478273e-08
3.550224e-08
1.033646e-05
-2.494959e-08
4.705566e-08
1.033323e-05
-2.810589e-08
6.577817e-08
1.032125e-05
-3.62407e-08
9.4451e-08
1.030225e-05
-5.284564e-08
1.363744e-07
1.027939e-05
-8.375403e-08
1.956348e-07
1.025798e-05
-1.383283e-07
2.766458e-07
1.024699e-05
-2.29792e-07
3.826021e-07
1.026088e-05
-3.73133e-07
5.135314e-07
1.031989e-05
-5.785025e-07
6.640351e-07
1.044537e-05
-8.408694e-07
8.212906e-07
1.064812e-05
-1.131122e-06
9.647542e-07
1.091776e-05
-1.395298e-06
1.064419e-06
1.115825e-05
-1.506826e-06
1.084202e-06
1.116899e-05
-1.30176e-06
9.614366e-07
1.034887e-05
-2.85144e-07
4.88129e-07
1.705307e-06
-3.031395e-07
9.32747e-06
-9.955723e-08
8.490591e-09
9.408942e-06
-1.590425e-07
1.64657e-08
9.51058e-06
-1.867237e-07
2.231566e-08
9.632867e-06
-1.960445e-07
2.644283e-08
9.76864e-06
-1.953412e-07
2.914889e-08
9.912761e-06
-1.901137e-07
3.062458e-08
1.006189e-05
-1.83152e-07
3.102327e-08
1.021351e-05
-1.759574e-07
3.041058e-08
1.036567e-05
-1.694353e-07
2.874579e-08
1.051687e-05
-1.642072e-07
2.587975e-08
1.066588e-05
-1.608162e-07
2.155633e-08
1.08117e-05
-1.598532e-07
1.542945e-08
1.095358e-05
-1.620496e-07
7.073458e-09
1.109088e-05
-1.685207e-07
-3.819193e-09
1.122281e-05
-1.810712e-07
-1.74475e-08
1.134832e-05
-2.023826e-07
-3.409627e-08
1.146601e-05
-2.365199e-07
-5.402832e-08
1.157369e-05
-2.894702e-07
-7.751254e-08
1.166802e-05
-3.702442e-07
-1.051132e-07
1.174401e-05
-4.918422e-07
-1.380821e-07
1.179579e-05
-6.70969e-07
-1.78979e-07
1.181994e-05
-9.237762e-07
-2.321451e-07
1.181951e-05
-1.255438e-06
-3.044366e-07
1.18062e-05
-1.648153e-06
-4.045026e-07
1.18034e-05
-2.059972e-06
-5.384853e-07
1.185467e-05
-2.435272e-06
-7.041973e-07
1.19543e-05
-2.601652e-06
-8.661713e-07
1.217934e-05
-2.432493e-06
-1.102677e-06
1.248006e-05
-1.247398e-06
-1.7804e-06
9.33453e-07
-2.466738e-06
9.339224e-06
-1.572559e-07
8.539712e-09
9.387732e-06
-1.870563e-07
1.659312e-08
9.429671e-06
-2.030494e-07
2.259685e-08
9.472796e-06
-2.098082e-07
2.695497e-08
9.517847e-06
-2.083264e-07
2.996301e-08
9.564552e-06
-2.029028e-07
3.181036e-08
9.612409e-06
-1.95899e-07
3.265862e-08
9.660685e-06
-1.884613e-07
3.259472e-08
9.708561e-06
-1.813389e-07
3.161462e-08
9.755181e-06
-1.750801e-07
2.961636e-08
9.799606e-06
-1.701705e-07
2.637144e-08
9.840731e-06
-1.671651e-07
2.147318e-08
9.877184e-06
-1.668227e-07
1.426975e-08
9.907187e-06
-1.702824e-07
3.655363e-09
9.928134e-06
-1.79289e-07
-1.174236e-08
9.936088e-06
-1.96611e-07
-3.363734e-08
9.924875e-06
-2.266076e-07
-6.424513e-08
9.884651e-06
-2.758771e-07
-1.064496e-07
9.801232e-06
-3.541723e-07
-1.641976e-07
9.656771e-06
-4.756085e-07
-2.430446e-07
9.435674e-06
-6.579822e-07
-3.506279e-07
9.135463e-06
-9.161361e-07
-4.970799e-07
8.773444e-06
-1.247176e-06
-6.925731e-07
8.384771e-06
-1.620033e-06
-9.386722e-07
8.025019e-06
-1.991379e-06
-1.216707e-06
7.776278e-06
-2.353804e-06
-1.442318e-06
7.677103e-06
-2.568801e-06
-1.440956e-06
8.033952e-06
-2.619958e-06
-1.434082e-06
9.64085e-06
-2.021502e-06
-2.047942e-06
-5.496989e-07
-2.986579e-06
9.124015e-06
8.309842e-09
8.956976e-06
1.602606e-08
8.778822e-06
2.168377e-08
8.597388e-06
2.568019e-08
8.419872e-06
2.83228e-08
8.24938e-06
2.982092e-08
8.086896e-06
3.035859e-08
7.932438e-06
3.005357e-08
7.78543e-06
2.894309e-08
7.644919e-06
2.698142e-08
7.509664e-06
2.402223e-08
7.378115e-06
1.978665e-08
7.248321e-06
1.382487e-08
7.117802e-06
5.414287e-09
6.983134e-06
-6.38237e-09
6.839252e-06
-2.266517e-08
6.67854e-06
-4.452206e-08
6.489678e-06
-7.28221e-08
6.25722e-06
-1.082289e-07
5.964201e-06
-1.513969e-07
5.599474e-06
-2.032801e-07
5.16593e-06
-2.635171e-07
4.683055e-06
-3.2486e-07
4.183888e-06
-3.725757e-07
3.704844e-06
-3.892385e-07
3.282681e-06
-4.129815e-07
3.036242e-06
-3.639881e-07
3.035415e-06
-2.202037e-07
4.549716e-06
-1.191232e-06
-2.627361e-06
9.330727e-06
-5.363908e-08
1.484781e-12
9.443873e-06
-9.796653e-08
4.005267e-12
9.574093e-06
-1.102677e-07
7.376211e-12
9.69911e-06
-1.020309e-07
1.149273e-11
9.813356e-06
-8.952114e-08
1.630529e-11
9.915172e-06
-7.631682e-08
2.173935e-11
1.000426e-05
-6.347014e-08
2.772904e-11
1.008118e-05
-5.158809e-08
3.419499e-11
1.014688e-05
-4.076745e-08
4.105642e-11
1.020233e-05
-3.080395e-08
4.821708e-11
1.024851e-05
-2.134595e-08
5.56164e-11
1.028644e-05
-1.192546e-08
6.309443e-11
1.031729e-05
-1.839918e-09
7.034712e-11
1.034182e-05
1.090043e-08
7.702421e-11
1.036148e-05
2.731079e-08
8.275927e-11
1.037799e-05
4.918388e-08
8.693166e-11
1.039385e-05
7.850969e-08
8.865561e-11
1.041285e-05
1.172913e-07
8.68168e-11
1.043893e-05
1.694703e-07
7.977055e-11
1.047613e-05
2.393843e-07
6.56688e-11
1.052804e-05
3.306493e-07
4.164231e-11
1.059736e-05
4.442129e-07
5.543409e-12
1.068467e-05
5.767714e-07
-4.570153e-11
1.078654e-05
7.195466e-07
-1.080435e-10
1.088399e-05
8.67485e-07
-1.724845e-10
1.089749e-05
1.051133e-06
-2.090458e-10
1.053755e-05
1.444314e-06
-1.693657e-10
9.386614e-06
2.112578e-06
-2.080667e-10
6.6831e-06
3.191915e-06
-2.757522e-10
5.183656e-06
-4.235538e-10
9.323362e-06
-9.954555e-08
-1.375293e-12
9.400872e-06
-1.590085e-07
-2.89783e-12
9.499484e-06
-1.865601e-07
-4.547106e-12
9.619493e-06
-1.95591e-07
-6.277108e-12
9.753512e-06
-1.943838e-07
-8.062568e-12
9.896208e-06
-1.883782e-07
-9.878486e-12
1.004405e-05
-1.802822e-07
-1.17353e-11
1.019437e-05
-1.7148e-07
-1.364268e-11
1.034508e-05
-1.62714e-07
-1.562638e-11
1.049455e-05
-1.543813e-07
-1.775173e-11
1.064151e-05
-1.467285e-07
-2.010336e-11
1.078505e-05
-1.400036e-07
-2.282425e-11
1.092476e-05
-1.344504e-07
-2.611985e-11
1.106045e-05
-1.285763e-07
-3.024275e-11
1.119173e-05
-1.213872e-07
-3.553408e-11
1.131865e-05
-1.1178e-07
-4.253583e-11
1.144171e-05
-9.852379e-08
-5.199712e-11
1.15621e-05
-8.05465e-08
-6.505198e-11
1.16827e-05
-5.615854e-08
-8.297075e-11
1.180739e-05
-2.328629e-08
-1.072402e-10
1.193943e-05
1.977734e-08
-1.418576e-10
1.208056e-05
7.1133e-08
-1.90742e-10
1.223083e-05
1.223203e-07
-2.5406e-10
1.238794e-05
1.582803e-07
-3.305463e-10
1.255264e-05
1.647198e-07
-4.020708e-10
1.269265e-05
2.073805e-07
-4.372079e-10
1.236102e-05
9.100148e-07
-2.468713e-10
1.116092e-05
2.210286e-06
-2.950058e-10
8.330949e-06
4.24177e-06
-2.86635e-10
6.689855e-06
-3.15544e-10
9.335176e-06
-1.572252e-07
-1.647754e-12
9.379749e-06
-1.869859e-07
-3.467163e-12
9.418646e-06
-2.028554e-07
-5.583453e-12
9.45944e-06
-2.094227e-07
-8.027716e-12
9.502681e-06
-2.076513e-07
-1.081961e-11
9.547935e-06
-2.018085e-07
-1.399622e-11
9.594548e-06
-1.942188e-07
-1.759055e-11
9.641653e-06
-1.859683e-07
-2.165758e-11
9.688295e-06
-1.777153e-07
-2.627528e-11
9.733436e-06
-1.698737e-07
-3.155469e-11
9.775848e-06
-1.627314e-07
-3.764498e-11
9.813923e-06
-1.565601e-07
-4.473688e-11
9.845484e-06
-1.516872e-07
-5.311885e-11
9.868558e-06
-1.479297e-07
-6.317291e-11
9.880721e-06
-1.452162e-07
-7.54233e-11
9.879056e-06
-1.436594e-07
-9.077848e-11
9.86008e-06
-1.436809e-07
-1.106983e-10
9.819602e-06
-1.463793e-07
-1.371141e-10
9.753205e-06
-1.53788e-07
-1.735043e-10
9.657078e-06
-1.699782e-07
-2.255574e-10
9.527033e-06
-2.005064e-07
-2.99535e-10
9.353629e-06
-2.521367e-07
-3.986572e-10
9.123056e-06
-3.391321e-07
-5.244791e-10
8.839426e-06
-4.960833e-07
-6.487018e-10
8.588034e-06
-7.998607e-07
-7.004314e-10
8.777485e-06
-1.424043e-06
-3.270637e-10
9.035544e-06
-7.896188e-07
6.223548e-10
8.942484e-06
8.692092e-07
3.70757e-11
7.531969e-06
3.604706e-06
-3.764182e-10
5.692452e-06
-5.154469e-10
9.120033e-06
-1.698579e-12
8.949076e-06
-3.519213e-12
8.767909e-06
-5.578833e-12
8.584174e-06
-7.948606e-12
8.404856e-06
-1.067348e-11
8.232882e-06
-1.382582e-11
8.069039e-06
-1.746534e-11
7.913146e-06
-2.168962e-11
7.7644e-06
-2.661273e-11
7.621541e-06
-3.240114e-11
7.482871e-06
-3.927895e-11
7.346146e-06
-4.756848e-11
7.208342e-06
-5.772012e-11
7.065898e-06
-7.047611e-11
6.914388e-06
-8.664859e-11
6.748172e-06
-1.080577e-10
6.560108e-06
-1.371852e-10
6.341084e-06
-1.780775e-10
6.079302e-06
-2.366898e-10
5.758248e-06
-3.224882e-10
5.354912e-06
-4.465318e-10
4.839901e-06
-6.254942e-10
4.176818e-06
-8.753922e-10
3.309409e-06
-1.2069e-09
2.121965e-06
-1.614696e-09
2.86933e-07
-1.97117e-09
-8.649744e-07
-1.714337e-09
-2.145877e-07
-1.418538e-09
2.199971e-06
-1.096779e-09
-2.251952e-10
9.330728e-06
-5.363979e-08
-8.114777e-09
9.443875e-06
-9.796722e-08
-1.517691e-08
9.574095e-06
-1.102682e-07
-1.994503e-08
9.699114e-06
-1.020311e-07
-2.297605e-08
9.813361e-06
-8.952112e-08
-2.470923e-08
9.915176e-06
-7.63166e-08
-2.547731e-08
1.000426e-05
-6.346983e-08
-2.55864e-08
1.008119e-05
-5.158778e-08
-2.530558e-08
1.014688e-05
-4.076728e-08
-2.488729e-08
1.020233e-05
-3.080407e-08
-2.459757e-08
1.024851e-05
-2.134649e-08
-2.477185e-08
1.028644e-05
-1.192657e-08
-2.593545e-08
1.031729e-05
-1.841712e-09
-2.893782e-08
1.034181e-05
1.08979e-08
-3.533844e-08
1.036146e-05
2.730741e-08
-4.687615e-08
1.037795e-05
4.917957e-08
-6.558471e-08
1.039379e-05
7.850416e-08
-9.424648e-08
1.041275e-05
1.172834e-07
-1.361625e-07
1.04388e-05
1.694573e-07
-1.954194e-07
1.047594e-05
2.393581e-07
-2.7643e-07
1.052777e-05
3.305979e-07
-3.823854e-07
1.059698e-05
4.441013e-07
-5.133072e-07
1.068419e-05
5.765404e-07
-6.637877e-07
1.0786e-05
7.190906e-07
-8.210017e-07
1.088358e-05
8.666768e-07
-9.644149e-07
1.089738e-05
1.050007e-06
-1.064014e-06
1.053748e-05
1.443595e-06
-1.083859e-06
9.386673e-06
2.111824e-06
-9.612277e-07
6.68343e-06
3.191034e-06
-4.880702e-07
5.18285e-06
3.028437e-07
9.323361e-06
-9.954595e-08
-8.493248e-09
9.400871e-06
-1.590091e-07
-1.647131e-08
9.499483e-06
-1.865606e-07
-2.232445e-08
9.619491e-06
-1.955914e-07
-2.645497e-08
9.753511e-06
-1.943841e-07
-2.916447e-08
9.896206e-06
-1.883784e-07
-3.064365e-08
1.004405e-05
-1.802824e-07
-3.104583e-08
1.019437e-05
-1.714803e-07
-3.043663e-08
1.034508e-05
-1.627146e-07
-2.877531e-08
1.049455e-05
-1.543825e-07
-2.591271e-08
1.064151e-05
-1.467304e-07
-2.159274e-08
1.078503e-05
-1.400067e-07
-1.546934e-08
1.092474e-05
-1.344549e-07
-7.116921e-09
1.106042e-05
-1.285831e-07
3.771952e-09
1.119169e-05
-1.21397e-07
1.739617e-08
1.131859e-05
-1.117939e-07
3.404037e-08
1.144162e-05
-9.854371e-08
5.396711e-08
1.156197e-05
-8.057575e-08
7.744537e-08
1.168251e-05
-5.620454e-08
1.050407e-07
1.180712e-05
-2.336623e-08
1.380078e-07
1.193903e-05
1.962667e-08
1.789131e-07
1.208e-05
7.084524e-08
2.321082e-07
1.223008e-05
1.217574e-07
3.044557e-07
1.238705e-05
1.572009e-07
4.046004e-07
1.255199e-05
1.627022e-07
5.386455e-07
1.269284e-05
2.044229e-07
7.043093e-07
1.236114e-05
9.091361e-07
8.659108e-07
1.116146e-05
2.209155e-06
1.102056e-06
8.332585e-06
4.240181e-06
1.77943e-06
6.687923e-06
2.465727e-06
9.335175e-06
-1.572254e-07
-8.542896e-09
9.379748e-06
-1.869861e-07
-1.659982e-08
9.418644e-06
-2.028556e-07
-2.260763e-08
9.459438e-06
-2.094229e-07
-2.697049e-08
9.502678e-06
-2.076515e-07
-2.998395e-08
9.547931e-06
-2.018087e-07
-3.183746e-08
9.594543e-06
-1.94219e-07
-3.269268e-08
9.641646e-06
-1.859685e-07
-3.263664e-08
9.688286e-06
-1.777158e-07
-3.166541e-08
9.733424e-06
-1.698745e-07
-2.967715e-08
9.775833e-06
-1.627326e-07
-2.644358e-08
9.813903e-06
-1.565621e-07
-2.155817e-08
9.845455e-06
-1.516903e-07
-1.436929e-08
9.868517e-06
-1.479346e-07
-3.771449e-09
9.880662e-06
-1.452234e-07
1.160731e-08
9.878969e-06
-1.4367e-07
3.348057e-08
9.859949e-06
-1.436965e-07
6.406326e-08
9.819401e-06
-1.464025e-07
1.062392e-07
9.752887e-06
-1.538219e-07
1.639564e-07
9.656546e-06
-1.700275e-07
2.427741e-07
9.526129e-06
-2.005914e-07
3.503391e-07
9.352089e-06
-2.522994e-07
4.967909e-07
9.120501e-06
-3.394574e-07
6.923051e-07
8.835471e-06
-4.968166e-07
9.384243e-07
8.582784e-06
-8.017021e-07
1.216424e-06
8.773822e-06
-1.428591e-06
1.441663e-06
9.030587e-06
-7.863708e-07
1.439372e-06
8.938516e-06
8.693698e-07
1.431877e-06
7.531963e-06
3.602196e-06
2.04415e-06
5.689458e-06
2.982095e-06
9.120033e-06
-8.313117e-09
8.949075e-06
-1.603284e-08
8.767908e-06
-2.169452e-08
8.584172e-06
-2.569552e-08
8.404853e-06
-2.834341e-08
8.232878e-06
-2.984762e-08
8.069033e-06
-3.039234e-08
7.913139e-06
-3.009548e-08
7.764391e-06
-2.899446e-08
7.621528e-06
-2.704382e-08
7.482854e-06
-2.409758e-08
7.346122e-06
-1.987728e-08
7.208309e-06
-1.393374e-08
7.06585e-06
-5.545183e-09
6.914317e-06
6.224406e-09
6.748067e-06
2.247292e-08
6.559949e-06
4.428549e-08
6.340841e-06
7.252714e-08
6.078925e-06
1.078553e-07
5.757658e-06
1.509169e-07
5.353974e-06
2.026495e-07
4.838412e-06
2.626576e-07
4.174485e-06
3.236231e-07
3.305778e-06
3.707258e-07
2.116006e-06
3.86485e-07
2.762058e-07
4.092588e-07
-8.716941e-07
3.59797e-07
-2.16824e-07
2.130538e-07
2.203169e-06
1.181097e-06
2.613176e-06
9.334354e-06
-5.352205e-08
-1.997523e-08
9.450783e-06
-9.783079e-08
-3.377518e-08
9.583187e-06
-1.102206e-07
-4.212881e-08
9.709547e-06
-1.022753e-07
-4.706131e-08
9.82451e-06
-9.028114e-08
-4.939072e-08
9.926546e-06
-7.785532e-08
-4.965874e-08
1.001544e-05
-6.611652e-08
-4.836561e-08
1.00918e-05
-5.576031e-08
-4.590019e-08
1.015653e-05
-4.699987e-08
-4.261444e-08
1.021055e-05
-3.979998e-08
-3.881858e-08
1.02546e-05
-3.407034e-08
-3.475118e-08
1.028917e-05
-2.970099e-08
-3.080251e-08
1.031445e-05
-2.657719e-08
-2.76388e-08
1.033025e-05
-2.478786e-08
-2.635121e-08
1.033646e-05
-2.495825e-08
-2.813162e-08
1.033324e-05
-2.811952e-08
-3.423749e-08
1.032125e-05
-3.626196e-08
-4.599351e-08
1.030224e-05
-5.28794e-08
-6.427414e-08
1.027937e-05
-8.380886e-08
-8.873938e-08
1.025796e-05
-1.384194e-07
-1.166e-07
1.024698e-05
-2.299399e-07
-1.414589e-07
1.026089e-05
-3.733573e-07
-1.538534e-07
1.031993e-05
-5.788002e-07
-1.440234e-07
1.04454e-05
-8.411865e-07
-1.052826e-07
1.064807e-05
-1.131355e-06
-3.571386e-08
1.091748e-05
-1.39535e-06
6.192525e-08
1.11575e-05
-1.506587e-06
1.827115e-07
1.116792e-05
-1.301673e-06
3.300268e-07
1.034815e-05
-2.857523e-07
6.174451e-07
1.703945e-06
1.002595e-06
9.327469e-06
-9.955842e-08
-2.096215e-08
9.408939e-06
-1.590441e-07
-3.672935e-08
9.510577e-06
-1.867252e-07
-4.745834e-08
9.632863e-06
-1.960456e-07
-5.497115e-08
9.768635e-06
-1.953419e-07
-5.987577e-08
9.912755e-06
-1.90114e-07
-6.250515e-08
1.006189e-05
-1.831522e-07
-6.314043e-08
1.02135e-05
-1.759576e-07
-6.185555e-08
1.036566e-05
-1.694362e-07
-5.850041e-08
1.051686e-05
-1.642093e-07
-5.269879e-08
1.066587e-05
-1.608203e-07
-4.384871e-08
1.081169e-05
-1.598604e-07
-3.112889e-08
1.095356e-05
-1.620616e-07
-1.350368e-08
1.109086e-05
-1.685391e-07
1.022773e-08
1.122277e-05
-1.810991e-07
4.162074e-08
1.134827e-05
-2.024229e-07
8.284626e-08
1.146594e-05
-2.365791e-07
1.366233e-07
1.157358e-05
-2.895578e-07
2.064816e-07
1.166787e-05
-3.703762e-07
2.97321e-07
1.174378e-05
-4.920434e-07
4.157174e-07
1.179548e-05
-6.712711e-07
5.685466e-07
1.181954e-05
-9.242022e-07
7.589001e-07
1.181902e-05
-1.255966e-06
9.821443e-07
1.180562e-05
-1.648674e-06
1.225503e-06
1.180273e-05
-2.060318e-06
1.470509e-06
1.185382e-05
-2.435251e-06
1.693128e-06
1.1953e-05
-2.600989e-06
1.861133e-06
1.217783e-05
-2.432117e-06
2.007669e-06
1.24801e-05
-1.249151e-06
2.440558e-06
9.29356e-07
2.792265e-06
9.339223e-06
-1.572563e-07
-2.111308e-08
9.387729e-06
-1.870569e-07
-3.709349e-08
9.429666e-06
-2.030501e-07
-4.822124e-08
9.472788e-06
-2.098087e-07
-5.632982e-08
9.517837e-06
-2.083268e-07
-6.204807e-08
9.564539e-06
-2.029031e-07
-6.575103e-08
9.612394e-06
-1.958994e-07
-6.78e-08
9.660666e-06
-1.884619e-07
-6.840512e-08
9.708538e-06
-1.813399e-07
-6.763356e-08
9.755154e-06
-1.750819e-07
-6.541988e-08
9.799572e-06
-1.701736e-07
-6.150835e-08
9.84069e-06
-1.671706e-07
-5.536463e-08
9.877133e-06
-1.668318e-07
-4.60407e-08
9.907121e-06
-1.702971e-07
-3.200039e-08
9.928047e-06
-1.793126e-07
-1.110417e-08
9.935973e-06
-1.966478e-07
1.97817e-08
9.924716e-06
-2.266656e-07
6.540845e-08
9.884424e-06
-2.759698e-07
1.329444e-07
9.800902e-06
-3.543219e-07
2.314243e-07
9.656293e-06
-4.758481e-07
3.711876e-07
9.43502e-06
-6.583532e-07
5.586976e-07
9.134638e-06
-9.166605e-07
7.896369e-07
8.772497e-06
-1.247793e-06
1.046292e-06
8.383769e-06
-1.620545e-06
1.299042e-06
8.02402e-06
-1.99147e-06
1.507345e-06
7.775219e-06
-2.353139e-06
1.608362e-06
7.675545e-06
-2.56685e-06
1.504909e-06
8.032103e-06
-2.617892e-06
1.261088e-06
9.641071e-06
-2.023297e-06
1.209322e-06
-5.566207e-07
1.39424e-06
9.124014e-06
-2.063697e-08
8.956974e-06
-3.605006e-08
8.778817e-06
-4.658871e-08
8.597381e-06
-5.406887e-08
8.419862e-06
-5.915131e-08
8.249368e-06
-6.22564e-08
8.08688e-06
-6.380463e-08
7.932417e-06
-6.40946e-08
7.785404e-06
-6.332108e-08
7.644888e-06
-6.1609e-08
7.509625e-06
-5.900791e-08
7.378066e-06
-5.548871e-08
7.248259e-06
-5.095784e-08
7.117724e-06
-4.53055e-08
6.983032e-06
-3.839571e-08
6.839115e-06
-3.025671e-08
6.678349e-06
-2.161316e-08
6.489404e-06
-1.449694e-08
6.256821e-06
-1.388425e-08
5.963633e-06
-3.174198e-08
5.598708e-06
-9.077346e-08
5.164981e-06
-2.202618e-07
4.682014e-06
-4.411836e-07
4.182998e-06
-7.507809e-07
3.70457e-06
-1.126541e-06
3.283987e-06
-1.523289e-06
3.041283e-06
-1.964351e-06
3.04365e-06
-2.407212e-06
4.558676e-06
-2.357231e-06
-1.791063e-06
9.340359e-06
-5.377146e-08
-3.759126e-08
9.465092e-06
-9.862062e-08
-5.988804e-08
9.604566e-06
-1.120087e-07
-6.95948e-08
9.736552e-06
-1.058209e-07
-7.322588e-08
9.855509e-06
-9.65264e-08
-7.182115e-08
9.960039e-06
-8.798004e-08
-6.62095e-08
1.005022e-05
-8.1647e-08
-5.690335e-08
1.012695e-05
-7.871823e-08
-4.391164e-08
1.019132e-05
-8.011888e-08
-2.68588e-08
1.02441e-05
-8.682655e-08
-4.777578e-09
1.028571e-05
-1.000959e-07
2.373625e-08
1.031613e-05
-1.215844e-07
6.036515e-08
1.033484e-05
-1.535171e-07
1.07168e-07
1.034075e-05
-1.987385e-07
1.664865e-07
1.033226e-05
-2.607149e-07
2.410714e-07
1.030809e-05
-3.436508e-07
3.335826e-07
1.026848e-05
-4.525682e-07
4.461859e-07
1.021725e-05
-5.931935e-07
5.801584e-07
1.016401e-05
-7.711086e-07
7.356071e-07
1.012511e-05
-9.891838e-07
9.114889e-07
1.012109e-05
-1.242984e-06
1.105549e-06
1.017075e-05
-1.517001e-06
1.313486e-06
1.028687e-05
-1.788152e-06
1.528013e-06
1.047924e-05
-2.036424e-06
1.738779e-06
1.076217e-05
-2.250504e-06
1.93187e-06
1.115765e-05
-2.417324e-06
2.083769e-06
1.167877e-05
-2.501597e-06
2.163193e-06
1.231313e-05
-2.451837e-06
2.147504e-06
1.290573e-05
-1.990193e-06
2.015038e-06
-1.07311e-06
1.788097e-06
9.333914e-06
-9.983267e-08
-3.985147e-08
9.42472e-06
-1.596922e-07
-6.646443e-08
9.534898e-06
-1.881111e-07
-8.15347e-08
9.664535e-06
-1.987468e-07
-9.168251e-08
9.806143e-06
-2.001502e-07
-9.78601e-08
9.95467e-06
-1.980654e-07
-1.009474e-07
1.01071e-05
-1.956089e-07
-1.016045e-07
1.026125e-05
-1.947605e-07
-9.997141e-08
1.04155e-05
-1.971385e-07
-9.572965e-08
1.056846e-05
-2.043923e-07
-8.808377e-08
1.071875e-05
-2.18441e-07
-7.579864e-08
1.08649e-05
-2.416731e-07
-5.718472e-08
1.100506e-05
-2.77163e-07
-3.001865e-08
1.113665e-05
-3.289179e-07
8.818779e-09
1.125598e-05
-4.021239e-07
6.369782e-08
1.135844e-05
-5.029763e-07
1.397178e-07
1.143912e-05
-6.386011e-07
2.419776e-07
1.149458e-05
-8.169317e-07
3.747569e-07
1.152553e-05
-1.044835e-06
5.401027e-07
1.153849e-05
-1.322787e-06
7.36363e-07
1.154381e-05
-1.636864e-06
9.57107e-07
1.15503e-05
-1.954935e-06
1.190348e-06
1.156383e-05
-2.239379e-06
1.419845e-06
1.15948e-05
-2.470367e-06
1.628489e-06
1.167025e-05
-2.65399e-06
1.79855e-06
1.184374e-05
-2.806405e-06
1.908727e-06
1.220685e-05
-2.924673e-06
1.921092e-06
1.293921e-05
-2.984343e-06
1.807823e-06
1.473577e-05
-2.902094e-06
1.55589e-06
-2.547772e-06
1.286225e-06
9.34549e-06
-1.572658e-07
-4.021468e-08
9.403174e-06
-1.871305e-07
-6.733996e-08
9.453543e-06
-2.034445e-07
-8.325768e-08
9.503916e-06
-2.107955e-07
-9.465452e-08
9.554593e-06
-2.102685e-07
-1.026079e-07
9.60522e-06
-2.0626e-07
-1.081833e-07
9.655395e-06
-2.012567e-07
-1.123274e-07
9.704468e-06
-1.966071e-07
-1.15632e-07
9.751617e-06
-1.933775e-07
-1.185431e-07
9.795857e-06
-1.925951e-07
-1.214564e-07
9.835916e-06
-1.954413e-07
-1.24567e-07
9.870024e-06
-2.034616e-07
-1.276827e-07
9.895499e-06
-2.18817e-07
-1.29861e-07
9.908331e-06
-2.445842e-07
-1.291652e-07
9.903001e-06
-2.849891e-07
-1.229079e-07
9.872411e-06
-3.458009e-07
-1.068027e-07
9.808604e-06
-4.350631e-07
-7.432088e-08
9.705511e-06
-5.633036e-07
-1.758895e-08
9.56475e-06
-7.414327e-07
6.87844e-08
9.400897e-06
-9.706735e-07
1.829299e-07
9.237162e-06
-1.226807e-06
3.123795e-07
9.092423e-06
-1.455887e-06
4.353347e-07
8.973762e-06
-1.603638e-06
5.292227e-07
8.883038e-06
-1.659595e-06
5.790059e-07
8.831634e-06
-1.664641e-06
5.694124e-07
8.845672e-06
-1.679578e-06
4.675031e-07
8.980277e-06
-1.752641e-06
1.982753e-07
9.404167e-06
-1.881686e-06
-2.654605e-07
1.09331e-05
-2.206614e-06
-1.015097e-06
-2.508055e-06
-1.774577e-06
9.130112e-06
-3.906851e-08
8.972077e-06
-6.514528e-08
8.802182e-06
-8.013961e-08
8.627862e-06
-9.054425e-08
8.455873e-06
-9.74315e-08
8.289245e-06
-1.018886e-07
8.129107e-06
-1.049238e-07
7.975658e-06
-1.07253e-07
7.828477e-06
-1.095171e-07
7.686702e-06
-1.124284e-07
7.549034e-06
-1.167808e-07
7.413575e-06
-1.234914e-07
7.277507e-06
-1.337055e-07
7.136733e-06
-1.491152e-07
6.984898e-06
-1.715491e-07
6.81249e-06
-2.036485e-07
6.60764e-06
-2.518254e-07
6.3594e-06
-3.295598e-07
6.064319e-06
-4.602339e-07
5.736144e-06
-6.742375e-07
5.413409e-06
-9.948398e-07
5.157489e-06
-1.420219e-06
5.029348e-06
-1.916668e-06
5.048833e-06
-2.429848e-06
5.170894e-06
-2.913234e-06
5.313792e-06
-3.345759e-06
5.345921e-06
-3.74912e-06
5.190284e-06
-4.133263e-06
5.170885e-06
-4.544448e-06
-4.908975e-06
9.361118e-06
-5.327987e-08
-7.645741e-08
9.489541e-06
-9.817149e-08
-9.014092e-08
9.626676e-06
-1.122431e-07
-9.448711e-08
9.753368e-06
-1.072608e-07
-9.265677e-08
9.865464e-06
-9.9511e-08
-8.440674e-08
9.962888e-06
-9.2821e-08
-7.081163e-08
1.004676e-05
-8.871219e-08
-5.206395e-08
1.011876e-05
-8.849887e-08
-2.741092e-08
1.018012e-05
-9.310623e-08
4.886375e-09
1.02318e-05
-1.034857e-07
4.702661e-08
1.02751e-05
-1.212756e-07
1.017123e-07
1.03112e-05
-1.484774e-07
1.727504e-07
1.034145e-05
-1.879131e-07
2.648327e-07
1.036802e-05
-2.431514e-07
3.830679e-07
1.039265e-05
-3.154379e-07
5.318819e-07
1.041736e-05
-4.054864e-07
7.1436e-07
1.044478e-05
-5.120243e-07
9.307931e-07
1.047812e-05
-6.30217e-07
1.177028e-06
1.052026e-05
-7.50115e-07
1.443593e-06
1.057176e-05
-8.566209e-07
1.716614e-06
1.063083e-05
-9.342735e-07
1.980752e-06
1.069788e-05
-9.761684e-07
2.222611e-06
1.078163e-05
-9.8805e-07
2.432318e-06
1.090115e-05
-9.8328e-07
2.602536e-06
1.108104e-05
-9.730242e-07
2.725007e-06
1.133401e-05
-9.556293e-07
2.78644e-06
1.163613e-05
-8.988309e-07
2.759904e-06
1.190553e-05
-7.42262e-07
2.620367e-06
1.188718e-05
-2.484875e-07
2.281873e-06
6.514953e-07
1.798974e-06
9.356313e-06
-9.995909e-08
-8.052157e-08
9.450989e-06
-1.599745e-07
-9.933819e-08
9.557525e-06
-1.889575e-07
-1.113571e-07
9.678642e-06
-2.005495e-07
-1.195113e-07
9.80799e-06
-2.03291e-07
-1.234283e-07
9.941762e-06
-2.029341e-07
-1.246065e-07
1.007802e-05
-2.026868e-07
-1.238894e-07
1.021567e-05
-2.04759e-07
-1.213633e-07
1.035434e-05
-2.110741e-07
-1.164239e-07
1.049414e-05
-2.236501e-07
-1.077239e-07
1.063556e-05
-2.449725e-07
-9.352189e-08
1.077935e-05
-2.781448e-07
-7.130383e-08
1.092608e-05
-3.271004e-07
-3.755862e-08
1.107487e-05
-3.963395e-07
1.321871e-08
1.122479e-05
-4.889496e-07
8.728984e-08
1.137633e-05
-6.076584e-07
1.90354e-07
1.153075e-05
-7.515531e-07
3.270873e-07
1.169092e-05
-9.134687e-07
4.978328e-07
1.186045e-05
-1.075153e-06
6.956177e-07
1.203996e-05
-1.206024e-06
9.062614e-07
1.222448e-05
-1.27483e-06
1.113139e-06
1.240781e-05
-1.271964e-06
1.302819e-06
1.259057e-05
-1.216751e-06
1.465799e-06
1.278602e-05
-1.143155e-06
1.592919e-06
1.302358e-05
-1.081355e-06
1.669321e-06
1.334964e-05
-1.042686e-06
1.669728e-06
1.384464e-05
-1.014495e-06
1.541762e-06
1.465496e-05
-9.770472e-07
1.23229e-06
1.632887e-05
-9.077637e-07
5.412583e-07
-5.397127e-07
-2.526068e-07
9.367546e-06
-1.575079e-07
-8.12572e-08
9.428788e-06
-1.876175e-07
-1.009399e-07
9.474907e-06
-2.04247e-07
-1.140879e-07
9.515509e-06
-2.120038e-07
-1.238027e-07
9.551624e-06
-2.120542e-07
-1.299603e-07
9.583662e-06
-2.087985e-07
-1.343568e-07
9.611703e-06
-2.047674e-07
-1.382887e-07
9.635325e-06
-2.014405e-07
-1.425722e-07
9.653847e-06
-2.000953e-07
-1.480433e-07
9.666557e-06
-2.020698e-07
-1.557465e-07
9.672729e-06
-2.090775e-07
-1.666336e-07
9.671846e-06
-2.235468e-07
-1.813967e-07
9.663724e-06
-2.490532e-07
-1.997851e-07
9.648847e-06
-2.905135e-07
-2.201135e-07
9.630823e-06
-3.534302e-07
-2.404031e-07
9.617285e-06
-4.440531e-07
-2.568683e-07
9.621621e-06
-5.669597e-07
-2.63249e-07
9.663004e-06
-7.16708e-07
-2.557303e-07
9.759839e-06
-8.640279e-07
-2.391728e-07
9.919749e-06
-9.536846e-07
-2.293155e-07
1.013282e-05
-9.352367e-07
-2.402774e-07
1.037453e-05
-8.058051e-07
-2.725266e-07
1.061737e-05
-6.115744e-07
-3.187902e-07
1.084267e-05
-4.126384e-07
-3.767965e-07
1.104519e-05
-2.560147e-07
-4.584438e-07
1.122878e-05
-1.654139e-07
-5.933515e-07
1.13903e-05
-1.375679e-07
-8.401668e-07
1.153201e-05
-1.609309e-07
-1.223289e-06
1.175752e-05
-2.4795e-07
-1.90042e-06
-3.461962e-07
-2.717002e-06
9.151976e-06
-7.960603e-08
8.997668e-06
-9.845475e-08
8.823558e-06
-1.102773e-07
8.639424e-06
-1.18415e-07
8.452754e-06
-1.228166e-07
8.267331e-06
-1.25264e-07
8.084763e-06
-1.271236e-07
7.905433e-06
-1.293635e-07
7.728851e-06
-1.330298e-07
7.553851e-06
-1.394979e-07
7.378471e-06
-1.50478e-07
7.199603e-06
-1.681696e-07
7.012482e-06
-1.956377e-07
6.810682e-06
-2.378281e-07
6.585907e-06
-3.00204e-07
6.329448e-06
-3.912411e-07
6.038489e-06
-5.278258e-07
5.726866e-06
-7.346417e-07
5.43689e-06
-1.034283e-06
5.238403e-06
-1.42943e-06
5.197303e-06
-1.888969e-06
5.328346e-06
-2.35706e-06
5.582533e-06
-2.78242e-06
5.87877e-06
-3.138716e-06
6.134699e-06
-3.42517e-06
6.280805e-06
-3.657275e-06
6.258893e-06
-3.864771e-06
6.029958e-06
-4.06526e-06
5.531276e-06
-4.293717e-06
-4.448959e-06
9.247304e-06
-5.478935e-08
9.256357e-06
-9.919525e-08
9.272441e-06
-1.105705e-07
9.27954e-06
-9.97563e-08
9.277674e-06
-8.254135e-08
9.269102e-06
-6.223908e-08
9.256796e-06
-3.975794e-08
9.245194e-06
-1.580842e-08
9.240383e-06
9.697344e-09
9.248784e-06
3.8626e-08
9.276476e-06
7.402121e-08
9.328863e-06
1.203645e-07
9.409091e-06
1.846049e-07
9.516179e-06
2.759806e-07
9.643906e-06
4.041569e-07
9.779587e-06
5.786802e-07
9.904924e-06
8.054576e-07
1.000042e-05
1.081533e-06
1.005236e-05
1.391659e-06
1.005837e-05
1.710607e-06
1.002814e-05
2.010977e-06
9.979715e-06
2.271045e-06
9.934099e-06
2.477936e-06
9.909402e-06
2.627238e-06
9.912082e-06
2.72233e-06
9.922124e-06
2.776403e-06
9.86259e-06
2.819439e-06
9.572561e-06
2.910397e-06
8.659127e-06
3.195307e-06
3.839686e-06
9.233224e-06
-9.957176e-08
9.193543e-06
-1.588528e-07
9.157643e-06
-1.860281e-07
9.132171e-06
-1.937963e-07
9.116287e-06
-1.900853e-07
9.10948e-06
-1.800395e-07
9.112168e-06
-1.663352e-07
9.125864e-06
-1.508675e-07
9.153018e-06
-1.338802e-07
9.196503e-06
-1.125829e-07
9.260867e-06
-8.386369e-08
9.352647e-06
-4.271881e-08
9.479371e-06
2.032359e-08
9.648825e-06
1.197461e-07
9.866055e-06
2.74218e-07
1.012478e-05
5.103108e-07
1.040416e-05
8.531607e-07
1.067119e-05
1.312344e-06
1.089229e-05
1.866175e-06
1.10479e-05
2.46126e-06
1.113867e-05
3.033352e-06
1.118073e-05
3.531806e-06
1.119586e-05
3.92861e-06
1.12008e-05
4.215225e-06
1.119537e-05
4.397085e-06
1.114844e-05
4.493062e-06
1.096907e-05
4.540574e-06
1.049761e-05
4.614156e-06
9.350794e-06
4.883375e-06
5.44974e-06
9.243841e-06
-1.557151e-07
9.169686e-06
-1.856389e-07
9.070919e-06
-2.013498e-07
8.960665e-06
-2.073451e-07
8.845258e-06
-2.046394e-07
8.728151e-06
-1.972885e-07
8.611072e-06
-1.875461e-07
8.494356e-06
-1.767235e-07
8.377906e-06
-1.654733e-07
8.262887e-06
-1.533091e-07
8.152144e-06
-1.39755e-07
8.05289e-06
-1.248597e-07
7.981465e-06
-1.08037e-07
7.963098e-06
-8.199922e-08
8.025082e-06
-2.816998e-08
8.191132e-06
8.739472e-08
8.47261e-06
3.084343e-07
8.849616e-06
6.796115e-07
9.267168e-06
1.209453e-06
9.66462e-06
1.834497e-06
1.000377e-05
2.453933e-06
1.027248e-05
2.990576e-06
1.047422e-05
3.408083e-06
1.06143e-05
3.69835e-06
1.068499e-05
3.867961e-06
1.065159e-05
3.933113e-06
1.04245e-05
3.927503e-06
9.894014e-06
3.921352e-06
8.718084e-06
4.158885e-06
4.659741e-06
9.033626e-06
8.749532e-06
8.437904e-06
8.112143e-06
7.784687e-06
7.462134e-06
7.147465e-06
6.841377e-06
6.542875e-06
6.250068e-06
5.959835e-06
5.666806e-06
5.363132e-06
5.043304e-06
4.714931e-06
4.411085e-06
4.191696e-06
4.136669e-06
4.311842e-06
4.716914e-06
5.281881e-06
5.915403e-06
6.54107e-06
7.100711e-06
7.543504e-06
7.819346e-06
7.882079e-06
7.738171e-06
7.603338e-06
)
;

boundaryField
{
    maxY
    {
        type            calculated;
        value           nonuniform List<scalar> 
300
(
0
0
0
0
0
0
0
0
0
0
0
0
0
0
0
0
0
0
0
0
0
0
0
0
0
0
0
0
0
0
0
0
0
0
0
0
0
0
0
0
0
0
0
0
0
0
0
0
0
0
0
0
0
0
0
0
0
0
0
0
0
0
0
0
0
0
0
0
0
0
0
0
0
0
0
0
0
0
0
0
0
0
0
0
0
0
0
0
0
0
0
0
0
0
0
0
0
0
0
0
0
0
0
0
0
0
0
0
0
0
0
0
0
0
0
0
0
0
0
0
0
0
0
0
0
0
0
0
0
0
0
0
0
0
0
0
0
0
0
0
0
0
0
0
0
0
0
0
0
0
0
0
0
0
0
0
0
0
0
0
0
0
0
0
0
0
0
0
0
0
0
0
0
0
0
0
0
0
0
0
0
0
0
0
0
0
0
0
0
0
0
0
0
0
0
0
0
0
0
0
0
0
0
0
0
0
0
0
0
0
0
0
0
0
0
0
0
0
0
6.462349e-27
0
0
0
0
0
0
0
0
0
0
0
0
0
0
0
0
0
0
0
0
0
0
0
0
0
0
0
0
6.462349e-27
0
0
-6.462349e-27
0
0
0
0
0
0
6.462349e-27
0
0
0
0
0
0
0
0
0
0
0
0
0
0
0
0
0
0
0
0
0
0
0
0
0
0
0
0
0
0
0
0
0
0
-6.462349e-27
0
0
0
0
0
0
)
;
    }
    minX
    {
        type            calculated;
        value           nonuniform List<scalar> 
40
(
-9.268973e-06
-9.268964e-06
-9.268956e-06
-9.268947e-06
-9.268972e-06
-9.268964e-06
-9.268956e-06
-9.268947e-06
-9.268972e-06
-9.268964e-06
-9.268956e-06
-9.268947e-06
-9.268972e-06
-9.268964e-06
-9.268956e-06
-9.268947e-06
-9.268972e-06
-9.268964e-06
-9.268956e-06
-9.268947e-06
-9.268972e-06
-9.268964e-06
-9.268956e-06
-9.268947e-06
-9.268972e-06
-9.268964e-06
-9.268956e-06
-9.268947e-06
-9.268972e-06
-9.268964e-06
-9.268956e-06
-9.268947e-06
-9.268972e-06
-9.268964e-06
-9.268956e-06
-9.268947e-06
-9.268973e-06
-9.268964e-06
-9.268956e-06
-9.268947e-06
)
;
    }
    maxX
    {
        type            calculated;
        value           nonuniform List<scalar> 
40
(
6.622055e-06
7.493683e-06
6.797863e-06
7.821008e-06
1.122813e-05
1.906219e-05
1.251503e-05
4.735507e-06
1.319545e-05
1.771657e-05
1.40686e-05
5.803617e-06
7.944148e-06
1.292465e-05
1.270877e-05
8.400412e-06
1.196725e-06
4.358324e-06
5.543305e-06
5.265285e-06
1.19731e-06
4.361467e-06
5.547814e-06
5.279225e-06
7.944453e-06
1.292815e-05
1.27149e-05
8.406294e-06
1.319333e-05
1.771647e-05
1.40622e-05
5.780741e-06
1.122481e-05
1.905891e-05
1.250643e-05
4.725064e-06
6.618414e-06
7.488134e-06
6.791082e-06
7.81412e-06
)
;
    }
    minZ
    {
        type            calculated;
        value           uniform 0;
    }
    maxZ
    {
        type            calculated;
        value           uniform 0;
    }
    topAir_to_rightSolid
    {
        type            calculated;
        value           nonuniform List<scalar> 
130
(
0
0
0
0
0
0
0
0
0
0
0
0
0
4.235165e-22
0
4.235165e-22
-4.235165e-22
0
0
0
0
0
0
0
0
0
-4.235165e-22
4.235165e-22
0
4.235165e-22
0
4.235165e-22
0
0
0
-4.235165e-22
0
0
0
0
0
0
0
0
0
0
0
0
0
0
0
0
0
0
0
0
0
0
0
0
0
0
0
0
0
0
0
0
0
0
0
0
0
2.117582e-22
0
0
0
0
0
0
0
0
0
0
0
0
0
-4.235165e-22
4.235165e-22
0
0
0
4.235165e-22
0
0
0
0
-4.235165e-22
-4.235165e-22
0
0
0
0
0
0
0
0
4.235165e-22
0
-4.235165e-22
0
0
0
0
0
0
0
0
0
0
0
0
0
0
0
0
0
0
0
0
)
;
    }
    topAir_to_heater
    {
        type            calculated;
        value           nonuniform List<scalar> 
40
(
0
0
0
0
4.235165e-22
0
0
-4.235165e-22
-4.235165e-22
0
0
4.235165e-22
0
4.235165e-22
0
0
-4.235165e-22
4.235165e-22
4.235165e-22
0
0
0
0
0
4.235165e-22
0
0
0
0
0
0
0
0
-4.235165e-22
4.235165e-22
0
0
0
0
0
)
;
    }
    topAir_to_leftSolid
    {
        type            calculated;
        value           nonuniform List<scalar> 
130
(
0
0
0
0
0
0
0
0
0
0
-4.235165e-22
4.235165e-22
4.235165e-22
0
0
0
0
0
0
0
4.235165e-22
4.235165e-22
0
-4.235165e-22
0
0
0
0
0
0
0
0
0
0
0
-4.235165e-22
-4.235165e-22
4.235165e-22
0
0
0
0
0
0
0
0
0
0
0
-4.235165e-22
4.235165e-22
0
0
0
0
0
0
0
0
0
0
0
-4.235165e-22
-4.235165e-22
0
0
0
0
0
0
0
0
0
0
0
0
0
0
0
0
0
0
0
0
0
-4.235165e-22
-4.235165e-22
0
4.235165e-22
0
0
0
0
0
0
0
0
0
0
4.235165e-22
-4.235165e-22
0
0
-4.235165e-22
0
0
0
0
0
0
0
0
-4.235165e-22
0
0
0
0
0
0
0
0
0
0
0
0
0
0
4.235165e-22
-4.235165e-22
4.235165e-22
)
;
    }
}


// ************************************************************************* //
