/*--------------------------------*- C++ -*----------------------------------*\
| =========                 |                                                 |
| \\      /  F ield         | OpenFOAM: The Open Source CFD Toolbox           |
|  \\    /   O peration     | Version:  v2012                                 |
|   \\  /    A nd           | Website:  www.openfoam.com                      |
|    \\/     M anipulation  |                                                 |
\*---------------------------------------------------------------------------*/
FoamFile
{
    version     2.0;
    format      ascii;
    class       volScalarField;
    location    "1200/topAir";
    object      qr;
}
// * * * * * * * * * * * * * * * * * * * * * * * * * * * * * * * * * * * * * //

dimensions      [1 0 -3 0 0 0 0];


internalField   uniform 0;

boundaryField
{
    maxY
    {
        type            greyDiffusiveRadiationViewFactor;
        value           nonuniform List<scalar> 
300
(
97.01034
97.01034
126.6753
126.6753
131.5511
131.5511
126.7142
126.7142
97.06838
97.06838
97.01034
97.01034
126.6753
126.6753
131.5511
131.5511
126.7142
126.7142
97.06838
97.06838
97.01034
97.01034
126.6753
126.6753
131.5511
131.5511
126.7142
126.7142
97.06838
97.06838
97.01034
97.01034
126.6753
126.6753
131.5511
131.5511
126.7142
126.7142
97.06838
97.06838
146.1946
146.1946
187.9459
187.9459
192.956
192.956
188.0584
188.0584
146.4533
146.4533
146.1946
146.1946
187.9459
187.9459
192.956
192.956
188.0584
188.0584
146.4533
146.4533
146.1946
146.1946
187.9459
187.9459
192.956
192.956
188.0584
188.0584
146.4533
146.4533
146.1946
146.1946
187.9459
187.9459
192.956
192.956
188.0584
188.0584
146.4533
146.4533
176.733
176.733
224.3856
224.3856
227.791
227.791
223.9608
223.9608
177.164
177.164
176.733
176.733
224.3856
224.3856
227.791
227.791
223.9608
223.9608
177.164
177.164
176.733
176.733
224.3856
224.3856
227.791
227.791
223.9608
223.9608
177.164
177.164
176.733
176.733
224.3856
224.3856
227.791
227.791
223.9608
223.9608
177.164
177.164
207.381
207.381
258.3771
258.3771
259.8696
259.8696
258.0095
258.0095
207.7474
207.7474
207.381
207.381
258.3771
258.3771
259.8696
259.8696
258.0095
258.0095
207.7474
207.7474
207.381
207.381
258.3771
258.3771
259.8696
259.8696
258.0095
258.0095
207.7474
207.7474
207.381
207.381
258.3771
258.3771
259.8696
259.8696
258.0095
258.0095
207.7474
207.7474
234.2798
234.2798
294.7828
294.7828
292.9271
292.9271
294.9774
294.9774
234.6198
234.6198
234.2798
234.2798
294.7828
294.7828
292.9271
292.9271
294.9774
294.9774
234.6198
234.6198
234.2798
234.2798
294.7828
294.7828
292.9271
292.9271
294.9774
294.9774
234.6198
234.6198
234.2798
234.2798
294.7828
294.7828
292.9271
292.9271
294.9774
294.9774
234.6198
234.6198
200.2639
200.2639
317.397
317.397
329.9464
329.9464
318.1492
318.1492
201.1499
201.1499
200.2639
200.2639
317.397
317.397
329.9464
329.9464
318.1492
318.1492
201.1499
201.1499
200.2639
200.2639
317.397
317.397
329.9464
329.9464
318.1492
318.1492
201.1499
201.1499
200.2639
200.2639
317.397
317.397
329.9464
329.9464
318.1492
318.1492
201.1499
201.1499
129.6121
129.6121
261.67
261.67
309.6492
309.6492
262.3599
262.3599
109.4322
109.4322
129.6121
129.6121
261.67
261.67
309.6492
309.6492
262.3599
262.3599
109.4322
109.4322
129.6121
129.6121
261.67
261.67
309.6492
309.6492
262.3599
262.3599
109.4322
109.4322
129.6121
129.6121
261.67
261.67
309.6492
309.6492
262.3599
262.3599
109.4322
109.4322
89.24634
89.24634
89.24634
89.24634
112.5181
112.5181
112.5181
112.5181
109.4322
109.4322
89.24634
89.24634
89.24634
89.24634
112.5181
112.5181
112.5181
112.5181
109.4322
109.4322
)
;
        qro             uniform 0;
    }
    minX
    {
        type            greyDiffusiveRadiationViewFactor;
        value           nonuniform List<scalar> 
40
(
120.988
120.988
74.83632
74.83632
120.988
120.988
74.83632
74.83632
130.9901
130.9901
95.25696
95.25696
130.9901
130.9901
95.25696
95.25696
132.1814
132.1814
99.14103
99.14103
132.1814
132.1814
99.14103
99.14103
131.0076
131.0076
95.28344
95.28344
131.0076
131.0076
95.28344
95.28344
121.0151
121.0151
74.87741
74.87741
121.0151
121.0151
74.87741
74.87741
)
;
        qro             uniform 0;
    }
    maxX
    {
        type            greyDiffusiveRadiationViewFactor;
        value           nonuniform List<scalar> 
40
(
-48.28393
-48.28393
5.609556
5.609556
-48.28393
-48.28393
5.609556
5.609556
-8.065017
-8.065017
70.56121
70.56121
-8.065017
-8.065017
70.56121
70.56121
-396.1118
-396.1118
-80.11029
-80.11029
-396.1118
-396.1118
-80.11029
-80.11029
-5.121614
-5.121614
65.93872
65.93872
-5.121614
-5.121614
65.93872
65.93872
-42.65808
-42.65808
4.821869
4.821869
-42.65808
-42.65808
4.821869
4.821869
)
;
        qro             uniform 0;
    }
    minZ
    {
        type            greyDiffusiveRadiationViewFactor;
        value           nonuniform List<scalar> 
120
(
44.26409
44.26409
66.45569
66.45569
44.26409
44.26409
66.45569
66.45569
44.26409
44.26409
66.45569
66.45569
44.26409
44.26409
66.45569
66.45569
-12.05287
-12.05287
93.16636
93.16636
-12.05287
-12.05287
93.16636
93.16636
-12.05287
-12.05287
93.16636
93.16636
-12.05287
-12.05287
93.16636
93.16636
-80.0691
-80.0691
110.3786
110.3786
-80.0691
-80.0691
110.3786
110.3786
-80.0691
-80.0691
110.3786
110.3786
-80.0691
-80.0691
110.3786
110.3786
-147.1051
-147.1051
124.3055
124.3055
-147.1051
-147.1051
124.3055
124.3055
-147.1051
-147.1051
124.3055
124.3055
-147.1051
-147.1051
124.3055
124.3055
-212.6618
-212.6618
110.363
110.363
-212.6618
-212.6618
110.363
110.363
-212.6618
-212.6618
110.363
110.363
-212.6618
-212.6618
110.363
110.363
-224.8462
-224.8462
39.58942
39.58942
-224.8462
-224.8462
39.58942
39.58942
-224.8462
-224.8462
39.58942
39.58942
-224.8462
-224.8462
39.58942
39.58942
-161.0731
-161.0731
-5.727059
-5.727059
-161.0731
-161.0731
-5.727059
-5.727059
-161.0731
-161.0731
-5.727059
-5.727059
-161.0731
-161.0731
-5.727059
-5.727059
-95.47752
-95.47752
-95.47752
-95.47752
-95.47752
-95.47752
-95.47752
-95.47752
)
;
        qro             uniform 0;
    }
    maxZ
    {
        type            greyDiffusiveRadiationViewFactor;
        value           nonuniform List<scalar> 
120
(
44.26324
44.26324
66.45058
66.45058
44.26324
44.26324
66.45058
66.45058
44.26324
44.26324
66.45058
66.45058
44.26324
44.26324
66.45058
66.45058
-11.91632
-11.91632
93.20442
93.20442
-11.91632
-11.91632
93.20442
93.20442
-11.91632
-11.91632
93.20442
93.20442
-11.91632
-11.91632
93.20442
93.20442
-78.54889
-78.54889
110.4488
110.4488
-78.54889
-78.54889
110.4488
110.4488
-78.54889
-78.54889
110.4488
110.4488
-78.54889
-78.54889
110.4488
110.4488
-145.7853
-145.7853
124.3229
124.3229
-145.7853
-145.7853
124.3229
124.3229
-145.7853
-145.7853
124.3229
124.3229
-145.7853
-145.7853
124.3229
124.3229
-212.553
-212.553
110.3963
110.3963
-212.553
-212.553
110.3963
110.3963
-212.553
-212.553
110.3963
110.3963
-212.553
-212.553
110.3963
110.3963
-223.8319
-223.8319
40.65225
40.65225
-223.8319
-223.8319
40.65225
40.65225
-223.8319
-223.8319
40.65225
40.65225
-223.8319
-223.8319
40.65225
40.65225
-157.2446
-157.2446
1.099378
1.099378
-157.2446
-157.2446
1.099378
1.099378
-157.2446
-157.2446
1.099378
1.099378
-157.2446
-157.2446
1.099378
1.099378
-93.79779
-93.79779
-93.79779
-93.79779
-93.79779
-93.79779
-93.79779
-93.79779
)
;
        qro             uniform 0;
    }
    topAir_to_rightSolid
    {
        type            greyDiffusiveRadiationViewFactor;
        value           nonuniform List<scalar> 
130
(
-196.8664
-196.8664
-196.8664
-196.8664
-185.9507
-185.9507
-185.9507
-185.9507
-176.8826
-176.8826
-176.8826
-176.8826
-177.2794
-196.8664
-196.8664
-196.8664
-196.8664
-185.9507
-185.9507
-185.9507
-185.9507
-176.8826
-176.8826
-176.8826
-176.8826
-177.2794
-209.0113
-209.0113
-209.0113
-209.0113
-196.0714
-196.0714
-196.0714
-196.0714
-187.7453
-187.7453
-177.2794
-177.2794
-177.2794
-209.0113
-209.0113
-209.0113
-209.0113
-196.0714
-196.0714
-196.0714
-196.0714
-187.7453
-187.7453
-177.2794
-177.2794
-177.2794
-213.9011
-213.9011
-213.9011
-213.9011
-198.6585
-198.6585
-198.6585
-198.6585
-187.7453
-187.7453
-173.9693
-173.9693
-173.9693
-213.9011
-213.9011
-213.9011
-213.9011
-198.6585
-198.6585
-198.6585
-198.6585
-187.7453
-187.7453
-173.9693
-173.9693
-173.9693
-208.9962
-208.9962
-208.9962
-208.9962
-195.9892
-195.9892
-195.9892
-195.9892
-183.8849
-183.8849
-183.8849
-183.8849
-173.9693
-208.9962
-208.9962
-208.9962
-208.9962
-195.9892
-195.9892
-195.9892
-195.9892
-183.8849
-183.8849
-183.8849
-183.8849
-173.9693
-196.8444
-196.8444
-196.8444
-196.8444
-185.8028
-185.8028
-185.8028
-185.8028
-175.477
-175.477
-175.477
-175.477
-175.477
-196.8444
-196.8444
-196.8444
-196.8444
-185.8028
-185.8028
-185.8028
-185.8028
-175.477
-175.477
-175.477
-175.477
-175.477
)
;
        qro             uniform 0;
    }
    topAir_to_heater
    {
        type            greyDiffusiveRadiationViewFactor;
        value           nonuniform List<scalar> 
40
(
-201.0448
-201.0448
-198.8172
-198.8172
-209.5886
-209.5886
-208.3039
-208.3039
-215.2262
-215.2262
-214.3689
-214.3689
-221.6738
-221.6738
-221.0338
-221.0338
-231.5945
-231.5945
-230.9983
-230.9983
-231.5973
-231.5973
-231
-231
-221.681
-221.681
-221.037
-221.037
-215.2365
-215.2365
-214.3735
-214.3735
-209.6026
-209.6026
-208.3107
-208.3107
-201.0591
-201.0591
-198.8266
-198.8266
)
;
        qro             uniform 0;
    }
    topAir_to_leftSolid
    {
        type            greyDiffusiveRadiationViewFactor;
        value           nonuniform List<scalar> 
130
(
-199.2652
-199.2652
-199.2652
-199.2652
-200.1196
-200.1196
-200.1196
-200.1196
-203.2755
-203.2755
-203.2755
-203.2755
-211.2968
-199.2652
-199.2652
-199.2652
-199.2652
-200.1196
-200.1196
-200.1196
-200.1196
-203.2755
-203.2755
-203.2755
-203.2755
-211.2968
-200.4135
-200.4135
-200.4135
-200.4135
-203.4922
-203.4922
-203.4922
-203.4922
-208.8855
-208.8855
-211.2968
-211.2968
-211.2968
-200.4135
-200.4135
-200.4135
-200.4135
-203.4922
-203.4922
-203.4922
-203.4922
-208.8855
-208.8855
-211.2968
-211.2968
-211.2968
-200.6113
-200.6113
-200.6113
-200.6113
-204.1521
-204.1521
-204.1521
-204.1521
-208.8855
-208.8855
-217.6289
-217.6289
-217.6289
-200.6113
-200.6113
-200.6113
-200.6113
-204.1521
-204.1521
-204.1521
-204.1521
-208.8855
-208.8855
-217.6289
-217.6289
-217.6289
-200.4229
-200.4229
-200.4229
-200.4229
-203.5027
-203.5027
-203.5027
-203.5027
-210.2279
-210.2279
-210.2279
-210.2279
-217.6289
-200.4229
-200.4229
-200.4229
-200.4229
-203.5027
-203.5027
-203.5027
-203.5027
-210.2279
-210.2279
-210.2279
-210.2279
-217.6289
-199.2809
-199.2809
-199.2809
-199.2809
-200.1392
-200.1392
-200.1392
-200.1392
-203.6014
-203.6014
-203.6014
-203.6014
-203.6014
-199.2809
-199.2809
-199.2809
-199.2809
-200.1392
-200.1392
-200.1392
-200.1392
-203.6014
-203.6014
-203.6014
-203.6014
-203.6014
)
;
        qro             uniform 0;
    }
}


// ************************************************************************* //
