/*--------------------------------*- C++ -*----------------------------------*\
| =========                 |                                                 |
| \\      /  F ield         | OpenFOAM: The Open Source CFD Toolbox           |
|  \\    /   O peration     | Version:  v2012                                 |
|   \\  /    A nd           | Website:  www.openfoam.com                      |
|    \\/     M anipulation  |                                                 |
\*---------------------------------------------------------------------------*/
FoamFile
{
    version     2.0;
    format      ascii;
    class       volVectorField;
    location    "1200/topAir";
    object      U;
}
// * * * * * * * * * * * * * * * * * * * * * * * * * * * * * * * * * * * * * //

dimensions      [0 1 -1 0 0 0 0];


internalField   nonuniform List<vector> 
1200
(
(0.1001587 -0.0003958608 0.0009480875)
(0.1040803 -0.0007876184 0.001326454)
(0.1062794 -0.0009207984 0.001470516)
(0.1080592 -0.0007981746 0.001490952)
(0.1097751 -0.0005677215 0.001399322)
(0.1113179 -0.0002888839 0.001207968)
(0.1127051 2.032389e-05 0.0009190316)
(0.1140074 0.0003524851 0.000519051)
(0.1152841 0.0007069095 -2.338153e-05)
(0.116611 0.00109158 -0.0007493559)
(0.1180664 0.00152814 -0.001712624)
(0.1197339 0.002048885 -0.002987963)
(0.1216793 0.002701437 -0.004671238)
(0.1239225 0.003557657 -0.006872812)
(0.1264159 0.004707567 -0.009696561)
(0.1290236 0.006235826 -0.01322356)
(0.1315126 0.008197926 -0.01748334)
(0.133585 0.0105755 -0.0224169)
(0.1349676 0.01324255 -0.02784911)
(0.1355195 0.01597756 -0.03349356)
(0.1352924 0.01852658 -0.03900379)
(0.1345052 0.02067549 -0.04405203)
(0.1334694 0.02228855 -0.04838542)
(0.1325007 0.02331621 -0.05182789)
(0.1318446 0.02379904 -0.05422492)
(0.1314678 0.02389756 -0.05536686)
(0.1311212 0.02397782 -0.05483898)
(0.128504 0.02475635 -0.05219518)
(0.1248704 0.02801304 -0.04587707)
(0.09529778 0.0367849 -0.03639564)
(0.0993478 -0.0009274102 0.0009630462)
(0.0995841 -0.001627023 0.001364641)
(0.09929182 -0.001922243 0.001578478)
(0.09904818 -0.00189881 0.001713226)
(0.0990098 -0.001734481 0.00178307)
(0.099102 -0.001499736 0.001808643)
(0.09930737 -0.001219731 0.001804414)
(0.09964158 -0.0009118061 0.001774566)
(0.1001414 -0.0005745398 0.001711792)
(0.1008653 -0.0001656251 0.001595056)
(0.1018646 0.0003727799 0.001395405)
(0.103225 0.00113201 0.001068041)
(0.1050723 0.002263636 0.000545975)
(0.1074947 0.003959696 -0.0002708798)
(0.1106644 0.006415539 -0.001514721)
(0.114612 0.009859007 -0.003326011)
(0.1192074 0.01446491 -0.005838422)
(0.1240878 0.02023316 -0.009117097)
(0.1287219 0.02688502 -0.01308423)
(0.1326099 0.03388462 -0.0174903)
(0.1354835 0.04060642 -0.02197376)
(0.1373606 0.04653018 -0.02617564)
(0.1384618 0.05133142 -0.02981136)
(0.1390679 0.05488532 -0.0326588)
(0.1393905 0.05725516 -0.03447488)
(0.139335 0.05872619 -0.03489957)
(0.1386119 0.05992277 -0.03320494)
(0.1350042 0.06201973 -0.0285362)
(0.1301191 0.06774825 -0.01774627)
(0.1010922 0.07855063 -0.002922674)
(0.09940853 -0.001918936 0.000975067)
(0.09947402 -0.002651658 0.001387461)
(0.09852364 -0.002986441 0.001612291)
(0.09730588 -0.003138693 0.001761754)
(0.09608557 -0.003163372 0.001854342)
(0.09484598 -0.003112233 0.001915501)
(0.09359837 -0.00301871 0.001966424)
(0.09235974 -0.002906895 0.002021844)
(0.09112958 -0.002785188 0.002095924)
(0.0899107 -0.002631659 0.002205988)
(0.08872359 -0.002421669 0.002369773)
(0.08761495 -0.002121166 0.002603057)
(0.08669849 -0.001650004 0.002907918)
(0.0862558 -0.0008142401 0.003251551)
(0.08664986 0.000720184 0.003580599)
(0.08821392 0.003474428 0.003787722)
(0.0912672 0.008008172 0.003691947)
(0.09594612 0.01470582 0.003099235)
(0.1018632 0.02342447 0.001953633)
(0.1082422 0.03334818 0.0004308593)
(0.114325 0.04331436 -0.00115535)
(0.119642 0.0522968 -0.002548232)
(0.1240101 0.05964179 -0.003623938)
(0.1273999 0.06506089 -0.004318913)
(0.1298079 0.06854259 -0.004499303)
(0.1309498 0.07031497 -0.003868281)
(0.1305256 0.07091418 -0.001794366)
(0.1260406 0.07148614 0.002503605)
(0.1207505 0.07515071 0.01205984)
(0.09092516 0.08349227 0.02586403)
(0.09760309 -0.001421027 0.0009468804)
(0.09619914 -0.00189143 0.001330125)
(0.09290194 -0.002070394 0.001521367)
(0.08928687 -0.002122067 0.001636555)
(0.08574361 -0.002073333 0.001694195)
(0.08223518 -0.001964029 0.001718825)
(0.0787917 -0.001823196 0.001732092)
(0.07544353 -0.001667585 0.001750362)
(0.07218825 -0.001506618 0.001790251)
(0.06900783 -0.001344345 0.001873043)
(0.0658763 -0.001188539 0.002025807)
(0.06275184 -0.001060439 0.002283841)
(0.05955759 -0.0009986075 0.002696706)
(0.05622271 -0.001005645 0.003343544)
(0.05265984 -0.0009679626 0.004320719)
(0.04912139 -0.0005607417 0.005763355)
(0.04616014 0.0008233956 0.007873892)
(0.04463936 0.004067749 0.01083727)
(0.04566406 0.009802782 0.01461394)
(0.04970722 0.01753372 0.01888951)
(0.0562331 0.02586969 0.02328556)
(0.06421548 0.03354323 0.02753227)
(0.07265348 0.03984355 0.03147253)
(0.0807151 0.04449244 0.03502673)
(0.08773203 0.04745636 0.03821107)
(0.09294498 0.0488646 0.04116716)
(0.09601189 0.04912028 0.04422101)
(0.09551126 0.04916103 0.04763117)
(0.09497995 0.05250825 0.05204567)
(0.09451317 0.05980111 0.05633789)
(0.1012228 -0.0003790622 0.001098997)
(0.1059235 -0.0007644205 0.001517292)
(0.1095333 -0.0009135525 0.001679319)
(0.1127688 -0.0008426722 0.001707543)
(0.1158647 -0.0007070846 0.001613027)
(0.1187157 -0.0005730451 0.001411361)
(0.1213109 -0.0004670949 0.00110662)
(0.1236779 -0.000406479 0.0006869193)
(0.1258401 -0.0004019975 0.0001236839)
(0.1277934 -0.0004599039 -0.0006265732)
(0.129551 -0.0005931777 -0.00161627)
(0.1311138 -0.0008181899 -0.002914393)
(0.1324768 -0.001158797 -0.004605213)
(0.1336387 -0.001649151 -0.006779738)
(0.1346005 -0.002315582 -0.009521211)
(0.1353622 -0.003170776 -0.0128866)
(0.1359351 -0.00421323 -0.01688007)
(0.1363529 -0.005417201 -0.02142515)
(0.1366709 -0.00672044 -0.02635161)
(0.1369475 -0.00802164 -0.03141461)
(0.1372134 -0.009211521 -0.03634412)
(0.1374816 -0.01023456 -0.0408955)
(0.1378173 -0.0111146 -0.04487434)
(0.1384088 -0.01190857 -0.04813149)
(0.1395676 -0.01261568 -0.05051347)
(0.141638 -0.01306623 -0.05179484)
(0.1447128 -0.01270232 -0.05150848)
(0.1483106 -0.01056962 -0.04923636)
(0.151934 -0.003122863 -0.04382253)
(0.145627 0.01071297 -0.03593153)
(0.1004473 -0.0009142903 0.001146888)
(0.1015353 -0.001624436 0.001636486)
(0.1027788 -0.001961346 0.001901919)
(0.1041609 -0.002022147 0.002073738)
(0.1057102 -0.001994129 0.002167593)
(0.1073548 -0.001957629 0.002207211)
(0.1090527 -0.001947724 0.002208203)
(0.1107889 -0.001990046 0.002173324)
(0.1125545 -0.002106033 0.002094239)
(0.114346 -0.002319634 0.001951798)
(0.1161641 -0.002664154 0.001718766)
(0.1180113 -0.003181129 0.001357982)
(0.1198901 -0.003925783 0.0008201805)
(0.1217978 -0.004962744 2.78976e-05)
(0.1236979 -0.006310762 -0.001111543)
(0.1255936 -0.00798648 -0.002684252)
(0.1274832 -0.00995496 -0.004759599)
(0.129383 -0.01209903 -0.007350391)
(0.1313368 -0.01418886 -0.01037091)
(0.1333938 -0.01589081 -0.0136302)
(0.1355578 -0.01688273 -0.01689454)
(0.1377693 -0.01704612 -0.01996565)
(0.1399766 -0.01654776 -0.02269251)
(0.142241 -0.01573555 -0.02492354)
(0.1447878 -0.01495809 -0.02640849)
(0.1481016 -0.0143838 -0.02672097)
(0.1527084 -0.01382823 -0.02497212)
(0.1605495 -0.01268481 -0.02026838)
(0.1712931 -0.009017009 -0.009776598)
(0.2101506 0.0001056305 0.001530287)
(0.1005109 -0.00194025 0.001155995)
(0.1014337 -0.002677742 0.001657041)
(0.1020346 -0.00302095 0.001940456)
(0.1024742 -0.003195578 0.002138476)
(0.1028927 -0.003261412 0.002270246)
(0.1032784 -0.003276007 0.002364295)
(0.1036224 -0.003277581 0.002443561)
(0.1039255 -0.00329218 0.002522492)
(0.1041823 -0.003343467 0.002613822)
(0.1043844 -0.003456997 0.002731855)
(0.1045238 -0.003663793 0.002888477)
(0.1045932 -0.004003447 0.0030897)
(0.1045885 -0.004526733 0.003327699)
(0.1045097 -0.005293943 0.003581316)
(0.1043776 -0.006368761 0.003829523)
(0.1042538 -0.007814556 0.004043542)
(0.1042556 -0.00967285 0.004182415)
(0.104568 -0.01191927 0.004254078)
(0.1054263 -0.0143593 0.004363607)
(0.1070281 -0.01656185 0.004749031)
(0.1094403 -0.01801137 0.005588699)
(0.1124945 -0.0184786 0.006837639)
(0.1158378 -0.01816938 0.00836631)
(0.119138 -0.01752461 0.01017707)
(0.1222538 -0.01694865 0.01256396)
(0.1252306 -0.01657965 0.01620036)
(0.1283294 -0.01618307 0.02242371)
(0.1315625 -0.01572975 0.03141685)
(0.1347618 -0.0158034 0.04532947)
(0.1440709 -0.01420873 0.06086959)
(0.0986671 -0.001445286 0.001128542)
(0.09807497 -0.001932715 0.001615909)
(0.09625982 -0.002132347 0.001885122)
(0.09421225 -0.002208824 0.002064832)
(0.09219947 -0.002190563 0.002174412)
(0.09019285 -0.002120538 0.002242531)
(0.08820524 -0.002030316 0.002293254)
(0.08625399 -0.001938709 0.002343538)
(0.0843386 -0.001858839 0.002409849)
(0.08244913 -0.001802062 0.002512406)
(0.0805692 -0.001782119 0.002675487)
(0.07867297 -0.001820262 0.002929135)
(0.07671922 -0.001952593 0.003313333)
(0.07464852 -0.002235558 0.003889634)
(0.07238067 -0.002737841 0.004724521)
(0.06982005 -0.003535694 0.00592571)
(0.06689111 -0.004666638 0.00775005)
(0.06363382 -0.00597486 0.01069608)
(0.06036925 -0.006886347 0.01549269)
(0.0578199 -0.006442145 0.02273543)
(0.05691783 -0.003907225 0.03224488)
(0.05821672 0.0005444696 0.04290724)
(0.06145595 0.005925427 0.05333781)
(0.0657507 0.01110108 0.06260358)
(0.07008715 0.01521676 0.07042584)
(0.07344194 0.01775707 0.07697304)
(0.07524269 0.01853069 0.08281778)
(0.07421061 0.01776788 0.08825629)
(0.07153702 0.01596487 0.09396792)
(0.06063673 0.01348264 0.09835098)
(0.1010976 -0.0003860767 0.0003694407)
(0.1056466 -0.0007743407 0.0006206342)
(0.1092535 -0.0009185044 0.0007852529)
(0.112545 -0.0008361537 0.0008923459)
(0.1157145 -0.000684523 0.000947311)
(0.1186508 -0.0005304929 0.0009572367)
(0.1213314 -0.0004001918 0.0009289721)
(0.1237738 -0.0003096526 0.0008673909)
(0.1259911 -0.0002699183 0.0007778468)
(0.1279906 -0.0002907564 0.0006628316)
(0.1297719 -0.0003839948 0.0005185097)
(0.1313257 -0.0005652441 0.0003418252)
(0.1326318 -0.0008563584 0.0001311704)
(0.1336567 -0.001287238 -0.0001149902)
(0.1343514 -0.001895932 -0.0004084712)
(0.1346586 -0.002730423 -0.0007728323)
(0.134527 -0.003852165 -0.001248121)
(0.1339379 -0.00533768 -0.001902081)
(0.1329418 -0.007273601 -0.002842005)
(0.1316936 -0.009732747 -0.004220538)
(0.1304598 -0.01272305 -0.006213258)
(0.1295682 -0.01613037 -0.008946813)
(0.1293136 -0.01971866 -0.01240981)
(0.1299223 -0.02321485 -0.01641468)
(0.1315909 -0.02638207 -0.02062816)
(0.1346895 -0.02891182 -0.02446267)
(0.1394718 -0.03029552 -0.02736966)
(0.1464229 -0.02985603 -0.0291112)
(0.1547673 -0.02420086 -0.03068083)
(0.1631421 -0.0121586 -0.03141364)
(0.1003183 -0.0009168926 0.0003783439)
(0.1012444 -0.001624922 0.0006476264)
(0.1024898 -0.001951927 0.000837768)
(0.1039509 -0.001995376 0.0009783787)
(0.105616 -0.001944117 0.001073659)
(0.1074089 -0.001878887 0.00112896)
(0.1092772 -0.001833752 0.001148422)
(0.1111937 -0.001831793 0.001131867)
(0.113137 -0.001892449 0.001074915)
(0.1150882 -0.002036536 0.0009684483)
(0.1170292 -0.002289493 0.000798007)
(0.1189405 -0.002683615 0.0005435794)
(0.1207988 -0.003260473 0.0001791715)
(0.1225737 -0.004071694 -0.0003273802)
(0.124221 -0.005180015 -0.001023771)
(0.1256838 -0.006658954 -0.001980833)
(0.1268937 -0.008589756 -0.003286801)
(0.127785 -0.01105596 -0.00505056)
(0.128323 -0.01412108 -0.007400533)
(0.1285392 -0.01778 -0.01046334)
(0.1285462 -0.02188204 -0.01429247)
(0.1285006 -0.0260899 -0.0187605)
(0.1285346 -0.02999039 -0.02353126)
(0.1287695 -0.03331529 -0.02817123)
(0.129386 -0.03603145 -0.03227821)
(0.1309188 -0.03817053 -0.03550283)
(0.1339091 -0.03943704 -0.03743987)
(0.1407804 -0.0392472 -0.0380643)
(0.1509759 -0.03432832 -0.03995621)
(0.1945411 -0.0231988 -0.04229669)
(0.1003834 -0.001936957 0.0003810887)
(0.1011479 -0.002672049 0.000654166)
(0.1017551 -0.003009636 0.0008510852)
(0.1022826 -0.003175781 0.001002136)
(0.1028347 -0.003229528 0.00111264)
(0.1034 -0.003227909 0.001189602)
(0.1039647 -0.003207927 0.00123975)
(0.1045249 -0.003192708 0.001266902)
(0.1050734 -0.003201326 0.00127279)
(0.1056003 -0.003253474 0.001257033)
(0.1060936 -0.00337231 0.001215368)
(0.1065373 -0.00358721 0.001137456)
(0.1069081 -0.003937005 0.001003059)
(0.1071703 -0.004474383 0.0007773412)
(0.1072721 -0.005269775 0.0004084058)
(0.1071439 -0.006410062 -0.0001893474)
(0.1067002 -0.008001383 -0.001152076)
(0.1058554 -0.01017057 -0.002683689)
(0.1045621 -0.01304623 -0.004996876)
(0.102905 -0.01666569 -0.008240573)
(0.1011246 -0.0208483 -0.01229251)
(0.0995301 -0.02514083 -0.01664316)
(0.09833502 -0.02901569 -0.02064595)
(0.09759775 -0.03222674 -0.02385645)
(0.09730716 -0.03493654 -0.02596825)
(0.09774351 -0.03752158 -0.02640336)
(0.09896774 -0.04019959 -0.02384584)
(0.1032994 -0.04271494 -0.01739181)
(0.1096712 -0.04582894 -0.00568563)
(0.1528547 -0.04735765 0.006195722)
(0.09854157 -0.001440429 0.0003720407)
(0.09779027 -0.001924464 0.0006332755)
(0.09598025 -0.002121834 0.0008176044)
(0.09402052 -0.002196278 0.0009557057)
(0.09214223 -0.002175347 0.001053594)
(0.09031704 -0.002102004 0.001119069)
(0.08855292 -0.002007707 0.001160009)
(0.08686253 -0.001910678 0.001182028)
(0.08524471 -0.001822964 0.001189562)
(0.08369157 -0.001753839 0.001186534)
(0.08219158 -0.001712229 0.001176077)
(0.08072819 -0.001709336 0.001160541)
(0.07927686 -0.001761897 0.001141849)
(0.07780179 -0.001895871 0.001122854)
(0.07624941 -0.00214949 0.001105556)
(0.07453617 -0.002581388 0.001092453)
(0.07254449 -0.003283549 0.001097184)
(0.0701436 -0.004385314 0.001166102)
(0.06724288 -0.00601654 0.001459218)
(0.06389017 -0.008159272 0.002428016)
(0.06039602 -0.01039108 0.004928718)
(0.05740109 -0.01182769 0.009894315)
(0.05571899 -0.01163254 0.01757155)
(0.05588343 -0.009751797 0.02710006)
(0.05769268 -0.00702341 0.03710997)
(0.06031278 -0.00462324 0.04655876)
(0.0625526 -0.003582021 0.05550009)
(0.06255585 -0.004347547 0.06406918)
(0.06083579 -0.009194158 0.07362843)
(0.06675098 -0.01566697 0.08250944)
(0.1010713 -0.0003826033 0.0002438958)
(0.105539 -0.0007650101 0.0004512807)
(0.1090527 -0.00089894 0.0005991577)
(0.1122714 -0.0007984568 0.0006988924)
(0.11539 -0.0006183481 0.0007604103)
(0.1182979 -0.0004228461 0.0007920175)
(0.1209731 -0.0002343611 0.0008017673)
(0.1234331 -6.363068e-05 0.0007968962)
(0.1256929 8.584596e-05 0.00078427)
(0.1277661 0.0002150508 0.0007712608)
(0.1296652 0.0003270484 0.0007678748)
(0.1313996 0.0004261814 0.0007896625)
(0.1329742 0.0005177486 0.0008611243)
(0.1343847 0.0006065395 0.001023676)
(0.1356161 0.0006938934 0.001328988)
(0.1366501 0.0007765651 0.00184118)
(0.1374681 0.0008412679 0.002643685)
(0.1380568 0.0008575541 0.003831378)
(0.1384119 0.0007679892 0.005501465)
(0.1385389 0.000474105 0.007721667)
(0.1384637 -0.0001692579 0.01047095)
(0.1382672 -0.001337154 0.01358253)
(0.1381304 -0.003179123 0.01672435)
(0.1383496 -0.00572258 0.01944546)
(0.1392448 -0.008753226 0.0212788)
(0.1409849 -0.01179761 0.0216717)
(0.1435606 -0.01358773 0.02026433)
(0.1446602 -0.01220416 0.01657444)
(0.1458374 -0.003517194 0.007643295)
(0.1140476 0.0168517 -0.006451463)
(0.1002922 -0.0009137335 0.0002509111)
(0.1011312 -0.001614615 0.0004720012)
(0.1022714 -0.001927724 0.000636373)
(0.1036445 -0.001946251 0.0007537394)
(0.1052389 -0.001855434 0.0008317496)
(0.1069777 -0.001731877 0.0008757505)
(0.1088069 -0.001603877 0.0008900499)
(0.1106958 -0.001486218 0.0008765966)
(0.11262 -0.001386311 0.0008345401)
(0.1145591 -0.001307839 0.000760198)
(0.1164969 -0.001253612 0.0006472472)
(0.1184194 -0.001226577 0.0004871205)
(0.1203151 -0.001230269 0.0002693914)
(0.1221745 -0.001272736 -1.580479e-05)
(0.1239873 -0.001372431 -0.0003774147)
(0.1257395 -0.001555283 -0.0008249366)
(0.1274122 -0.001863378 -0.001367856)
(0.1289789 -0.002364085 -0.002019083)
(0.1303997 -0.003164773 -0.002808067)
(0.1316149 -0.004431094 -0.003802355)
(0.1325424 -0.006391877 -0.005130506)
(0.1331023 -0.00929747 -0.006980218)
(0.1332754 -0.01329061 -0.009556405)
(0.1331711 -0.01821736 -0.01298013)
(0.1330418 -0.02350839 -0.01717456)
(0.1334056 -0.02816652 -0.02178277)
(0.1349024 -0.0300144 -0.02603249)
(0.137104 -0.02661943 -0.03130989)
(0.1447195 -0.008263519 -0.04547611)
(0.1525001 0.02653533 -0.05813178)
(0.1003581 -0.001934032 0.0002524957)
(0.1010375 -0.00266619 0.000475434)
(0.1015411 -0.002997392 0.000643314)
(0.1019815 -0.003152479 0.0007659851)
(0.1024639 -0.003188875 0.0008510857)
(0.1029777 -0.003161486 0.0009040904)
(0.103509 -0.003104494 0.0009297385)
(0.1040527 -0.003036722 0.000930864)
(0.104601 -0.002970601 0.0009081146)
(0.1051445 -0.002915975 0.0008598962)
(0.1056738 -0.002882321 0.0007818503)
(0.106178 -0.002880579 0.0006659825)
(0.1066438 -0.002924942 0.0004995533)
(0.1070547 -0.003035288 0.0002625781)
(0.1073878 -0.003239806 -6.956029e-05)
(0.107609 -0.003582252 -0.0005254581)
(0.1076656 -0.004127944 -0.001141527)
(0.1074732 -0.004968788 -0.001968909)
(0.106902 -0.006236108 -0.00309422)
(0.1057714 -0.008109749 -0.004667118)
(0.1038777 -0.01080409 -0.006917342)
(0.1010949 -0.01449774 -0.01010339)
(0.09750475 -0.01919597 -0.01430908)
(0.09344324 -0.02462047 -0.01918531)
(0.0894526 -0.03030493 -0.02389121)
(0.08639726 -0.03595427 -0.02687738)
(0.08491408 -0.03943528 -0.02592772)
(0.08696357 -0.03941149 -0.02479808)
(0.09496173 -0.02770444 -0.03676773)
(0.1389929 -0.001662518 -0.05770233)
(0.09851657 -0.001441901 0.000246236)
(0.09768243 -0.001927172 0.0004608207)
(0.09577125 -0.002123366 0.0006201249)
(0.09372582 -0.002194141 0.0007337848)
(0.091779 -0.002166488 0.0008096724)
(0.08990314 -0.002082808 0.0008537833)
(0.08810586 -0.001973971 0.0008715447)
(0.0863978 -0.001857168 0.0008667751)
(0.08477576 -0.001742706 0.0008414788)
(0.08323043 -0.001637086 0.0007959352)
(0.0817498 -0.001544832 0.0007284952)
(0.08031905 -0.001470159 0.000635281)
(0.07891958 -0.001418721 0.0005099655)
(0.07752808 -0.001399738 0.0003431321)
(0.07611401 -0.001428853 0.0001231016)
(0.07463346 -0.001531507 -0.0001608975)
(0.07302083 -0.001750252 -0.0005134251)
(0.07117692 -0.002155404 -0.000932495)
(0.06895764 -0.002857102 -0.001421273)
(0.06618006 -0.004025499 -0.002006476)
(0.06267426 -0.005893525 -0.002726436)
(0.05838473 -0.00867129 -0.003490161)
(0.05344538 -0.0123155 -0.003819053)
(0.0482226 -0.01636028 -0.002860152)
(0.04310511 -0.020204 0.0002127371)
(0.03870321 -0.0238793 0.005128505)
(0.03471584 -0.02589507 0.01304314)
(0.03497319 -0.02705391 0.02173036)
(0.03537366 -0.02096462 0.009469451)
(0.08669795 -0.00535506 -0.02124378)
(0.1010524 -0.0003839412 5.073677e-05)
(0.1054807 -0.0007672063 8.92277e-05)
(0.1089608 -0.0009009936 0.0001126359)
(0.1121599 -0.0007983289 0.0001264486)
(0.1152684 -0.0006135818 0.0001342397)
(0.1181734 -0.0004106448 0.0001382549)
(0.1208528 -0.0002113682 0.0001404586)
(0.1233247 -2.572977e-05 0.0001426767)
(0.1256057 0.0001437645 0.0001468781)
(0.1277119 0.0002995983 0.0001554717)
(0.129661 0.0004474127 0.000171642)
(0.1314723 0.0005956725 0.0002006071)
(0.133172 0.0007569713 0.0002514318)
(0.1347645 0.0009545811 0.000342454)
(0.1362414 0.001203226 0.0004947521)
(0.1376022 0.001524591 0.0007319892)
(0.1388558 0.001943077 0.001087386)
(0.1400301 0.002482652 0.001604543)
(0.1411847 0.003186707 0.002348966)
(0.1423862 0.004099725 0.003416185)
(0.1436844 0.005251949 0.004925625)
(0.1451065 0.006640716 0.00699833)
(0.1466477 0.008206013 0.00970391)
(0.1482599 0.009815732 0.01297462)
(0.1498311 0.01135556 0.01652442)
(0.1508578 0.01291007 0.01983303)
(0.149729 0.01583257 0.02205921)
(0.1393224 0.02157932 0.02167084)
(0.1238094 0.03291851 0.01432814)
(0.03836637 0.06031395 -0.0005400646)
(0.1002722 -0.0009146965 5.122816e-05)
(0.1010664 -0.001615426 9.123903e-05)
(0.1021654 -0.001926764 0.0001159109)
(0.1035102 -0.001940655 0.0001304739)
(0.1050839 -0.001841549 0.0001380144)
(0.1068063 -0.001705202 0.0001399217)
(0.1086218 -0.001558641 0.0001369383)
(0.1104981 -0.001414892 0.0001290454)
(0.1124093 -0.001279014 0.0001154265)
(0.1143341 -0.001151446 9.447676e-05)
(0.1162556 -0.001030475 6.373595e-05)
(0.1181603 -0.0009135084 1.995925e-05)
(0.1200418 -0.0007957311 -4.086487e-05)
(0.1219151 -0.0006470811 -0.0001207792)
(0.1237891 -0.0004476072 -0.000219644)
(0.1256718 -0.0001695259 -0.0003378643)
(0.1275808 0.0002202856 -0.0004750633)
(0.1295439 0.0007575776 -0.0006285131)
(0.1316092 0.001505833 -0.0007910343)
(0.1338575 0.00254814 -0.0009453849)
(0.1363627 0.003966611 -0.00106129)
(0.1391586 0.005796182 -0.001100253)
(0.1422743 0.008006471 -0.001047822)
(0.1456754 0.01049777 -0.0009854084)
(0.1492531 0.01327399 -0.001119053)
(0.1532695 0.01742719 -0.001719762)
(0.1559583 0.02705628 -0.002586427)
(0.1487909 0.04230336 -0.004699919)
(0.1368892 0.06598066 -0.01280731)
(0.06734494 0.1012679 -0.02585231)
(0.1003384 -0.001933368 5.132824e-05)
(0.1009736 -0.002665148 9.152879e-05)
(0.1014362 -0.002994677 0.0001167658)
(0.1018478 -0.003146605 0.0001322199)
(0.1023088 -0.003177943 0.0001409173)
(0.1028054 -0.003142966 0.0001442364)
(0.1033226 -0.003075017 0.0001429608)
(0.1038537 -0.002991669 0.000137153)
(0.1043895 -0.00290351 0.000126085)
(0.1049191 -0.002817768 0.0001081519)
(0.1054307 -0.002740405 8.053302e-05)
(0.1059096 -0.002678107 3.855022e-05)
(0.1063349 -0.00263921 -2.523626e-05)
(0.1066837 -0.002617421 -0.0001239148)
(0.1069337 -0.002608719 -0.0002747727)
(0.1070569 -0.002610122 -0.0005014636)
(0.1070198 -0.002620926 -0.0008356263)
(0.1067813 -0.002646886 -0.001317548)
(0.1062958 -0.002699688 -0.001995061)
(0.1055131 -0.002804041 -0.002919669)
(0.1044084 -0.002988988 -0.004142831)
(0.1029569 -0.003308527 -0.005744866)
(0.1010188 -0.003921682 -0.007908353)
(0.0984432 -0.005150234 -0.01092564)
(0.09563973 -0.007487629 -0.0150221)
(0.09378097 -0.01100776 -0.0194858)
(0.09875246 -0.002946296 -0.02162479)
(0.1046758 0.01769109 -0.02283264)
(0.1066779 0.05347119 -0.03009196)
(0.07256224 0.09679261 -0.04283923)
(0.09849702 -0.001441191 5.016553e-05)
(0.09761929 -0.001925767 8.858996e-05)
(0.09566753 -0.002120701 0.0001119682)
(0.09359357 -0.002189807 0.0001253858)
(0.09162546 -0.002159876 0.0001319636)
(0.08973242 -0.002073058 0.0001332341)
(0.0879203 -0.001960009 0.0001301027)
(0.08619772 -0.001837585 0.0001227526)
(0.08455923 -0.001715557 0.0001105785)
(0.08299276 -0.001599563 9.211458e-05)
(0.08148238 -0.001492659 6.475261e-05)
(0.08000744 -0.001396491 2.420713e-05)
(0.07853974 -0.00131225 -3.625421e-05)
(0.07704362 -0.001238973 -0.0001276278)
(0.07547677 -0.001177887 -0.0002649902)
(0.07378602 -0.001133245 -0.0004682799)
(0.07190327 -0.001114109 -0.000761989)
(0.0697421 -0.001138962 -0.001171936)
(0.06719262 -0.001241294 -0.001720109)
(0.06410771 -0.001486224 -0.002418797)
(0.06027749 -0.001973813 -0.003281737)
(0.05542536 -0.002828795 -0.004372737)
(0.04918635 -0.004254743 -0.00586474)
(0.04120986 -0.006735729 -0.008059763)
(0.03030882 -0.01151512 -0.0112568)
(0.01671967 -0.02151594 -0.01631057)
(-0.01416806 -0.01234629 -0.02357407)
(-0.0158646 0.01104071 -0.02729685)
(0.01965082 0.05197076 -0.04447217)
(0.05198843 0.07888683 -0.06294383)
(0.1010524 -0.0003839479 -5.068781e-05)
(0.1054807 -0.0007672142 -8.909285e-05)
(0.1089609 -0.0009010001 -0.0001123827)
(0.11216 -0.0007983327 -0.0001260473)
(0.1152685 -0.0006135827 -0.0001336617)
(0.1181735 -0.0004106431 -0.000137473)
(0.120853 -0.0002113645 -0.0001394481)
(0.1233249 -2.572499e-05 -0.0001414148)
(0.1256058 0.0001437693 -0.000145345)
(0.127712 0.0002996023 -0.0001536501)
(0.1296612 0.0004474154 -0.0001695161)
(0.1314725 0.0005956735 -0.000198166)
(0.1331721 0.0007569712 -0.0002486757)
(0.1347645 0.0009545825 -0.0003393945)
(0.1362413 0.001203233 -0.000491414)
(0.137602 0.00152461 -0.0007284193)
(0.1388554 0.001943115 -0.001083663)
(0.1400293 0.002482715 -0.001600786)
(0.1411835 0.003186794 -0.00234535)
(0.1423842 0.004099807 -0.00341295)
(0.1436815 0.005251978 -0.004923109)
(0.1451023 0.006640462 -0.006996934)
(0.1466419 0.008205085 -0.009704098)
(0.1482528 0.009813362 -0.01297674)
(0.1498241 0.01135082 -0.01652858)
(0.1508544 0.01290218 -0.01983877)
(0.1497285 0.01582605 -0.02206488)
(0.1393224 0.0215717 -0.02167876)
(0.1238108 0.03291022 -0.01434017)
(0.03837452 0.06030717 0.0005206825)
(0.1002722 -0.0009147052 -5.12726e-05)
(0.1010664 -0.001615436 -9.133295e-05)
(0.1021654 -0.001926773 -0.0001160585)
(0.1035102 -0.001940661 -0.000130678)
(0.1050839 -0.001841551 -0.000138277)
(0.1068063 -0.001705201 -0.000140244)
(0.1086218 -0.001558638 -0.0001373218)
(0.1104981 -0.001414891 -0.0001294918)
(0.1124093 -0.001279016 -0.0001159381)
(0.114334 -0.001151455 -9.505786e-05)
(0.1162555 -0.001030494 -6.439312e-05)
(0.1181603 -0.0009135404 -2.070292e-05)
(0.1200416 -0.0007957811 4.001851e-05)
(0.1219149 -0.0006471543 0.0001198072)
(0.1237888 -0.0004477116 0.0002185128)
(0.1256713 -0.0001696701 0.0003365263)
(0.12758 0.0002200843 0.0004734482)
(0.1295427 0.0007572841 0.0006265181)
(0.1316074 0.001505363 0.0007885196)
(0.1338547 0.002547277 0.0009421682)
(0.1363588 0.003965006 0.001057094)
(0.1391529 0.00579306 0.001094727)
(0.1422659 0.008000367 0.001040643)
(0.1456639 0.01048629 0.0009763604)
(0.1492396 0.01325409 0.001108293)
(0.1532628 0.01740221 0.001707933)
(0.155957 0.02704325 0.002577285)
(0.1487903 0.04228679 0.004688955)
(0.1368951 0.06595797 0.01279478)
(0.0673809 0.1012431 0.02583559)
(0.1003384 -0.001933371 -5.138149e-05)
(0.1009736 -0.002665153 -9.164108e-05)
(0.1014362 -0.002994681 -0.0001169465)
(0.1018478 -0.003146609 -0.0001324798)
(0.1023088 -0.003177948 -0.0001412677)
(0.1028053 -0.003142971 -0.0001446897)
(0.1033226 -0.003075022 -0.0001435305)
(0.1038536 -0.002991677 -0.0001378542)
(0.1043894 -0.002903522 -0.0001269352)
(0.104919 -0.002817787 -0.0001091717)
(0.1054305 -0.002740433 -8.174765e-05)
(0.1059095 -0.00267815 -3.999007e-05)
(0.1063347 -0.002639274 2.353285e-05)
(0.1066834 -0.002617517 0.0001218987)
(0.1069332 -0.00260886 0.000272381)
(0.1070562 -0.002610326 0.0004986066)
(0.1070187 -0.002621221 0.0008321762)
(0.1067795 -0.002647322 0.001313326)
(0.1062931 -0.002700353 0.001989799)
(0.1055088 -0.002805123 0.002912966)
(0.104401 -0.002991014 0.004134177)
(0.1029442 -0.00331244 0.005733747)
(0.1009971 -0.003929462 0.007894468)
(0.0984073 -0.00516595 0.01090955)
(0.09558773 -0.007519816 0.01500586)
(0.09371214 -0.01106515 0.01947663)
(0.09871352 -0.002966493 0.02163328)
(0.1046169 0.01767281 0.02283282)
(0.106639 0.05344475 0.03007868)
(0.07260623 0.09675581 0.04281556)
(0.09849701 -0.001441192 -5.022039e-05)
(0.09761928 -0.001925768 -8.870382e-05)
(0.09566752 -0.002120702 -0.0001121487)
(0.09359355 -0.002189809 -0.0001256431)
(0.09162543 -0.002159877 -0.0001323093)
(0.08973238 -0.002073059 -0.0001336817)
(0.08792025 -0.001960009 -0.0001306679)
(0.08619765 -0.001837585 -0.0001234541)
(0.08455914 -0.001715558 -0.0001114383)
(0.08299265 -0.001599565 -9.315974e-05)
(0.08148223 -0.001492664 -6.601662e-05)
(0.08000722 -0.001396501 -2.573296e-05)
(0.07853944 -0.001312267 3.441084e-05)
(0.07704319 -0.001239002 0.0001253906)
(0.07547615 -0.001177932 0.000262261)
(0.0737851 -0.001133317 0.0004649041)
(0.0719019 -0.001114218 0.0007577433)
(0.06974003 -0.001139128 0.001166485)
(0.06718942 -0.001241527 0.001712947)
(0.06410274 -0.00148651 0.00240917)
(0.06026965 -0.001974191 0.003268609)
(0.05541287 -0.00282944 0.004354756)
(0.04916664 -0.004256018 0.005840308)
(0.04117925 -0.006739568 0.008027259)
(0.03026116 -0.01152923 0.01121517)
(0.01663869 -0.02156005 0.01626509)
(-0.01432717 -0.01222956 0.02355007)
(-0.01586813 0.01106782 0.02725827)
(0.01961116 0.05192937 0.04444683)
(0.05212737 0.07883015 0.06293252)
(0.1010714 -0.0003826227 -0.0002438509)
(0.1055392 -0.0007650328 -0.0004511558)
(0.1090529 -0.0008989582 -0.000598921)
(0.1122717 -0.000798466 -0.0006985136)
(0.1153904 -0.0006183468 -0.0007598592)
(0.1182983 -0.0004228344 -0.0007912641)
(0.1209736 -0.0002343396 -0.0008007828)
(0.1234336 -6.360057e-05 -0.0007956522)
(0.1256934 8.588271e-05 -0.0007827392)
(0.1277667 0.0002150928 -0.0007694165)
(0.1296659 0.0003270961 -0.0007656925)
(0.1314003 0.0004262337 -0.0007871205)
(0.1329749 0.0005178012 -0.0008582123)
(0.1343854 0.0006065973 -0.001020396)
(0.1356168 0.0006939604 -0.001325361)
(0.1366507 0.0007766455 -0.001837249)
(0.1374688 0.00084136 -0.002639517)
(0.1380573 0.0008576397 -0.003827048)
(0.1384123 0.0007680199 -0.005497017)
(0.1385391 0.0004739726 -0.007717041)
(0.1384638 -0.0001697132 -0.01046588)
(0.1382673 -0.001338117 -0.01357646)
(0.1381306 -0.003180644 -0.01671642)
(0.1383501 -0.005724341 -0.01943485)
(0.1392449 -0.008754445 -0.02126519)
(0.1409833 -0.01179814 -0.02165397)
(0.1435548 -0.01358635 -0.02024717)
(0.1446485 -0.01220372 -0.01655897)
(0.1458222 -0.003518821 -0.007628013)
(0.1140476 0.01684523 0.006460496)
(0.1002922 -0.0009137591 -0.0002509522)
(0.1011312 -0.001614645 -0.0004720881)
(0.1022714 -0.001927748 -0.0006365099)
(0.1036445 -0.001946264 -0.0007539289)
(0.1052388 -0.001855436 -0.0008319932)
(0.1069777 -0.001731869 -0.000876049)
(0.1088068 -0.001603861 -0.0008904028)
(0.1106958 -0.0014862 -0.0008770029)
(0.11262 -0.001386298 -0.0008349975)
(0.1145591 -0.001307838 -0.000760703)
(0.1164968 -0.001253634 -0.0006477955)
(0.1184193 -0.001226637 -0.000487706)
(0.1203149 -0.001230387 -0.000270006)
(0.1221743 -0.001272928 1.517049e-05)
(0.123987 -0.001372724 0.0003767731)
(0.125739 -0.001555721 0.0008243022)
(0.1274116 -0.001864028 0.001367254)
(0.1289779 -0.002365056 0.002018567)
(0.1303982 -0.003166248 0.002807761)
(0.1316127 -0.004433378 0.003802524)
(0.1325393 -0.006395369 0.005131656)
(0.133098 -0.009302509 0.006983142)
(0.1332699 -0.01329703 0.009561945)
(0.1331647 -0.01822394 0.01298872)
(0.1330344 -0.02351299 0.01718537)
(0.1333975 -0.02816642 0.0217923)
(0.134891 -0.03000803 0.02603192)
(0.1370882 -0.02661685 0.03129915)
(0.1446988 -0.008280235 0.04545534)
(0.1525286 0.02649909 0.0581134)
(0.1003581 -0.001934041 -0.0002525447)
(0.1010375 -0.002666202 -0.0004755376)
(0.1015411 -0.002997404 -0.0006434812)
(0.1019814 -0.003152491 -0.0007662261)
(0.1024638 -0.003188885 -0.0008514118)
(0.1029775 -0.003161497 -0.0009045133)
(0.1035089 -0.003104507 -0.0009302712)
(0.1040525 -0.00303674 -0.0009315205)
(0.1046007 -0.00297063 -0.0009089111)
(0.1051443 -0.002916021 -0.0008608509)
(0.1056735 -0.002882396 -0.0007829835)
(0.1061776 -0.002880697 -0.0006673162)
(0.1066433 -0.002925125 -0.0005011104)
(0.1070541 -0.003035564 -0.0002643824)
(0.107387 -0.003240227 6.748047e-05)
(0.107608 -0.003582858 0.0005230854)
(0.1076642 -0.004128833 0.001138853)
(0.1074712 -0.004970112 0.001965965)
(0.1068991 -0.006238112 0.003091147)
(0.1057672 -0.00811279 0.004664281)
(0.1038716 -0.01080862 0.006915405)
(0.1010868 -0.01450405 0.01010305)
(0.09749506 -0.01920375 0.01431035)
(0.09343263 -0.02462833 0.01918651)
(0.08944235 -0.03031098 0.02388829)
(0.08638676 -0.03595692 0.0268601)
(0.08490195 -0.03942808 0.02588121)
(0.0869498 -0.03940362 0.02472725)
(0.09493829 -0.027729 0.03665324)
(0.1390413 -0.001730068 0.0575727)
(0.09851657 -0.001441904 -0.0002462863)
(0.09768241 -0.001927177 -0.0004609252)
(0.09577122 -0.002123371 -0.0006202911)
(0.09372576 -0.002194144 -0.0007340221)
(0.09177891 -0.002166489 -0.0008099922)
(0.08990302 -0.002082807 -0.0008541986)
(0.0881057 -0.00197397 -0.0008720709)
(0.0863976 -0.001857166 -0.00086743)
(0.08477552 -0.001742705 -0.0008422839)
(0.08323012 -0.001637089 -0.0007969158)
(0.08174942 -0.001544843 -0.0007296827)
(0.08031858 -0.001470185 -0.0006367132)
(0.078919 -0.001418774 -0.00051169)
(0.07752734 -0.001399837 -0.0003452086)
(0.07611305 -0.001429035 -0.0001256141)
(0.0746322 -0.001531833 0.0001578479)
(0.07301911 -0.001750824 0.0005096961)
(0.0711745 -0.002156399 0.0009279062)
(0.06895413 -0.002858828 0.001415601)
(0.06617499 -0.004028433 0.001999445)
(0.06266719 -0.005898282 0.002717432)
(0.05837556 -0.008678182 0.003477456)
(0.05343475 -0.01232345 0.003798532)
(0.04821225 -0.01636582 0.002824633)
(0.0430994 -0.02020128 -0.0002730622)
(0.03870817 -0.02386094 -0.005224277)
(0.03474914 -0.02585391 -0.01318195)
(0.03506453 -0.02701897 -0.02194413)
(0.03548339 -0.02101088 -0.00981546)
(0.08677877 -0.005509898 0.0207396)
(0.1010977 -0.0003861048 -0.0003694046)
(0.1056468 -0.0007743699 -0.0006205316)
(0.1092539 -0.0009185213 -0.0007850532)
(0.1125455 -0.000836151 -0.000892019)
(0.1157151 -0.0006844981 -0.0009468261)
(0.1186515 -0.0005304463 -0.0009565632)
(0.1213322 -0.0004001253 -0.0009280794)
(0.1237747 -0.0003095699 -0.0008662512)
(0.1259921 -0.0002698255 -0.0007764281)
(0.1279917 -0.0002906603 -0.0006610975)
(0.129773 -0.0003839031 -0.000516408)
(0.1313269 -0.0005651713 -0.0003393145)
(0.132633 -0.0008563306 -0.0001282024)
(0.1336577 -0.001287283 0.0001184638)
(0.1343523 -0.001896091 0.0004125019)
(0.134659 -0.002730759 0.0007774827)
(0.1345269 -0.00385276 0.001253479)
(0.1339373 -0.00533865 0.001908274)
(0.1329407 -0.007275083 0.002849231)
(0.1316921 -0.009734846 0.004229061)
(0.1304584 -0.01272573 0.006223343)
(0.1295674 -0.01613331 0.008958536)
(0.1293135 -0.01972131 0.01242285)
(0.1299231 -0.02321653 0.01642829)
(0.1315921 -0.02638214 0.02064114)
(0.134691 -0.02890849 0.02447183)
(0.1394716 -0.03028819 0.02737441)
(0.1464172 -0.02984442 0.02911204)
(0.1547544 -0.02418617 0.03067718)
(0.1631211 -0.01214258 0.03140711)
(0.1003183 -0.00091693 -0.0003783777)
(0.1012444 -0.001624961 -0.0006476991)
(0.1024898 -0.001951952 -0.0008378838)
(0.1039509 -0.001995378 -0.0009785406)
(0.105616 -0.001944094 -0.001073869)
(0.1074088 -0.001878843 -0.001129217)
(0.1092772 -0.001833692 -0.001148726)
(0.1111936 -0.00183173 -0.001132213)
(0.1131369 -0.001892398 -0.001075296)
(0.1150881 -0.002036519 -0.0009688513)
(0.1170291 -0.002289535 -0.0007984134)
(0.1189404 -0.002683757 -0.0005439632)
(0.1207986 -0.003260769 -0.0001794989)
(0.1225734 -0.004072217 0.0003271643)
(0.1242205 -0.005180848 0.001023752)
(0.125683 -0.006660207 0.001981126)
(0.1268924 -0.008591557 0.003287563)
(0.1277832 -0.01105845 0.005052005)
(0.1283205 -0.01412437 0.007402937)
(0.1285362 -0.01778404 0.01046698)
(0.128543 -0.0218864 0.01429744)
(0.1284973 -0.02609365 0.01876644)
(0.1285316 -0.02999235 0.02353737)
(0.1287669 -0.03331445 0.0281764)
(0.1293836 -0.0360271 0.03228123)
(0.1309169 -0.03816163 0.03550219)
(0.1339067 -0.03942285 0.037433)
(0.1407754 -0.03922809 0.03804992)
(0.150966 -0.03431245 0.03992767)
(0.1945379 -0.02319301 0.04225178)
(0.1003834 -0.00193697 -0.0003811291)
(0.1011479 -0.002672067 -0.0006542521)
(0.101755 -0.003009654 -0.0008512257)
(0.1022824 -0.003175796 -0.001002342)
(0.1028346 -0.003229541 -0.001112921)
(0.1033998 -0.003227921 -0.00118997)
(0.1039645 -0.003207944 -0.001240218)
(0.1045246 -0.003192737 -0.001267484)
(0.105073 -0.00320138 -0.001273503)
(0.1055998 -0.003253572 -0.001257895)
(0.106093 -0.003372478 -0.001216396)
(0.1065365 -0.003587488 -0.001138663)
(0.1069071 -0.003937448 -0.001004449)
(0.1071691 -0.00447507 -0.0007789022)
(0.1072704 -0.00527081 -0.000410095)
(0.1071416 -0.006411614 0.0001876234)
(0.1066972 -0.008003647 0.001150507)
(0.1058514 -0.01017379 0.002682587)
(0.1045571 -0.01305062 0.004996636)
(0.1028991 -0.01667128 0.008241313)
(0.1011186 -0.02085453 0.01229361)
(0.09952466 -0.02514648 0.01664318)
(0.09833084 -0.02901926 0.02064321)
(0.09759504 -0.03222712 0.02384946)
(0.09730583 -0.03493311 0.02595531)
(0.09774299 -0.03751364 0.02638107)
(0.09896531 -0.04018658 0.02380956)
(0.1032937 -0.04269165 0.01733484)
(0.1096572 -0.0458075 0.005593281)
(0.1527902 -0.04735012 -0.006341068)
(0.09854156 -0.001440434 -0.0003720819)
(0.09779024 -0.001924471 -0.0006333621)
(0.0959802 -0.00212184 -0.0008177433)
(0.09402042 -0.002196282 -0.0009559065)
(0.09214209 -0.002175347 -0.001053867)
(0.09031684 -0.002102 -0.001119428)
(0.08855265 -0.0020077 -0.00116047)
(0.08686218 -0.00191067 -0.001182608)
(0.08524426 -0.001822959 -0.001190283)
(0.083691 -0.001753842 -0.001187427)
(0.08219084 -0.001712249 -0.001177174)
(0.08072724 -0.00170939 -0.001161886)
(0.07927563 -0.001762013 -0.001143498)
(0.07780015 -0.001896097 -0.00112488)
(0.07624722 -0.002149898 -0.001108045)
(0.07453317 -0.002582097 -0.001095521)
(0.07254034 -0.003284755 -0.001101003)
(0.07013788 -0.004387287 -0.001170996)
(0.06723519 -0.006019509 -0.001465925)
(0.06388037 -0.008162985 -0.002438191)
(0.06038454 -0.01039419 -0.004945187)
(0.05738916 -0.0118277 -0.009920265)
(0.05570827 -0.011627 -0.01760885)
(0.05587461 -0.009739857 -0.02714844)
(0.0576844 -0.0070058 -0.03716823)
(0.06030043 -0.004601203 -0.04662637)
(0.06253137 -0.003557106 -0.05557759)
(0.06251232 -0.004318638 -0.06415903)
(0.06076264 -0.00916178 -0.07373918)
(0.06651742 -0.01563531 -0.08265522)
(0.1012229 -0.0003790979 -0.001098985)
(0.1059238 -0.0007644556 -0.001517254)
(0.1095337 -0.0009135706 -0.001679226)
(0.1127695 -0.0008426614 -0.001707362)
(0.1158655 -0.0007070396 -0.001612724)
(0.1187167 -0.0005729643 -0.001410898)
(0.1213121 -0.0004669789 -0.001105953)
(0.1236792 -0.0004063268 -0.0006859945)
(0.1258416 -0.0004018056 -0.0001224316)
(0.1277952 -0.0004596764 0.0006282357)
(0.1295529 -0.0005929205 0.001618432)
(0.1311158 -0.0008179147 0.002917184)
(0.132479 -0.001158525 0.004608795)
(0.1336411 -0.001648907 0.006784277)
(0.1346031 -0.002315381 0.009526866)
(0.1353648 -0.00317062 0.01289349)
(0.1359379 -0.004213106 0.01688826)
(0.1363557 -0.005417057 0.02143455)
(0.1366739 -0.006720165 0.02636198)
(0.1369505 -0.008021065 0.03142561)
(0.1372164 -0.009210477 0.03635534)
(0.1374843 -0.01023298 0.04090652)
(0.1378195 -0.0111125 0.04488475)
(0.1384102 -0.01190602 0.04814088)
(0.139568 -0.01261257 0.05052134)
(0.1416366 -0.01306218 0.0518005)
(0.1447078 -0.0126967 0.05151118)
(0.1482995 -0.01056222 0.04923596)
(0.1519168 -0.003113989 0.04381973)
(0.1455939 0.01072596 0.03592531)
(0.1004473 -0.0009143382 -0.001146902)
(0.1015353 -0.001624485 -0.001636521)
(0.1027788 -0.001961374 -0.001901982)
(0.1041608 -0.00202214 -0.002073831)
(0.1057101 -0.001994086 -0.002167719)
(0.1073547 -0.001957551 -0.00220737)
(0.1090526 -0.001947617 -0.002208389)
(0.1107888 -0.00198992 -0.002173527)
(0.1125544 -0.002105903 -0.002094437)
(0.114346 -0.002319528 -0.001951956)
(0.1161641 -0.002664109 -0.001718836)
(0.1180114 -0.003181195 -0.001357902)
(0.1198903 -0.003926032 -0.0008198504)
(0.1217981 -0.004963233 -2.717683e-05)
(0.1236983 -0.006311545 0.001112814)
(0.1255941 -0.007987568 0.002686248)
(0.1274839 -0.009956284 0.00476247)
(0.129384 -0.01210037 0.007354179)
(0.1313382 -0.01418978 0.01037547)
(0.1333957 -0.01589065 0.01363518)
(0.1355601 -0.01688088 0.01689953)
(0.1377718 -0.01704225 0.0199702)
(0.1399789 -0.01654197 0.0226962)
(0.1422427 -0.01572819 0.02492585)
(0.1447885 -0.01494951 0.02640868)
(0.1481004 -0.01437412 0.02671803)
(0.1527039 -0.01381743 0.02496428)
(0.1605388 -0.0126728 0.02025395)
(0.1712792 -0.009004459 0.009752857)
(0.2101212 0.0001275379 -0.001559466)
(0.1005109 -0.001940267 -0.001156016)
(0.1014337 -0.002677764 -0.001657088)
(0.1020345 -0.003020971 -0.001940536)
(0.102474 -0.003195596 -0.002138597)
(0.1028925 -0.003261427 -0.002270419)
(0.1032781 -0.003276021 -0.00236453)
(0.103622 -0.003277601 -0.002443871)
(0.103925 -0.003292219 -0.00252289)
(0.1041817 -0.003343543 -0.002614329)
(0.1043837 -0.00345714 -0.002732495)
(0.1045229 -0.003664044 -0.002889273)
(0.1045921 -0.004003866 -0.003090668)
(0.1045871 -0.004527394 -0.003328836)
(0.1045081 -0.005294947 -0.003582606)
(0.1043757 -0.006370216 -0.003830939)
(0.1042519 -0.007816566 -0.004045032)
(0.1042538 -0.009675481 -0.004183922)
(0.1045666 -0.01192244 -0.004255688)
(0.1054256 -0.01436258 -0.004365732)
(0.1070286 -0.0165643 -0.004752303)
(0.1094422 -0.01801193 -0.005593699)
(0.1124971 -0.01847664 -0.006844824)
(0.1158405 -0.01816478 -0.008376333)
(0.1191397 -0.01751738 -0.01019106)
(0.1222537 -0.01693858 -0.01258375)
(0.1252268 -0.01656576 -0.01622872)
(0.1283213 -0.01616365 -0.02246411)
(0.1315399 -0.01570964 -0.03146149)
(0.1347245 -0.01578215 -0.04537776)
(0.143986 -0.01418394 -0.06092182)
(0.09866709 -0.001445292 -0.001128567)
(0.09807493 -0.001932724 -0.001615962)
(0.09625973 -0.002132354 -0.001885208)
(0.09421211 -0.002208828 -0.00206496)
(0.09219926 -0.002190561 -0.002174589)
(0.09019255 -0.00212053 -0.002242769)
(0.08820484 -0.002030302 -0.002293566)
(0.08625346 -0.001938692 -0.002343941)
(0.08433791 -0.001858824 -0.002410369)
(0.08244823 -0.001802059 -0.002513078)
(0.08056803 -0.001782144 -0.002676356)
(0.07867145 -0.001820354 -0.002930262)
(0.07671723 -0.001952814 -0.003314808)
(0.07464589 -0.002236014 -0.003891584)
(0.07237718 -0.002738668 -0.004727083)
(0.06981541 -0.003537055 -0.005929138)
(0.06688503 -0.004668594 -0.007754887)
(0.0636262 -0.005977024 -0.01070334)
(0.06036044 -0.006887467 -0.01550381)
(0.05781089 -0.006440382 -0.02275158)
(0.05690967 -0.003901351 -0.03226595)
(0.05820943 0.000554102 -0.04293193)
(0.06144797 0.005937346 -0.05336476)
(0.06573928 0.01111363 -0.06263235)
(0.07006919 0.01522858 -0.07045699)
(0.07341379 0.01776719 -0.07700785)
(0.07520221 0.01853909 -0.08285739)
(0.07415231 0.01777496 -0.0883018)
(0.07146145 0.01597251 -0.09401706)
(0.06051951 0.01349272 -0.09840173)
(0.1001588 -0.0003959325 -0.0009480922)
(0.1040806 -0.000787708 -0.001326464)
(0.1062799 -0.0009208726 -0.001470515)
(0.1080599 -0.0007982111 -0.001490922)
(0.109776 -0.0005677024 -0.001399241)
(0.1113191 -0.0002887954 -0.001207812)
(0.1127066 2.049457e-05 -0.0009187704)
(0.1140092 0.000352745 -0.0005186391)
(0.1152863 0.0007072697 2.399308e-05)
(0.1166137 0.001092063 0.0007502294)
(0.1180697 0.00152878 0.00171385)
(0.1197378 0.002049736 0.00298967)
(0.121684 0.002702591 0.004673587)
(0.1239281 0.003559218 0.006875987)
(0.1264221 0.004709678 0.009700748)
(0.1290304 0.006238638 0.01322893)
(0.1315195 0.008201548 0.01748997)
(0.1335917 0.01057991 0.02242476)
(0.1349734 0.01324759 0.02785795)
(0.1355243 0.01598295 0.03350296)
(0.1352959 0.01853199 0.03901321)
(0.1345076 0.02068066 0.04406093)
(0.1334706 0.02229331 0.04839334)
(0.1325005 0.02332049 0.05183439)
(0.1318426 0.02380282 0.05422964)
(0.1314632 0.02390101 0.05536926)
(0.1311126 0.02398119 0.05483871)
(0.1284888 0.02476001 0.05219208)
(0.1248482 0.02801783 0.04587091)
(0.09525631 0.03679301 0.03638477)
(0.09934778 -0.0009275001 -0.0009630462)
(0.09958405 -0.001627137 -0.001364645)
(0.09929173 -0.001922344 -0.00157849)
(0.09904807 -0.001898874 -0.001713249)
(0.09900968 -0.001734488 -0.001783106)
(0.09910189 -0.001499676 -0.00180869)
(0.09930728 -0.001219596 -0.001804471)
(0.09964155 -0.0009116066 -0.001774622)
(0.1001416 -0.0005742364 -0.001711823)
(0.1008656 -0.0001651661 -0.001595028)
(0.1018653 0.0003734788 -0.001395265)
(0.1032262 0.001133107 -0.001067713)
(0.1050742 0.002265368 -0.0005453374)
(0.1074976 0.003962346 0.0002720044)
(0.1106686 0.006419492 0.001516546)
(0.1146175 0.009864679 0.003328786)
(0.1192141 0.01447264 0.005842379)
(0.1240951 0.02024299 0.009122335)
(0.1287288 0.0268966 0.01309059)
(0.1326158 0.03389727 0.01749734)
(0.1354877 0.0406194 0.02198084)
(0.1373628 0.04654293 0.02618209)
(0.138462 0.05134365 0.02981661)
(0.1390656 0.05489697 0.0326623)
(0.1393851 0.05726633 0.03447608)
(0.1393254 0.05873718 0.03489782)
(0.1385963 0.059934 0.03319957)
(0.1349796 0.06203164 0.02852695)
(0.1300839 0.06776244 0.01773333)
(0.1010303 0.07856364 0.002903203)
(0.09940852 -0.001918964 -0.000975071)
(0.09947397 -0.002651697 -0.00138747)
(0.09852352 -0.002986482 -0.001612309)
(0.09730569 -0.003138729 -0.001761786)
(0.0960853 -0.003163399 -0.001854392)
(0.09484562 -0.003112252 -0.001915576)
(0.09359791 -0.003018727 -0.00196653)
(0.09235916 -0.002906927 -0.002021991)
(0.09112886 -0.002785218 -0.002096127)
(0.08990981 -0.002631667 -0.002206269)
(0.08872254 -0.00242163 -0.002370157)
(0.08761377 -0.002121028 -0.002603566)
(0.08669743 -0.001649605 -0.002908546)
(0.08625515 -0.000813302 -0.00325226)
(0.08665027 0.0007222652 -0.003581293)
(0.08821588 0.003478522 -0.0037882)
(0.09127139 0.008015267 -0.00369188)
(0.09595266 0.0147166 -0.003098332)
(0.1018714 0.02343871 -0.00195189)
(0.1082506 0.03336471 -0.0004286851)
(0.1143323 0.04333161 0.001157348)
(0.1196472 0.05231346 0.002549546)
(0.1240124 0.05965702 0.003624269)
(0.1273984 0.06507426 0.004318076)
(0.1298014 0.06855396 0.004497121)
(0.1309365 0.07032439 0.003864408)
(0.130503 0.07092189 0.001788575)
(0.1260049 0.07149307 -0.0025127)
(0.1207041 0.07515882 -0.01207367)
(0.09084832 0.08350362 -0.02588463)
(0.09760308 -0.001421037 -0.0009468877)
(0.0961991 -0.001891446 -0.00133014)
(0.09290185 -0.002070412 -0.001521393)
(0.0892867 -0.00212208 -0.001636594)
(0.08574336 -0.002073339 -0.001694252)
(0.08223483 -0.001964023 -0.001718906)
(0.07879124 -0.001823179 -0.001732205)
(0.07544291 -0.001667556 -0.001750515)
(0.07218742 -0.001506576 -0.001790465)
(0.06900672 -0.001344291 -0.001873345)
(0.06587484 -0.001188491 -0.002026239)
(0.06274989 -0.001060444 -0.00228446)
(0.05955496 -0.0009987081 -0.00269761)
(0.05621923 -0.001005864 -0.003344876)
(0.05265521 -0.0009681311 -0.004322665)
(0.04911603 -0.0005603122 -0.005766178)
(0.04615461 0.0008255114 -0.007877972)
(0.04463509 0.004073208 -0.01084286)
(0.04566265 0.009812532 -0.01462092)
(0.049709 0.01754679 -0.01889749)
(0.05623696 0.02588408 -0.02329423)
(0.06421956 0.03355724 -0.0275415)
(0.07265578 0.03985614 -0.03148227)
(0.08071354 0.04450305 -0.0350369)
(0.08772439 0.04746462 -0.03822157)
(0.09292852 0.04887029 -0.041178)
(0.09598396 0.04912343 -0.04423218)
(0.09546732 0.04916323 -0.04764341)
(0.09492288 0.05251277 -0.0520594)
(0.09443335 0.0598105 -0.05635365)
)
;

boundaryField
{
    maxY
    {
        type            fixedValue;
        value           uniform (0 0 0);
    }
    minX
    {
        type            fixedValue;
        value           uniform (0.1 0 0);
    }
    maxX
    {
        type            inletOutlet;
        inletValue      uniform (0 0 0);
        value           nonuniform List<vector> 
40
(
(0.09529778 0.0367849 -0.03639564)
(0.1010922 0.07855063 -0.002922674)
(0.09092516 0.08349227 0.02586403)
(0.09451317 0.05980111 0.05633789)
(0.145627 0.01071297 -0.03593153)
(0.2101506 0.0001056305 0.001530287)
(0.1440709 -0.01420873 0.06086959)
(0.06063673 0.01348264 0.09835098)
(0.1631421 -0.0121586 -0.03141364)
(0.1945411 -0.0231988 -0.04229669)
(0.1528547 -0.04735765 0.006195722)
(0.06675098 -0.01566697 0.08250944)
(0.1140476 0.0168517 -0.006451463)
(0.1525001 0.02653533 -0.05813178)
(0.1389929 -0.001662518 -0.05770233)
(0.08669795 -0.00535506 -0.02124378)
(0.03836637 0.06031395 -0.0005400646)
(0.06734494 0.1012679 -0.02585231)
(0.07256224 0.09679261 -0.04283923)
(0.05198843 0.07888683 -0.06294383)
(0.03837452 0.06030717 0.0005206825)
(0.0673809 0.1012431 0.02583559)
(0.07260623 0.09675581 0.04281556)
(0.05212737 0.07883015 0.06293252)
(0.1140476 0.01684523 0.006460496)
(0.1525286 0.02649909 0.0581134)
(0.1390413 -0.001730068 0.0575727)
(0.08677877 -0.005509898 0.0207396)
(0.1631211 -0.01214258 0.03140711)
(0.1945379 -0.02319301 0.04225178)
(0.1527902 -0.04735012 -0.006341068)
(0.06651742 -0.01563531 -0.08265522)
(0.1455939 0.01072596 0.03592531)
(0.2101212 0.0001275379 -0.001559466)
(0.143986 -0.01418394 -0.06092182)
(0.06051951 0.01349272 -0.09840173)
(0.09525631 0.03679301 0.03638477)
(0.1010303 0.07856364 0.002903203)
(0.09084832 0.08350362 -0.02588463)
(0.09443335 0.0598105 -0.05635365)
)
;
    }
    minZ
    {
        type            fixedValue;
        value           uniform (0 0 0);
    }
    maxZ
    {
        type            fixedValue;
        value           uniform (0 0 0);
    }
    topAir_to_rightSolid
    {
        type            fixedValue;
        value           uniform (0 0 0);
    }
    topAir_to_heater
    {
        type            fixedValue;
        value           uniform (0 0 0);
    }
    topAir_to_leftSolid
    {
        type            fixedValue;
        value           uniform (0 0 0);
    }
}


// ************************************************************************* //
