/*--------------------------------*- C++ -*----------------------------------*\
| =========                 |                                                 |
| \\      /  F ield         | OpenFOAM: The Open Source CFD Toolbox           |
|  \\    /   O peration     | Version:  v2012                                 |
|   \\  /    A nd           | Website:  www.openfoam.com                      |
|    \\/     M anipulation  |                                                 |
\*---------------------------------------------------------------------------*/
FoamFile
{
    version     2.0;
    format      ascii;
    class       volScalarField;
    location    "300/bottomAir";
    object      T;
}
// * * * * * * * * * * * * * * * * * * * * * * * * * * * * * * * * * * * * * //

dimensions      [0 0 0 1 0 0 0];


internalField   nonuniform List<scalar> 
1460
(
379.6422
379.8842
380.0044
379.9884
379.9621
379.9295
379.8931
379.8575
379.8286
379.8131
379.8184
379.8537
379.9318
380.0654
380.2494
380.4046
380.3876
380.3103
380.2538
380.2279
380.2273
380.2451
380.275
380.3105
380.3459
380.376
380.3973
380.3909
380.2358
379.9292
379.6685
380.5318
381.0846
381.1741
381.0215
380.8584
380.7305
380.6558
380.6356
380.6665
380.7452
380.8679
381.0255
381.1918
381.3146
381.3502
381.3049
381.213
381.1092
381.0215
380.9638
380.945
380.972
381.0509
381.182
381.3483
381.4963
381.3797
380.8159
379.9535
379.6434
381.2474
382.5808
383.1833
383.0304
382.7599
382.6895
382.7958
383.0201
383.3191
383.6578
383.9797
384.2228
384.3118
384.1831
384.1326
384.2351
384.1781
383.9913
383.7331
383.4519
383.1971
382.9996
382.9073
382.9772
383.2322
383.3302
382.7359
381.4578
379.934
379.5321
381.591
383.3178
384.4958
385.3508
386.0779
386.7583
387.4075
388.0182
388.576
389.0628
389.4559
389.7272
389.8481
389.8193
389.7958
389.8154
389.6861
389.4084
389.0126
388.526
387.9717
387.3677
386.7288
386.0625
385.3538
384.5246
383.3971
381.7678
379.8377
378.5353
380.0751
381.4413
382.6745
383.8598
385.0254
386.1713
387.2847
388.3453
389.328
390.2025
390.9315
391.4659
391.7531
391.8837
391.8763
391.7505
391.4696
390.9406
390.2234
389.3667
388.4069
387.3733
386.2904
385.178
384.0488
382.9029
381.7134
380.4006
378.9312
379.9485
380.1073
380.1498
380.0908
380.0367
379.9777
379.9156
379.8535
379.7953
379.7456
379.7107
379.7026
379.7506
379.8878
380.1088
380.3049
380.2103
380.1074
380.0775
380.091
380.1278
380.1781
380.236
380.2974
380.3586
380.4166
380.4694
380.5134
380.4436
380.229
380.0805
380.8084
381.1856
381.1823
381.0107
380.8366
380.6917
380.5874
380.5259
380.5077
380.5348
380.612
380.741
380.9327
381.1569
381.2111
381.0813
380.9465
380.8511
380.7989
380.7866
380.8135
380.8801
380.9879
381.1361
381.3138
381.4841
381.4704
381.0852
380.359
380.1426
381.5998
382.6482
383.0111
382.7557
382.4672
382.3756
382.4227
382.5679
382.7773
383.0183
383.2539
383.4307
383.4497
383.31
383.2673
383.3821
383.3839
383.2653
383.0895
382.8972
382.7246
382.6039
382.5708
382.6679
382.9518
383.1753
382.8136
381.8103
380.4265
380.1168
382.036
383.5301
384.5
385.1641
385.6842
386.1726
386.6736
387.1475
387.5591
387.8777
388.0707
388.088
387.8293
387.5285
387.4694
387.7722
388.0604
388.0615
387.8778
387.5645
387.1588
386.6939
386.2053
385.7308
385.2221
384.5766
383.6438
382.2244
380.4139
379.1565
380.7357
382.1153
383.3756
384.6065
385.8377
387.0719
388.2964
389.4865
390.6092
391.623
392.4721
393.0652
393.2558
393.1991
393.1632
393.2434
393.0568
392.4721
391.6393
390.6472
389.5496
388.3874
387.1931
385.9912
384.7944
383.6004
382.3812
381.052
379.5436
380.0077
380.1306
380.1528
380.0904
380.0311
379.9672
379.901
379.8347
379.7701
379.71
379.6623
379.6597
379.7794
380.2617
380.9374
381.2508
380.663
380.1392
380.0247
380.0394
380.0943
380.1598
380.2284
380.2968
380.363
380.4252
380.4817
380.5314
380.486
380.3105
380.1277
380.7812
381.1018
381.103
380.9503
380.7942
380.6577
380.5511
380.4773
380.4381
380.4381
380.4832
380.6539
381.2117
381.9109
382.076
381.432
380.8884
380.7311
380.7004
380.7128
380.7602
380.8396
380.9504
381.0905
381.2508
381.4043
381.3988
381.0797
380.4318
380.1845
381.5431
382.4631
382.7679
382.5753
382.3348
382.2276
382.2321
382.3201
382.4652
382.6422
382.8316
383.0526
383.4093
383.6421
383.6425
383.3743
383.034
382.8637
382.724
382.5857
382.4684
382.3986
382.4048
382.5163
382.7518
382.9403
382.6513
381.7811
380.4958
380.1565
382.0104
383.4232
384.2936
384.8396
385.2251
385.616
386.0413
386.4384
386.7641
387.0047
387.2214
387.6611
388.2106
388.6285
388.6254
388.1977
387.6213
387.1853
387.0053
386.7837
386.4672
386.0778
385.6628
385.2864
384.9204
384.3982
383.5677
382.2289
380.4821
379.324
380.9635
382.409
383.7436
385.0605
386.391
387.7376
389.0924
390.4323
391.7154
392.8937
393.9153
394.6611
394.7727
394.9318
394.9372
394.7436
394.6329
393.9147
392.9246
391.7765
390.5226
389.2118
387.8867
386.5701
385.2723
383.9908
382.6962
381.3005
379.7328
379.8803
380.0084
380.055
380.0233
379.9666
379.9096
379.8505
379.7907
379.7312
379.676
379.6513
379.7804
380.9209
388.1421
392.9581
393.7045
388.92
381.3621
380.1661
380.0413
380.0779
380.1429
380.2096
380.2737
380.3344
380.3914
380.4437
380.4669
380.4023
380.2241
379.9811
380.6128
380.9549
381.0178
380.9079
380.781
380.6606
380.5594
380.4829
380.4355
380.4281
380.5893
381.8942
389.2247
394.4254
395.143
389.9522
382.225
380.8566
380.6953
380.7109
380.7659
380.8483
380.9544
381.0797
381.2126
381.3263
381.2709
380.942
380.3222
380.0245
381.3218
382.2111
382.5537
382.5267
382.336
382.2243
382.1955
382.2334
382.3206
382.4562
382.7569
384.2501
391.6313
396.3889
396.969
392.1585
384.3711
382.8348
382.555
382.4417
382.371
382.3441
382.3796
382.4942
382.6827
382.7314
382.422
381.5937
380.3734
379.9878
381.804
383.1997
384.0456
384.555
384.9181
385.2734
385.6722
386.0726
386.4624
386.9558
388.0342
390.904
395.3003
398.2349
398.6294
395.5396
390.9125
388.0218
386.958
386.489
386.1114
385.7164
385.3234
384.9775
384.6405
384.1657
383.3701
382.0572
380.3523
379.2885
380.9912
382.5
383.8977
385.2836
386.692
388.1494
389.6598
391.2019
392.7543
394.3297
396.0361
397.9356
398.7583
399.9539
400.1714
398.8295
397.9476
396.0592
394.388
392.8475
391.3262
389.8125
388.3303
386.9027
385.5276
384.1769
382.819
381.361
379.7323
379.6977
379.8633
379.9582
379.9726
379.9366
379.8871
379.8357
379.782
379.7285
379.6926
379.7894
381.1332
397.0427
397.3779
381.5393
380.1905
380.1009
380.1456
380.2053
380.2632
380.3177
380.368
380.4049
380.3883
380.2825
380.0735
379.7622
380.4169
380.8198
380.961
380.9404
380.8324
380.7231
380.6257
380.5495
380.5046
380.6011
382.118
398.9978
399.2258
382.4002
380.8764
380.7822
380.8317
380.9136
381.017
381.1336
381.2483
381.2815
381.1569
380.7767
380.14
379.782
381.0634
381.986
382.4019
382.482
382.394
382.3036
382.2557
382.2529
382.2903
382.4615
384.0335
401.0461
401.2098
384.1763
382.5821
382.4125
382.3808
382.3892
382.4427
382.5413
382.6431
382.5909
382.2204
381.3695
380.1688
379.7262
381.5186
382.9327
383.8011
384.3245
384.7216
385.0315
385.3731
385.7227
386.0893
386.8599
390.053
403.9128
404.0452
390.1573
386.9181
386.1366
385.7681
385.4162
385.0763
384.7743
384.4076
383.93
383.1261
381.8071
380.1296
379.1015
380.8229
382.3665
383.7995
385.2235
386.6811
388.2259
389.8679
391.6104
393.4865
395.6803
398.9384
405.5662
405.6933
399.0765
395.8266
393.6493
391.7927
390.0713
388.4528
386.9351
385.5101
384.1207
382.7263
381.2315
379.5807
379.7104
379.8727
379.9643
379.976
379.9384
379.8886
379.8369
379.7829
379.7294
379.6939
379.7905
381.1363
397.0647
397.4811
381.5775
380.2069
380.1102
380.1518
380.2101
380.2685
380.3243
380.3759
380.4161
380.4031
380.3011
380.0954
379.7785
380.4282
380.8254
380.9613
380.937
380.8275
380.718
380.6203
380.5438
380.4978
380.5932
382.1139
399.022
399.3221
382.4305
380.8926
380.7939
380.8407
380.9213
381.0245
381.1417
381.2579
381.2951
381.1752
380.7996
380.1665
379.7982
381.0773
381.9969
382.4058
382.4774
382.3864
382.2942
382.2459
382.2432
382.2805
382.4515
384.0266
401.0618
401.2911
384.1936
382.5892
382.4166
382.3826
382.3893
382.442
382.5419
382.65
382.6031
382.2373
381.3916
380.1949
379.7392
381.5332
382.9527
383.8237
384.3457
384.738
385.0486
385.3915
385.741
386.1043
386.8679
390.0557
403.9237
404.1029
390.1716
386.9153
386.1285
385.7587
385.4056
385.064
384.7609
384.3968
383.9252
383.1306
381.8227
380.1525
379.1084
380.8256
382.3675
383.7996
385.2231
386.6811
388.2266
389.8695
391.6133
393.4906
395.6856
398.9449
405.575
405.7331
399.0958
395.8358
393.6544
391.7973
390.0771
388.4605
386.945
385.5221
384.1337
382.7402
381.2474
379.5988
379.8982
380.0226
380.0655
380.0313
379.9753
379.9187
379.8595
379.7992
379.7391
379.6821
379.6549
379.7805
380.9136
388.1044
392.9126
393.8055
389.0313
381.4358
380.2132
380.0748
380.1036
380.1627
380.2255
380.2891
380.3518
380.4118
380.4678
380.4982
380.4413
380.2695
380.0053
380.6312
380.9648
381.0184
380.9029
380.775
380.6544
380.553
380.476
380.4273
380.4172
380.5747
381.872
389.1626
394.3507
395.2206
390.0518
382.2848
380.8961
380.7243
380.7336
380.7857
380.8668
380.9731
381.1001
381.2366
381.3555
381.3093
380.9882
380.3743
380.0462
381.3429
382.229
382.5607
382.5171
382.3238
382.2123
382.1847
382.2244
382.3136
382.4513
382.755
384.2675
391.5822
396.3186
397.0313
392.2367
384.411
382.8476
382.5609
382.4442
382.3709
382.3419
382.3757
382.49
382.6825
382.7514
382.453
381.6351
380.4231
380.0035
381.8236
383.2273
384.0764
384.5841
384.9423
385.3001
385.7012
386.1018
386.4882
386.9738
388.0435
390.9156
395.274
398.1852
398.6723
395.5747
390.9151
388.0098
386.944
386.4728
386.0938
385.6973
385.3023
384.9556
384.6256
384.1609
383.3813
382.0882
380.3975
379.2941
380.9895
382.4939
383.8871
385.2697
386.6756
388.1325
389.6433
391.1874
392.7438
394.326
396.0425
397.9543
398.7578
399.9334
400.1989
398.8387
397.9457
396.066
394.4024
392.8689
391.3538
389.8454
388.3676
386.944
385.571
384.2216
382.8645
381.406
379.7766
380.0315
380.1474
380.163
380.0987
380.0389
379.9752
379.9089
379.8423
379.7767
379.7153
379.6663
379.6631
379.7814
380.2591
380.9349
381.3063
380.7387
380.1994
380.0759
380.0865
380.1389
380.2035
380.2723
380.3419
380.4114
380.4779
380.5391
380.5929
380.5553
380.384
380.1497
380.8009
381.114
381.1027
380.947
380.7901
380.6537
380.5473
380.4737
380.4346
380.4343
380.4778
380.6467
381.2036
381.9048
382.1174
381.484
380.9338
380.7685
380.7317
380.7411
380.7868
380.8653
380.9759
381.1166
381.2784
381.4351
381.4473
381.1394
380.499
380.2036
381.5665
382.4863
382.7812
382.5697
382.3292
382.2237
382.2306
382.3217
382.4703
382.6512
382.8453
383.0717
383.4263
383.6517
383.6624
383.3903
383.0446
382.8703
382.7265
382.585
382.4649
382.3928
382.3968
382.5062
382.7419
382.9584
382.6877
381.8329
380.5592
380.1708
382.0309
383.4506
384.3234
384.8682
385.2507
385.6449
386.0715
386.4682
386.7918
387.0287
387.2409
387.6742
388.2245
388.6423
388.6357
388.2018
387.6171
387.1867
387.0031
386.7792
386.4602
386.0674
385.6486
385.2709
384.913
384.4021
383.5883
382.2713
380.5424
379.3285
380.9601
382.3981
383.727
385.0391
386.366
387.7101
389.0644
390.4054
391.6921
392.8774
393.9101
394.6703
394.7862
394.9542
394.9588
394.7636
394.6541
393.9461
392.967
391.8279
390.5807
389.2746
387.953
386.6382
385.3412
384.0598
382.765
381.3692
379.8003
379.9624
380.1181
380.1563
380.0945
380.0389
379.9794
379.9177
379.8567
379.8001
379.7522
379.7192
379.713
379.7627
379.9019
380.125
380.3366
380.2531
380.149
380.1186
380.1336
380.1734
380.2275
380.2898
380.3555
380.4206
380.482
380.5371
380.5853
380.5237
380.3152
380.0931
380.8239
381.1983
381.1868
381.0124
380.8375
380.6931
380.59
380.5302
380.5136
380.5424
380.621
380.7512
380.9449
381.1748
381.2377
381.1105
380.9755
380.8784
380.8246
380.8113
380.8375
380.9035
381.0108
381.1588
381.3372
381.5116
381.5209
381.1537
380.4393
380.1544
381.6189
382.6714
383.0298
382.7615
382.4729
382.3831
382.4327
382.5807
382.7936
383.0385
383.2781
383.4581
383.4769
383.3358
383.2863
383.3936
383.3914
383.2676
383.0863
382.8902
382.7141
382.5903
382.5543
382.6477
382.9251
383.1882
382.8546
381.8736
380.5048
380.1278
382.0516
383.549
384.5191
385.1819
385.7002
386.1897
386.6907
387.1641
387.575
387.8936
388.0878
388.1083
387.853
387.5513
387.4837
387.782
388.0739
388.0762
387.8942
387.5814
387.1745
386.7067
386.2144
385.7373
385.2385
384.6051
383.6875
382.2855
380.4919
379.1623
380.7345
382.1078
383.3625
384.5884
385.8153
387.0462
388.2684
389.4578
390.5819
391.6
392.457
393.0613
393.2647
393.2339
393.1923
393.2908
393.1134
392.5393
391.7156
390.7301
389.6369
388.4771
387.2839
386.082
384.8847
383.6902
382.4705
381.1414
379.6335
379.6263
379.8798
380.0077
379.9974
379.9753
379.9468
379.9141
379.8822
379.8569
379.8445
379.8523
379.8892
379.9675
380.0994
380.2782
380.4216
380.3946
380.3139
380.2571
380.233
380.2355
380.2576
380.2925
380.3335
380.3744
380.4101
380.4366
380.4427
380.3032
380.0102
379.6568
380.5318
381.0933
381.1878
381.0387
380.8781
380.7525
380.6798
380.6612
380.6931
380.7721
380.8941
381.0505
381.2156
381.3379
381.3704
381.3207
381.2254
381.1182
381.0276
380.9678
380.9472
380.9726
381.0502
381.1808
381.349
381.5049
381.4187
380.8844
380.0421
379.6348
381.2486
382.5898
383.1931
383.0427
382.7733
382.7042
382.8101
383.0332
383.3315
383.6696
383.9916
384.2354
384.3249
384.1985
384.1453
384.2355
384.174
383.9801
383.7131
383.4257
383.1651
382.9615
382.8635
382.9299
383.1851
383.3403
382.7811
381.5353
380.0288
379.5272
381.5897
383.3133
384.4889
385.3431
386.07
386.7504
387.4
388.0115
388.5709
389.0603
389.4574
389.7346
389.8638
389.8464
389.8245
389.8589
389.7373
389.4656
389.0741
388.5906
388.0383
387.4355
386.7975
386.1328
385.4278
384.6067
383.4876
381.8638
379.9379
378.5316
380.0743
381.4376
382.6673
383.849
385.011
386.1539
387.265
388.3246
389.308
390.1855
390.9203
391.4641
391.7644
391.9191
391.9196
391.8201
391.5532
391.0358
390.327
389.4757
388.5191
387.4867
386.4038
385.2905
384.1599
383.0124
381.8218
380.5088
379.0415
)
;

boundaryField
{
    minX
    {
        type            zeroGradient;
    }
    maxX
    {
        type            zeroGradient;
    }
    minY
    {
        type            zeroGradient;
    }
    minZ
    {
        type            zeroGradient;
    }
    maxZ
    {
        type            zeroGradient;
    }
    bottomAir_to_rightSolid
    {
        type            compressible::turbulentTemperatureRadCoupledMixed;
        refValue        nonuniform List<scalar> 
130
(
387.0477
385.67
384.0224
382.2416
380.4409
378.707
377.1061
375.6858
374.4803
373.5125
372.7983
372.3477
372.165
388.4872
386.7864
384.8387
382.8082
380.8137
378.9364
377.2326
375.7406
374.4863
373.4866
372.7535
372.2953
372.1181
391.5639
389.09
386.483
383.9438
381.5781
379.4387
377.5538
375.9387
374.602
373.5485
372.7821
372.3049
372.1189
396.33
392.3087
388.6028
385.3265
382.4765
380.0208
377.9296
376.1799
374.756
373.6466
372.8455
372.3485
372.1535
402.1006
395.4164
390.3704
386.376
383.1202
380.4248
378.1877
376.3472
374.8663
373.7211
372.898
372.3882
372.1874
402.1103
395.4252
390.3791
386.385
383.1295
380.4346
378.1978
376.3579
374.8774
373.7326
372.9097
372.4001
372.1994
396.3568
392.3346
388.6289
385.3534
382.5045
380.0501
377.9602
376.212
374.7894
373.6812
372.8808
372.3845
372.1901
391.6068
389.1327
386.5264
383.9886
381.6248
379.4875
377.6049
375.9922
374.6579
373.6067
372.842
372.3665
372.1815
388.5444
386.8444
384.8986
382.8706
380.8789
379.0046
377.3039
375.8152
374.5645
373.5684
372.8391
372.3845
372.2091
387.1057
385.7319
384.0885
382.3115
380.5143
378.784
377.1868
375.7706
374.5696
373.607
372.8993
372.4573
372.2877
)
;
        refGradient     nonuniform List<scalar> 
130
(
-56.60027
-56.60027
-56.60027
-56.60027
238.4976
238.4976
238.4976
238.4976
382.2302
382.2302
382.2302
382.2302
394.8123
-56.60027
-56.60027
-56.60027
-56.60027
238.4976
238.4976
238.4976
238.4976
382.2302
382.2302
382.2302
382.2302
394.8123
-314.9359
-314.9359
-314.9359
-314.9359
144.212
144.212
144.212
144.212
331.6193
331.6193
394.8123
394.8123
394.8123
-314.9359
-314.9359
-314.9359
-314.9359
144.212
144.212
144.212
144.212
331.6193
331.6193
394.8123
394.8123
394.8123
-500.219
-500.219
-500.219
-500.219
113.8
113.8
113.8
113.8
331.6193
331.6193
388.7167
388.7167
388.7167
-500.219
-500.219
-500.219
-500.219
113.8
113.8
113.8
113.8
331.6193
331.6193
388.7167
388.7167
388.7167
-310.857
-310.857
-310.857
-310.857
147.7752
147.7752
147.7752
147.7752
365.3363
365.3363
365.3363
365.3363
388.7167
-310.857
-310.857
-310.857
-310.857
147.7752
147.7752
147.7752
147.7752
365.3363
365.3363
365.3363
365.3363
388.7167
-55.13366
-55.13366
-55.13366
-55.13366
240.2355
240.2355
240.2355
240.2355
384.4826
384.4826
384.4826
384.4826
384.4826
-55.13366
-55.13366
-55.13366
-55.13366
240.2355
240.2355
240.2355
240.2355
384.4826
384.4826
384.4826
384.4826
384.4826
)
;
        valueFraction   uniform 0.9996787;
        value           nonuniform List<scalar> 
130
(
387.049
385.6716
384.0242
382.2438
380.4437
378.7101
377.1092
375.6891
374.4838
373.516
372.8016
372.3507
372.1676
388.4885
386.7881
384.8408
382.8106
380.8168
378.9397
377.2361
375.7441
374.4901
373.4903
372.757
372.2986
372.121
391.5644
389.0911
386.4846
383.9458
381.5811
379.4419
377.5572
375.9422
374.6058
373.5522
372.7857
372.3082
372.1218
396.3301
392.3094
388.6042
385.3284
382.4795
380.0241
377.9331
376.1835
374.7598
373.6503
372.8492
372.3518
372.1563
402.101
395.4169
390.3715
386.3777
383.1231
380.428
378.191
376.3507
374.8701
373.7248
372.9016
372.3915
372.1902
402.1108
395.4257
390.3802
386.3866
383.1324
380.4378
378.2012
376.3614
374.8812
373.7363
372.9133
372.4034
372.2022
396.3569
392.3353
388.6303
385.3553
382.5075
380.0534
377.9637
376.2156
374.7933
373.6849
372.8844
372.3878
372.1929
391.6074
389.1337
386.528
383.9907
381.6278
379.4908
377.6084
375.9957
374.6618
373.6104
372.8456
372.3698
372.1844
388.5458
386.8461
384.9007
382.873
380.882
379.0079
377.3074
375.8188
374.5682
373.5721
372.8426
372.3877
372.2119
387.107
385.7335
384.0903
382.3136
380.5171
378.7871
377.19
375.7739
374.5732
373.6105
372.9026
372.4603
372.2903
)
;
        Tnbr            T;
        qrNbr           none;
        qr              qr;
        thermalInertia  false;
        thicknessLayers List<scalar> 0();
        kappaLayers     List<scalar> 0();
        kappaMethod     fluidThermo;
        kappa           none;
        alphaAni        none;
        alpha           none;
    }
    bottomAir_to_leftSolid
    {
        type            compressible::turbulentTemperatureRadCoupledMixed;
        refValue        nonuniform List<scalar> 
130
(
371.2157
371.3983
371.8781
372.6335
373.6509
374.9135
376.3969
378.0664
379.8736
381.7528
383.615
385.3464
386.8101
371.1404
371.3372
371.8323
372.6099
373.6607
374.9729
376.5283
378.3006
380.2511
382.3241
384.4365
386.4694
388.2597
371.1317
371.3384
371.8544
372.6673
373.7731
375.1685
376.8476
378.8016
381.0148
383.4597
386.0814
388.7743
391.3381
371.1483
371.3648
371.9021
372.7513
373.9147
375.399
377.2143
379.3762
381.9073
384.8381
388.1985
391.9921
396.1054
371.1676
371.3903
371.9412
372.8136
374.0142
375.5572
377.4649
379.7744
382.5469
385.8854
389.9653
395.1013
401.8815
371.1759
371.3987
371.9498
372.8225
374.0234
375.5666
377.4746
379.7844
382.5571
385.8959
389.9761
395.1123
401.8925
371.1727
371.3897
371.9279
372.7779
373.9422
375.4273
377.2433
379.4058
381.9374
384.8689
388.2301
392.024
396.1366
371.1712
371.3791
371.8969
372.7115
373.8189
375.2156
376.8959
378.8507
381.0645
383.5101
386.1324
388.8248
391.387
371.1914
371.3923
371.891
372.6715
373.7248
375.0389
376.5958
378.3692
380.3204
382.3938
384.5062
386.5382
388.326
371.2492
371.4563
371.9437
372.7035
373.7241
374.9892
376.4744
378.1452
379.9532
381.8329
383.6956
385.4273
386.8923
)
;
        refGradient     nonuniform List<scalar> 
130
(
432.5181
432.5181
432.5181
432.5181
287.2019
287.2019
287.2019
287.2019
39.60523
39.60523
39.60523
39.60523
-327.7433
432.5181
432.5181
432.5181
432.5181
287.2019
287.2019
287.2019
287.2019
39.60523
39.60523
39.60523
39.60523
-327.7433
404.4743
404.4743
404.4743
404.4743
227.6209
227.6209
227.6209
227.6209
-88.43567
-88.43567
-327.7433
-327.7433
-327.7433
404.4743
404.4743
404.4743
404.4743
227.6209
227.6209
227.6209
227.6209
-88.43567
-88.43567
-327.7433
-327.7433
-327.7433
397.4075
397.4075
397.4075
397.4075
203.2708
203.2708
203.2708
203.2708
-88.43567
-88.43567
-608.4294
-608.4294
-608.4294
397.4075
397.4075
397.4075
397.4075
203.2708
203.2708
203.2708
203.2708
-88.43567
-88.43567
-608.4294
-608.4294
-608.4294
404.913
404.913
404.913
404.913
230.8962
230.8962
230.8962
230.8962
-172.6512
-172.6512
-172.6512
-172.6512
-608.4294
404.913
404.913
404.913
404.913
230.8962
230.8962
230.8962
230.8962
-172.6512
-172.6512
-172.6512
-172.6512
-608.4294
431.6552
431.6552
431.6552
431.6552
290.3922
290.3922
290.3922
290.3922
6.502464
6.502464
6.502464
6.502464
6.502464
431.6552
431.6552
431.6552
431.6552
290.3922
290.3922
290.3922
290.3922
6.502464
6.502464
6.502464
6.502464
6.502464
)
;
        valueFraction   uniform 0.9996787;
        value           nonuniform List<scalar> 
130
(
371.2186
371.4016
371.8817
372.6372
373.6544
374.9171
376.4004
378.0697
379.8763
381.7552
383.6172
385.3481
386.8111
371.1435
371.3407
371.8361
372.6138
373.6645
374.9767
376.532
378.3041
380.2541
382.3268
384.4388
386.4713
388.2607
371.1348
371.3419
371.8583
372.6713
373.777
375.1723
376.8514
378.8051
381.0176
383.4622
386.0831
388.7755
391.3387
371.1514
371.3683
371.906
372.7553
373.9186
375.4029
377.218
379.3797
381.9101
384.8405
388.2
391.993
396.1056
371.1706
371.3938
371.945
372.8175
374.018
375.5609
377.4686
379.7779
382.5496
385.8877
389.9663
395.1017
401.8819
371.1789
371.4022
371.9536
372.8264
374.0272
375.5704
377.4783
379.7878
382.5598
385.8981
389.977
395.1127
401.8929
371.1758
371.3933
371.9317
372.7819
373.9461
375.4312
377.2471
379.4093
381.9401
384.8712
388.2318
392.025
396.1364
371.1742
371.3826
371.9007
372.7155
373.8227
375.2194
376.8996
378.8543
381.0673
383.5124
386.1342
388.8262
391.3872
371.1944
371.3958
371.8947
372.6754
373.7286
375.0427
376.5995
378.3727
380.3233
382.3964
384.5084
386.54
388.3275
371.252
371.4596
371.9473
372.7072
373.7277
374.9928
376.4779
378.1485
379.9558
381.8353
383.6976
385.429
386.8937
)
;
        Tnbr            T;
        qrNbr           none;
        qr              qr;
        thermalInertia  false;
        thicknessLayers List<scalar> 0();
        kappaLayers     List<scalar> 0();
        kappaMethod     fluidThermo;
        kappa           none;
        alphaAni        none;
        alpha           none;
    }
    bottomAir_to_heater
    {
        type            compressible::turbulentTemperatureRadCoupledMixed;
        refValue        nonuniform List<scalar> 
92
(
387.8316
388.4782
388.5215
387.962
389.5553
390.3622
390.4072
389.6918
393.3771
394.607
394.652
393.5129
491.8218
491.842
491.842
491.8197
475.6345
475.6574
475.6581
475.6313
459.634
459.6721
459.6753
459.6352
443.8128
443.9698
443.9782
443.826
399.9909
428.0275
402.1428
428.7826
402.1864
428.8018
400.1242
428.0702
491.8218
491.8197
475.6345
475.6313
459.634
459.6352
443.8128
443.826
428.0275
428.0702
491.8195
491.8195
491.8405
491.8408
491.8189
491.8189
475.6289
475.6289
475.6542
475.6558
475.6301
475.6301
459.6267
459.6267
459.6687
459.6732
459.6351
459.6351
443.8054
443.8054
443.9674
443.9776
443.8279
443.8279
428.0238
428.0238
428.7841
428.8046
428.0754
428.0754
400.0247
402.1757
402.2171
400.1513
393.4263
394.6548
394.6976
393.5561
389.6191
390.4248
390.4684
389.7504
387.897
388.546
388.5918
388.0352
)
;
        refGradient     nonuniform List<scalar> 
92
(
-219.3334
-219.3334
-227.5952
-227.5952
-219.3334
-219.3334
-227.5952
-227.5952
-689.2655
-689.2655
-682.6928
-682.6928
-7360.517
-7360.517
-7369.96
-7369.96
-7360.517
-7360.517
-7369.96
-7369.96
-4417.196
-4417.196
-4418.113
-4418.113
-4417.196
-4417.196
-4418.113
-4418.113
-689.2655
-2595.603
-689.2655
-2595.603
-682.6928
-2595.603
-682.6928
-2595.603
-7438.346
-7404.746
-7438.346
-7404.746
-3899.59
-3872.373
-3899.59
-3872.373
-3899.59
-3872.373
-7438.346
-7352.516
-7352.516
-7353.292
-7404.746
-7353.292
-7438.346
-7352.516
-7352.516
-7353.292
-7404.746
-7353.292
-3899.59
-4409.328
-4409.328
-4411.95
-3872.373
-4411.95
-3899.59
-4409.328
-4409.328
-4411.95
-3872.373
-4411.95
-3899.59
-2588.157
-2588.157
-2588.157
-3872.373
-2588.157
-679.7285
-679.7285
-682.0551
-682.0551
-679.7285
-679.7285
-682.0551
-682.0551
-219.0263
-219.0263
-225.661
-225.661
-219.0263
-219.0263
-225.661
-225.661
)
;
        valueFraction   nonuniform List<scalar> 
92
(
0.9996787
0.9996787
0.9996787
0.9996787
0.9996787
0.9996787
0.9996787
0.9996787
0.9996787
0.9996787
0.9996787
0.9996787
0.9996787
0.9996787
0.9996787
0.9996787
0.9996787
0.9996787
0.9996787
0.9996787
0.9996787
0.9996787
0.9996787
0.9996787
0.9996787
0.9996787
0.9996787
0.9996787
0.9996787
0.9996787
0.9996787
0.9996787
0.9996787
0.9996787
0.9996787
0.9996787
0.9996787
0.9996787
0.9996787
0.9996787
0.9996787
0.9996787
0.9996787
0.9996787
0.9996787
0.9996787
0.9996787
0.9996787
0.9996787
0.9996787
0.9996787
0.9996787
0.9996787
0.9996787
0.9996787
0.9996787
0.9996787
0.9996787
0.9996787
0.9996787
0.9996787
0.9996787
0.9996787
0.9996787
0.9996787
0.9996787
0.9996787
0.9996787
0.9996787
0.9996787
0.9996787
0.9996787
0.9996787
0.9996787
0.9996787
0.9996787
0.9996787
0.9996787
0.9996787
0.9996787
0.9996787
0.9996787
0.9996787
0.9996787
0.9996787
0.9996787
0.9996787
0.9996787
0.9996787
0.9996787
0.9996787
0.9996787
)
;
        value           nonuniform List<scalar> 
92
(
387.8326
388.4789
388.5222
387.9629
389.5562
390.3628
390.4077
389.6926
393.3766
394.6062
394.6511
393.5123
491.7766
491.7983
491.7986
491.7748
475.5949
475.6194
475.6203
475.5919
459.605
459.6446
459.6479
459.6063
443.79
443.948
443.9565
443.8033
399.9896
428.0139
402.1411
428.7691
402.1848
428.7884
400.1229
428.0565
491.7833
491.7814
475.6019
475.5988
459.6109
459.6122
443.7957
443.809
428.016
428.0588
491.7811
491.7743
491.7969
491.7975
491.7806
491.774
475.5963
475.5893
475.6162
475.6181
475.5976
475.5907
459.6037
459.5977
459.6412
459.646
459.6121
459.6063
443.7884
443.7827
443.9456
443.9558
443.8109
443.8052
428.0124
428.0102
428.7706
428.7912
428.064
428.0618
400.0234
402.1741
402.2155
400.1499
393.4258
394.6539
394.6967
393.5555
389.6199
390.4254
390.4689
389.7512
387.8979
388.5467
388.5926
388.0361
)
;
        Tnbr            T;
        qrNbr           none;
        qr              qr;
        thermalInertia  false;
        thicknessLayers List<scalar> 0();
        kappaLayers     List<scalar> 0();
        kappaMethod     fluidThermo;
        kappa           none;
        alphaAni        none;
        alpha           none;
    }
}


// ************************************************************************* //
