/*--------------------------------*- C++ -*----------------------------------*\
| =========                 |                                                 |
| \\      /  F ield         | OpenFOAM: The Open Source CFD Toolbox           |
|  \\    /   O peration     | Version:  v2012                                 |
|   \\  /    A nd           | Website:  www.openfoam.com                      |
|    \\/     M anipulation  |                                                 |
\*---------------------------------------------------------------------------*/
FoamFile
{
    version     2.0;
    format      ascii;
    class       volVectorField;
    location    "300/bottomAir";
    object      U;
}
// * * * * * * * * * * * * * * * * * * * * * * * * * * * * * * * * * * * * * //

dimensions      [0 1 -1 0 0 0 0];


internalField   nonuniform List<vector> 
1460
(
(0.008610851 -0.01291145 0.0008140093)
(0.01974349 -0.008155975 0.001459577)
(0.02627327 -0.003378542 0.001497583)
(0.02753876 -0.0001103988 0.001274428)
(0.02543465 0.001544524 0.00102547)
(0.02225357 0.002117844 0.0008157424)
(0.01908167 0.00213118 0.0006319948)
(0.01633997 0.001916803 0.0004616957)
(0.01413378 0.001656831 0.0003053068)
(0.01237718 0.00143003 0.0001740335)
(0.01088653 0.001235538 7.978956e-05)
(0.009432523 0.001029514 3.780945e-05)
(0.007795169 0.0008211236 1.894067e-05)
(0.005639065 0.0007456592 -1.497032e-05)
(0.003005013 0.0009444474 -0.0003985691)
(-0.0002153775 0.001302485 -0.0005879188)
(-0.003394601 0.001323672 -0.0003275521)
(-0.005921831 0.001240897 -0.0001571146)
(-0.007936734 0.001295181 -9.516412e-05)
(-0.009648684 0.001400292 -2.489029e-05)
(-0.0113327 0.001538947 8.40632e-05)
(-0.01323002 0.001729831 0.0002309896)
(-0.0155373 0.001955908 0.0004083453)
(-0.01834956 0.002136633 0.0006056339)
(-0.02157221 0.002087317 0.0008213976)
(-0.0247871 0.001474601 0.001065805)
(-0.02689609 -0.0002130872 0.001346938)
(-0.02565705 -0.003474897 0.001589949)
(-0.01924527 -0.008157897 0.001558397)
(-0.008356066 -0.0127122 0.0009145636)
(0.004719341 -0.02681819 3.024913e-05)
(0.01289082 -0.01882118 0.001121186)
(0.01748233 -0.009231019 0.001549946)
(0.01918834 -0.002017388 0.001548807)
(0.01861251 0.002040144 0.001395179)
(0.01734597 0.003430252 0.00126996)
(0.0163674 0.003297902 0.001181849)
(0.01551563 0.002584533 0.001135207)
(0.0145694 0.001817964 0.001143407)
(0.01331717 0.00126643 0.001206719)
(0.01154104 0.001074399 0.001281311)
(0.009118212 0.001296774 0.001287762)
(0.006184507 0.001881365 0.001049573)
(0.003035661 0.002613257 0.0004582633)
(0.0005005147 0.003253684 -0.0005961754)
(-0.001102792 0.003609912 -0.0006681376)
(-0.003054064 0.003299322 0.0003176214)
(-0.005727749 0.002534879 0.0009685996)
(-0.008398601 0.001890381 0.001256034)
(-0.01069685 0.001577906 0.001287206)
(-0.01246453 0.00165943 0.001229679)
(-0.0137778 0.002096043 0.001174039)
(-0.01479899 0.002753441 0.001171281)
(-0.01570798 0.003369102 0.001224204)
(-0.01672737 0.003411087 0.001323772)
(-0.01799891 0.001936591 0.00146604)
(-0.01849875 -0.002172614 0.00163204)
(-0.01685804 -0.009309022 0.001621023)
(-0.01240205 -0.01866807 0.001177727)
(-0.004540262 -0.0262615 0.000103742)
(0.0002039763 -0.03425312 -0.000394287)
(0.001347715 -0.02479516 0.001089148)
(0.0002090464 -0.01253226 0.002093555)
(-0.0001273418 -0.003476009 0.002610906)
(0.0007027894 0.0008576264 0.002469003)
(0.001670935 0.002367704 0.002121529)
(0.002186189 0.002825759 0.001967064)
(0.002131553 0.003131125 0.002016615)
(0.001422646 0.003608608 0.002202258)
(0.0001749223 0.004282657 0.002498985)
(-0.001346733 0.004926384 0.002763766)
(-0.002675171 0.005191456 0.002783373)
(-0.003396465 0.00504471 0.002463641)
(-0.003198232 0.004635614 0.001914973)
(-0.002058728 0.004500989 0.001153134)
(-0.0002427769 0.004543048 0.001049649)
(0.001158743 0.004797201 0.001769426)
(0.001692418 0.005096035 0.002366004)
(0.001392154 0.005156288 0.002718316)
(0.0004948644 0.004866277 0.002734102)
(-0.0006066496 0.004257723 0.002533121)
(-0.00150666 0.003645569 0.002293976)
(-0.001984502 0.003156593 0.002118048)
(-0.001884112 0.002794967 0.002056771)
(-0.001294732 0.002250004 0.002198004)
(-0.0002392984 0.0006215248 0.002537298)
(0.0004313196 -0.003742359 0.002643672)
(1.721761e-05 -0.0125617 0.002112166)
(-0.001154195 -0.02447309 0.001088223)
(-0.0001979771 -0.03340439 -0.0003508608)
(-0.005129376 -0.02885328 -0.001076012)
(-0.01211708 -0.01964152 0.0005529262)
(-0.019103 -0.01117411 0.001788176)
(-0.02280065 -0.006769003 0.002473256)
(-0.02483561 -0.004994349 0.002735678)
(-0.0259377 -0.004354315 0.002746373)
(-0.02648419 -0.004382219 0.002590058)
(-0.02654399 -0.004939868 0.002324536)
(-0.02604579 -0.005890366 0.001938027)
(-0.02482211 -0.007115483 0.001368604)
(-0.02273452 -0.008497599 0.0005677783)
(-0.01971168 -0.009894504 -0.000437419)
(-0.01565112 -0.01106209 -0.001501446)
(-0.01055758 -0.01161512 -0.002303635)
(-0.005098404 -0.01120812 -0.003159274)
(0.003235605 -0.01124643 -0.003239791)
(0.008839852 -0.01175591 -0.002422652)
(0.01397783 -0.01130128 -0.001637198)
(0.0181374 -0.01019119 -0.0005735482)
(0.02126961 -0.00882055 0.000427227)
(0.02347158 -0.007440265 0.00122855)
(0.02482435 -0.006205356 0.00180994)
(0.02547058 -0.005246962 0.002209216)
(0.02555885 -0.004682199 0.002478734)
(0.02514331 -0.004643885 0.002626406)
(0.02415155 -0.00525233 0.002606446)
(0.02220181 -0.007002474 0.00234566)
(0.01859302 -0.01128388 0.001679068)
(0.01179993 -0.01942522 0.0004756)
(0.004922184 -0.02811869 -0.001068412)
(-0.0118074 -0.01497776 -0.002793946)
(-0.02365616 -0.009319577 -0.002126397)
(-0.03191047 -0.005798521 -0.001745024)
(-0.03602758 -0.004225178 -0.001841068)
(-0.03830484 -0.00361808 -0.002297506)
(-0.03937028 -0.00347462 -0.003018363)
(-0.03955841 -0.003550582 -0.003976842)
(-0.0389889 -0.003717321 -0.005172661)
(-0.0376681 -0.003880313 -0.006622422)
(-0.03548148 -0.003964726 -0.008345909)
(-0.0322274 -0.003907635 -0.01033956)
(-0.02765056 -0.003640227 -0.01252954)
(-0.02146277 -0.003095853 -0.01469882)
(-0.01403465 -0.002179203 -0.01616959)
(-0.0068223 -0.0003772647 -0.01828647)
(0.00497355 7.007113e-05 -0.01858905)
(0.01253864 -0.001779895 -0.01644879)
(0.02012182 -0.002810063 -0.01499837)
(0.02646046 -0.003476217 -0.01280309)
(0.03112747 -0.003835009 -0.01059711)
(0.03443587 -0.00395535 -0.008590212)
(0.03666068 -0.00391127 -0.006852953)
(0.038011 -0.003776525 -0.00539026)
(0.03860099 -0.003631795 -0.004184101)
(0.03842499 -0.003571811 -0.003217139)
(0.03737119 -0.003722658 -0.00248749)
(0.03511352 -0.004322514 -0.002017986)
(0.03103718 -0.00585119 -0.001898376)
(0.02294614 -0.009244341 -0.002239567)
(0.01135674 -0.01460022 -0.002820481)
(0.00888173 -0.01249396 0.001908281)
(0.02073137 -0.007264536 0.002289363)
(0.02807613 -0.002622806 0.00198197)
(0.03043425 0.0004203944 0.001518176)
(0.02954221 0.001963385 0.001195284)
(0.02746457 0.002522495 0.001006084)
(0.0251258 0.002561882 0.0008944012)
(0.02291304 0.002361914 0.0008287487)
(0.02096091 0.00206569 0.0008121574)
(0.01925043 0.00172184 0.000882334)
(0.01767706 0.001298063 0.001103538)
(0.01602895 0.0007296066 0.001588792)
(0.01402287 5.758925e-06 0.002435718)
(0.01082943 -0.0005707303 0.003753614)
(0.006279564 -0.0005874975 0.004562518)
(-0.001636314 -1.187906e-06 0.004593364)
(-0.007940002 0.0001504287 0.003561449)
(-0.01173072 0.0003889574 0.002363565)
(-0.01429894 0.0009034708 0.001519737)
(-0.01625148 0.001355606 0.00105553)
(-0.01803834 0.00171416 0.0008591521)
(-0.01989016 0.002016026 0.0008255933)
(-0.0219406 0.002279909 0.0008890123)
(-0.02422395 0.002453339 0.001009837)
(-0.02661877 0.002392275 0.001184137)
(-0.02874479 0.00181596 0.001440664)
(-0.02967399 0.0002674748 0.001826469)
(-0.02738501 -0.002744487 0.002324559)
(-0.0201962 -0.007276071 0.002627592)
(-0.008627387 -0.01228552 0.002196785)
(0.004320229 -0.02641168 0.001393956)
(0.01351294 -0.01749692 0.002623121)
(0.01915472 -0.008168235 0.002768332)
(0.02218067 -0.001536124 0.002392573)
(0.02293225 0.002137604 0.002069314)
(0.02284096 0.003424834 0.00192911)
(0.02274337 0.00334935 0.001895791)
(0.02258264 0.002661618 0.001956255)
(0.02220255 0.001763752 0.002131818)
(0.0214 0.0008783394 0.002450388)
(0.01992772 0.0001432032 0.002902958)
(0.01747064 -0.0003334557 0.003479314)
(0.01385474 -0.0004642364 0.003899919)
(0.008848436 -6.849501e-06 0.004189434)
(0.003193149 0.0015513 0.003011746)
(-0.003794859 0.002367885 0.002648218)
(-0.00859412 0.001053466 0.003673888)
(-0.0130933 0.0002336801 0.003665546)
(-0.01650994 0.0001520989 0.003375995)
(-0.01891707 0.0004572392 0.002890775)
(-0.02043408 0.001047411 0.002476916)
(-0.0213121 0.001811205 0.002177555)
(-0.02176689 0.002614891 0.002018258)
(-0.0219879 0.00323642 0.001977368)
(-0.022135 0.003270669 0.002038281)
(-0.02226014 0.0019616 0.002216425)
(-0.02150556 -0.001693975 0.00257637)
(-0.01856107 -0.008221661 0.002944235)
(-0.01305786 -0.0173168 0.0027639)
(-0.004192285 -0.02582041 0.001515197)
(-0.0009113239 -0.03412027 0.001092253)
(0.001032669 -0.02337668 0.003332443)
(0.0009998172 -0.01109823 0.004586898)
(0.002228676 -0.002577012 0.004989464)
(0.004575643 0.001696102 0.00461854)
(0.006319111 0.003381627 0.004287932)
(0.007252968 0.003850736 0.004343654)
(0.007639695 0.004056635 0.004718672)
(0.007306121 0.004438349 0.005360168)
(0.00629694 0.005073001 0.006258592)
(0.004729713 0.005816978 0.00734216)
(0.00265198 0.006329801 0.008477777)
(0.0003999909 0.006219308 0.008939907)
(-0.001318124 0.005694227 0.008373387)
(-0.001611766 0.005727815 0.006114759)
(-0.001771918 0.005864396 0.005887429)
(-0.00161908 0.005827012 0.007956524)
(-0.002574039 0.00623503 0.008497539)
(-0.004153175 0.00634984 0.008116364)
(-0.005683818 0.005902093 0.007129914)
(-0.006825065 0.005202144 0.006169431)
(-0.007514148 0.004567201 0.00535411)
(-0.007629422 0.004143797 0.004751989)
(-0.007108101 0.003879625 0.004393226)
(-0.006110952 0.003355305 0.004350305)
(-0.004298859 0.001626804 0.0047138)
(-0.002066234 -0.0026661 0.005068817)
(-0.0008916664 -0.01105219 0.004619236)
(-0.0009325714 -0.02300505 0.003314043)
(0.0008346418 -0.03323615 0.001098982)
(-0.007014889 -0.02879977 0.0004153098)
(-0.01377274 -0.01855357 0.002995292)
(-0.02006149 -0.01003443 0.004970947)
(-0.02249419 -0.005687528 0.006253882)
(-0.02326043 -0.003794951 0.006971316)
(-0.02295103 -0.00288306 0.007371369)
(-0.02235081 -0.002641484 0.00766268)
(-0.02180054 -0.002944442 0.007957347)
(-0.0211699 -0.003610212 0.008169936)
(-0.02030398 -0.004539967 0.00815409)
(-0.01899879 -0.005623682 0.007731948)
(-0.01700982 -0.006681318 0.006714442)
(-0.01378488 -0.007330396 0.004879422)
(-0.009143793 -0.006138978 0.002620835)
(-0.003999213 -0.001614553 -0.001772145)
(0.001227768 -0.0012202 -0.001977324)
(0.006632012 -0.006292373 0.002802885)
(0.01152437 -0.007587454 0.00489075)
(0.01496201 -0.006972471 0.006565286)
(0.01715269 -0.005908928 0.007483168)
(0.01866914 -0.004804657 0.007867839)
(0.01974935 -0.003851076 0.007889419)
(0.02058892 -0.00316322 0.007697409)
(0.02132289 -0.00283868 0.007422214)
(0.02207524 -0.003054295 0.007142602)
(0.02247828 -0.003914613 0.006745961)
(0.02180487 -0.005765862 0.006032118)
(0.01945671 -0.01002044 0.004763996)
(0.013359 -0.01828361 0.002812538)
(0.006718778 -0.02806502 0.0003196659)
(-0.01506107 -0.01457116 -0.002394735)
(-0.02805214 -0.007870046 -0.00222057)
(-0.03685305 -0.003996554 -0.002577009)
(-0.0408517 -0.00211718 -0.003362812)
(-0.0428443 -0.001112163 -0.004509199)
(-0.04356936 -0.0004448126 -0.006000416)
(-0.043454 0.0001590517 -0.007877127)
(-0.04267959 0.0008184462 -0.01018867)
(-0.04128873 0.001627136 -0.01300124)
(-0.03917389 0.00269423 -0.01640765)
(-0.03609827 0.004097392 -0.02049251)
(-0.03171327 0.005836539 -0.02524049)
(-0.02528115 0.007742295 -0.03018008)
(-0.01765928 0.009661583 -0.03267647)
(-0.009086215 0.01280399 -0.03600774)
(0.006832617 0.01366888 -0.03640966)
(0.01616755 0.01056315 -0.03335981)
(0.0240186 0.008427865 -0.03079625)
(0.03059709 0.006310264 -0.02572805)
(0.03506036 0.00441543 -0.02091705)
(0.03818235 0.002901532 -0.01680334)
(0.04031944 0.001753129 -0.01337865)
(0.04171461 0.0008841803 -0.01055084)
(0.04248102 0.0001829717 -0.00822804)
(0.04258111 -0.0004435992 -0.006342046)
(0.04184529 -0.001122752 -0.004840734)
(0.03985946 -0.00213018 -0.003683933)
(0.03589646 -0.003985372 -0.002879882)
(0.02725922 -0.007762392 -0.002488631)
(0.01452041 -0.01420148 -0.002565011)
(0.008736564 -0.01130045 0.0009274689)
(0.02047763 -0.006343041 0.0007053804)
(0.0279129 -0.002127152 0.0001302267)
(0.03061432 0.0006029982 -0.0003627319)
(0.03024742 0.001981288 -0.0005402719)
(0.0286846 0.002470656 -0.0004905109)
(0.02680237 0.002485892 -0.0002699547)
(0.02498962 0.002276445 0.000100287)
(0.02341976 0.001953647 0.0006470922)
(0.02212082 0.001533956 0.001481454)
(0.02106763 0.0009344903 0.002804468)
(0.0201193 9.079522e-05 0.005041619)
(0.01893734 -0.0008162609 0.008740086)
(0.01584005 -0.000471669 0.0140598)
(0.00985739 0.001140029 0.01818183)
(-0.004058775 0.002213067 0.01869374)
(-0.01280389 0.0004096165 0.01432821)
(-0.01656499 -0.0005316869 0.009046884)
(-0.01837377 0.0001566042 0.005223721)
(-0.01958258 0.0009246639 0.002992092)
(-0.0208209 0.001497861 0.001699241)
(-0.0222348 0.001904238 0.0009201233)
(-0.02388201 0.002218934 0.0004433185)
(-0.02574684 0.002425937 0.0001531267)
(-0.02767659 0.002411205 1.323373e-05)
(-0.02928812 0.001930424 3.951388e-05)
(-0.02971783 0.0005756324 0.0002763776)
(-0.0271259 -0.002104871 0.0007777048)
(-0.01989356 -0.006220032 0.001301494)
(-0.008462851 -0.01098841 0.001397271)
(0.00450899 -0.0248197 0.001837011)
(0.01407257 -0.01623177 0.002233861)
(0.02014531 -0.007617847 0.002003339)
(0.02356263 -0.001635711 0.001556592)
(0.02486157 0.001682266 0.001307877)
(0.02518266 0.002889896 0.001334302)
(0.02541643 0.002849871 0.001525073)
(0.02560923 0.002200722 0.001870252)
(0.02566139 0.001283939 0.002403907)
(0.02537876 0.0002908131 0.003197028)
(0.02453959 -0.0006562045 0.004310485)
(0.02263125 -0.001301618 0.005864778)
(0.01969513 -0.001039087 0.007586086)
(0.01461942 0.002502452 0.009074443)
(0.007568521 0.009066785 0.007856941)
(-0.006185894 0.01078963 0.007320874)
(-0.01360188 0.004108449 0.008206262)
(-0.01856459 -0.000333598 0.0071309)
(-0.02160404 -0.0009648028 0.005604249)
(-0.02354429 -0.0004904613 0.004185027)
(-0.02446799 0.0003488646 0.003141836)
(-0.02483072 0.001266113 0.002393494)
(-0.0248482 0.002133057 0.001895346)
(-0.02470813 0.002758638 0.001584166)
(-0.0245141 0.00280261 0.001427799)
(-0.02422316 0.001633592 0.001439586)
(-0.02295946 -0.001603564 0.001718823)
(-0.01960142 -0.007460882 0.002168709)
(-0.01364553 -0.01585496 0.002362023)
(-0.004379094 -0.02408369 0.001918256)
(-0.0004737336 -0.0327354 0.002606249)
(0.002412042 -0.02219652 0.003791425)
(0.003355503 -0.01063806 0.004657129)
(0.00513355 -0.002784617 0.004853446)
(0.007502413 0.001384357 0.004564717)
(0.009261474 0.003021982 0.004589024)
(0.0104939 0.003370134 0.004951991)
(0.01130034 0.003407248 0.005606648)
(0.01153593 0.003580294 0.006581714)
(0.01118331 0.004006638 0.007930216)
(0.01030761 0.004668849 0.009589147)
(0.008520433 0.005489464 0.01135098)
(0.006478188 0.006903843 0.01122358)
(0.004504231 0.01101404 0.00742351)
(0.002351948 0.01783425 0.0001763049)
(-0.004289638 0.01870411 -0.000429147)
(-0.006577517 0.01165222 0.006019385)
(-0.00817304 0.006986373 0.01007369)
(-0.009797745 0.005433229 0.01048797)
(-0.01111714 0.004697751 0.009010031)
(-0.01167107 0.004104513 0.007533951)
(-0.01179651 0.003691204 0.006311547)
(-0.01142099 0.003500308 0.005416045)
(-0.01053692 0.003442435 0.004813559)
(-0.009265659 0.003090308 0.004494177)
(-0.007527205 0.001470699 0.004526852)
(-0.00515894 -0.002667874 0.004826031)
(-0.003379962 -0.01039446 0.004583704)
(-0.002377278 -0.02165393 0.003674814)
(0.0003936138 -0.03173162 0.00249339)
(-0.00630768 -0.02835405 0.002781148)
(-0.01182569 -0.01814231 0.004087097)
(-0.01698724 -0.009528046 0.005763005)
(-0.01848258 -0.005066816 0.007032542)
(-0.01846301 -0.003061543 0.007761308)
(-0.01734824 -0.002086056 0.008235676)
(-0.01636742 -0.001799528 0.008585664)
(-0.01563661 -0.00201597 0.008811741)
(-0.01502406 -0.00251257 0.00877457)
(-0.01442045 -0.003007953 0.008107858)
(-0.01361338 -0.002931932 0.006238713)
(-0.01240287 -0.001329988 0.00241569)
(-0.009361923 0.003609002 -0.004508756)
(-0.005922595 0.01095581 -0.01025452)
(-0.001681294 0.02106026 -0.01689382)
(-0.0003666914 0.02229795 -0.0173992)
(0.003829982 0.01195867 -0.01107629)
(0.007545003 0.003936651 -0.005388607)
(0.01057088 -0.001663024 0.00164847)
(0.01191535 -0.003339802 0.005559262)
(0.01285299 -0.00334538 0.007505129)
(0.01359003 -0.002767451 0.008239279)
(0.01433675 -0.002205638 0.00833781)
(0.01519141 -0.001938657 0.008165535)
(0.01630527 -0.002163735 0.007849835)
(0.01755021 -0.003080434 0.007418236)
(0.01768678 -0.005030814 0.006706522)
(0.01631181 -0.00939844 0.005446248)
(0.01137866 -0.01777934 0.003785194)
(0.006018498 -0.02755737 0.002527109)
(-0.01470948 -0.01420702 0.0006151595)
(-0.02756174 -0.006899979 -0.0009599022)
(-0.03629973 -0.002587566 -0.00233227)
(-0.0403725 -0.0003279967 -0.00376502)
(-0.04254798 0.001084246 -0.005394653)
(-0.04359361 0.002192015 -0.007327039)
(-0.04393787 0.003259574 -0.009651037)
(-0.0438567 0.004431843 -0.01251661)
(-0.04345455 0.005857607 -0.01608301)
(-0.04260394 0.007661919 -0.02050342)
(-0.04098443 0.009930104 -0.02598328)
(-0.03788405 0.01265171 -0.03264145)
(-0.03071745 0.01562841 -0.03936681)
(-0.02247971 0.01859202 -0.03973504)
(-0.01146808 0.02544636 -0.04421692)
(0.008596205 0.0270661 -0.04481868)
(0.02101939 0.01984643 -0.04064222)
(0.02991968 0.01641827 -0.04014377)
(0.03724465 0.01320839 -0.03335775)
(0.04034438 0.01034743 -0.02661385)
(0.04194023 0.007970916 -0.02106404)
(0.04276402 0.006074026 -0.01659365)
(0.04313184 0.004572162 -0.01298647)
(0.04317152 0.003340311 -0.01008526)
(0.04276687 0.002227364 -0.007718674)
(0.04167654 0.001097 -0.005756852)
(0.03948026 -0.0003181065 -0.004116383)
(0.03542531 -0.002552374 -0.002685233)
(0.02683331 -0.006769135 -0.001324126)
(0.01421635 -0.01381965 0.0002602949)
(0.008728619 -0.01171001 -0.0006195373)
(0.02040683 -0.007176009 -0.001092863)
(0.02801047 -0.003200516 -0.001514521)
(0.0309962 -0.0004905626 -0.001708898)
(0.03104289 0.001037921 -0.001606369)
(0.02977895 0.001710014 -0.001296738)
(0.02817193 0.001883685 -0.0008593785)
(0.02670045 0.001790405 -0.0003014089)
(0.02565017 0.00152508 0.0004261244)
(0.02523792 0.001061069 0.001459572)
(0.0258014 0.0002753395 0.003037648)
(0.02754412 -0.0005650424 0.005757446)
(0.02961749 0.0005679339 0.009779507)
(0.02667323 0.01102372 0.0131201)
(0.0172055 0.02289932 0.01785578)
(-0.01063195 0.02541373 0.01879465)
(-0.02376397 0.01276558 0.01393823)
(-0.0273074 0.0008870251 0.01080315)
(-0.02593366 -0.0005650553 0.006407502)
(-0.02433139 0.0002448736 0.00351463)
(-0.02389641 0.001051883 0.001867371)
(-0.02438232 0.001538645 0.0008219469)
(-0.02547998 0.001823191 0.0001172071)
(-0.02698497 0.001935135 -0.0003996337)
(-0.02861538 0.001791809 -0.000783689)
(-0.029917 0.00116915 -0.001038634)
(-0.02995239 -0.0002903986 -0.001102973)
(-0.02710283 -0.002917145 -0.0008955292)
(-0.01975017 -0.00678167 -0.000498169)
(-0.008420729 -0.01116828 -0.0001285669)
(0.004781889 -0.02496868 0.001371602)
(0.01443481 -0.01697668 0.001431856)
(0.02059308 -0.008878591 0.001175634)
(0.02405626 -0.003274577 0.0008703032)
(0.02578413 2.249062e-06 0.000749141)
(0.02637847 0.00146727 0.0009135962)
(0.0268568 0.001732312 0.001190543)
(0.02739423 0.001342292 0.001573183)
(0.02796639 0.0006041019 0.002080647)
(0.02844205 -0.0003135439 0.002749852)
(0.02870249 -0.001241578 0.003461435)
(0.02808797 -0.001153153 0.004371918)
(0.02606452 0.004890736 0.002923597)
(0.02004571 0.02866861 0.007301162)
(0.01211569 0.05097323 0.0115677)
(-0.007987297 0.05447086 0.01226651)
(-0.01769174 0.03191666 0.007732603)
(-0.02412933 0.00585776 0.003287246)
(-0.02687432 -0.0008889533 0.004478967)
(-0.02768274 -0.001138905 0.003517817)
(-0.02758328 -0.0002527277 0.002790655)
(-0.02721023 0.0006475612 0.002124996)
(-0.0267153 0.001383264 0.001629973)
(-0.02623046 0.00178986 0.001266542)
(-0.02578392 0.00157066 0.001014022)
(-0.02521827 0.0001920996 0.0008758992)
(-0.02353445 -0.002975631 0.001009897)
(-0.02010417 -0.00844456 0.001304867)
(-0.01403307 -0.01632806 0.001525876)
(-0.004647681 -0.02401079 0.001425484)
(0.0001330266 -0.03266714 0.002554943)
(0.003690629 -0.02264221 0.003201976)
(0.005071587 -0.01159368 0.003708465)
(0.007012963 -0.004133428 0.003801618)
(0.008703372 5.027831e-05 0.003744544)
(0.01072021 0.001893325 0.003921997)
(0.01231629 0.002513016 0.00437952)
(0.01376372 0.002740043 0.005041292)
(0.01495519 0.003013252 0.005945913)
(0.01579925 0.003525109 0.007144465)
(0.01627393 0.00456319 0.008358884)
(0.01491154 0.007345586 0.009225065)
(0.01186883 0.01707995 0.00315411)
(0.008543229 0.04499798 0.004639103)
(0.006301587 0.07167513 0.00679949)
(-0.004378904 0.07564403 0.007255123)
(-0.007618877 0.04871831 0.004428916)
(-0.01144165 0.01795163 0.002535932)
(-0.01522069 0.007423326 0.008469505)
(-0.01662476 0.004551513 0.007788648)
(-0.01612804 0.003566881 0.006728817)
(-0.0152392 0.003091672 0.005646879)
(-0.01403253 0.002837114 0.004820306)
(-0.01258232 0.002627342 0.00421501)
(-0.01097928 0.002047344 0.003805158)
(-0.009021233 0.0002674912 0.003651977)
(-0.007207657 -0.00383242 0.00371567)
(-0.005214851 -0.01114188 0.003586958)
(-0.003705809 -0.0218881 0.003046115)
(-0.0002130509 -0.03148906 0.002405992)
(-0.005372867 -0.02866357 0.003153378)
(-0.00974158 -0.01870742 0.003877546)
(-0.01403079 -0.009824142 0.005073887)
(-0.01478569 -0.004941599 0.006071388)
(-0.01412335 -0.002620586 0.006625513)
(-0.01282826 -0.001572222 0.006927853)
(-0.01136244 -0.001252901 0.007275759)
(-0.01013946 -0.001401073 0.007501443)
(-0.009215757 -0.001688263 0.007374501)
(-0.008778253 -0.001484006 0.006425117)
(-0.00902932 0.0007497562 0.003875175)
(-0.0109394 0.007400653 -0.000593872)
(-0.009806665 0.02323307 -0.008552743)
(-0.008248302 0.04481338 -0.00224547)
(-0.001378963 0.06889439 -0.001537505)
(0.001305712 0.07265103 -0.001177345)
(0.008143195 0.04813651 -0.002504871)
(0.009899193 0.02424029 -0.009024388)
(0.01039335 0.007761415 -0.001416046)
(0.008219694 0.0006215797 0.003031319)
(0.007805813 -0.00169579 0.005711484)
(0.008152481 -0.001845447 0.006779514)
(0.009038302 -0.001491195 0.006994986)
(0.01026261 -0.001287595 0.006834438)
(0.01174104 -0.00155348 0.006544117)
(0.01314728 -0.002566071 0.006303641)
(0.01392298 -0.004827297 0.005768207)
(0.01330662 -0.009599121 0.004764252)
(0.009278366 -0.01824053 0.003562064)
(0.005090638 -0.02776731 0.002872005)
(-0.01394949 -0.01428993 0.00204947)
(-0.0265393 -0.006559364 0.0005064861)
(-0.03524186 -0.00177414 -0.0008777169)
(-0.03937755 0.0009066169 -0.002196827)
(-0.04168198 0.002690003 -0.003610997)
(-0.04289944 0.004060527 -0.005205438)
(-0.04384984 0.005457833 -0.007188307)
(-0.0447927 0.007176452 -0.009701383)
(-0.0458802 0.009399514 -0.01290688)
(-0.04709512 0.0123318 -0.01703168)
(-0.04805817 0.01622904 -0.02242868)
(-0.04687894 0.02143836 -0.02898097)
(-0.03603987 0.02854402 -0.03343444)
(-0.02806382 0.03437178 -0.02173622)
(-0.0143513 0.04960845 -0.02167313)
(0.01099757 0.05287494 -0.02143033)
(0.0271709 0.03664168 -0.02207032)
(0.03626462 0.02940065 -0.033743)
(0.04698425 0.02188037 -0.02943324)
(0.04807243 0.01654071 -0.02293448)
(0.04693725 0.01258016 -0.01751307)
(0.04555825 0.009585165 -0.0133447)
(0.04433711 0.007300656 -0.01009157)
(0.0432782 0.005530284 -0.007531374)
(0.04222537 0.00408958 -0.005507341)
(0.04092148 0.00269522 -0.00389015)
(0.03855853 0.0009151838 -0.002479275)
(0.0344138 -0.001727802 -0.00118538)
(0.02584708 -0.006401421 0.0001558846)
(0.01347784 -0.01385877 0.001691489)
(0.008676942 -0.01300727 -0.0004625406)
(0.02032097 -0.008834773 -0.0007028026)
(0.02807921 -0.004890125 -0.000875236)
(0.03128967 -0.002053707 -0.0009402172)
(0.03161708 -0.0002318095 -0.0008877709)
(0.03054296 0.0007596921 -0.0007505849)
(0.02904875 0.00117662 -0.0005600004)
(0.02770866 0.001229161 -0.0003237448)
(0.0269185 0.0009783141 -2.947558e-05)
(0.02703964 0.0003592601 0.0003898714)
(0.02881066 -0.0006069403 0.00104532)
(0.03160558 0.001362881 0.002394817)
(0.0275269 0.02523726 0.004416182)
(-0.02682119 0.02514668 0.005489294)
(-0.03081234 0.001392662 0.003152642)
(-0.02777879 -0.0006137257 0.001573809)
(-0.02589031 0.0003661849 0.0008125842)
(-0.02570329 0.001015534 0.0003483369)
(-0.02646263 0.001297293 4.326716e-05)
(-0.02778626 0.001284292 -0.0001858504)
(-0.0292827 0.0009237873 -0.0003653911)
(-0.03040047 8.599783e-06 -0.0004958753)
(-0.03015481 -0.001724563 -0.0005522245)
(-0.02710183 -0.004459569 -0.0005094034)
(-0.01962069 -0.008277684 -0.0003770216)
(-0.008351493 -0.01230675 -0.0002032804)
(0.004833646 -0.02614325 0.000593882)
(0.01430122 -0.01877274 0.0005504725)
(0.0203199 -0.01089388 0.0004284504)
(0.02369729 -0.005313729 0.0002861763)
(0.02530336 -0.001880552 0.0002426342)
(0.02629423 -0.0001012449 0.0003012055)
(0.0269771 0.0005271916 0.0004008229)
(0.02769846 0.0004207132 0.0005329504)
(0.02844003 -0.0001556221 0.0006902573)
(0.02883573 -0.0009876872 0.0008519912)
(0.02883299 -0.001241382 0.0008373774)
(0.02388975 0.007207182 0.0008998756)
(0.01977761 0.05618067 0.0007212993)
(-0.01932842 0.05606403 0.001650706)
(-0.0234405 0.007396473 0.001360294)
(-0.02822923 -0.001127861 0.001071129)
(-0.02823285 -0.0008845099 0.001006622)
(-0.02785404 -3.492203e-05 0.0008139881)
(-0.02714707 0.0005661377 0.0006421215)
(-0.02645516 0.0007156217 0.0005006094)
(-0.02579475 0.0001580373 0.0003923854)
(-0.02484222 -0.001532969 0.0003213035)
(-0.02321795 -0.004849047 0.0003432432)
(-0.01986079 -0.01027102 0.0004513199)
(-0.01391513 -0.01791998 0.0005402684)
(-0.004701156 -0.02500664 0.0005638924)
(0.0005001596 -0.03337515 0.001219362)
(0.004226416 -0.02397386 0.001393946)
(0.005726229 -0.01321565 0.001611559)
(0.00761935 -0.005911126 0.00169938)
(0.00920738 -0.001784145 0.001679569)
(0.01103149 0.0004066112 0.001774153)
(0.01287455 0.001487193 0.00202177)
(0.0147879 0.002063415 0.002358658)
(0.01668763 0.002629181 0.002793723)
(0.01818627 0.0035947 0.003320277)
(0.0194716 0.006501157 0.003554167)
(0.0132056 0.02001295 0.003012033)
(0.0127586 0.08047389 -0.001057062)
(-0.01250241 0.08036105 -0.0003432999)
(-0.01330602 0.02012101 0.002932143)
(-0.01967618 0.00651529 0.003260526)
(-0.01851742 0.003642275 0.003049746)
(-0.01707452 0.002726402 0.002578143)
(-0.01522288 0.002203218 0.002184015)
(-0.01332435 0.001673387 0.00187679)
(-0.01145528 0.0006674321 0.001650803)
(-0.009573396 -0.001446519 0.001544176)
(-0.00788063 -0.005490462 0.001531613)
(-0.005901002 -0.01261672 0.001419698)
(-0.004256068 -0.02305613 0.001187102)
(-0.0005753235 -0.03205966 0.00102912)
(-0.004642903 -0.02921573 0.001567246)
(-0.008330195 -0.01968786 0.001749935)
(-0.01201997 -0.01064175 0.002297534)
(-0.01213544 -0.005336039 0.002844743)
(-0.0108477 -0.00255751 0.003176639)
(-0.009413714 -0.001192942 0.003338384)
(-0.007091882 -0.0008259447 0.00356726)
(-0.005034105 -0.0008511287 0.003745246)
(-0.003241183 -0.0008992393 0.003765591)
(-0.00255169 0.0001949438 0.003358156)
(-0.003109807 0.006856551 0.002066934)
(-0.01049442 0.02750508 0.0003172226)
(0.002662552 0.08277505 -0.004722887)
(-0.002448925 0.08268176 -0.004208345)
(0.01042702 0.02760259 0.000266568)
(0.002850119 0.00687333 0.001756302)
(0.001980508 0.0001142013 0.002976912)
(0.002440454 -0.0009379649 0.003412006)
(0.00410493 -0.0008477391 0.0034302)
(0.006091753 -0.0007968582 0.003284824)
(0.008367061 -0.001147737 0.003081353)
(0.009891128 -0.002484516 0.002950691)
(0.01129316 -0.005188857 0.00261479)
(0.01131242 -0.01035642 0.002038604)
(0.007882045 -0.01913341 0.001468125)
(0.004373576 -0.02823931 0.001292268)
(-0.01299596 -0.01452282 0.001225943)
(-0.02512039 -0.006514104 0.0004072126)
(-0.03354808 -0.001254335 -0.0002784084)
(-0.03752273 0.001850086 -0.0009117625)
(-0.03962315 0.00397367 -0.001575417)
(-0.04066429 0.005640771 -0.002315852)
(-0.04180108 0.007512197 -0.003259284)
(-0.04325214 0.01003067 -0.00446213)
(-0.04529172 0.013512 -0.005997914)
(-0.04806643 0.01844116 -0.007953946)
(-0.05046942 0.02577745 -0.01050731)
(-0.04740624 0.03819029 -0.01360846)
(-0.02119783 0.06333143 -0.01624387)
(0.02136795 0.06325155 -0.01587767)
(0.04750175 0.03819896 -0.01353149)
(0.05059661 0.02583135 -0.01057686)
(0.04808466 0.01852413 -0.008079449)
(0.04514408 0.01358591 -0.006136997)
(0.04295326 0.01007264 -0.004595196)
(0.04136669 0.007519075 -0.003378074)
(0.04010416 0.005613509 -0.002420646)
(0.03894959 0.003927653 -0.001679658)
(0.03675902 0.001813837 -0.001036975)
(0.0327576 -0.001236001 -0.0004459555)
(0.02444757 -0.006356171 0.0001764301)
(0.0125408 -0.01406731 0.0009345407)
(0.008680198 -0.01290377 0.0007030173)
(0.02031839 -0.008729307 0.0009777367)
(0.02806606 -0.00479678 0.001157496)
(0.0312638 -0.00197843 0.001208028)
(0.03158323 -0.0001768624 0.001127877)
(0.03050699 0.0007953853 0.0009591621)
(0.02901769 0.001197358 0.0007406282)
(0.02768407 0.001238676 0.0004824046)
(0.02690337 0.0009778046 0.0001738868)
(0.02703697 0.0003487559 -0.0002518561)
(0.02882858 -0.0006282961 -0.0009021718)
(0.03165229 0.001345728 -0.002226051)
(0.02758691 0.02528108 -0.004216685)
(-0.02688534 0.02537597 -0.004880526)
(-0.03088299 0.001459177 -0.002541893)
(-0.02779189 -0.000599371 -0.0009948966)
(-0.02585367 0.0003736455 -0.0002343676)
(-0.0256289 0.001026432 0.000241134)
(-0.02635784 0.00131958 0.0005683373)
(-0.02766663 0.001320166 0.0008297173)
(-0.02915823 0.0009754752 0.00104184)
(-0.03028614 7.849926e-05 0.001195196)
(-0.03005954 -0.001639049 0.001248155)
(-0.02703489 -0.004363063 0.001172949)
(-0.01958482 -0.008173468 0.0009729093)
(-0.00833991 -0.01220655 0.0006884664)
(0.004853767 -0.02602994 -0.0005326893)
(0.01434614 -0.01865012 -0.0004886038)
(0.02038668 -0.01077935 -0.0003533706)
(0.02377095 -0.005220058 -0.0002064543)
(0.02537646 -0.001817821 -0.00017456)
(0.02636092 -6.782797e-05 -0.0002438636)
(0.02703568 0.0005369414 -0.0003471218)
(0.02775092 0.0004105487 -0.0004761489)
(0.02848723 -0.0001839899 -0.0006250772)
(0.02887746 -0.001034421 -0.0007717944)
(0.02887212 -0.001306493 -0.0007321778)
(0.02391365 0.007162051 -0.0007478517)
(0.01981334 0.05626973 -0.0005297652)
(-0.01933314 0.05642559 -0.00126912)
(-0.02338147 0.007583157 -0.001135096)
(-0.02818076 -0.001030324 -0.0008764214)
(-0.02818655 -0.000811934 -0.0008021713)
(-0.02780814 2.86351e-05 -0.0006024132)
(-0.02709995 0.0006318317 -0.0004335157)
(-0.026407 0.0007927136 -0.0003052968)
(-0.02574917 0.0002507309 -0.000219207)
(-0.0248133 -0.001428118 -0.0001787519)
(-0.02318943 -0.004737828 -0.0002368067)
(-0.01983734 -0.01015368 -0.000402264)
(-0.01390119 -0.01779562 -0.0005514794)
(-0.004696479 -0.02489134 -0.0005859534)
(0.000521624 -0.03328927 -0.001252039)
(0.004287014 -0.02387514 -0.001462699)
(0.005828446 -0.01311009 -0.001684491)
(0.007740092 -0.005811966 -0.001761772)
(0.009334781 -0.001705309 -0.001741033)
(0.01112878 0.0004573024 -0.001846142)
(0.01295547 0.001510282 -0.002086152)
(0.01484323 0.00206748 -0.002410171)
(0.01671591 0.002618701 -0.002831071)
(0.01818953 0.003569387 -0.003339526)
(0.01945457 0.006462234 -0.003541503)
(0.01316297 0.01999441 -0.002921982)
(0.01277004 0.08055862 0.001222015)
(-0.0124936 0.08075755 0.0005380064)
(-0.01326219 0.02028179 -0.003017966)
(-0.01969072 0.006617129 -0.003469912)
(-0.01855715 0.003728662 -0.003274542)
(-0.01712693 0.002802142 -0.002803978)
(-0.01527757 0.002274329 -0.002414915)
(-0.01337162 0.001747904 -0.002118086)
(-0.0114846 0.0007552201 -0.001902543)
(-0.009555412 -0.001344299 -0.001803215)
(-0.007844988 -0.005389491 -0.001827434)
(-0.005863173 -0.01251748 -0.00176788)
(-0.004231434 -0.02295123 -0.001562342)
(-0.0005653154 -0.03196537 -0.001339883)
(-0.004629287 -0.02917222 -0.001658498)
(-0.008294319 -0.01963148 -0.001914181)
(-0.01196635 -0.01056084 -0.002523633)
(-0.01207421 -0.00524642 -0.003113675)
(-0.01081252 -0.002478152 -0.003447892)
(-0.009369378 -0.001139948 -0.003597716)
(-0.007083166 -0.0007889016 -0.003808793)
(-0.005053101 -0.0008246045 -0.003951969)
(-0.003287633 -0.0008846332 -0.003919687)
(-0.002611879 0.000198002 -0.003430577)
(-0.003168923 0.006856536 -0.002041729)
(-0.01054478 0.02752083 -0.0002135048)
(0.002664759 0.08284725 0.004850487)
(-0.002422528 0.08302522 0.004270614)
(0.01049282 0.02777873 -0.0003850191)
(0.00291038 0.006942236 -0.001980281)
(0.002036009 0.00013099 -0.00326154)
(0.002499642 -0.0009509767 -0.003742212)
(0.004161411 -0.0008781281 -0.003793887)
(0.006148032 -0.0008429292 -0.003671549)
(0.008420668 -0.001214295 -0.00347725)
(0.009950916 -0.002555559 -0.003358984)
(0.01136475 -0.005229002 -0.003056981)
(0.01137077 -0.01034954 -0.002522885)
(0.007921249 -0.01908362 -0.001982704)
(0.004390351 -0.02818377 -0.001752249)
(-0.01299249 -0.01450009 -0.001343559)
(-0.02511657 -0.006491051 -0.0005577127)
(-0.03353755 -0.001232776 0.0001191671)
(-0.0375042 0.001865355 0.000754713)
(-0.03959657 0.00397799 0.001426567)
(-0.04065176 0.005642431 0.002181189)
(-0.04180168 0.007515958 0.00314562)
(-0.04326482 0.01003537 0.004376969)
(-0.04531399 0.01351765 0.005946889)
(-0.04809506 0.01844895 0.007941516)
(-0.05050147 0.02579048 0.01053369)
(-0.04743871 0.03821532 0.0136653)
(-0.02120325 0.06338676 0.01631161)
(0.02142102 0.0635382 0.0156806)
(0.04761879 0.03837543 0.01327562)
(0.05072857 0.02594097 0.01031142)
(0.0482124 0.01859438 0.007822082)
(0.04526435 0.01363219 0.005890067)
(0.0430669 0.01010296 0.004355476)
(0.0414753 0.007537462 0.003140993)
(0.04020435 0.005621447 0.002178241)
(0.03903539 0.003925663 0.001417432)
(0.03681537 0.00180174 0.0007301738)
(0.03279506 -0.001246937 7.256852e-05)
(0.0244778 -0.006354518 -0.0006351029)
(0.01256222 -0.01404908 -0.001433623)
(0.00872474 -0.01158124 0.0006787623)
(0.02039101 -0.007034417 0.001176942)
(0.02797374 -0.003068361 0.001618247)
(0.03093882 -0.0003830794 0.001824756)
(0.03097072 0.001112182 0.00172408)
(0.02971383 0.001757391 0.001415492)
(0.02812213 0.001912831 0.0009804341)
(0.02666862 0.001806645 0.0004270344)
(0.02563942 0.001531817 -0.000293189)
(0.02525211 0.001058306 -0.001316301)
(0.02585251 0.0002603884 -0.002881648)
(0.0276472 -0.0005922147 -0.00558642)
(0.0298026 0.0005237355 -0.009593313)
(0.02697103 0.01085998 -0.01296141)
(0.01764829 0.02263083 -0.01772671)
(-0.009867352 0.02562072 -0.01881154)
(-0.02364457 0.01299574 -0.01385199)
(-0.02721862 0.001010767 -0.01061894)
(-0.02583444 -0.0005046149 -0.006145345)
(-0.02417937 0.0002765356 -0.003183685)
(-0.02369971 0.001068448 -0.001484998)
(-0.02413807 0.001550421 -0.0003982004)
(-0.02519869 0.001836835 0.0003440964)
(-0.0266721 0.001962432 0.0008938609)
(-0.02829455 0.001838976 0.001310346)
(-0.02961118 0.001242779 0.001590127)
(-0.02969867 -0.0001846831 0.001662765)
(-0.02691511 -0.00278824 0.001430976)
(-0.01963767 -0.00664455 0.0009858525)
(-0.008373779 -0.01103173 0.0005184416)
(0.004805648 -0.02482775 -0.001380896)
(0.01449039 -0.01680427 -0.001439129)
(0.02067626 -0.008698929 -0.001163707)
(0.02414721 -0.003112106 -0.0008384265)
(0.02586238 0.0001191367 -0.0007043021)
(0.02644881 0.001533752 -0.0008585117)
(0.02692971 0.001760494 -0.00112337)
(0.0274696 0.001340147 -0.001493803)
(0.02804808 0.0005750919 -0.001988336)
(0.02853836 -0.0003699318 -0.002643162)
(0.0288231 -0.001325819 -0.00333757)
(0.02825736 -0.00126432 -0.004229569)
(0.02629656 0.004742544 -0.002750504)
(0.02034266 0.02831482 -0.007149813)
(0.01242395 0.05054361 -0.01145217)
(-0.007432153 0.05477584 -0.01228277)
(-0.01755513 0.03235978 -0.007676698)
(-0.02393992 0.00618001 -0.003194781)
(-0.02669375 -0.0006817832 -0.004383839)
(-0.0275075 -0.0009796311 -0.0034115)
(-0.02741086 -0.0001143575 -0.002670516)
(-0.02703893 0.0007760251 -0.001992511)
(-0.02654232 0.001515065 -0.001491017)
(-0.02605591 0.001939802 -0.001128447)
(-0.02561068 0.001751643 -0.0008849892)
(-0.02506101 0.0004072083 -0.0007605153)
(-0.02343214 -0.002753059 -0.0009088047)
(-0.02002091 -0.008238428 -0.001237171)
(-0.01398175 -0.0161333 -0.001503684)
(-0.00463089 -0.02383452 -0.001412809)
(0.0001591897 -0.03256828 -0.002605227)
(0.003765118 -0.0225152 -0.003279628)
(0.005202671 -0.01144462 -0.003791286)
(0.007169353 -0.003982888 -0.003870126)
(0.008900072 0.0001589319 -0.003791809)
(0.01086302 0.001951147 -0.003962736)
(0.0124318 0.002534255 -0.004408949)
(0.01384081 0.002738537 -0.005063652)
(0.01499322 0.002994771 -0.005966941)
(0.01580516 0.003490685 -0.007169555)
(0.01626378 0.004510611 -0.008391218)
(0.01490887 0.007277646 -0.009254573)
(0.01194661 0.01706519 -0.003110354)
(0.00870283 0.04458345 -0.004565055)
(0.006439196 0.0711468 -0.006710482)
(-0.004053573 0.07599209 -0.007265876)
(-0.007592143 0.04921814 -0.004344732)
(-0.01137236 0.01826772 -0.002437753)
(-0.01519723 0.007562698 -0.008470317)
(-0.01666147 0.004657582 -0.007838803)
(-0.01621086 0.003662582 -0.006805225)
(-0.01534475 0.003184088 -0.0057382)
(-0.01414651 0.002930605 -0.004922663)
(-0.01269015 0.00272966 -0.004327237)
(-0.01106246 0.002170844 -0.00392522)
(-0.009091832 0.0004142932 -0.003766104)
(-0.00716339 -0.003670146 -0.003861711)
(-0.005160497 -0.01099294 -0.003776089)
(-0.003660442 -0.0217386 -0.003269921)
(-0.0002000106 -0.03134719 -0.002585407)
(-0.00535593 -0.02861721 -0.003225677)
(-0.009699778 -0.01864056 -0.003990963)
(-0.01396558 -0.009728103 -0.005216471)
(-0.01470615 -0.0048417 -0.00622636)
(-0.01404733 -0.002533188 -0.006776162)
(-0.01276203 -0.001494434 -0.007061469)
(-0.01134194 -0.001196563 -0.007406024)
(-0.01015753 -0.001358502 -0.007626156)
(-0.009268551 -0.001661246 -0.007490839)
(-0.008847458 -0.001477959 -0.006524742)
(-0.009090827 0.0007313446 -0.003945656)
(-0.01097401 0.00736759 0.0005708248)
(-0.00972045 0.02319878 0.008608244)
(-0.008177241 0.0444201 0.002305603)
(-0.001423868 0.06836304 0.001611801)
(0.001389113 0.07296177 0.001167486)
(0.008096193 0.04856813 0.002577585)
(0.00997185 0.02452124 0.009045384)
(0.0104936 0.007884242 0.001340744)
(0.008295492 0.0006870734 -0.003187078)
(0.007851276 -0.001673604 -0.005925701)
(0.008175147 -0.001850077 -0.007034992)
(0.009043006 -0.001513536 -0.007278508)
(0.01026155 -0.001325754 -0.007135204)
(0.01173303 -0.001614491 -0.006847544)
(0.0131909 -0.002648431 -0.006590448)
(0.01397724 -0.004885693 -0.006063479)
(0.01336655 -0.009602645 -0.005080948)
(0.009324607 -0.01818386 -0.003906274)
(0.005104984 -0.02769015 -0.003163886)
(-0.01394059 -0.01427052 -0.002113099)
(-0.02652883 -0.006540463 -0.0005811547)
(-0.0352257 -0.00175767 0.0008069595)
(-0.03935194 0.0009161668 0.00213161)
(-0.04165361 0.002690694 0.003551479)
(-0.04286764 0.004054259 0.005148695)
(-0.0438257 0.005451501 0.007140886)
(-0.04477147 0.007169565 0.009665461)
(-0.0458584 0.009391559 0.0128844)
(-0.04706699 0.01232196 0.01702407)
(-0.04802069 0.01621453 0.02243804)
(-0.04682504 0.02140935 0.02901135)
(-0.03591757 0.02847302 0.03348821)
(-0.0280685 0.03407946 0.02174619)
(-0.01468125 0.0491625 0.02171853)
(0.01058833 0.05314663 0.02141324)
(0.02702727 0.0368954 0.02210763)
(0.0363334 0.02955882 0.0337384)
(0.04711695 0.02196564 0.02936861)
(0.04821126 0.01658327 0.02281851)
(0.04707292 0.01259858 0.01735636)
(0.04568907 0.009588748 0.01315431)
(0.04446569 0.00729334 0.009872275)
(0.04340572 0.005512906 0.007286409)
(0.04235346 0.004057109 0.005241078)
(0.04102175 0.002645678 0.003598206)
(0.03863001 0.0008620444 0.002161023)
(0.03446272 -0.001772267 0.0008353943)
(0.02587285 -0.006421113 -0.0005435785)
(0.01349117 -0.01384794 -0.002045299)
(0.008735768 -0.01120262 -0.0009998812)
(0.02046304 -0.006222679 -0.0007699947)
(0.02787021 -0.002006723 -0.0001686027)
(0.03053011 0.0006947848 0.0003508068)
(0.03014894 0.002039512 0.0005556765)
(0.02859311 0.00250218 0.0005311751)
(0.02672973 0.002498524 0.0003342234)
(0.0249422 0.002275478 -1.36705e-05)
(0.02339872 0.001943033 -0.0005398828)
(0.02213079 0.001514864 -0.0013554)
(0.02111327 0.0009061007 -0.002663014)
(0.02021275 4.949251e-05 -0.004893702)
(0.01909134 -0.0008725859 -0.008595393)
(0.01609489 -0.0005590094 -0.01394098)
(0.01024174 0.001013241 -0.01811895)
(-0.003418451 0.0022876 -0.01876529)
(-0.01254316 0.0005479602 -0.0143449)
(-0.01630312 -0.0004482103 -0.009000489)
(-0.01812399 0.0002159451 -0.005101746)
(-0.01929343 0.0009724451 -0.002814148)
(-0.02048081 0.001544023 -0.001470752)
(-0.02184208 0.001953832 -0.0006450289)
(-0.02344176 0.002275858 -0.000122953)
(-0.02527143 0.00249504 0.0002128168)
(-0.02718092 0.002503771 0.0003941798)
(-0.02880601 0.002059946 0.0004036361)
(-0.02929827 0.0007547437 0.0001891883)
(-0.02682894 -0.001883369 -0.0003223876)
(-0.0197147 -0.006001995 -0.0008957414)
(-0.008389785 -0.01079556 -0.001072586)
(0.004524588 -0.02472422 -0.00188677)
(0.01411164 -0.01609205 -0.002281909)
(0.02019716 -0.007459769 -0.00202769)
(0.02362409 -0.001489827 -0.001542464)
(0.0248814 0.001773696 -0.001270592)
(0.02520014 0.002927392 -0.001275759)
(0.02544015 0.002851274 -0.001450668)
(0.02564075 0.002176961 -0.001784513)
(0.02570358 0.001241011 -0.002311384)
(0.02543423 0.0002324131 -0.003103139)
(0.02461077 -0.000728099 -0.004223238)
(0.02271755 -0.001386087 -0.005794174)
(0.01980463 -0.001150225 -0.007553771)
(0.01477319 0.002322008 -0.009081029)
(0.007751616 0.008812648 -0.007901778)
(-0.005873122 0.01097162 -0.007295612)
(-0.01346682 0.004381474 -0.008086114)
(-0.01839238 -0.0001601617 -0.007004053)
(-0.02144253 -0.000830505 -0.005494311)
(-0.02337094 -0.0003632562 -0.004086844)
(-0.02428735 0.0004817026 -0.00304849)
(-0.02464072 0.001411196 -0.002301429)
(-0.02465073 0.002296068 -0.001803337)
(-0.02450739 0.002946986 -0.001491555)
(-0.0243133 0.003029406 -0.001334657)
(-0.02403764 0.001914521 -0.001341114)
(-0.02286239 -0.001288234 -0.00160737)
(-0.01950113 -0.007174558 -0.002078601)
(-0.01358046 -0.01560189 -0.002300955)
(-0.004354805 -0.02386274 -0.001869205)
(-0.0004625234 -0.03267497 -0.002667608)
(0.002450752 -0.02209297 -0.003871777)
(0.003430723 -0.01050152 -0.004740902)
(0.005223033 -0.002642156 -0.004923445)
(0.007640926 0.001484777 -0.00459286)
(0.009333954 0.003065284 -0.004599457)
(0.01054307 0.00337912 -0.004956414)
(0.01131548 0.003403028 -0.005615653)
(0.01151728 0.003572295 -0.006602678)
(0.01113379 0.00399951 -0.007969727)
(0.0102298 0.004663376 -0.009654514)
(0.008413559 0.005478983 -0.01145256)
(0.006353476 0.006861948 -0.01135518)
(0.004401718 0.01089548 -0.007553488)
(0.002262565 0.01763451 -0.0002669042)
(-0.004309149 0.01883478 0.0005240858)
(-0.006695247 0.01182214 -0.00576515)
(-0.008247694 0.00706515 -0.009853693)
(-0.0098965 0.005487119 -0.010345)
(-0.01124787 0.004742592 -0.008925634)
(-0.01183615 0.004154756 -0.007486421)
(-0.01198624 0.003753249 -0.006290933)
(-0.0116246 0.003579648 -0.005415963)
(-0.01074022 0.003544251 -0.004827941)
(-0.009441646 0.003224172 -0.00451539)
(-0.007723688 0.001641228 -0.00453257)
(-0.00519874 -0.002471782 -0.004866613)
(-0.00338855 -0.01020179 -0.004659136)
(-0.002358442 -0.02146389 -0.003788784)
(0.0003985312 -0.03154837 -0.002583712)
(-0.006306831 -0.02832077 -0.002850323)
(-0.01181967 -0.01808163 -0.004173831)
(-0.01696987 -0.009448154 -0.005858636)
(-0.01845353 -0.004991468 -0.007127021)
(-0.01843399 -0.002997837 -0.007846147)
(-0.01731538 -0.002023421 -0.00830935)
(-0.01638363 -0.001750044 -0.008653205)
(-0.01568332 -0.001977132 -0.008885969)
(-0.01510367 -0.002481744 -0.008856195)
(-0.01452603 -0.002985582 -0.008196561)
(-0.01373923 -0.002919479 -0.006333076)
(-0.01254424 -0.001336233 -0.002507805)
(-0.009491791 0.003549318 0.004443826)
(-0.006040588 0.01081935 0.0101875)
(-0.001808428 0.02084717 0.01682962)
(-0.0004420262 0.02241306 0.01745432)
(0.003715759 0.01218277 0.01121582)
(0.007526863 0.004060871 0.005481184)
(0.01055862 -0.001604313 -0.001650703)
(0.01190278 -0.003313161 -0.005637497)
(0.01281783 -0.003330508 -0.007638536)
(0.01352347 -0.002756086 -0.008413284)
(0.01423798 -0.002195066 -0.00854248)
(0.01506899 -0.0019293 -0.008392222)
(0.0161746 -0.002153205 -0.008079086)
(0.01746133 -0.003097607 -0.007648424)
(0.0176276 -0.005041023 -0.006936941)
(0.0162876 -0.009374465 -0.005679472)
(0.01137876 -0.01771226 -0.004026646)
(0.0060172 -0.02746029 -0.002720918)
(-0.01471134 -0.01419006 -0.0006674626)
(-0.02756399 -0.006882103 0.0009133627)
(-0.03629579 -0.002572059 0.002294339)
(-0.04036255 -0.0003180863 0.003733146)
(-0.04253875 0.001087481 0.005366898)
(-0.04358816 0.00219172 0.007302487)
(-0.04393351 0.003255514 0.009627114)
(-0.04386101 0.004422534 0.01249682)
(-0.04346571 0.005843531 0.01606442)
(-0.0426201 0.00764167 0.02048266)
(-0.04100385 0.009900278 0.02595716)
(-0.03790686 0.01260381 0.03260974)
(-0.03073891 0.01554291 0.03932656)
(-0.02257726 0.01842602 0.03963488)
(-0.01171158 0.02521476 0.04413586)
(0.008241677 0.02718699 0.04485926)
(0.02086892 0.01996663 0.04070591)
(0.02989867 0.01649677 0.04016814)
(0.03727681 0.01324934 0.03330517)
(0.04039933 0.01035998 0.02649611)
(0.0420042 0.007964597 0.02088995)
(0.04283194 0.006054895 0.01637108)
(0.04320252 0.004543312 0.01272245)
(0.04324562 0.003301279 0.009786557)
(0.04283761 0.002173169 0.007389906)
(0.04173584 0.001035114 0.005409265)
(0.03951932 -0.0003763418 0.003756411)
(0.0354458 -0.00259754 0.002322166)
(0.026843 -0.006788797 0.0009683832)
(0.01421667 -0.01380147 -0.000555632)
(0.008890733 -0.01247401 -0.002069823)
(0.02073453 -0.007226684 -0.00245266)
(0.02805523 -0.002578514 -0.002114721)
(0.03037511 0.0004508671 -0.001608565)
(0.02946365 0.001974341 -0.001238643)
(0.02738883 0.002517414 -0.001004141)
(0.02506883 0.002545763 -0.0008513252)
(0.0228849 0.002339292 -0.0007491976)
(0.02096764 0.002040796 -0.0007015992)
(0.01929452 0.001698248 -0.0007470722)
(0.01775792 0.001277942 -0.0009509919)
(0.01614471 0.0007131283 -0.001428098)
(0.01417162 -9.20478e-06 -0.00228276)
(0.01102061 -0.0005931354 -0.003632991)
(0.006514532 -0.0006276421 -0.004519727)
(-0.001287861 1.78179e-07 -0.004651539)
(-0.007707908 0.00018997 -0.003606944)
(-0.01145378 0.0004113003 -0.002427752)
(-0.01398156 0.0009227644 -0.001564277)
(-0.0158688 0.001379483 -0.001077137)
(-0.01758996 0.001746939 -0.0008547899)
(-0.01937867 0.00206124 -0.0007937596)
(-0.02137372 0.002342913 -0.0008280175)
(-0.02361576 0.002541182 -0.0009164446)
(-0.02599238 0.002514037 -0.001051495)
(-0.02813869 0.001986953 -0.001260015)
(-0.02915444 0.0005028448 -0.001593106)
(-0.02701248 -0.002457551 -0.002055118)
(-0.01997492 -0.006991592 -0.002350442)
(-0.008539661 -0.01202933 -0.001951275)
(0.004323212 -0.02639637 -0.001458859)
(0.01351648 -0.01744394 -0.002688576)
(0.01914873 -0.008089658 -0.002816433)
(0.02216477 -0.001459695 -0.002404661)
(0.02287823 0.002177806 -0.002048953)
(0.02278547 0.003428441 -0.001885428)
(0.02269811 0.0033298 -0.001839963)
(0.02255106 0.002630362 -0.00189649)
(0.02218679 0.001730569 -0.002074517)
(0.02140036 0.0008522599 -0.002400142)
(0.01994281 0.0001309316 -0.002863156)
(0.01749899 -0.0003317181 -0.003453083)
(0.01389238 -0.0004577281 -0.00389098)
(0.008890821 -1.925964e-05 -0.004205843)
(0.003216066 0.001497754 -0.003057473)
(-0.003786468 0.002383262 -0.002576065)
(-0.008566736 0.001079387 -0.003514507)
(-0.01302055 0.0002289005 -0.003531616)
(-0.01641617 0.0001479782 -0.003257542)
(-0.0188009 0.000471334 -0.00278355)
(-0.02029832 0.001090213 -0.002376681)
(-0.02115932 0.001886226 -0.002084234)
(-0.02160152 0.00272678 -0.001930702)
(-0.02181585 0.003394105 -0.001891863)
(-0.02195725 0.00349041 -0.00194716)
(-0.02209237 0.002272435 -0.002107942)
(-0.0214419 -0.001302047 -0.002441809)
(-0.01849042 -0.007833346 -0.002811512)
(-0.01301138 -0.01695657 -0.002642465)
(-0.004172734 -0.02550535 -0.001409979)
(-0.0009184058 -0.0341139 -0.001138261)
(0.001013812 -0.02333049 -0.003388117)
(0.0009767632 -0.011008 -0.00464939)
(0.002203656 -0.002468875 -0.005045724)
(0.004579127 0.001766851 -0.004635911)
(0.006277684 0.00341107 -0.004285335)
(0.007203711 0.00385928 -0.004350594)
(0.00757759 0.004063117 -0.004744625)
(0.007234989 0.004450484 -0.005407022)
(0.006222233 0.005093112 -0.006323815)
(0.004655095 0.005842439 -0.007418672)
(0.002575575 0.006354465 -0.008557389)
(0.0003077973 0.006233728 -0.009010906)
(-0.001420605 0.005701052 -0.008431355)
(-0.00173606 0.00571704 -0.0061623)
(-0.001891644 0.00588143 -0.005793806)
(-0.001722913 0.005852253 -0.007752059)
(-0.002650522 0.00625812 -0.008300108)
(-0.004251986 0.006367853 -0.007928284)
(-0.00582767 0.005912327 -0.006947924)
(-0.007024596 0.005212899 -0.005995422)
(-0.007765229 0.004587196 -0.005193562)
(-0.007923246 0.004186083 -0.004608674)
(-0.007432036 0.003958626 -0.004264972)
(-0.006422106 0.003491631 -0.004226431)
(-0.004716572 0.001838752 -0.004576552)
(-0.002278932 -0.002380265 -0.004974474)
(-0.001038831 -0.01075695 -0.004560246)
(-0.0009901938 -0.02271089 -0.003300993)
(0.0008206699 -0.03296454 -0.001085671)
(-0.007029862 -0.02878328 -0.0004480279)
(-0.01380893 -0.01851458 -0.003024601)
(-0.02010522 -0.009987521 -0.004996658)
(-0.02253293 -0.005648128 -0.006274053)
(-0.02329774 -0.003765246 -0.006986231)
(-0.02298684 -0.002854968 -0.007383592)
(-0.02240677 -0.002620689 -0.007680793)
(-0.0218711 -0.002926229 -0.007983622)
(-0.02125553 -0.003591583 -0.00820028)
(-0.02040363 -0.004518001 -0.008184927)
(-0.01911345 -0.00559586 -0.00775975)
(-0.01713886 -0.006647718 -0.006734241)
(-0.01392324 -0.007297282 -0.004881483)
(-0.009287797 -0.006128109 -0.002614137)
(-0.004132071 -0.001694488 0.001726983)
(0.001086464 -0.001174464 0.00204865)
(0.006505615 -0.006222383 -0.00277276)
(0.01143163 -0.007538037 -0.004891882)
(0.01488803 -0.006929142 -0.006583793)
(0.01707559 -0.005858777 -0.007513951)
(0.01856589 -0.004741395 -0.007909267)
(0.0196036 -0.003773256 -0.007941835)
(0.02039035 -0.003070162 -0.007762623)
(0.02107612 -0.002728732 -0.007503733)
(0.02178742 -0.002923839 -0.007244922)
(0.02223652 -0.003808228 -0.006867697)
(0.02160161 -0.005654152 -0.006159133)
(0.01931267 -0.00989231 -0.004887988)
(0.0132816 -0.01814783 -0.002936458)
(0.006696613 -0.0279196 -0.0003988433)
(-0.01506889 -0.01455797 0.002394953)
(-0.02806309 -0.007857251 0.002234329)
(-0.03686381 -0.003985455 0.00260023)
(-0.0408634 -0.002110189 0.003390163)
(-0.04286217 -0.001110897 0.004536699)
(-0.04359571 -0.0004470324 0.006026761)
(-0.04348936 0.0001537176 0.00790133)
(-0.04272518 0.0008072769 0.01020903)
(-0.04134464 0.001609756 0.01301526)
(-0.03924016 0.002669285 0.01641277)
(-0.03617499 0.004061795 0.02048494)
(-0.03180033 0.005784111 0.0252149)
(-0.02537734 0.007663132 0.03012874)
(-0.01779621 0.009548805 0.0325871)
(-0.009275374 0.01268264 0.0359466)
(0.006533896 0.01371922 0.03642772)
(0.01602611 0.01064252 0.03339952)
(0.02393813 0.008488201 0.03079266)
(0.03056078 0.006344053 0.02565962)
(0.03504865 0.004428989 0.02079083)
(0.03818285 0.002902623 0.01662727)
(0.04032613 0.001747827 0.01315936)
(0.041725 0.0008761948 0.01029342)
(0.04249529 0.0001732334 0.007937468)
(0.04259995 -0.0004595674 0.006023817)
(0.04186218 -0.001139891 0.004502709)
(0.03986755 -0.002137969 0.003338178)
(0.03589868 -0.003979549 0.002544517)
(0.02726148 -0.007739071 0.002189232)
(0.01452198 -0.01415414 0.002365668)
(0.008626616 -0.013062 -0.0009176045)
(0.01977547 -0.00828067 -0.001566163)
(0.02629935 -0.003468696 -0.001586961)
(0.02754691 -0.0001717248 -0.001335768)
(0.02542614 0.001507699 -0.001053828)
(0.02223661 0.002104108 -0.00081236)
(0.01906501 0.00213753 -0.0006013652)
(0.01632968 0.001939903 -0.0004098041)
(0.01413362 0.001693711 -0.0002387259)
(0.01238788 0.001478646 -9.913249e-05)
(0.01090618 0.00129318 -2.850387e-06)
(0.009458121 0.00109312 3.471228e-05)
(0.007822797 0.000884974 4.079225e-05)
(0.005664838 0.0007996138 4.935218e-05)
(0.003014718 0.0009722634 0.000386786)
(-0.0002336392 0.0012758 0.0005413315)
(-0.003388877 0.001258803 0.0002809814)
(-0.005858623 0.001159692 9.163263e-05)
(-0.007807291 0.001208619 2.895319e-05)
(-0.009433219 0.001311623 -3.769607e-05)
(-0.01101951 0.001451781 -0.0001381195)
(-0.01281209 0.001648968 -0.0002730827)
(-0.01501545 0.001891862 -0.0004349935)
(-0.01773835 0.002105532 -0.0006128182)
(-0.02090286 0.002109085 -0.0008046754)
(-0.02411237 0.001574022 -0.001020879)
(-0.0263092 -1.617763e-05 -0.001272019)
(-0.02521677 -0.003190658 -0.001494236)
(-0.01898675 -0.007832533 -0.001454243)
(-0.008259278 -0.01239546 -0.0008173956)
(0.004694407 -0.02698188 -6.589138e-05)
(0.01283147 -0.01894682 -0.001158776)
(0.01737913 -0.009302375 -0.00158435)
(0.01905057 -0.002045851 -0.001568121)
(0.01846173 0.002045022 -0.001393506)
(0.0172048 0.003459079 -0.001254232)
(0.01624383 0.00334642 -0.001161606)
(0.01541136 0.002650844 -0.001117415)
(0.01448536 0.0019004 -0.001132588)
(0.0132541 0.001363252 -0.00120455)
(0.01150154 0.00118023 -0.001287668)
(0.0091067 0.001402955 -0.001301476)
(0.006200959 0.001974991 -0.001071498)
(0.003070669 0.002681803 -0.0004884644)
(0.0005228791 0.003283604 0.0005639227)
(-0.001102808 0.003562356 0.000673734)
(-0.003029974 0.003178701 -0.0002717563)
(-0.0056883 0.0023692 -0.0009175032)
(-0.008353983 0.00169509 -0.001201476)
(-0.01063835 0.001365376 -0.0012303)
(-0.0123841 0.001448859 -0.001170812)
(-0.01367031 0.001904603 -0.001115892)
(-0.01466126 0.002602209 -0.001115511)
(-0.01554245 0.003289835 -0.001170101)
(-0.01653609 0.00344735 -0.001267534)
(-0.01781046 0.002137851 -0.001403427)
(-0.01843485 -0.0018047 -0.001565159)
(-0.01681289 -0.008871685 -0.001561376)
(-0.01238257 -0.01820163 -0.001124753)
(-0.004538321 -0.02583657 -5.244005e-05)
(0.0001651813 -0.03437829 0.0003758944)
(0.001241683 -0.02488412 -0.001108407)
(3.770404e-05 -0.01256114 -0.002120929)
(-0.0003254901 -0.003478941 -0.002639664)
(0.0004952206 0.0008398883 -0.002479548)
(0.001507269 0.002369439 -0.002119918)
(0.002061067 0.002843825 -0.001981086)
(0.002040315 0.003158687 -0.002050409)
(0.001358097 0.003634907 -0.002254385)
(0.0001300057 0.004301377 -0.002564407)
(-0.001372261 0.004931361 -0.002830408)
(-0.002688673 0.005192022 -0.002844279)
(-0.003404855 0.005047311 -0.002515851)
(-0.003205954 0.004653059 -0.001954305)
(-0.002068734 0.00453378 -0.001168025)
(-0.0002509859 0.00456782 -0.001019386)
(0.001155976 0.00486215 -0.001695365)
(0.001670575 0.005170833 -0.002274062)
(0.001326771 0.005236713 -0.002610687)
(0.0003604114 0.004925685 -0.002609225)
(-0.0008127653 0.004296928 -0.002397544)
(-0.001788365 0.00366936 -0.00215842)
(-0.002344651 0.003183314 -0.001990997)
(-0.002323104 0.002859252 -0.001941914)
(-0.001769027 0.002395438 -0.002086896)
(-0.0008099198 0.0009033661 -0.002438633)
(7.608079e-05 -0.003339561 -0.002595136)
(-0.0002413244 -0.01216605 -0.002081863)
(-0.001296169 -0.02403629 -0.001085135)
(-0.0002463733 -0.03301416 0.0003652064)
(-0.005168527 -0.02890728 0.001069627)
(-0.01221036 -0.01967911 -0.0005473614)
(-0.01922329 -0.01122087 -0.001774687)
(-0.02292264 -0.006823613 -0.002454774)
(-0.02495835 -0.005046527 -0.002716358)
(-0.02605853 -0.004402161 -0.002729362)
(-0.02659713 -0.00442539 -0.002577666)
(-0.02664918 -0.004978814 -0.002316784)
(-0.02614662 -0.005923969 -0.001932214)
(-0.02492374 -0.007141778 -0.001363333)
(-0.02284262 -0.008515253 -0.0005638441)
(-0.01982742 -0.009901963 0.0004369861)
(-0.01576993 -0.01105907 0.001494182)
(-0.01067881 -0.011602 0.002289169)
(-0.005199296 -0.01119997 0.003143609)
(0.003108115 -0.01121826 0.003239863)
(0.008774742 -0.0116745 0.002415458)
(0.01392228 -0.01120615 0.00161634)
(0.018096 -0.01007579 0.0005366529)
(0.02123003 -0.008681164 -0.0004754413)
(0.02341461 -0.007273301 -0.001282532)
(0.02473242 -0.006010409 -0.001866764)
(0.02533107 -0.005024238 -0.002268755)
(0.02536781 -0.004431427 -0.002544131)
(0.02491393 -0.004366603 -0.002706475)
(0.02390092 -0.004975914 -0.002700369)
(0.02196243 -0.006699313 -0.002441435)
(0.01838959 -0.01097583 -0.001766824)
(0.01165801 -0.01914771 -0.0005510131)
(0.004864424 -0.027886 0.001037287)
(-0.01182639 -0.01499745 0.002806923)
(-0.02368301 -0.009337464 0.002152822)
(-0.0319428 -0.005818117 0.001778517)
(-0.03606631 -0.004245679 0.001876902)
(-0.03835196 -0.003639407 0.002332369)
(-0.03942557 -0.003494719 0.003050842)
(-0.03962084 -0.003570021 0.004005876)
(-0.03905896 -0.003737328 0.005197818)
(-0.03774711 -0.003901699 0.006642904)
(-0.03557139 -0.003988335 0.008360336)
(-0.03233101 -0.003934444 0.01034535)
(-0.02777103 -0.003671859 0.01252257)
(-0.02160455 -0.003135478 0.01467373)
(-0.01421838 -0.002228197 0.01612242)
(-0.007009954 -0.0004332963 0.01823449)
(0.004716858 0.0001019077 0.01859818)
(0.01239596 -0.001711876 0.0164385)
(0.02001786 -0.002741907 0.01496232)
(0.02639907 -0.003411237 0.01273218)
(0.03108975 -0.003770499 0.01049573)
(0.03440627 -0.003888388 0.008463712)
(0.03662965 -0.003838764 0.006705658)
(0.03797321 -0.00369549 0.005225336)
(0.03855451 -0.003539406 0.004004078)
(0.03837235 -0.003466393 0.003024072)
(0.03731097 -0.003605024 0.002285258)
(0.0350471 -0.004192319 0.001815498)
(0.0309732 -0.005714805 0.001708157)
(0.02289466 -0.009107879 0.002078141)
(0.01132263 -0.01448151 0.002723048)
)
;

boundaryField
{
    minX
    {
        type            fixedValue;
        value           uniform (0 0 0);
    }
    maxX
    {
        type            fixedValue;
        value           uniform (0 0 0);
    }
    minY
    {
        type            fixedValue;
        value           uniform (0 0 0);
    }
    minZ
    {
        type            fixedValue;
        value           uniform (0 0 0);
    }
    maxZ
    {
        type            fixedValue;
        value           uniform (0 0 0);
    }
    bottomAir_to_rightSolid
    {
        type            fixedValue;
        value           uniform (0 0 0);
    }
    bottomAir_to_leftSolid
    {
        type            fixedValue;
        value           uniform (0 0 0);
    }
    bottomAir_to_heater
    {
        type            fixedValue;
        value           uniform (0 0 0);
    }
}


// ************************************************************************* //
