/*--------------------------------*- C++ -*----------------------------------*\
| =========                 |                                                 |
| \\      /  F ield         | OpenFOAM: The Open Source CFD Toolbox           |
|  \\    /   O peration     | Version:  v2012                                 |
|   \\  /    A nd           | Website:  www.openfoam.com                      |
|    \\/     M anipulation  |                                                 |
\*---------------------------------------------------------------------------*/
FoamFile
{
    version     2.0;
    format      ascii;
    class       volScalarField;
    location    "1800/bottomAir";
    object      qr;
}
// * * * * * * * * * * * * * * * * * * * * * * * * * * * * * * * * * * * * * //

dimensions      [1 0 -3 0 0 0 0];


internalField   uniform 0;

boundaryField
{
    minX
    {
        type            greyDiffusiveRadiationViewFactor;
        value           nonuniform List<scalar> 
50
(
20.87403
20.87403
20.87403
20.87403
27.19291
20.87403
20.87403
20.87403
20.87403
27.19291
18.41679
18.41679
27.19291
27.19291
27.19291
18.41679
18.41679
27.19291
27.19291
27.19291
18.41679
18.41679
27.81909
27.81909
27.81909
18.41679
18.41679
27.81909
27.81909
27.81909
20.17693
20.17693
20.17693
20.17693
27.81909
20.17693
20.17693
20.17693
20.17693
27.81909
24.57206
24.57206
24.57206
24.57206
24.57206
24.57206
24.57206
24.57206
24.57206
24.57206
)
;
        qro             uniform 0;
    }
    maxX
    {
        type            greyDiffusiveRadiationViewFactor;
        value           nonuniform List<scalar> 
50
(
15.81367
15.81367
15.81367
15.81367
19.68355
15.81367
15.81367
15.81367
15.81367
19.68355
12.70056
12.70056
19.68355
19.68355
19.68355
12.70056
12.70056
19.68355
19.68355
19.68355
12.70056
12.70056
19.45095
19.45095
19.45095
12.70056
12.70056
19.45095
19.45095
19.45095
15.24999
15.24999
15.24999
15.24999
19.45095
15.24999
15.24999
15.24999
15.24999
19.45095
18.16987
18.16987
18.16987
18.16987
18.16987
18.16987
18.16987
18.16987
18.16987
18.16987
)
;
        qro             uniform 0;
    }
    minY
    {
        type            greyDiffusiveRadiationViewFactor;
        value           nonuniform List<scalar> 
292
(
6.063235
6.063235
6.063235
6.063235
6.392669
6.392669
6.392669
6.392669
9.583356
9.583356
6.063235
6.063235
6.063235
6.063235
6.392669
6.392669
6.392669
6.392669
9.583356
9.583356
6.063235
6.063235
6.063235
6.063235
6.392669
6.392669
6.392669
6.392669
9.583356
9.583356
6.063235
6.063235
6.063235
6.063235
6.392669
6.392669
6.392669
6.392669
9.583356
9.583356
13.79954
13.79954
13.79954
13.79954
14.49679
14.49679
14.49679
14.49679
9.583356
9.583356
13.79954
13.79954
13.79954
13.79954
14.49679
14.49679
14.49679
14.49679
9.583356
9.583356
13.79954
13.79954
13.79954
13.79954
14.49679
14.49679
14.49679
14.49679
9.583356
9.583356
13.79954
13.79954
13.79954
13.79954
14.49679
14.49679
14.49679
14.49679
9.583356
9.583356
23.92284
23.92284
23.92284
23.92284
24.03022
24.03022
24.03022
24.03022
3.591757
3.591757
23.92284
23.92284
23.92284
23.92284
24.03022
24.03022
24.03022
24.03022
3.591757
3.591757
23.92284
23.92284
23.92284
23.92284
24.03022
24.03022
24.03022
24.03022
3.591757
3.591757
23.92284
23.92284
23.92284
23.92284
24.03022
24.03022
24.03022
24.03022
3.591757
3.591757
3.813019
3.813019
3.813019
3.813019
3.591757
3.591757
3.591757
3.591757
3.591757
14.57405
3.813019
3.813019
3.813019
3.813019
3.591757
3.591757
3.591757
14.57405
3.813019
3.813019
3.813019
3.813019
0.3626426
0.3626426
14.57405
14.57405
3.813019
3.813019
3.813019
3.813019
0.3626426
0.3626426
14.57405
14.57405
9.089309
9.089309
9.089309
9.089309
0.3626426
0.3626426
14.57405
14.57405
9.089309
9.089309
9.089309
9.089309
-1.433154
-1.433154
0.3626426
0.3626426
14.57405
14.57405
9.089309
9.089309
9.089309
9.089309
-1.433154
-1.433154
0.3626426
0.3626426
14.57405
14.57405
9.089309
9.089309
9.089309
9.089309
-1.433154
-1.433154
0.3626426
0.3626426
14.57405
14.57405
14.09406
14.09406
14.09406
14.09406
-1.433154
-1.433154
0.3626426
0.3626426
14.57405
7.768913
14.09406
14.09406
14.09406
14.09406
-1.433154
-1.433154
0.3626426
0.3626426
14.57405
7.768913
14.09406
14.09406
14.09406
14.09406
-1.433154
-1.433154
8.3301
8.3301
7.768913
7.768913
14.09406
14.09406
14.09406
14.09406
-1.433154
-1.433154
8.3301
8.3301
7.768913
7.768913
7.083513
7.083513
7.083513
7.083513
-1.433154
-1.433154
8.3301
8.3301
7.768913
7.768913
7.083513
7.083513
7.083513
7.083513
5.340135
5.340135
8.3301
8.3301
7.768913
7.768913
7.083513
7.083513
7.083513
7.083513
5.340135
5.340135
8.3301
8.3301
7.768913
7.768913
7.083513
7.083513
7.083513
7.083513
5.340135
5.340135
8.3301
8.3301
7.768913
7.768913
5.340135
5.340135
5.340135
5.340135
5.340135
5.340135
8.3301
8.3301
7.768913
7.768913
5.340135
5.340135
5.340135
5.340135
5.340135
5.340135
8.3301
8.3301
7.768913
7.768913
)
;
        qro             uniform 0;
    }
    minZ
    {
        type            greyDiffusiveRadiationViewFactor;
        value           nonuniform List<scalar> 
150
(
6.021875
6.021875
-2.562217
-2.562217
-2.640177
6.021875
6.021875
-2.562217
-2.562217
-2.640177
6.021875
6.021875
-2.562217
-2.562217
-2.640177
6.021875
6.021875
-2.562217
-2.562217
-2.640177
2.653658
2.653658
-31.90873
-31.90873
-2.640177
2.653658
2.653658
-31.90873
-31.90873
-2.640177
2.653658
2.653658
-31.90873
-31.90873
-2.640177
2.653658
2.653658
-31.90873
-31.90873
-2.640177
6.55801
6.55801
-38.75637
-38.75637
-48.34828
6.55801
6.55801
-38.75637
-38.75637
-48.34828
6.55801
6.55801
-38.75637
-38.75637
-48.34828
6.55801
6.55801
-38.75637
-38.75637
-48.34828
10.77713
10.77713
-36.31543
-36.31543
-48.34828
10.77713
10.77713
-36.31543
-36.31543
-48.34828
10.77713
10.77713
-36.31543
-36.31543
-48.34828
10.77713
10.77713
-36.31543
-36.31543
-48.34828
4.208784
4.208784
-31.95118
-31.95118
-35.60232
4.208784
4.208784
-31.95118
-31.95118
-35.60232
4.208784
4.208784
-31.95118
-31.95118
-35.60232
4.208784
4.208784
-31.95118
-31.95118
-35.60232
2.738744
2.738744
-26.78981
-26.78981
-35.60232
2.738744
2.738744
-26.78981
-26.78981
-35.60232
2.738744
2.738744
-26.78981
-26.78981
-35.60232
2.738744
2.738744
-26.78981
-26.78981
-35.60232
4.546658
4.546658
-13.22703
-13.22703
6.927552
4.546658
4.546658
-13.22703
-13.22703
6.927552
4.546658
4.546658
-13.22703
-13.22703
6.927552
4.546658
4.546658
-13.22703
-13.22703
6.927552
4.546658
4.546658
6.927552
6.927552
6.927552
4.546658
4.546658
6.927552
6.927552
6.927552
)
;
        qro             uniform 0;
    }
    maxZ
    {
        type            greyDiffusiveRadiationViewFactor;
        value           nonuniform List<scalar> 
150
(
6.294412
6.294412
-2.571316
-2.571316
-1.831867
6.294412
6.294412
-2.571316
-2.571316
-1.831867
6.294412
6.294412
-2.571316
-2.571316
-1.831867
6.294412
6.294412
-2.571316
-2.571316
-1.831867
2.918107
2.918107
-30.81592
-30.81592
-1.831867
2.918107
2.918107
-30.81592
-30.81592
-1.831867
2.918107
2.918107
-30.81592
-30.81592
-1.831867
2.918107
2.918107
-30.81592
-30.81592
-1.831867
14.83208
14.83208
-36.42596
-36.42596
-46.93808
14.83208
14.83208
-36.42596
-36.42596
-46.93808
14.83208
14.83208
-36.42596
-36.42596
-46.93808
14.83208
14.83208
-36.42596
-36.42596
-46.93808
7.908809
7.908809
-35.9179
-35.9179
-46.93808
7.908809
7.908809
-35.9179
-35.9179
-46.93808
7.908809
7.908809
-35.9179
-35.9179
-46.93808
7.908809
7.908809
-35.9179
-35.9179
-46.93808
1.643477
1.643477
-31.55549
-31.55549
-35.312
1.643477
1.643477
-31.55549
-31.55549
-35.312
1.643477
1.643477
-31.55549
-31.55549
-35.312
1.643477
1.643477
-31.55549
-31.55549
-35.312
1.954111
1.954111
-26.31238
-26.31238
-35.312
1.954111
1.954111
-26.31238
-26.31238
-35.312
1.954111
1.954111
-26.31238
-26.31238
-35.312
1.954111
1.954111
-26.31238
-26.31238
-35.312
4.646055
4.646055
-13.04397
-13.04397
6.929348
4.646055
4.646055
-13.04397
-13.04397
6.929348
4.646055
4.646055
-13.04397
-13.04397
6.929348
4.646055
4.646055
-13.04397
-13.04397
6.929348
4.646055
4.646055
6.929348
6.929348
6.929348
4.646055
4.646055
6.929348
6.929348
6.929348
)
;
        qro             uniform 0;
    }
    bottomAir_to_rightSolid
    {
        type            greyDiffusiveRadiationViewFactor;
        value           nonuniform List<scalar> 
130
(
0.06031717
0.06031717
0.06031717
0.06031717
3.028965
3.028965
3.028965
3.028965
4.118318
4.118318
4.118318
4.118318
4.156261
0.06031717
0.06031717
0.06031717
0.06031717
3.028965
3.028965
3.028965
3.028965
4.118318
4.118318
4.118318
4.118318
4.156261
-3.064263
-3.064263
-3.064263
-3.064263
1.886606
1.886606
1.886606
1.886606
3.74901
3.74901
4.156261
4.156261
4.156261
-3.064263
-3.064263
-3.064263
-3.064263
1.886606
1.886606
1.886606
1.886606
3.74901
3.74901
4.156261
4.156261
4.156261
-5.253756
-5.253756
-5.253756
-5.253756
1.464452
1.464452
1.464452
1.464452
3.74901
3.74901
4.125832
4.125832
4.125832
-5.253756
-5.253756
-5.253756
-5.253756
1.464452
1.464452
1.464452
1.464452
3.74901
3.74901
4.125832
4.125832
4.125832
-3.026804
-3.026804
-3.026804
-3.026804
1.947717
1.947717
1.947717
1.947717
4.109908
4.109908
4.109908
4.109908
4.125832
-3.026804
-3.026804
-3.026804
-3.026804
1.947717
1.947717
1.947717
1.947717
4.109908
4.109908
4.109908
4.109908
4.125832
0.05954024
0.05954024
0.05954024
0.05954024
3.04963
3.04963
3.04963
3.04963
4.121206
4.121206
4.121206
4.121206
4.121206
0.05954024
0.05954024
0.05954024
0.05954024
3.04963
3.04963
3.04963
3.04963
4.121206
4.121206
4.121206
4.121206
4.121206
)
;
        qro             uniform 0;
    }
    bottomAir_to_leftSolid
    {
        type            greyDiffusiveRadiationViewFactor;
        value           nonuniform List<scalar> 
130
(
6.138967
6.138967
6.138967
6.138967
4.519513
4.519513
4.519513
4.519513
1.802809
1.802809
1.802809
1.802809
-2.939586
6.138967
6.138967
6.138967
6.138967
4.519513
4.519513
4.519513
4.519513
1.802809
1.802809
1.802809
1.802809
-2.939586
5.853059
5.853059
5.853059
5.853059
3.824173
3.824173
3.824173
3.824173
-0.2004831
-0.2004831
-2.939586
-2.939586
-2.939586
5.853059
5.853059
5.853059
5.853059
3.824173
3.824173
3.824173
3.824173
-0.2004831
-0.2004831
-2.939586
-2.939586
-2.939586
5.80843
5.80843
5.80843
5.80843
3.508199
3.508199
3.508199
3.508199
-0.2004831
-0.2004831
-6.798338
-6.798338
-6.798338
5.80843
5.80843
5.80843
5.80843
3.508199
3.508199
3.508199
3.508199
-0.2004831
-0.2004831
-6.798338
-6.798338
-6.798338
5.951965
5.951965
5.951965
5.951965
3.916534
3.916534
3.916534
3.916534
-1.101252
-1.101252
-1.101252
-1.101252
-6.798338
5.951965
5.951965
5.951965
5.951965
3.916534
3.916534
3.916534
3.916534
-1.101252
-1.101252
-1.101252
-1.101252
-6.798338
6.208074
6.208074
6.208074
6.208074
4.634819
4.634819
4.634819
4.634819
1.497938
1.497938
1.497938
1.497938
1.497938
6.208074
6.208074
6.208074
6.208074
4.634819
4.634819
4.634819
4.634819
1.497938
1.497938
1.497938
1.497938
1.497938
)
;
        qro             uniform 0;
    }
    bottomAir_to_heater
    {
        type            greyDiffusiveRadiationViewFactor;
        value           nonuniform List<scalar> 
92
(
-1.537876
-1.537876
-1.766522
-1.766522
-1.537876
-1.537876
-1.766522
-1.766522
-7.248059
-7.248059
-7.205874
-7.205874
-64.80446
-64.80446
-64.67462
-64.67462
-64.80446
-64.80446
-64.67462
-64.67462
-42.85321
-42.85321
-42.66116
-42.66116
-42.85321
-42.85321
-42.66116
-42.66116
-7.248059
-26.90411
-7.248059
-26.90411
-7.205874
-26.90411
-7.205874
-26.90411
-67.48953
-65.28344
-67.48953
-65.28344
-40.39329
-38.3663
-40.39329
-38.3663
-40.39329
-38.3663
-67.48953
-64.7012
-64.7012
-64.35021
-65.28344
-64.35021
-67.48953
-64.7012
-64.7012
-64.35021
-65.28344
-64.35021
-40.39329
-42.72438
-42.72438
-42.57537
-38.3663
-42.57537
-40.39329
-42.72438
-42.72438
-42.57537
-38.3663
-42.57537
-40.39329
-26.78362
-26.78362
-26.78362
-38.3663
-26.78362
-7.066048
-7.066048
-7.159039
-7.159039
-7.066048
-7.066048
-7.159039
-7.159039
-1.494883
-1.494883
-1.747538
-1.747538
-1.494883
-1.494883
-1.747538
-1.747538
)
;
        qro             uniform 0;
    }
}


// ************************************************************************* //
