/*--------------------------------*- C++ -*----------------------------------*\
| =========                 |                                                 |
| \\      /  F ield         | OpenFOAM: The Open Source CFD Toolbox           |
|  \\    /   O peration     | Version:  v2012                                 |
|   \\  /    A nd           | Website:  www.openfoam.com                      |
|    \\/     M anipulation  |                                                 |
\*---------------------------------------------------------------------------*/
FoamFile
{
    version     2.0;
    format      ascii;
    class       volScalarField;
    location    "1800/bottomAir";
    object      T;
}
// * * * * * * * * * * * * * * * * * * * * * * * * * * * * * * * * * * * * * //

dimensions      [0 0 0 1 0 0 0];


internalField   nonuniform List<scalar> 
1460
(
468.1598
468.3038
468.4527
468.5719
468.6611
468.7376
468.8173
468.9037
468.9996
469.1076
469.2302
469.3702
469.5322
469.7225
469.9454
470.1829
470.3515
470.3305
470.2304
470.1168
470.009
469.9109
469.8224
469.7418
469.6666
469.595
469.5107
469.4078
469.2918
469.1916
468.0862
468.3904
468.7247
468.9893
469.1636
469.268
469.3418
469.4332
469.547
469.6835
469.8401
470.0125
470.1952
470.3779
470.5463
470.6743
470.7297
470.7059
470.6298
470.5304
470.4247
470.323
470.2318
470.1544
470.0739
469.9586
469.7965
469.58
469.3339
469.1323
467.983
468.4867
469.0875
469.6091
469.9652
470.2139
470.4101
470.5944
470.804
471.0267
471.2414
471.4278
471.5669
471.6441
471.6589
471.633
471.6285
471.6309
471.5861
471.4987
471.379
471.2402
471.0942
470.9351
470.7498
470.5189
470.2117
469.808
469.379
469.0479
467.8274
468.4932
469.231
469.8385
470.3126
470.7019
471.0435
471.3567
471.6483
471.9157
472.1528
472.352
472.5049
472.6048
472.6535
472.6539
472.6064
472.5352
472.4179
472.2578
472.0639
471.8438
471.603
471.3426
471.0583
470.7372
470.3567
469.8925
469.3646
468.9221
467.3257
467.8248
468.3476
468.8399
469.3178
469.7939
470.2708
470.7449
471.2085
471.6516
472.0617
472.4236
472.7192
472.9298
473.0644
473.1043
473.0082
472.8621
472.6263
472.3284
471.9884
471.6213
471.2384
470.849
470.4602
470.0755
469.6933
469.3066
468.9106
468.5586
468.309
468.4387
468.5515
468.6322
468.6898
468.7446
468.8028
468.8661
468.9368
469.0171
469.1103
469.222
469.3638
469.5558
469.8112
470.1132
470.3087
470.23
470.1123
470.0092
469.9218
469.846
469.7789
469.7185
469.6632
469.6113
469.5536
469.4793
469.386
469.2912
468.2893
468.5928
468.868
469.0526
469.1601
469.2143
469.2704
469.3388
469.4253
469.5319
469.6592
469.8085
469.9834
470.1859
470.4012
470.5891
470.6346
470.566
470.4744
470.3817
470.2933
470.213
470.1428
470.0817
470.0261
469.9587
469.8513
469.691
469.4779
469.2696
468.2367
468.7793
469.3238
469.7198
469.9711
470.1335
470.2366
470.3684
470.5384
470.7253
470.9044
471.0606
471.1822
471.2612
471.297
471.3074
471.3082
471.298
471.2655
471.2039
471.1165
471.0163
470.9192
470.8233
470.7107
470.5485
470.3201
469.9961
469.5903
469.2233
468.1319
468.8743
469.5907
470.1369
470.5554
470.8999
471.2043
471.4853
471.75
471.9947
472.2078
472.377
472.4967
472.5682
472.601
472.5737
472.5067
472.4492
472.3919
472.2937
472.1474
471.962
471.7462
471.5089
471.25
470.9583
470.6121
470.1797
469.6452
469.1351
467.5723
468.1206
468.6614
469.1654
469.6601
470.1612
470.6728
471.1921
471.7124
472.2227
472.7079
473.147
473.5082
473.7442
473.8827
473.9087
473.7934
473.6392
473.3403
472.9685
472.5554
472.1204
471.6769
471.2358
470.8044
470.3859
469.9773
469.5681
469.1429
468.7395
468.3851
468.5033
468.5998
468.6648
468.7105
468.7562
468.8035
468.8543
468.9101
468.9735
469.0498
469.1564
469.3384
469.7037
470.1815
470.6763
470.6853
470.2797
470.0614
469.9471
469.8715
469.8112
469.7589
469.7118
469.6684
469.6272
469.5846
469.5275
469.4503
469.3659
468.366
468.6539
468.8998
469.0514
469.1315
469.1739
469.2194
469.2751
469.3449
469.4314
469.5388
469.6787
469.9001
470.2783
470.7295
471.116
470.9752
470.5937
470.3957
470.2843
470.2017
470.1327
470.074
470.0235
469.9786
469.9344
469.8586
469.7325
469.5475
469.3521
468.3114
468.8404
469.3508
469.6933
469.8944
470.0042
470.0938
470.2092
470.3518
470.5114
470.6762
470.8465
471.0593
471.3524
471.6151
471.7689
471.6031
471.3041
471.1482
471.0509
470.9581
470.8626
470.7704
470.6858
470.6071
470.4966
470.3185
470.044
469.6685
469.3099
468.2013
468.9407
469.6516
470.1821
470.5753
470.8877
471.1536
471.4087
471.6609
471.9071
472.1511
472.4201
472.7674
473.1002
473.3272
473.388
473.1619
472.8177
472.5064
472.2844
472.095
471.9042
471.7064
471.5001
471.2766
471.0128
470.6878
470.2679
469.7369
469.2212
467.6563
468.2266
468.792
469.3253
469.8568
470.4042
470.9727
471.5602
472.1586
472.757
473.3409
473.892
474.3737
474.6844
474.9135
474.9893
474.7646
474.5064
474.091
473.6194
473.1176
472.6
472.0791
471.5689
471.0784
470.6105
470.1615
469.719
469.2644
468.8339
468.375
468.4948
468.5954
468.6645
468.7124
468.7563
468.8007
468.8469
468.8965
468.9538
469.0385
469.2327
469.958
472.7158
474.7025
475.7734
474.2796
471.0407
470.1644
469.9331
469.8462
469.7926
469.7487
469.7091
469.672
469.636
469.5988
469.5478
469.477
469.3981
468.3401
468.624
468.8718
469.0278
469.1132
469.1557
469.1971
469.2456
469.305
469.3797
469.4843
469.7165
470.5961
473.2143
475.188
476.2192
474.6624
471.4259
470.4948
470.2491
470.149
470.0834
470.031
469.9866
469.9477
469.9106
469.8458
469.7327
469.561
469.3766
468.2731
468.7871
469.2896
469.6281
469.8241
469.9347
470.0196
470.1205
470.2423
470.3832
470.5538
470.8531
471.8637
474.3463
475.9889
476.7978
475.4408
472.3546
471.3097
471.018
470.8806
470.7746
470.6808
470.5977
470.5215
470.4323
470.2784
470.0263
469.6709
469.3278
468.1547
468.8756
469.5868
470.1238
470.5188
470.827
471.0861
471.3445
471.6179
471.9196
472.2974
472.8954
474.059
475.6879
476.6889
477.2136
476.2752
474.3584
473.1579
472.5658
472.2101
471.9367
471.695
471.4708
471.2555
471.002
470.6835
470.2663
469.7392
469.2357
467.6646
468.2536
468.8466
469.4119
469.9814
470.5748
471.1994
471.8552
472.5413
473.2558
474.0042
474.8123
475.6975
476.347
476.8743
477.1698
476.6156
475.9368
475.0881
474.3435
473.6673
473.028
472.4179
471.8393
471.2936
470.7796
470.2924
469.8178
469.3362
468.886
468.3359
468.4617
468.573
468.6532
468.7099
468.7551
468.7998
468.8456
468.895
468.962
469.1297
470.016
476.3029
477
470.9176
470.0195
469.8471
469.786
469.7447
469.7082
469.6737
469.6398
469.6023
469.5509
469.4803
469.4028
468.2889
468.5744
468.8348
469.0076
469.1085
469.166
469.2034
469.2466
469.2996
469.3735
469.5519
470.4681
476.7425
477.4437
471.2696
470.3212
470.1342
470.0612
470.0113
469.9702
469.9341
469.8979
469.8331
469.7211
469.5528
469.374
468.2132
468.7159
469.2207
469.5718
469.7809
469.9013
469.9906
470.0794
470.1789
470.298
470.5154
471.4662
477.4472
478.1073
472.1085
471.0769
470.838
470.7213
470.63
470.5499
470.4743
470.3882
470.2408
469.996
469.651
469.32
468.0897
468.788
469.4934
470.0361
470.4371
470.7465
471.0056
471.2495
471.5087
471.8178
472.3306
473.656
478.2358
478.7813
474.2173
472.8089
472.2371
471.9083
471.6522
471.4255
471.2134
470.9641
470.6485
470.2337
469.7139
469.2252
467.6368
468.2293
468.8339
469.4146
470.003
470.6205
471.2758
471.9748
472.7259
473.5474
474.5044
475.815
478.1437
478.5933
476.2921
474.9926
474.0657
473.293
472.6018
471.9703
471.3896
470.8495
470.3421
469.8516
469.3579
468.9019
468.3363
468.4621
468.5733
468.6534
468.71
468.7552
468.7999
468.8457
468.895
468.962
469.1297
470.0163
476.3039
477.0032
470.9193
470.0205
469.8479
469.7868
469.7454
469.7089
469.6744
469.6405
469.603
469.5516
469.481
469.4034
468.2895
468.5749
468.8352
469.0078
469.1086
469.1659
469.2033
469.2464
469.2995
469.3733
469.5517
470.4681
476.7429
477.4468
471.271
470.322
470.1348
470.0617
470.0118
469.9707
469.9346
469.8983
469.8336
469.7216
469.5533
469.3746
468.2138
468.7164
469.2212
469.5722
469.781
469.9013
469.9904
470.0792
470.1787
470.2979
470.5153
471.4661
477.4475
478.1093
472.1093
471.0772
470.8382
470.7214
470.6301
470.5501
470.4746
470.3885
470.2412
469.9965
469.6515
469.3205
468.0903
468.7887
469.4941
470.0367
470.4377
470.7469
471.0059
471.2499
471.509
471.818
472.3308
473.6562
478.236
478.7826
474.2177
472.8088
472.2369
471.9081
471.652
471.4254
471.2133
470.9642
470.6487
470.234
469.7144
469.2257
467.6372
468.2296
468.8341
469.4149
470.0032
470.6207
471.276
471.9749
472.7261
473.5476
474.5047
475.8152
478.144
478.5942
476.2926
474.9929
474.066
473.2932
472.6021
471.9706
471.3899
470.8498
470.3424
469.852
469.3583
468.9024
468.3761
468.4958
468.5962
468.6651
468.7128
468.7567
468.801
468.8471
468.8967
468.9539
469.0386
469.2327
469.9581
472.7156
474.7024
475.7745
474.2823
471.0434
470.1667
469.9351
469.848
469.7944
469.7505
469.7109
469.6737
469.6378
469.6006
469.5496
469.4787
469.3998
468.3412
468.625
468.8726
469.0283
469.1133
469.1556
469.1969
469.2454
469.3048
469.3795
469.4841
469.7164
470.5966
473.2143
475.1876
476.2198
474.6643
471.4279
470.4964
470.2504
470.1503
470.0846
470.0321
469.9878
469.9489
469.9118
469.8471
469.7341
469.5625
469.378
468.2742
468.7882
469.2906
469.6288
469.8244
469.9347
470.0195
470.1204
470.2423
470.3834
470.554
470.8534
471.8644
474.3464
475.9887
476.7981
475.442
472.3565
471.3105
471.0184
470.8808
470.7747
470.6808
470.5978
470.5217
470.4329
470.2793
470.0274
469.6721
469.3291
468.1558
468.8767
469.588
470.1249
470.5197
470.8278
471.0867
471.3451
471.6185
471.9201
472.2978
472.8957
474.0594
475.6882
476.6888
477.2138
476.2757
474.3588
473.1578
472.5656
472.2098
471.9364
471.6948
471.4706
471.2555
471.0022
470.684
470.2671
469.7403
469.2369
467.6654
468.2544
468.8472
469.4124
469.9818
470.5751
471.1996
471.8553
472.5414
473.256
474.0044
474.8126
475.698
476.3474
476.8745
477.17
476.6159
475.937
475.0884
474.3441
473.6679
473.0287
472.4188
471.8403
471.2946
470.7807
470.2935
469.819
469.3373
468.8873
468.3865
468.5045
468.6008
468.6656
468.7111
468.7566
468.8039
468.8546
468.9104
468.9737
469.0501
469.1567
469.3388
469.704
470.1818
470.6771
470.6875
470.282
470.0637
469.9493
469.8737
469.8135
469.7613
469.7142
469.6708
469.6296
469.5871
469.5301
469.4529
469.3685
468.3673
468.6551
468.9008
469.0521
469.1318
469.174
469.2195
469.2751
469.3449
469.4315
469.5389
469.6788
469.9003
470.2786
470.7299
471.1168
470.9768
470.5953
470.3973
470.2858
470.2031
470.1341
470.0753
470.0249
469.98
469.936
469.8605
469.7346
469.5496
469.3544
468.3127
468.8417
469.352
469.6943
469.8949
470.0042
470.0938
470.2094
470.3522
470.5119
470.6769
470.8473
471.0602
471.3533
471.6159
471.7696
471.6041
471.3051
471.149
471.0514
470.9584
470.8627
470.7704
470.6857
470.6073
470.4975
470.3199
470.0456
469.6703
469.312
468.2026
468.942
469.6529
470.1833
470.5763
470.8885
471.1543
471.4094
471.6616
471.9077
472.1516
472.4204
472.7677
473.1006
473.3277
473.3887
473.1627
472.8181
472.5067
472.2847
472.0953
471.9044
471.7066
471.5003
471.277
471.0135
470.6888
470.2693
469.7386
469.2233
467.6574
468.2276
468.7929
469.326
469.8574
470.4046
470.9729
471.5603
472.1587
472.757
473.3409
473.8921
474.374
474.6849
474.9142
474.9901
474.7655
474.5073
474.0921
473.6207
473.119
472.6016
472.0808
471.5706
471.0802
470.6124
470.1635
469.721
469.2664
468.8361
468.3102
468.4398
468.5525
468.633
468.6904
468.7452
468.8034
468.8667
468.9374
469.0178
469.111
469.2228
469.3647
469.5567
469.8122
470.1143
470.3102
470.2317
470.114
470.011
469.9237
469.848
469.781
469.7208
469.6655
469.6138
469.5563
469.4822
469.389
469.2943
468.2905
468.5939
468.8691
469.0534
469.1607
469.2147
469.2708
469.3392
469.4257
469.5324
469.6598
469.8092
469.9842
470.1868
470.4022
470.5903
470.6358
470.5673
470.4756
470.3829
470.2945
470.2141
470.1439
470.0828
470.0273
469.9603
469.8534
469.6935
469.4807
469.2726
468.2379
468.7805
469.3251
469.7209
469.9719
470.1338
470.2368
470.3689
470.539
470.7261
470.9053
471.0617
471.1833
471.2623
471.298
471.3084
471.3092
471.299
471.2663
471.2045
471.1169
471.0162
470.919
470.8233
470.7113
470.5497
470.3219
469.9983
469.5929
469.2263
468.1332
468.8756
469.5919
470.138
470.5563
470.9007
471.2049
471.4858
471.7505
471.9952
472.2082
472.3774
472.4971
472.5687
472.6017
472.5745
472.5076
472.45
472.3927
472.2946
472.1482
471.963
471.7473
471.5101
471.2514
470.9599
470.614
470.1819
469.6478
469.1381
467.5734
468.1217
468.6624
469.1663
469.6609
470.1619
470.6733
471.1925
471.7127
472.2229
472.7081
473.1474
473.5087
473.7449
473.8837
473.91
473.7948
473.6409
473.3422
472.9706
472.5577
472.1228
471.6793
471.2383
470.807
470.3885
469.9801
469.571
469.1459
468.7428
468.1598
468.3042
468.4534
468.5728
468.6621
468.7387
468.8186
468.905
469.001
469.1091
469.2317
469.3718
469.5338
469.7241
469.9469
470.1842
470.3523
470.3312
470.231
470.1174
470.0097
469.9117
469.8233
469.7429
469.6679
469.5966
469.5127
469.4102
469.2946
469.1946
468.0865
468.391
468.7255
468.9901
469.1644
469.2687
469.3427
469.4341
469.548
469.6846
469.8412
470.0137
470.1964
470.3791
470.5475
470.6754
470.7307
470.7067
470.6305
470.531
470.4252
470.3234
470.2322
470.1547
470.0745
469.9598
469.7983
469.5825
469.3369
469.1356
467.9833
468.4874
469.0884
469.61
469.9658
470.2143
470.4102
470.5945
470.8041
471.0268
471.2417
471.4281
471.5674
471.6446
471.6596
471.6337
471.6293
471.6316
471.5868
471.4993
471.3794
471.2404
471.0943
470.9356
470.7508
470.5205
470.2138
469.8109
469.3823
469.0514
467.828
468.4941
469.232
469.8392
470.3132
470.7025
471.044
471.3571
471.6487
471.9161
472.1533
472.3526
472.5055
472.6054
472.6544
472.655
472.6079
472.537
472.4199
472.2599
472.0661
471.8461
471.6053
471.3452
471.0611
470.7403
470.36
469.896
469.3683
468.926
467.3265
467.8258
468.3487
468.8409
469.3188
469.7948
470.2716
470.7456
471.2092
471.6523
472.0624
472.4244
472.7201
472.9308
473.0657
473.106
473.0103
472.8644
472.6289
472.3312
471.9914
471.6244
471.2415
470.8523
470.4636
470.0789
469.6968
469.3103
468.9145
468.5628
)
;

boundaryField
{
    minX
    {
        type            zeroGradient;
    }
    maxX
    {
        type            zeroGradient;
    }
    minY
    {
        type            zeroGradient;
    }
    minZ
    {
        type            zeroGradient;
    }
    maxZ
    {
        type            zeroGradient;
    }
    bottomAir_to_rightSolid
    {
        type            compressible::turbulentTemperatureRadCoupledMixed;
        refValue        nonuniform List<scalar> 
130
(
471.2588
470.9447
470.5587
470.135
469.702
469.2812
468.8893
468.5385
468.2375
467.9918
467.8057
467.6816
467.6209
471.6441
471.2469
470.7835
470.2955
469.8127
469.3551
468.9369
468.5678
468.2543
468.0006
467.8096
467.6831
467.6218
472.4514
471.8546
471.2214
470.6026
470.0246
469.4997
469.0349
468.6341
468.2996
468.0323
467.8331
467.7021
467.6389
473.6983
472.7021
471.7869
470.9801
470.2794
469.675
469.1585
468.724
468.3675
468.086
467.8781
467.7424
467.6772
475.1996
473.5139
472.2531
471.2624
470.459
469.795
469.2432
468.7875
468.4182
468.1289
467.9163
467.7775
467.7108
475.2
473.5142
472.2534
471.2627
470.4594
469.7954
469.2437
468.788
468.4187
468.1293
467.9167
467.7779
467.7113
473.6993
472.7032
471.788
470.9812
470.2806
469.6762
469.1599
468.7255
468.3691
468.0875
467.8794
467.7436
467.6787
472.4531
471.8563
471.2232
470.6044
470.0265
469.5017
469.0371
468.6365
468.3022
468.0348
467.8354
467.7044
467.6415
471.6464
471.2492
470.7859
470.298
469.8154
469.3579
468.9399
468.5709
468.2577
468.0041
467.8132
467.6869
467.6256
471.2611
470.9472
470.5613
470.1377
469.705
469.2844
468.8927
468.5421
468.2413
467.9959
467.81
467.6863
467.626
)
;
        refGradient     nonuniform List<scalar> 
130
(
2.307132
2.307132
2.307132
2.307132
117.8318
117.8318
117.8318
117.8318
160.2345
160.2345
160.2345
160.2345
161.7139
2.307132
2.307132
2.307132
2.307132
117.8318
117.8318
117.8318
117.8318
160.2345
160.2345
160.2345
160.2345
161.7139
-119.2736
-119.2736
-119.2736
-119.2736
73.37817
73.37817
73.37817
73.37817
145.8572
145.8572
161.7139
161.7139
161.7139
-119.2736
-119.2736
-119.2736
-119.2736
73.37817
73.37817
73.37817
73.37817
145.8572
145.8572
161.7139
161.7139
161.7139
-204.4665
-204.4665
-204.4665
-204.4665
56.95381
56.95381
56.95381
56.95381
145.8572
145.8572
160.5293
160.5293
160.5293
-204.4665
-204.4665
-204.4665
-204.4665
56.95381
56.95381
56.95381
56.95381
145.8572
145.8572
160.5293
160.5293
160.5293
-117.8149
-117.8149
-117.8149
-117.8149
75.75633
75.75633
75.75633
75.75633
159.9013
159.9013
159.9013
159.9013
160.5293
-117.8149
-117.8149
-117.8149
-117.8149
75.75633
75.75633
75.75633
75.75633
159.9013
159.9013
159.9013
159.9013
160.5293
2.278083
2.278083
2.278083
2.278083
118.6364
118.6364
118.6364
118.6364
160.3469
160.3469
160.3469
160.3469
160.3469
2.278083
2.278083
2.278083
2.278083
118.6364
118.6364
118.6364
118.6364
160.3469
160.3469
160.3469
160.3469
160.3469
)
;
        valueFraction   uniform 0.9996787;
        value           nonuniform List<scalar> 
130
(
471.2593
470.9452
470.5593
470.1356
469.7028
469.282
468.8901
468.5393
468.2383
467.9926
467.8063
467.6822
467.6215
471.6447
471.2476
470.7842
470.2962
469.8136
469.356
468.9378
468.5686
468.2552
468.0014
467.8104
467.6838
467.6223
472.4519
471.8551
471.222
470.6032
470.0255
469.5006
469.0358
468.635
468.3005
468.0331
467.834
467.7028
467.6395
473.6989
472.7028
471.7876
470.9808
470.2804
469.6759
469.1595
468.7249
468.3684
468.0869
467.879
467.7431
467.6778
475.2004
473.5145
472.2537
471.263
470.46
469.796
469.2442
468.7884
468.4192
468.1297
467.9171
467.7782
467.7114
475.2008
473.5149
472.254
471.2634
470.4604
469.7964
469.2446
468.7889
468.4197
468.1302
467.9175
467.7787
467.7119
473.6999
472.7038
471.7886
470.9819
470.2816
469.6772
469.1608
468.7264
468.3701
468.0884
467.8802
467.7443
467.6793
472.4536
471.8568
471.2238
470.6051
470.0274
469.5026
469.038
468.6374
468.3031
468.0357
467.8362
467.7051
467.6421
471.647
471.2499
470.7866
470.2987
469.8162
469.3588
468.9408
468.5718
468.2586
468.005
467.814
467.6875
467.6262
471.2616
470.9477
470.5619
470.1383
469.7057
469.2851
468.8934
468.5428
468.2421
467.9966
467.8107
467.6869
467.6265
)
;
        Tnbr            T;
        qrNbr           none;
        qr              qr;
        thermalInertia  false;
        thicknessLayers List<scalar> 0();
        kappaLayers     List<scalar> 0();
        kappaMethod     fluidThermo;
        kappa           none;
        alphaAni        none;
        alpha           none;
    }
    bottomAir_to_leftSolid
    {
        type            compressible::turbulentTemperatureRadCoupledMixed;
        refValue        nonuniform List<scalar> 
130
(
465.8306
465.9171
466.0901
466.345
466.6768
467.0797
467.5462
468.0661
468.626
469.2083
469.7894
470.3392
470.8222
465.8359
465.9241
466.1002
466.3603
466.7003
467.1155
467.6001
468.1459
468.7423
469.3742
470.0193
470.6462
471.2118
465.848
465.9385
466.1199
466.3888
466.7425
467.1789
467.695
468.2875
468.9515
469.6795
470.4568
471.2553
472.0223
465.8609
465.954
466.1406
466.4187
466.7872
467.2463
467.7974
468.4436
469.1901
470.0445
471.0144
472.1007
473.2735
465.8693
465.9639
466.1539
466.4379
466.8158
467.2899
467.8649
468.5494
469.3586
470.3193
471.4774
472.9161
474.7909
465.8696
465.9642
466.1542
466.4382
466.8161
467.2903
467.8652
468.5497
469.3589
470.3197
471.4778
472.9165
474.7912
465.8618
465.9549
466.1416
466.4197
466.7881
467.2472
467.7984
468.4446
469.191
470.0455
471.0155
472.1018
473.2743
465.8494
465.94
466.1213
466.3903
466.7441
467.1805
467.6966
468.2892
468.9532
469.6813
470.4587
471.2571
472.024
465.8377
465.926
466.1023
466.3625
466.7025
467.1178
467.6024
468.1483
468.7447
469.3767
470.0219
470.649
471.2149
465.8319
465.9191
466.0924
466.3474
466.6793
467.0823
467.5489
468.0688
468.6288
469.2113
469.7925
470.3426
470.826
)
;
        refGradient     nonuniform List<scalar> 
130
(
238.8179
238.8179
238.8179
238.8179
175.8025
175.8025
175.8025
175.8025
70.09216
70.09216
70.09216
70.09216
-114.4241
238.8179
238.8179
238.8179
238.8179
175.8025
175.8025
175.8025
175.8025
70.09216
70.09216
70.09216
70.09216
-114.4241
227.6911
227.6911
227.6911
227.6911
148.744
148.744
148.744
148.744
-7.847387
-7.847387
-114.4241
-114.4241
-114.4241
227.6911
227.6911
227.6911
227.6911
148.744
148.744
148.744
148.744
-7.847387
-7.847387
-114.4241
-114.4241
-114.4241
225.9537
225.9537
225.9537
225.9537
136.4495
136.4495
136.4495
136.4495
-7.847387
-7.847387
-264.5494
-264.5494
-264.5494
225.9537
225.9537
225.9537
225.9537
136.4495
136.4495
136.4495
136.4495
-7.847387
-7.847387
-264.5494
-264.5494
-264.5494
231.537
231.537
231.537
231.537
152.3364
152.3364
152.3364
152.3364
-42.89775
-42.89775
-42.89775
-42.89775
-264.5494
231.537
231.537
231.537
231.537
152.3364
152.3364
152.3364
152.3364
-42.89775
-42.89775
-42.89775
-42.89775
-264.5494
241.5042
241.5042
241.5042
241.5042
180.287
180.287
180.287
180.287
58.22742
58.22742
58.22742
58.22742
58.22742
241.5042
241.5042
241.5042
241.5042
180.287
180.287
180.287
180.287
58.22742
58.22742
58.22742
58.22742
58.22742
)
;
        valueFraction   uniform 0.9996787;
        value           nonuniform List<scalar> 
130
(
465.8314
465.918
466.0911
466.3461
466.6779
467.0808
467.5473
468.0672
468.6269
469.2092
469.7902
470.34
470.8226
465.8368
465.9251
466.1014
466.3615
466.7015
467.1167
467.6013
468.1471
468.7434
469.3752
470.0202
470.6471
471.2124
465.8488
465.9396
466.121
466.39
466.7437
467.1801
467.6962
468.2887
468.9525
469.6805
470.4575
471.256
472.0229
465.8618
465.955
466.1418
466.42
466.7884
467.2475
467.7987
468.4449
469.1911
470.0455
471.0152
472.1014
473.2741
465.8701
465.9649
466.1551
466.4391
466.817
467.2912
467.8662
468.5506
469.3596
470.3203
471.478
472.9167
474.7916
465.8704
465.9652
466.1554
466.4395
466.8173
467.2915
467.8665
468.551
469.36
470.3207
471.4784
472.9171
474.792
465.8627
465.9559
466.1427
466.4209
466.7893
467.2485
467.7997
468.4459
469.192
470.0465
471.0164
472.1026
473.2747
465.8502
465.941
466.1225
466.3915
466.7453
467.1817
467.6979
468.2904
468.9541
469.6822
470.4595
471.2579
472.0244
465.8386
465.927
466.1034
466.3637
466.7037
467.119
467.6036
468.1495
468.7458
469.3777
470.0229
470.6499
471.2157
465.8327
465.9201
466.0934
466.3485
466.6804
467.0834
467.55
468.0699
468.6297
469.2121
469.7933
470.3434
470.8267
)
;
        Tnbr            T;
        qrNbr           none;
        qr              qr;
        thermalInertia  false;
        thicknessLayers List<scalar> 0();
        kappaLayers     List<scalar> 0();
        kappaMethod     fluidThermo;
        kappa           none;
        alphaAni        none;
        alpha           none;
    }
    bottomAir_to_heater
    {
        type            compressible::turbulentTemperatureRadCoupledMixed;
        refValue        nonuniform List<scalar> 
92
(
471.2001
471.4452
471.533
471.4629
471.6617
471.9478
472.0347
471.9218
472.6648
473.0602
473.1455
472.9216
497.9586
497.9655
497.9663
497.9606
493.9105
493.9213
493.9239
493.9168
489.887
489.9056
489.9116
489.9016
485.8671
485.9233
485.9371
485.9014
474.3986
481.7918
475.0322
482.0177
475.1133
482.049
474.6461
481.8747
497.9586
497.9606
493.9105
493.9168
489.887
489.9016
485.8671
485.9014
481.7918
481.8747
497.9585
497.9585
497.9654
497.9662
497.9605
497.9605
493.9104
493.9104
493.9212
493.9238
493.9167
493.9167
489.8868
489.8868
489.9055
489.9115
489.9016
489.9016
485.8669
485.8669
485.9232
485.9371
485.9015
485.9015
481.7917
481.7917
482.0178
482.0491
481.8748
481.8748
474.3997
475.0334
475.1144
474.6471
472.6666
473.062
473.1473
472.9233
471.6644
471.9504
472.0371
471.9241
471.2031
471.4481
471.5359
471.4658
)
;
        refGradient     nonuniform List<scalar> 
92
(
-59.88326
-59.88326
-68.7776
-68.7776
-59.88326
-59.88326
-68.7776
-68.7776
-282.0618
-282.0618
-280.4207
-280.4207
-2521.692
-2521.692
-2516.652
-2516.652
-2521.692
-2521.692
-2516.652
-2516.652
-1667.484
-1667.484
-1660.02
-1660.02
-1667.484
-1667.484
-1660.02
-1660.02
-282.0618
-1046.876
-282.0618
-1046.876
-280.4207
-1046.876
-280.4207
-1046.876
-2626.115
-2540.345
-2626.115
-2540.345
-1571.705
-1492.9
-1571.705
-1492.9
-1571.705
-1492.9
-2626.115
-2517.676
-2517.676
-2504.033
-2540.345
-2504.033
-2626.115
-2517.676
-2517.676
-2504.033
-2540.345
-2504.033
-1571.705
-1662.472
-1662.472
-1656.682
-1492.9
-1656.682
-1571.705
-1662.472
-1662.472
-1656.682
-1492.9
-1656.682
-1571.705
-1042.188
-1042.188
-1042.188
-1492.9
-1042.188
-274.9819
-274.9819
-278.5993
-278.5993
-274.9819
-274.9819
-278.5993
-278.5993
-58.21221
-58.21221
-68.0389
-68.0389
-58.21221
-58.21221
-68.0389
-68.0389
)
;
        valueFraction   nonuniform List<scalar> 
92
(
0.9996787
0.9996787
0.9996787
0.9996787
0.9996787
0.9996787
0.9996787
0.9996787
0.9996787
0.9996787
0.9996787
0.9996787
0.9996787
0.9996787
0.9996787
0.9996787
0.9996787
0.9996787
0.9996787
0.9996787
0.9996787
0.9996787
0.9996787
0.9996787
0.9996787
0.9996787
0.9996787
0.9996787
0.9996787
0.9996787
0.9996787
0.9996787
0.9996787
0.9996787
0.9996787
0.9996787
0.9996787
0.9996787
0.9996787
0.9996787
0.9996787
0.9996787
0.9996787
0.9996787
0.9996787
0.9996787
0.9996787
0.9996787
0.9996787
0.9996787
0.9996787
0.9996787
0.9996787
0.9996787
0.9996787
0.9996787
0.9996787
0.9996787
0.9996787
0.9996787
0.9996787
0.9996787
0.9996787
0.9996787
0.9996787
0.9996787
0.9996787
0.9996787
0.9996787
0.9996787
0.9996787
0.9996787
0.9996787
0.9996787
0.9996787
0.9996787
0.9996787
0.9996787
0.9996787
0.9996787
0.9996787
0.9996787
0.9996787
0.9996787
0.9996787
0.9996787
0.9996787
0.9996787
0.9996787
0.9996787
0.9996787
0.9996787
)
;
        value           nonuniform List<scalar> 
92
(
471.2006
471.4456
471.5334
471.4633
471.6622
471.9484
472.0352
471.9223
472.6651
473.0604
473.1458
472.9218
497.9464
497.9539
497.9551
497.9489
493.8998
493.9112
493.9142
493.9065
489.8793
489.8984
489.9047
489.8943
485.8612
485.9176
485.9316
485.8957
474.3988
481.7883
475.0325
482.0144
475.1136
482.0458
474.6464
481.8713
497.9488
497.9511
493.9022
493.9087
489.8813
489.8962
485.863
485.8975
481.7889
481.872
497.9487
497.9464
497.9539
497.9551
497.9511
497.9489
493.902
493.8997
493.9111
493.9141
493.9087
493.9065
489.8811
489.8791
489.8983
489.9046
489.8962
489.8943
485.8628
485.861
485.9175
485.9316
485.8976
485.8957
481.7888
481.7882
482.0145
482.0459
481.8722
481.8715
474.3999
475.0336
475.1147
474.6474
472.6669
473.0623
473.1476
472.9235
471.665
471.951
472.0376
471.9246
471.2036
471.4485
471.5363
471.4662
)
;
        Tnbr            T;
        qrNbr           none;
        qr              qr;
        thermalInertia  false;
        thicknessLayers List<scalar> 0();
        kappaLayers     List<scalar> 0();
        kappaMethod     fluidThermo;
        kappa           none;
        alphaAni        none;
        alpha           none;
    }
}


// ************************************************************************* //
