/*--------------------------------*- C++ -*----------------------------------*\
| =========                 |                                                 |
| \\      /  F ield         | OpenFOAM: The Open Source CFD Toolbox           |
|  \\    /   O peration     | Version:  v2012                                 |
|   \\  /    A nd           | Website:  www.openfoam.com                      |
|    \\/     M anipulation  |                                                 |
\*---------------------------------------------------------------------------*/
FoamFile
{
    version     2.0;
    format      ascii;
    class       volScalarField;
    location    "600/bottomAir";
    object      p_rgh;
}
// * * * * * * * * * * * * * * * * * * * * * * * * * * * * * * * * * * * * * //

dimensions      [1 -1 -2 0 0 0 0];


internalField   nonuniform List<scalar> 
1460
(
142828.7
142828.7
142828.7
142828.7
142828.7
142828.7
142828.7
142828.7
142828.7
142828.7
142828.7
142828.7
142828.7
142828.7
142828.7
142828.7
142828.7
142828.7
142828.7
142828.7
142828.7
142828.7
142828.7
142828.7
142828.7
142828.7
142828.7
142828.7
142828.7
142828.7
142828.7
142828.7
142828.7
142828.7
142828.7
142828.7
142828.7
142828.7
142828.7
142828.7
142828.7
142828.7
142828.7
142828.7
142828.7
142828.7
142828.7
142828.7
142828.7
142828.7
142828.7
142828.7
142828.7
142828.7
142828.7
142828.7
142828.7
142828.7
142828.7
142828.7
142828.7
142828.7
142828.7
142828.7
142828.7
142828.7
142828.7
142828.7
142828.7
142828.7
142828.7
142828.7
142828.7
142828.7
142828.7
142828.7
142828.7
142828.7
142828.7
142828.7
142828.7
142828.7
142828.7
142828.7
142828.7
142828.7
142828.7
142828.7
142828.7
142828.7
142828.7
142828.7
142828.7
142828.7
142828.7
142828.7
142828.7
142828.7
142828.7
142828.7
142828.7
142828.7
142828.7
142828.7
142828.7
142828.7
142828.7
142828.7
142828.7
142828.7
142828.7
142828.7
142828.7
142828.7
142828.7
142828.7
142828.7
142828.7
142828.7
142828.7
142828.7
142828.7
142828.7
142828.7
142828.7
142828.7
142828.7
142828.7
142828.7
142828.7
142828.7
142828.7
142828.7
142828.7
142828.7
142828.7
142828.7
142828.7
142828.7
142828.7
142828.7
142828.7
142828.7
142828.7
142828.7
142828.7
142828.7
142828.7
142828.7
142828.7
142828.7
142828.7
142828.7
142828.7
142828.7
142828.7
142828.7
142828.7
142828.7
142828.7
142828.7
142828.7
142828.7
142828.7
142828.7
142828.7
142828.7
142828.7
142828.7
142828.7
142828.7
142828.7
142828.7
142828.7
142828.7
142828.7
142828.7
142828.7
142828.7
142828.7
142828.7
142828.7
142828.7
142828.7
142828.7
142828.7
142828.7
142828.7
142828.7
142828.7
142828.7
142828.7
142828.7
142828.7
142828.7
142828.7
142828.7
142828.7
142828.7
142828.7
142828.7
142828.7
142828.7
142828.7
142828.7
142828.7
142828.7
142828.7
142828.7
142828.7
142828.7
142828.7
142828.7
142828.7
142828.7
142828.7
142828.7
142828.7
142828.7
142828.7
142828.7
142828.7
142828.7
142828.7
142828.7
142828.7
142828.7
142828.7
142828.7
142828.7
142828.7
142828.7
142828.7
142828.7
142828.7
142828.7
142828.7
142828.7
142828.7
142828.7
142828.7
142828.7
142828.7
142828.7
142828.7
142828.7
142828.7
142828.7
142828.7
142828.7
142828.7
142828.7
142828.7
142828.7
142828.7
142828.7
142828.7
142828.7
142828.7
142828.7
142828.7
142828.7
142828.7
142828.7
142828.7
142828.7
142828.7
142828.7
142828.7
142828.7
142828.7
142828.7
142828.7
142828.7
142828.7
142828.7
142828.7
142828.7
142828.7
142828.7
142828.7
142828.7
142828.7
142828.7
142828.7
142828.7
142828.7
142828.7
142828.7
142828.7
142828.7
142828.7
142828.7
142828.7
142828.7
142828.7
142828.7
142828.7
142828.7
142828.7
142828.7
142828.7
142828.7
142828.7
142828.7
142828.7
142828.7
142828.7
142828.7
142828.7
142828.7
142828.7
142828.7
142828.7
142828.7
142828.7
142828.7
142828.7
142828.7
142828.7
142828.7
142828.7
142828.7
142828.7
142828.7
142828.7
142828.7
142828.7
142828.7
142828.7
142828.7
142828.7
142828.7
142828.7
142828.7
142828.7
142828.7
142828.7
142828.7
142828.7
142828.7
142828.7
142828.7
142828.7
142828.7
142828.7
142828.7
142828.7
142828.7
142828.7
142828.7
142828.7
142828.7
142828.7
142828.7
142828.7
142828.7
142828.7
142828.7
142828.7
142828.7
142828.7
142828.7
142828.7
142828.7
142828.7
142828.7
142828.7
142828.7
142828.7
142828.7
142828.7
142828.7
142828.7
142828.7
142828.7
142828.7
142828.7
142828.7
142828.7
142828.7
142828.7
142828.7
142828.7
142828.7
142828.7
142828.7
142828.7
142828.7
142828.7
142828.7
142828.7
142828.7
142828.7
142828.7
142828.7
142828.7
142828.7
142828.7
142828.7
142828.7
142828.7
142828.7
142828.7
142828.7
142828.7
142828.7
142828.7
142828.7
142828.7
142828.7
142828.7
142828.7
142828.7
142828.7
142828.7
142828.7
142828.7
142828.7
142828.7
142828.7
142828.7
142828.7
142828.7
142828.7
142828.7
142828.7
142828.7
142828.7
142828.7
142828.7
142828.7
142828.7
142828.7
142828.7
142828.7
142828.7
142828.7
142828.7
142828.7
142828.7
142828.7
142828.7
142828.7
142828.7
142828.7
142828.7
142828.7
142828.7
142828.7
142828.7
142828.7
142828.7
142828.7
142828.7
142828.7
142828.7
142828.7
142828.7
142828.7
142828.7
142828.7
142828.7
142828.7
142828.7
142828.7
142828.7
142828.7
142828.7
142828.7
142828.7
142828.7
142828.7
142828.7
142828.7
142828.7
142828.7
142828.7
142828.7
142828.7
142828.7
142828.7
142828.7
142828.7
142828.7
142828.7
142828.7
142828.7
142828.7
142828.7
142828.7
142828.7
142828.7
142828.7
142828.7
142828.7
142828.7
142828.7
142828.7
142828.7
142828.7
142828.7
142828.7
142828.7
142828.7
142828.7
142828.7
142828.7
142828.7
142828.7
142828.7
142828.7
142828.7
142828.7
142828.7
142828.7
142828.7
142828.7
142828.7
142828.7
142828.7
142828.7
142828.7
142828.7
142828.7
142828.7
142828.7
142828.7
142828.7
142828.7
142828.7
142828.7
142828.7
142828.7
142828.7
142828.7
142828.7
142828.7
142828.7
142828.7
142828.7
142828.7
142828.7
142828.7
142828.7
142828.7
142828.7
142828.7
142828.7
142828.7
142828.7
142828.7
142828.7
142828.7
142828.7
142828.7
142828.7
142828.7
142828.7
142828.7
142828.7
142828.7
142828.7
142828.7
142828.7
142828.7
142828.7
142828.7
142828.7
142828.7
142828.7
142828.7
142828.7
142828.7
142828.7
142828.7
142828.7
142828.7
142828.7
142828.7
142828.7
142828.7
142828.7
142828.7
142828.7
142828.7
142828.7
142828.7
142828.7
142828.7
142828.7
142828.7
142828.7
142828.7
142828.7
142828.7
142828.7
142828.7
142828.7
142828.7
142828.7
142828.7
142828.7
142828.7
142828.7
142828.7
142828.7
142828.7
142828.7
142828.7
142828.7
142828.7
142828.7
142828.7
142828.7
142828.7
142828.7
142828.7
142828.7
142828.7
142828.7
142828.7
142828.7
142828.7
142828.7
142828.7
142828.7
142828.7
142828.7
142828.7
142828.7
142828.7
142828.7
142828.7
142828.7
142828.7
142828.7
142828.7
142828.7
142828.7
142828.7
142828.7
142828.7
142828.7
142828.7
142828.7
142828.7
142828.7
142828.7
142828.7
142828.7
142828.7
142828.7
142828.7
142828.7
142828.7
142828.7
142828.7
142828.7
142828.7
142828.7
142828.7
142828.7
142828.7
142828.7
142828.7
142828.7
142828.7
142828.7
142828.7
142828.7
142828.7
142828.7
142828.7
142828.7
142828.7
142828.7
142828.7
142828.7
142828.7
142828.7
142828.7
142828.7
142828.7
142828.7
142828.7
142828.7
142828.7
142828.7
142828.7
142828.7
142828.7
142828.7
142828.7
142828.7
142828.7
142828.7
142828.7
142828.7
142828.7
142828.7
142828.7
142828.7
142828.7
142828.7
142828.7
142828.7
142828.7
142828.7
142828.7
142828.7
142828.7
142828.7
142828.7
142828.7
142828.7
142828.7
142828.7
142828.7
142828.7
142828.7
142828.7
142828.7
142828.7
142828.7
142828.7
142828.7
142828.7
142828.7
142828.7
142828.7
142828.7
142828.7
142828.7
142828.7
142828.7
142828.7
142828.7
142828.7
142828.7
142828.7
142828.7
142828.7
142828.7
142828.7
142828.7
142828.7
142828.7
142828.7
142828.7
142828.7
142828.7
142828.7
142828.7
142828.7
142828.7
142828.7
142828.7
142828.7
142828.7
142828.7
142828.7
142828.7
142828.7
142828.7
142828.7
142828.7
142828.7
142828.7
142828.7
142828.7
142828.7
142828.7
142828.7
142828.7
142828.7
142828.7
142828.7
142828.7
142828.7
142828.7
142828.7
142828.7
142828.7
142828.7
142828.7
142828.7
142828.7
142828.7
142828.7
142828.7
142828.7
142828.7
142828.7
142828.7
142828.7
142828.7
142828.7
142828.7
142828.7
142828.7
142828.7
142828.7
142828.7
142828.7
142828.7
142828.7
142828.7
142828.7
142828.7
142828.7
142828.7
142828.7
142828.7
142828.7
142828.7
142828.7
142828.7
142828.7
142828.7
142828.7
142828.7
142828.7
142828.7
142828.7
142828.7
142828.7
142828.7
142828.7
142828.7
142828.7
142828.7
142828.7
142828.7
142828.7
142828.7
142828.7
142828.7
142828.7
142828.7
142828.7
142828.7
142828.7
142828.7
142828.7
142828.7
142828.7
142828.7
142828.7
142828.7
142828.7
142828.7
142828.7
142828.7
142828.7
142828.7
142828.7
142828.7
142828.7
142828.7
142828.7
142828.7
142828.7
142828.7
142828.7
142828.7
142828.7
142828.7
142828.7
142828.7
142828.7
142828.7
142828.7
142828.7
142828.7
142828.7
142828.7
142828.7
142828.7
142828.7
142828.7
142828.7
142828.7
142828.7
142828.7
142828.7
142828.7
142828.7
142828.7
142828.7
142828.7
142828.7
142828.7
142828.7
142828.7
142828.7
142828.7
142828.7
142828.7
142828.7
142828.7
142828.7
142828.7
142828.7
142828.7
142828.7
142828.7
142828.7
142828.7
142828.7
142828.7
142828.7
142828.7
142828.7
142828.7
142828.7
142828.7
142828.7
142828.7
142828.7
142828.7
142828.7
142828.7
142828.7
142828.7
142828.7
142828.7
142828.7
142828.7
142828.7
142828.7
142828.7
142828.7
142828.7
142828.7
142828.7
142828.7
142828.7
142828.7
142828.7
142828.7
142828.7
142828.7
142828.7
142828.7
142828.7
142828.7
142828.7
142828.7
142828.7
142828.7
142828.7
142828.7
142828.7
142828.7
142828.7
142828.7
142828.7
142828.7
142828.7
142828.7
142828.7
142828.7
142828.7
142828.7
142828.7
142828.7
142828.7
142828.7
142828.7
142828.7
142828.7
142828.7
142828.7
142828.7
142828.7
142828.7
142828.7
142828.7
142828.7
142828.7
142828.7
142828.7
142828.7
142828.7
142828.7
142828.7
142828.7
142828.7
142828.7
142828.7
142828.7
142828.7
142828.7
142828.7
142828.7
142828.7
142828.7
142828.7
142828.7
142828.7
142828.7
142828.7
142828.7
142828.7
142828.7
142828.7
142828.7
142828.7
142828.7
142828.7
142828.7
142828.7
142828.7
142828.7
142828.7
142828.7
142828.7
142828.7
142828.7
142828.7
142828.7
142828.7
142828.7
142828.7
142828.7
142828.7
142828.7
142828.7
142828.7
142828.7
142828.7
142828.7
142828.7
142828.7
142828.7
142828.7
142828.7
142828.7
142828.7
142828.7
142828.7
142828.7
142828.7
142828.7
142828.7
142828.7
142828.7
142828.7
142828.7
142828.7
142828.7
142828.7
142828.7
142828.7
142828.7
142828.7
142828.7
142828.7
142828.7
142828.7
142828.7
142828.7
142828.7
142828.7
142828.7
142828.7
142828.7
142828.7
142828.7
142828.7
142828.7
142828.7
142828.7
142828.7
142828.7
142828.7
142828.7
142828.7
142828.7
142828.7
142828.7
142828.7
142828.7
142828.7
142828.7
142828.7
142828.7
142828.7
142828.7
142828.7
142828.7
142828.7
142828.7
142828.7
142828.7
142828.7
142828.7
142828.7
142828.7
142828.7
142828.7
142828.7
142828.7
142828.7
142828.7
142828.7
142828.7
142828.7
142828.7
142828.7
142828.7
142828.7
142828.7
142828.7
142828.7
142828.7
142828.7
142828.7
142828.7
142828.7
142828.7
142828.7
142828.7
142828.7
142828.7
142828.7
142828.7
142828.7
142828.7
142828.7
142828.7
142828.7
142828.7
142828.7
142828.7
142828.7
142828.7
142828.7
142828.7
142828.7
142828.7
142828.7
142828.7
142828.7
142828.7
142828.7
142828.7
142828.7
142828.7
142828.7
142828.7
142828.7
142828.7
142828.7
142828.7
142828.7
142828.7
142828.7
142828.7
142828.7
142828.7
142828.7
142828.7
142828.7
142828.7
142828.7
142828.7
142828.7
142828.7
142828.7
142828.7
142828.7
142828.7
142828.7
142828.7
142828.7
142828.7
142828.7
142828.7
142828.7
142828.7
142828.7
142828.7
142828.7
142828.7
142828.7
142828.7
142828.7
142828.7
142828.7
142828.7
142828.7
142828.7
142828.7
142828.7
142828.7
142828.7
142828.7
142828.7
142828.7
142828.7
142828.7
142828.7
142828.7
142828.7
142828.7
142828.7
142828.7
142828.7
142828.7
142828.7
142828.7
142828.7
142828.7
142828.7
142828.7
142828.7
142828.7
142828.7
142828.7
142828.7
142828.7
142828.7
142828.7
142828.7
142828.7
142828.7
142828.7
142828.7
142828.7
142828.7
142828.7
142828.7
142828.7
142828.7
142828.7
142828.7
142828.7
142828.7
142828.7
142828.7
142828.7
142828.7
142828.7
142828.7
142828.7
142828.7
142828.7
142828.7
142828.7
142828.7
142828.7
142828.7
142828.7
142828.7
142828.7
142828.7
142828.7
142828.7
142828.7
142828.7
142828.7
142828.7
142828.7
142828.7
142828.7
142828.7
142828.7
142828.7
142828.7
142828.7
142828.7
142828.7
142828.7
142828.7
142828.7
142828.7
142828.7
142828.7
142828.7
142828.7
142828.7
142828.7
142828.7
142828.7
142828.7
142828.7
142828.7
142828.7
142828.7
142828.7
142828.7
142828.7
142828.7
142828.7
142828.7
142828.7
142828.7
142828.7
142828.7
142828.7
142828.7
142828.7
142828.7
142828.7
142828.7
142828.7
142828.7
142828.7
142828.7
142828.7
142828.7
142828.7
142828.7
142828.7
142828.7
142828.7
142828.7
142828.7
142828.7
142828.7
142828.7
142828.7
142828.7
142828.7
142828.7
142828.7
142828.7
142828.7
142828.7
142828.7
142828.7
142828.7
142828.7
142828.7
142828.7
142828.7
142828.7
142828.7
142828.7
142828.7
142828.7
142828.7
142828.7
142828.7
142828.7
142828.7
142828.7
142828.7
142828.7
142828.7
142828.7
142828.7
142828.7
142828.7
142828.7
142828.7
142828.7
142828.7
142828.7
142828.7
142828.7
142828.7
142828.7
142828.7
142828.7
142828.7
142828.7
142828.7
142828.7
142828.7
142828.7
142828.7
142828.7
142828.7
142828.7
142828.7
142828.7
142828.7
142828.7
142828.7
142828.7
142828.7
142828.7
142828.7
142828.7
142828.7
142828.7
142828.7
142828.7
142828.7
142828.7
142828.7
142828.7
142828.7
142828.7
142828.7
142828.7
142828.7
142828.7
142828.7
142828.7
142828.7
142828.7
142828.7
142828.7
142828.7
142828.7
142828.7
142828.7
142828.7
142828.7
142828.7
142828.7
142828.7
142828.7
142828.7
142828.7
142828.7
142828.7
142828.7
142828.7
142828.7
142828.7
142828.7
142828.7
142828.7
142828.7
142828.7
142828.7
142828.7
142828.7
142828.7
142828.7
142828.7
142828.7
142828.7
142828.7
142828.7
142828.7
142828.7
142828.7
142828.7
142828.7
142828.7
142828.7
142828.7
142828.7
142828.7
142828.7
142828.7
142828.7
142828.7
142828.7
142828.7
142828.7
142828.7
142828.7
142828.7
)
;

boundaryField
{
    minX
    {
        type            fixedFluxPressure;
        gradient        uniform 0;
        value           nonuniform List<scalar> 
50
(
142828.7
142828.7
142828.7
142828.7
142828.7
142828.7
142828.7
142828.7
142828.7
142828.7
142828.7
142828.7
142828.7
142828.7
142828.7
142828.7
142828.7
142828.7
142828.7
142828.7
142828.7
142828.7
142828.7
142828.7
142828.7
142828.7
142828.7
142828.7
142828.7
142828.7
142828.7
142828.7
142828.7
142828.7
142828.7
142828.7
142828.7
142828.7
142828.7
142828.7
142828.7
142828.7
142828.7
142828.7
142828.7
142828.7
142828.7
142828.7
142828.7
142828.7
)
;
    }
    maxX
    {
        type            fixedFluxPressure;
        gradient        uniform 0;
        value           nonuniform List<scalar> 
50
(
142828.7
142828.7
142828.7
142828.7
142828.7
142828.7
142828.7
142828.7
142828.7
142828.7
142828.7
142828.7
142828.7
142828.7
142828.7
142828.7
142828.7
142828.7
142828.7
142828.7
142828.7
142828.7
142828.7
142828.7
142828.7
142828.7
142828.7
142828.7
142828.7
142828.7
142828.7
142828.7
142828.7
142828.7
142828.7
142828.7
142828.7
142828.7
142828.7
142828.7
142828.7
142828.7
142828.7
142828.7
142828.7
142828.7
142828.7
142828.7
142828.7
142828.7
)
;
    }
    minY
    {
        type            fixedFluxPressure;
        gradient        nonuniform List<scalar> 
292
(
-3.679708e-05
-3.67529e-05
-3.673803e-05
-3.674802e-05
-3.676561e-05
-3.67644e-05
-3.674586e-05
-3.673527e-05
-3.675092e-05
-3.679802e-05
-3.67595e-05
-3.672475e-05
-3.67144e-05
-3.672392e-05
-3.67383e-05
-3.673735e-05
-3.672218e-05
-3.671226e-05
-3.672308e-05
-3.675937e-05
-3.673118e-05
-3.670838e-05
-3.670205e-05
-3.670954e-05
-3.671928e-05
-3.671863e-05
-3.670829e-05
-3.670059e-05
-3.670712e-05
-3.673038e-05
-3.67188e-05
-3.670477e-05
-3.670061e-05
-3.670544e-05
-3.671056e-05
-3.671017e-05
-3.670454e-05
-3.669974e-05
-3.670392e-05
-3.671751e-05
-3.671437e-05
-3.670495e-05
-3.670171e-05
-3.670616e-05
-3.670859e-05
-3.670837e-05
-3.670533e-05
-3.670108e-05
-3.670427e-05
-3.671267e-05
-3.671004e-05
-3.670509e-05
-3.670306e-05
-3.670703e-05
-3.670888e-05
-3.67087e-05
-3.670627e-05
-3.670259e-05
-3.670449e-05
-3.670796e-05
-3.670562e-05
-3.670509e-05
-3.67045e-05
-3.67081e-05
-3.670936e-05
-3.670923e-05
-3.670744e-05
-3.670413e-05
-3.67045e-05
-3.67032e-05
-3.670037e-05
-3.670452e-05
-3.670569e-05
-3.670916e-05
-3.670995e-05
-3.670986e-05
-3.670858e-05
-3.670541e-05
-3.670387e-05
-3.669763e-05
-3.66935e-05
-3.670285e-05
-3.670626e-05
-3.67099e-05
-3.67102e-05
-3.671013e-05
-3.670946e-05
-3.670604e-05
-3.67021e-05
-3.669047e-05
-3.668419e-05
-3.669946e-05
-3.670566e-05
-3.670955e-05
-3.670717e-05
-3.67071e-05
-3.670929e-05
-3.670547e-05
-3.669857e-05
-3.668091e-05
-3.667158e-05
-3.66935e-05
-3.670265e-05
-3.670386e-05
-3.668281e-05
-3.668275e-05
-3.670376e-05
-3.670248e-05
-3.669245e-05
-3.666809e-05
-3.665461e-05
-3.668347e-05
-3.669271e-05
-3.667395e-05
-3.647744e-05
-3.647711e-05
-3.667401e-05
-3.669247e-05
-3.668224e-05
-3.665099e-05
-3.663184e-05
-3.666639e-05
-3.666471e-05
-3.650199e-05
-3.456326e-05
-3.456131e-05
-3.650236e-05
-3.666442e-05
-3.666497e-05
-3.662816e-05
-3.660153e-05
-3.663661e-05
-3.658606e-05
-3.562329e-05
-3.562511e-05
-3.65859e-05
-3.663499e-05
-3.659795e-05
-3.656374e-05
-3.659117e-05
-3.647835e-05
-3.503527e-05
-3.503714e-05
-3.647798e-05
-3.658929e-05
-3.656056e-05
-3.652788e-05
-3.654299e-05
-3.640011e-05
-3.486879e-05
-3.486317e-05
-3.639641e-05
-3.654029e-05
-3.652574e-05
-3.652207e-05
-3.654711e-05
-3.647538e-05
-3.543197e-05
-3.542397e-05
-3.646899e-05
-3.654337e-05
-3.652118e-05
-3.653802e-05
-3.657048e-05
-3.656653e-05
-3.638465e-05
-3.448523e-05
-3.447676e-05
-3.637792e-05
-3.656067e-05
-3.656665e-05
-3.653754e-05
-3.655586e-05
-3.658617e-05
-3.65971e-05
-3.657434e-05
-3.637659e-05
-3.637275e-05
-3.656943e-05
-3.659188e-05
-3.65823e-05
-3.655543e-05
-3.657066e-05
-3.659541e-05
-3.660591e-05
-3.660612e-05
-3.658374e-05
-3.658181e-05
-3.660212e-05
-3.660094e-05
-3.659139e-05
-3.657011e-05
-3.658207e-05
-3.660086e-05
-3.660823e-05
-3.661083e-05
-3.660766e-05
-3.660633e-05
-3.660723e-05
-3.660331e-05
-3.659659e-05
-3.658127e-05
-3.659059e-05
-3.660389e-05
-3.660821e-05
-3.660997e-05
-3.660934e-05
-3.660827e-05
-3.660669e-05
-3.660322e-05
-3.659932e-05
-3.658948e-05
-3.659689e-05
-3.660529e-05
-3.660707e-05
-3.660803e-05
-3.660777e-05
-3.660686e-05
-3.660493e-05
-3.660194e-05
-3.660039e-05
-3.65954e-05
-3.660169e-05
-3.660562e-05
-3.660534e-05
-3.660585e-05
-3.660589e-05
-3.660506e-05
-3.660287e-05
-3.660005e-05
-3.660041e-05
-3.659977e-05
-3.660577e-05
-3.66054e-05
-3.660339e-05
-3.660375e-05
-3.660419e-05
-3.660337e-05
-3.660077e-05
-3.659796e-05
-3.65999e-05
-3.660339e-05
-3.660989e-05
-3.660503e-05
-3.660154e-05
-3.660197e-05
-3.660289e-05
-3.660203e-05
-3.65989e-05
-3.659604e-05
-3.659933e-05
-3.660699e-05
-3.661469e-05
-3.660481e-05
-3.660007e-05
-3.660072e-05
-3.660308e-05
-3.660207e-05
-3.659755e-05
-3.65946e-05
-3.659901e-05
-3.661124e-05
-3.662818e-05
-3.660946e-05
-3.660178e-05
-3.660381e-05
-3.660939e-05
-3.660819e-05
-3.660033e-05
-3.659603e-05
-3.660311e-05
-3.662359e-05
-3.665677e-05
-3.662655e-05
-3.661413e-05
-3.66168e-05
-3.662551e-05
-3.662413e-05
-3.661303e-05
-3.660815e-05
-3.661965e-05
-3.665101e-05
-3.669507e-05
-3.665578e-05
-3.663841e-05
-3.664058e-05
-3.665126e-05
-3.664976e-05
-3.663667e-05
-3.663235e-05
-3.664852e-05
-3.668834e-05
)
;
        value           nonuniform List<scalar> 
292
(
142828.7
142828.7
142828.7
142828.7
142828.7
142828.7
142828.7
142828.7
142828.7
142828.7
142828.7
142828.7
142828.7
142828.7
142828.7
142828.7
142828.7
142828.7
142828.7
142828.7
142828.7
142828.7
142828.7
142828.7
142828.7
142828.7
142828.7
142828.7
142828.7
142828.7
142828.7
142828.7
142828.7
142828.7
142828.7
142828.7
142828.7
142828.7
142828.7
142828.7
142828.7
142828.7
142828.7
142828.7
142828.7
142828.7
142828.7
142828.7
142828.7
142828.7
142828.7
142828.7
142828.7
142828.7
142828.7
142828.7
142828.7
142828.7
142828.7
142828.7
142828.7
142828.7
142828.7
142828.7
142828.7
142828.7
142828.7
142828.7
142828.7
142828.7
142828.7
142828.7
142828.7
142828.7
142828.7
142828.7
142828.7
142828.7
142828.7
142828.7
142828.7
142828.7
142828.7
142828.7
142828.7
142828.7
142828.7
142828.7
142828.7
142828.7
142828.7
142828.7
142828.7
142828.7
142828.7
142828.7
142828.7
142828.7
142828.7
142828.7
142828.7
142828.7
142828.7
142828.7
142828.7
142828.7
142828.7
142828.7
142828.7
142828.7
142828.7
142828.7
142828.7
142828.7
142828.7
142828.7
142828.7
142828.7
142828.7
142828.7
142828.7
142828.7
142828.7
142828.7
142828.7
142828.7
142828.7
142828.7
142828.7
142828.7
142828.7
142828.7
142828.7
142828.7
142828.7
142828.7
142828.7
142828.7
142828.7
142828.7
142828.7
142828.7
142828.7
142828.7
142828.7
142828.7
142828.7
142828.7
142828.7
142828.7
142828.7
142828.7
142828.7
142828.7
142828.7
142828.7
142828.7
142828.7
142828.7
142828.7
142828.7
142828.7
142828.7
142828.7
142828.7
142828.7
142828.7
142828.7
142828.7
142828.7
142828.7
142828.7
142828.7
142828.7
142828.7
142828.7
142828.7
142828.7
142828.7
142828.7
142828.7
142828.7
142828.7
142828.7
142828.7
142828.7
142828.7
142828.7
142828.7
142828.7
142828.7
142828.7
142828.7
142828.7
142828.7
142828.7
142828.7
142828.7
142828.7
142828.7
142828.7
142828.7
142828.7
142828.7
142828.7
142828.7
142828.7
142828.7
142828.7
142828.7
142828.7
142828.7
142828.7
142828.7
142828.7
142828.7
142828.7
142828.7
142828.7
142828.7
142828.7
142828.7
142828.7
142828.7
142828.7
142828.7
142828.7
142828.7
142828.7
142828.7
142828.7
142828.7
142828.7
142828.7
142828.7
142828.7
142828.7
142828.7
142828.7
142828.7
142828.7
142828.7
142828.7
142828.7
142828.7
142828.7
142828.7
142828.7
142828.7
142828.7
142828.7
142828.7
142828.7
142828.7
142828.7
142828.7
142828.7
142828.7
142828.7
142828.7
142828.7
142828.7
142828.7
142828.7
142828.7
142828.7
142828.7
142828.7
142828.7
142828.7
142828.7
142828.7
142828.7
142828.7
142828.7
142828.7
142828.7
142828.7
142828.7
142828.7
142828.7
142828.7
142828.7
142828.7
142828.7
142828.7
142828.7
142828.7
142828.7
142828.7
142828.7
142828.7
)
;
    }
    minZ
    {
        type            fixedFluxPressure;
        gradient        uniform 0;
        value           nonuniform List<scalar> 
150
(
142828.7
142828.7
142828.7
142828.7
142828.7
142828.7
142828.7
142828.7
142828.7
142828.7
142828.7
142828.7
142828.7
142828.7
142828.7
142828.7
142828.7
142828.7
142828.7
142828.7
142828.7
142828.7
142828.7
142828.7
142828.7
142828.7
142828.7
142828.7
142828.7
142828.7
142828.7
142828.7
142828.7
142828.7
142828.7
142828.7
142828.7
142828.7
142828.7
142828.7
142828.7
142828.7
142828.7
142828.7
142828.7
142828.7
142828.7
142828.7
142828.7
142828.7
142828.7
142828.7
142828.7
142828.7
142828.7
142828.7
142828.7
142828.7
142828.7
142828.7
142828.7
142828.7
142828.7
142828.7
142828.7
142828.7
142828.7
142828.7
142828.7
142828.7
142828.7
142828.7
142828.7
142828.7
142828.7
142828.7
142828.7
142828.7
142828.7
142828.7
142828.7
142828.7
142828.7
142828.7
142828.7
142828.7
142828.7
142828.7
142828.7
142828.7
142828.7
142828.7
142828.7
142828.7
142828.7
142828.7
142828.7
142828.7
142828.7
142828.7
142828.7
142828.7
142828.7
142828.7
142828.7
142828.7
142828.7
142828.7
142828.7
142828.7
142828.7
142828.7
142828.7
142828.7
142828.7
142828.7
142828.7
142828.7
142828.7
142828.7
142828.7
142828.7
142828.7
142828.7
142828.7
142828.7
142828.7
142828.7
142828.7
142828.7
142828.7
142828.7
142828.7
142828.7
142828.7
142828.7
142828.7
142828.7
142828.7
142828.7
142828.7
142828.7
142828.7
142828.7
142828.7
142828.7
142828.7
142828.7
142828.7
142828.7
)
;
    }
    maxZ
    {
        type            fixedFluxPressure;
        gradient        uniform 0;
        value           nonuniform List<scalar> 
150
(
142828.7
142828.7
142828.7
142828.7
142828.7
142828.7
142828.7
142828.7
142828.7
142828.7
142828.7
142828.7
142828.7
142828.7
142828.7
142828.7
142828.7
142828.7
142828.7
142828.7
142828.7
142828.7
142828.7
142828.7
142828.7
142828.7
142828.7
142828.7
142828.7
142828.7
142828.7
142828.7
142828.7
142828.7
142828.7
142828.7
142828.7
142828.7
142828.7
142828.7
142828.7
142828.7
142828.7
142828.7
142828.7
142828.7
142828.7
142828.7
142828.7
142828.7
142828.7
142828.7
142828.7
142828.7
142828.7
142828.7
142828.7
142828.7
142828.7
142828.7
142828.7
142828.7
142828.7
142828.7
142828.7
142828.7
142828.7
142828.7
142828.7
142828.7
142828.7
142828.7
142828.7
142828.7
142828.7
142828.7
142828.7
142828.7
142828.7
142828.7
142828.7
142828.7
142828.7
142828.7
142828.7
142828.7
142828.7
142828.7
142828.7
142828.7
142828.7
142828.7
142828.7
142828.7
142828.7
142828.7
142828.7
142828.7
142828.7
142828.7
142828.7
142828.7
142828.7
142828.7
142828.7
142828.7
142828.7
142828.7
142828.7
142828.7
142828.7
142828.7
142828.7
142828.7
142828.7
142828.7
142828.7
142828.7
142828.7
142828.7
142828.7
142828.7
142828.7
142828.7
142828.7
142828.7
142828.7
142828.7
142828.7
142828.7
142828.7
142828.7
142828.7
142828.7
142828.7
142828.7
142828.7
142828.7
142828.7
142828.7
142828.7
142828.7
142828.7
142828.7
142828.7
142828.7
142828.7
142828.7
142828.7
142828.7
)
;
    }
    bottomAir_to_rightSolid
    {
        type            fixedFluxPressure;
        gradient        nonuniform List<scalar> 
130
(
-2.978254e-18
-3.38298e-18
0
-2.134713e-18
2.332066e-18
3.291291e-33
-1.039567e-17
-1.323949e-17
-1.841544e-17
-2.539747e-18
1.179883e-17
6.195286e-18
1.668894e-18
-6.611113e-18
-7.675408e-18
0
-2.426374e-18
-2.631699e-18
-2.788253e-18
-8.666389e-18
-1.464202e-17
-2.031469e-17
-2.803354e-18
1.308693e-17
6.944689e-18
1.891639e-18
-2.714949e-18
-5.349466e-18
-2.177417e-18
-5.023438e-18
-5.539752e-18
-2.950825e-18
-6.113001e-18
-1.235562e-17
-2.134438e-17
-2.934151e-18
1.365266e-17
7.529556e-18
2.212925e-18
0
-1.614121e-18
-2.091704e-18
-5.001065e-18
0
4.280502e-33
-9.363079e-18
-1.262001e-17
-2.177153e-17
-2.984628e-18
1.383478e-17
7.590392e-18
2.215594e-18
0
0
0
-4.963831e-18
0
4.262825e-33
-1.242501e-17
-1.568528e-17
-2.163974e-17
-2.961666e-18
1.368786e-17
7.174393e-18
1.926982e-18
0
0
0
-4.962218e-18
0
4.261593e-33
-1.242234e-17
-1.568309e-17
-2.163747e-17
-2.961419e-18
1.368727e-17
7.174733e-18
1.927396e-18
0
0
0
-4.99754e-18
-5.608675e-18
0
-6.242203e-18
-1.577692e-17
-2.177384e-17
-2.984892e-18
1.383658e-17
7.287594e-18
1.969329e-18
0
0
0
-5.024566e-18
-5.542062e-18
0
-6.115465e-18
-1.544878e-17
-2.134642e-17
-2.933923e-18
1.365e-17
7.22603e-18
1.966177e-18
0
0
0
-4.858692e-18
-7.903893e-18
-8.372231e-18
-1.156219e-17
-1.318178e-17
-1.886306e-17
-2.802308e-18
1.307748e-17
6.937253e-18
1.889276e-18
0
0
0
-4.282956e-18
-7.015609e-18
-7.489843e-18
-1.041502e-17
-1.193201e-17
-1.711524e-17
-2.540704e-18
1.179615e-17
6.188311e-18
1.664539e-18
)
;
        value           nonuniform List<scalar> 
130
(
142828.7
142828.7
142828.7
142828.7
142828.7
142828.7
142828.7
142828.7
142828.7
142828.7
142828.7
142828.7
142828.7
142828.7
142828.7
142828.7
142828.7
142828.7
142828.7
142828.7
142828.7
142828.7
142828.7
142828.7
142828.7
142828.7
142828.7
142828.7
142828.7
142828.7
142828.7
142828.7
142828.7
142828.7
142828.7
142828.7
142828.7
142828.7
142828.7
142828.7
142828.7
142828.7
142828.7
142828.7
142828.7
142828.7
142828.7
142828.7
142828.7
142828.7
142828.7
142828.7
142828.7
142828.7
142828.7
142828.7
142828.7
142828.7
142828.7
142828.7
142828.7
142828.7
142828.7
142828.7
142828.7
142828.7
142828.7
142828.7
142828.7
142828.7
142828.7
142828.7
142828.7
142828.7
142828.7
142828.7
142828.7
142828.7
142828.7
142828.7
142828.7
142828.7
142828.7
142828.7
142828.7
142828.7
142828.7
142828.7
142828.7
142828.7
142828.7
142828.7
142828.7
142828.7
142828.7
142828.7
142828.7
142828.7
142828.7
142828.7
142828.7
142828.7
142828.7
142828.7
142828.7
142828.7
142828.7
142828.7
142828.7
142828.7
142828.7
142828.7
142828.7
142828.7
142828.7
142828.7
142828.7
142828.7
142828.7
142828.7
142828.7
142828.7
142828.7
142828.7
142828.7
142828.7
142828.7
142828.7
142828.7
142828.7
)
;
    }
    bottomAir_to_leftSolid
    {
        type            fixedFluxPressure;
        gradient        nonuniform List<scalar> 
130
(
0
0
0
0
0
0
-1.185357e-17
-1.131802e-17
5.279009e-18
-4.810193e-18
-8.572542e-18
-3.749483e-18
-3.247256e-18
0
0
1.208768e-17
1.283682e-17
0
0
-1.300041e-17
-1.249258e-17
5.871604e-18
-5.389992e-18
-1.447669e-17
-1.263782e-17
-7.175199e-18
0
0
1.250264e-17
1.331591e-17
0
0
-1.361268e-17
-1.962108e-17
6.118921e-18
0
-1.440363e-17
-7.887794e-18
-3.008719e-18
0
0
0
0
0
0
-1.383633e-17
-1.990781e-17
6.166629e-18
0
-9.191138e-18
0
0
0
0
0
0
0
0
-1.371623e-17
-1.314222e-17
1.217083e-17
0
-8.926468e-18
0
0
0
0
0
0
0
0
-1.370939e-17
-1.313557e-17
1.216452e-17
0
-8.921069e-18
0
0
0
0
0
0
0
0
-1.379998e-17
-1.323436e-17
1.229599e-17
0
-9.158323e-18
0
0
0
0
0
0
0
0
-1.354988e-17
-1.301538e-17
1.217168e-17
0
-9.539739e-18
0
0
0
0
0
0
0
0
-1.292147e-17
-1.240972e-17
1.165798e-17
0
-4.783655e-18
4.17353e-18
0
0
0
0
0
0
0
-1.177257e-17
-1.123335e-17
1.047105e-17
0
-4.242842e-18
3.707663e-18
0
)
;
        value           nonuniform List<scalar> 
130
(
142828.7
142828.7
142828.7
142828.7
142828.7
142828.7
142828.7
142828.7
142828.7
142828.7
142828.7
142828.7
142828.7
142828.7
142828.7
142828.7
142828.7
142828.7
142828.7
142828.7
142828.7
142828.7
142828.7
142828.7
142828.7
142828.7
142828.7
142828.7
142828.7
142828.7
142828.7
142828.7
142828.7
142828.7
142828.7
142828.7
142828.7
142828.7
142828.7
142828.7
142828.7
142828.7
142828.7
142828.7
142828.7
142828.7
142828.7
142828.7
142828.7
142828.7
142828.7
142828.7
142828.7
142828.7
142828.7
142828.7
142828.7
142828.7
142828.7
142828.7
142828.7
142828.7
142828.7
142828.7
142828.7
142828.7
142828.7
142828.7
142828.7
142828.7
142828.7
142828.7
142828.7
142828.7
142828.7
142828.7
142828.7
142828.7
142828.7
142828.7
142828.7
142828.7
142828.7
142828.7
142828.7
142828.7
142828.7
142828.7
142828.7
142828.7
142828.7
142828.7
142828.7
142828.7
142828.7
142828.7
142828.7
142828.7
142828.7
142828.7
142828.7
142828.7
142828.7
142828.7
142828.7
142828.7
142828.7
142828.7
142828.7
142828.7
142828.7
142828.7
142828.7
142828.7
142828.7
142828.7
142828.7
142828.7
142828.7
142828.7
142828.7
142828.7
142828.7
142828.7
142828.7
142828.7
142828.7
142828.7
142828.7
142828.7
)
;
    }
    bottomAir_to_heater
    {
        type            fixedFluxPressure;
        gradient        nonuniform List<scalar> 
92
(
0
0
0
0
0
0
0
0
0
0
0
0
10.3708
9.700831
9.509381
10.15243
6.820035
6.273906
6.127351
6.654861
3.84217
3.504062
3.41957
3.754815
1.62672
1.509219
1.475503
1.601765
0
0.3193598
0
0.3105343
0
0.3046681
0
0.3173577
13.73383
13.59831
8.716708
8.634149
4.762085
4.708662
1.914297
1.888604
0.346067
0.3396963
13.7302
10.37271
9.702869
9.502859
13.58355
10.14326
8.715039
6.821811
6.276587
6.123993
8.622901
6.649329
4.76093
3.842768
3.505619
3.417886
4.703098
3.752079
1.913716
1.626741
1.509841
1.474862
1.8864
1.601171
0.3459263
0.3192676
0.310604
0.3045417
0.3392506
0.317334
0
0
0
0
0
0
0
0
0
0
0
0
0
0
0
0
)
;
        value           nonuniform List<scalar> 
92
(
142828.7
142828.7
142828.7
142828.7
142828.7
142828.7
142828.7
142828.7
142828.7
142828.7
142828.7
142828.7
142828.8
142828.8
142828.8
142828.8
142828.8
142828.8
142828.8
142828.8
142828.7
142828.7
142828.7
142828.7
142828.7
142828.7
142828.7
142828.7
142828.7
142828.7
142828.7
142828.7
142828.7
142828.7
142828.7
142828.7
142828.8
142828.8
142828.8
142828.8
142828.7
142828.7
142828.7
142828.7
142828.7
142828.7
142828.8
142828.8
142828.8
142828.8
142828.8
142828.8
142828.8
142828.8
142828.8
142828.8
142828.8
142828.8
142828.7
142828.7
142828.7
142828.7
142828.7
142828.7
142828.7
142828.7
142828.7
142828.7
142828.7
142828.7
142828.7
142828.7
142828.7
142828.7
142828.7
142828.7
142828.7
142828.7
142828.7
142828.7
142828.7
142828.7
142828.7
142828.7
142828.7
142828.7
142828.7
142828.7
142828.7
142828.7
142828.7
142828.7
)
;
    }
}


// ************************************************************************* //
