/*--------------------------------*- C++ -*----------------------------------*\
| =========                 |                                                 |
| \\      /  F ield         | OpenFOAM: The Open Source CFD Toolbox           |
|  \\    /   O peration     | Version:  v2012                                 |
|   \\  /    A nd           | Website:  www.openfoam.com                      |
|    \\/     M anipulation  |                                                 |
\*---------------------------------------------------------------------------*/
FoamFile
{
    version     2.0;
    format      ascii;
    class       surfaceScalarField;
    location    "600/bottomAir";
    object      phi;
}
// * * * * * * * * * * * * * * * * * * * * * * * * * * * * * * * * * * * * * //

dimensions      [1 0 -1 0 0 0 0];
oriented        oriented;


internalField   nonuniform List<scalar> 
3858
(
9.91692e-07
-1.078279e-06
8.646287e-08
1.697755e-06
-8.284356e-07
1.223743e-07
2.017717e-06
-4.438981e-07
1.239396e-07
2.046779e-06
-1.360667e-07
1.070064e-07
1.910256e-06
5.009937e-08
8.642499e-08
1.710504e-06
1.314108e-07
6.83398e-08
1.509536e-06
1.480445e-07
5.292228e-08
1.333658e-06
1.358011e-07
4.00744e-08
1.18666e-06
1.16678e-07
3.031896e-08
1.060178e-06
1.015168e-07
2.496283e-08
9.40493e-07
9.389024e-08
2.579548e-08
8.104801e-07
9.422018e-08
3.57971e-08
6.52741e-07
1.016786e-07
5.60715e-08
4.462141e-07
1.196244e-07
8.692218e-08
1.927153e-07
1.556722e-07
9.785143e-08
-9.667925e-08
2.001906e-07
8.92321e-08
-3.59141e-07
1.992243e-07
6.325726e-08
-5.699359e-07
1.630727e-07
4.773434e-08
-7.373276e-07
1.369634e-07
3.043137e-08
-8.824028e-07
1.223526e-07
2.272114e-08
-1.025047e-06
1.196257e-07
2.301338e-08
-1.181493e-06
1.268998e-07
2.954168e-08
-1.361774e-06
1.395111e-07
4.076521e-08
-1.563345e-06
1.460659e-07
5.550265e-08
-1.761081e-06
1.246201e-07
7.311535e-08
-1.894767e-06
4.022579e-08
9.346036e-08
-1.867244e-06
-1.430829e-07
1.155607e-07
-1.564053e-06
-4.354461e-07
1.322558e-07
-9.035141e-07
-7.899669e-07
1.294286e-07
-9.963155e-07
9.280132e-08
6.669031e-07
-1.7831e-06
3.791757e-08
1.154241e-06
-1.420061e-06
1.042884e-07
1.39333e-06
-8.16876e-07
1.338901e-07
1.458991e-06
-3.358745e-07
1.341487e-07
1.431908e-06
-4.319536e-08
1.203772e-07
1.365313e-06
9.158775e-08
1.064176e-07
1.289481e-06
1.259667e-07
9.790738e-08
1.205387e-06
1.246202e-07
9.527348e-08
1.101451e-06
1.216367e-07
9.897461e-08
9.662389e-07
1.274028e-07
1.093254e-07
7.941668e-07
1.412085e-07
1.247561e-07
5.868526e-07
1.592206e-07
1.423199e-07
3.601327e-07
1.767663e-07
1.516464e-07
1.356697e-07
1.947713e-07
1.493399e-07
-3.432667e-08
2.222562e-07
1.034418e-07
-1.593888e-07
2.480664e-07
7.721606e-08
-3.118763e-07
2.419302e-07
1.098039e-07
-4.940746e-07
2.140547e-07
1.312289e-07
-6.77153e-07
1.868366e-07
1.332115e-07
-8.399541e-07
1.614835e-07
1.236686e-07
-9.754254e-07
1.425776e-07
1.12516e-07
-1.085298e-06
1.323207e-07
1.04446e-07
-1.177357e-06
1.296286e-07
1.019371e-07
-1.259841e-06
1.231324e-07
1.054142e-07
-1.328901e-06
7.896495e-08
1.147143e-07
-1.356526e-06
-6.171013e-08
1.295612e-07
-1.294817e-06
-3.468981e-07
1.421069e-07
-1.06889e-06
-8.000596e-07
1.386874e-07
-6.127807e-07
-1.353011e-06
1.069347e-07
-1.65225e-06
4.315386e-08
1.251114e-07
-1.905669e-06
-2.542759e-09
9.013927e-08
-1.479123e-06
9.403409e-08
-1.392343e-08
-8.799081e-07
1.67096e-07
-1.009727e-07
-4.559232e-07
2.070985e-07
-1.285507e-07
-2.325817e-07
2.169643e-07
-1.125219e-07
-1.289264e-07
2.044828e-07
-1.08134e-07
-7.725146e-08
1.988285e-07
-1.420981e-07
-5.494569e-08
2.135258e-07
-2.108123e-07
-5.096978e-08
2.413195e-07
-2.958417e-07
-6.26541e-08
2.750846e-07
-3.728845e-07
-8.860927e-08
3.068638e-07
-4.186297e-07
-1.248394e-07
3.298115e-07
-4.052106e-07
-1.60505e-07
3.23866e-07
-3.25248e-07
-1.754341e-07
2.902639e-07
-1.793764e-07
-1.450572e-07
2.214685e-07
-7.119116e-09
-1.228089e-07
1.986484e-07
1.28059e-07
-1.445653e-07
2.513398e-07
1.984667e-07
-1.481927e-07
2.918556e-07
2.106134e-07
-1.280808e-07
3.027761e-07
1.871128e-07
-1.028694e-07
2.878538e-07
1.4806e-07
-8.201074e-08
2.636354e-07
1.145755e-07
-7.1266e-08
2.370646e-07
1.035705e-07
-7.421851e-08
2.148453e-07
1.183823e-07
-9.539742e-08
2.03714e-07
1.330753e-07
-1.458159e-07
2.10086e-07
1.014525e-07
-2.491235e-07
2.190365e-07
1.43792e-08
-4.648769e-07
2.050524e-07
-8.637005e-08
-8.623403e-07
1.630298e-07
-1.18124e-07
-1.410795e-06
8.953677e-08
-1.769706e-06
-6.68618e-10
-5.23526e-07
-1.319043e-06
-6.310025e-08
-1.102932e-06
-9.419305e-07
4.221384e-08
-1.524618e-06
-5.858556e-07
1.276338e-07
-1.770379e-06
-3.921906e-07
1.820292e-07
-1.906564e-06
-3.082906e-07
2.118921e-07
-1.982459e-06
-2.825106e-07
2.294785e-07
-2.01269e-06
-2.858716e-07
2.388494e-07
-1.999813e-06
-3.101043e-07
2.422802e-07
-1.939276e-06
-3.503274e-07
2.388191e-07
-1.823284e-06
-4.022733e-07
2.23627e-07
-1.64355e-06
-4.608854e-07
1.925429e-07
-1.392785e-06
-5.190099e-07
1.4341e-07
-1.064748e-06
-5.65966e-07
7.743308e-08
-6.719743e-07
-5.835944e-07
1.540378e-08
-1.776697e-07
-5.498877e-07
-8.945088e-08
3.39204e-07
-5.385084e-07
-1.011506e-07
7.653098e-07
-5.811382e-07
1.048624e-08
1.118106e-06
-5.708194e-07
6.984017e-08
1.390928e-06
-5.313002e-07
1.304021e-07
1.591351e-06
-4.776758e-07
1.74383e-07
1.727293e-06
-4.212269e-07
2.032726e-07
1.807318e-06
-3.698039e-07
2.18508e-07
1.838909e-06
-3.290506e-07
2.232389e-07
1.826051e-06
-3.035182e-07
2.209763e-07
1.765797e-06
-2.979876e-07
2.124241e-07
1.642325e-06
-3.212736e-07
1.956221e-07
1.410639e-06
-3.999403e-07
1.667493e-07
1.014226e-06
-5.799976e-07
1.140699e-07
4.766127e-07
-9.049612e-07
3.1779e-08
-1.228991e-06
-6.410327e-08
-1.129748e-06
-1.892951e-07
-1.920136e-06
-1.515427e-07
-2.372157e-06
-1.338339e-07
-2.621731e-06
-1.426175e-07
-2.758082e-06
-1.71939e-07
-2.823098e-06
-2.174965e-07
-2.829532e-06
-2.794376e-07
-2.780802e-06
-3.58836e-07
-2.673085e-06
-4.580455e-07
-2.496072e-06
-5.792871e-07
-2.233788e-06
-7.231677e-07
-1.867821e-06
-8.849751e-07
-1.389731e-06
-1.04405e-06
-8.432885e-07
-1.130028e-06
-1.654893e-07
-1.227676e-06
5.492956e-07
-1.253281e-06
1.128117e-06
-1.159952e-06
1.639649e-06
-1.082346e-06
2.028003e-06
-9.196532e-07
2.304411e-06
-7.54084e-07
2.490409e-06
-6.072275e-07
2.604118e-06
-4.835146e-07
2.657163e-06
-3.820977e-07
2.654216e-06
-3.00572e-07
2.592803e-06
-2.365749e-07
2.460616e-06
-1.89087e-07
2.218405e-06
-1.577296e-07
1.784813e-06
-1.464066e-07
1.040165e-06
-1.603131e-07
-1.888261e-07
1.060465e-06
-1.062861e-06
8.885825e-08
1.823125e-06
-7.489165e-07
1.086313e-07
2.212694e-06
-3.637227e-07
9.809393e-08
2.324328e-06
-8.158662e-08
7.695944e-08
2.270721e-06
8.160881e-08
5.842373e-08
2.144139e-06
1.487172e-07
4.620311e-08
1.99934e-06
1.582639e-07
3.94561e-08
1.861015e-06
1.403782e-07
3.801699e-08
1.735655e-06
1.123969e-07
4.327875e-08
1.618993e-06
8.266564e-08
5.895514e-08
1.499953e-06
5.351298e-08
9.132016e-08
1.357111e-06
2.582416e-08
1.528167e-07
1.155868e-06
2.086629e-09
2.552378e-07
8.34307e-07
5.302072e-09
4.032002e-07
3.445994e-07
6.661649e-08
5.209681e-07
-2.705876e-07
1.59674e-07
5.447731e-07
-7.440775e-07
1.275021e-07
4.092625e-07
-1.042133e-06
7.495817e-08
2.708403e-07
-1.241965e-06
6.869102e-08
1.615705e-07
-1.396067e-06
7.809861e-08
9.871908e-08
-1.534614e-06
9.53366e-08
6.621631e-08
-1.673695e-06
1.164744e-07
5.214135e-08
-1.82039e-06
1.376618e-07
4.97927e-08
-1.970044e-06
1.499429e-07
5.521169e-08
-2.099344e-06
1.357632e-07
6.665037e-08
-2.155645e-06
6.612557e-08
8.363598e-08
-2.051832e-06
-9.418579e-08
1.059342e-07
-1.68406e-06
-3.636911e-07
1.281753e-07
-9.696786e-07
-7.21778e-07
1.368249e-07
-9.884735e-07
1.115959e-07
6.898795e-07
-1.786168e-06
7.134469e-08
1.24618e-06
-1.323416e-06
1.224873e-07
1.581802e-06
-7.036059e-07
1.381519e-07
1.761213e-06
-2.566357e-07
1.297877e-07
1.833655e-06
1.569558e-08
1.138481e-07
1.84895e-06
1.328002e-07
1.070388e-07
1.842507e-06
1.550058e-07
1.076056e-07
1.815849e-06
1.465001e-07
1.158076e-07
1.758045e-06
1.35756e-07
1.33415e-07
1.653417e-06
1.337316e-07
1.628843e-07
1.485309e-06
1.41248e-07
2.051278e-07
1.236514e-06
1.555871e-07
2.613544e-07
9.025858e-07
1.712915e-07
3.16382e-07
4.790402e-07
2.093986e-07
3.688114e-07
1.016915e-08
3.019705e-07
3.369899e-07
-4.17769e-07
3.67522e-07
2.973354e-07
-7.741589e-07
2.871425e-07
3.065731e-07
-1.075769e-06
2.214163e-07
2.863905e-07
-1.313604e-06
1.919251e-07
2.478133e-07
-1.484667e-06
1.701768e-07
2.026489e-07
-1.599012e-06
1.560513e-07
1.661406e-07
-1.669195e-06
1.512152e-07
1.39881e-07
-1.708191e-06
1.54239e-07
1.243504e-07
-1.725422e-06
1.546109e-07
1.179738e-07
-1.718358e-06
1.240524e-07
1.193604e-07
-1.651091e-06
4.46931e-10
1.279721e-07
-1.478704e-06
-2.684633e-07
1.439983e-07
-1.160477e-06
-6.931343e-07
1.499032e-07
-6.386067e-07
-1.267608e-06
1.308945e-07
-1.662551e-06
7.862474e-08
6.309866e-08
-1.915597e-06
6.378664e-08
6.243034e-08
-1.378189e-06
1.494752e-07
6.326606e-08
-7.540722e-07
2.167274e-07
1.076231e-07
-3.473972e-07
2.535031e-07
2.056336e-07
-1.253734e-07
2.600222e-07
3.058521e-07
-1.580787e-08
2.528696e-07
3.510113e-07
4.341905e-08
2.652533e-07
3.451415e-07
6.883918e-08
2.970517e-07
2.939864e-07
8.309719e-08
3.451295e-07
2.037981e-07
9.208222e-08
4.069168e-07
8.127079e-08
9.523549e-08
4.754038e-07
-6.061658e-08
8.865805e-08
5.386326e-07
-1.714189e-07
8.015616e-08
5.258193e-07
-2.313087e-07
1.284464e-07
4.311305e-07
-2.230384e-07
2.766791e-07
2.385184e-07
-1.824535e-07
3.360222e-07
1.895936e-07
-1.602125e-07
1.789632e-07
3.373006e-07
-1.933264e-07
9.717112e-08
4.492294e-07
-2.59906e-07
8.52841e-08
4.759988e-07
-3.204411e-07
8.540718e-08
4.33155e-07
-3.627627e-07
8.227728e-08
3.797225e-07
-3.781027e-07
7.418417e-08
3.29428e-07
-3.587484e-07
6.031644e-08
2.894064e-07
-2.967598e-07
3.36379e-08
2.626939e-07
-1.9089e-07
-2.537043e-08
2.536367e-07
-9.949962e-08
-1.329167e-07
2.610098e-07
-6.301666e-08
-3.508199e-07
2.509262e-07
-6.468492e-08
-7.384763e-07
2.100398e-07
-6.48247e-08
-1.318545e-06
1.406128e-07
-1.786848e-06
5.880286e-08
-6.990049e-07
-1.320604e-06
4.091242e-08
-1.313601e-06
-8.511665e-07
1.297885e-07
-1.682603e-06
-4.7456e-07
2.171233e-07
-1.85296e-06
-2.757938e-07
2.807835e-07
-1.904818e-06
-1.820629e-07
3.204384e-07
-1.89517e-06
-1.406692e-07
3.446909e-07
-1.85346e-06
-1.204351e-07
3.609913e-07
-1.797803e-06
-1.146119e-07
3.700719e-07
-1.72617e-06
-1.1804e-07
3.683204e-07
-1.628274e-06
-1.244496e-07
3.422601e-07
-1.488873e-06
-1.271143e-07
2.754905e-07
-1.287278e-06
-1.18366e-07
1.488421e-07
-9.878504e-07
-8.827653e-08
-5.354932e-08
-6.346305e-07
2.768431e-10
-2.096264e-07
-2.28975e-07
2.101921e-07
-4.285943e-07
1.929073e-07
2.745736e-07
-4.61557e-07
5.973352e-07
3.962497e-08
-2.545813e-07
9.360482e-07
-7.218e-08
-9.951012e-08
1.177664e-06
-1.209689e-07
9.504283e-08
1.35362e-06
-1.376791e-07
2.2151e-07
1.485301e-06
-1.383685e-07
2.92233e-07
1.587237e-06
-1.332395e-07
3.239899e-07
1.668799e-06
-1.29986e-07
3.319754e-07
1.730549e-06
-1.347093e-07
3.275705e-07
1.755603e-06
-1.527797e-07
3.147775e-07
1.716984e-06
-1.916441e-07
2.92968e-07
1.559796e-06
-2.81505e-07
2.546223e-07
1.21312e-06
-4.70098e-07
1.923668e-07
6.391634e-07
-8.203222e-07
1.075123e-07
-1.237572e-06
2.578351e-08
-1.437307e-06
-7.259253e-08
-2.337947e-06
-1.020691e-07
-2.811352e-06
-1.349883e-07
-3.047983e-06
-1.817808e-07
-3.158604e-06
-2.433811e-07
-3.195238e-06
-3.215321e-07
-3.175905e-06
-4.192068e-07
-3.108678e-06
-5.406765e-07
-2.991641e-06
-6.931244e-07
-2.813434e-06
-8.819454e-07
-2.552072e-06
-1.111644e-06
-2.177021e-06
-1.378391e-06
-1.67033e-06
-1.639012e-06
-1.077429e-06
-1.722644e-06
-2.015823e-07
-1.893319e-06
7.528683e-07
-1.933148e-06
1.419224e-06
-1.786676e-06
1.969295e-06
-1.704593e-06
2.365522e-06
-1.436849e-06
2.63772e-06
-1.163961e-06
2.821303e-06
-9.291822e-07
2.94045e-06
-7.359034e-07
3.0078e-06
-5.79435e-07
3.026062e-06
-4.53545e-07
2.988531e-06
-3.518242e-07
2.878436e-06
-2.706367e-07
2.646269e-06
-2.070677e-07
2.188881e-06
-1.59117e-07
1.333758e-06
-1.255128e-07
-9.264002e-08
1.049649e-06
-9.823804e-07
2.158922e-08
1.808532e-06
-6.714827e-07
2.123042e-08
2.208523e-06
-3.107968e-07
8.899844e-09
2.344196e-06
-5.52448e-08
-3.469287e-09
2.32329e-06
8.829274e-08
-8.964439e-09
2.231752e-06
1.444101e-07
-6.670135e-09
2.120694e-06
1.485418e-07
1.968948e-09
2.01476e-06
1.267073e-07
1.723883e-08
1.923159e-06
9.319811e-08
4.167616e-08
1.846229e-06
5.410168e-08
8.177537e-08
1.778901e-06
9.939525e-09
1.48702e-07
1.697851e-06
-3.272043e-08
2.665871e-07
1.548882e-06
-4.761314e-08
4.518281e-07
1.184165e-06
8.121206e-08
6.867246e-07
4.452656e-07
3.433283e-07
9.165658e-07
-5.152927e-07
5.23669e-07
9.816876e-07
-1.110075e-06
2.597684e-07
7.442952e-07
-1.380977e-06
2.729766e-08
5.144486e-07
-1.52179e-06
-8.750306e-10
3.032543e-07
-1.62112e-06
2.381783e-08
1.742206e-07
-1.716257e-06
5.876609e-08
1.025748e-07
-1.81824e-06
9.189832e-08
6.221774e-08
-1.929737e-06
1.209485e-07
4.033333e-08
-2.04357e-06
1.395234e-07
2.951797e-08
-2.137063e-06
1.33622e-07
2.651953e-08
-2.162019e-06
7.841692e-08
3.01748e-08
-2.037372e-06
-5.917603e-08
4.046334e-08
-1.663205e-06
-3.008171e-07
5.482554e-08
-9.564809e-07
-6.350336e-07
6.513316e-08
-9.018033e-07
5.691779e-08
7.163309e-07
-1.694557e-06
6.718983e-08
1.307368e-06
-1.23091e-06
9.087673e-08
1.680868e-06
-6.394069e-07
9.326224e-08
1.89735e-06
-2.263989e-07
8.44594e-08
2.004927e-06
1.885914e-08
7.570439e-08
2.054029e-06
1.242109e-07
7.813358e-08
2.08122e-06
1.410309e-07
8.792284e-08
2.091952e-06
1.265135e-07
1.052653e-07
2.077734e-06
1.087107e-07
1.321139e-07
2.022276e-06
1.008786e-07
1.715597e-07
1.904844e-06
1.095579e-07
2.229359e-07
1.699325e-06
1.449411e-07
2.892129e-07
1.405091e-06
2.436394e-07
3.193738e-07
9.1254e-07
5.196746e-07
4.229215e-07
1.636248e-07
9.577246e-07
4.715359e-07
-6.266936e-07
1.140408e-06
4.709399e-07
-1.164155e-06
6.991911e-07
4.046291e-07
-1.492279e-06
3.187211e-07
3.230993e-07
-1.715837e-06
1.798687e-07
2.906251e-07
-1.848209e-06
1.31644e-07
2.271869e-07
-1.918439e-06
1.179629e-07
1.771638e-07
-1.946326e-06
1.210063e-07
1.386518e-07
-1.947366e-06
1.335315e-07
1.128011e-07
-1.929731e-06
1.428682e-07
9.699005e-08
-1.887993e-06
1.218383e-07
8.940475e-08
-1.78671e-06
1.574672e-08
8.935833e-08
-1.578775e-06
-2.223277e-07
9.921576e-08
-1.222424e-06
-6.137707e-07
1.06505e-07
-6.653245e-07
-1.162167e-06
1.009281e-07
-1.562465e-06
7.396142e-08
1.228845e-07
-1.8546e-06
1.009448e-07
2.004188e-07
-1.311374e-06
1.524052e-07
2.740664e-07
-6.937308e-07
1.974041e-07
3.754093e-07
-2.991807e-07
2.249418e-07
5.036903e-07
-8.198081e-08
2.325799e-07
6.185145e-07
2.511113e-08
2.371428e-07
6.891306e-07
7.427256e-08
2.613918e-07
7.189966e-07
9.295062e-08
3.007429e-07
7.091988e-07
1.078935e-07
3.557375e-07
6.59698e-07
1.305521e-07
4.267364e-07
5.66785e-07
1.762245e-07
5.016462e-07
4.267123e-07
2.69816e-07
5.538323e-07
3.194313e-07
4.782665e-07
3.98488e-07
1.639695e-07
8.341716e-07
2.72118e-07
-9.700318e-08
1.339198e-06
1.180444e-07
-3.734441e-07
1.504727e-06
1.0174e-07
-5.204633e-07
9.885104e-07
1.950209e-07
-6.035009e-07
5.320107e-07
3.18988e-07
-6.981043e-07
2.724696e-07
4.780017e-07
-7.474242e-07
1.648219e-07
4.492902e-07
-7.622687e-07
1.210131e-07
3.915066e-07
-7.468922e-07
1.021524e-07
3.328961e-07
-7.004517e-07
9.021227e-08
2.862773e-07
-6.209952e-07
7.346037e-08
2.526408e-07
-5.045315e-07
2.619193e-08
2.328167e-07
-3.788284e-07
-7.858153e-08
2.296343e-07
-2.793076e-07
-2.904774e-07
2.195548e-07
-2.048664e-07
-6.6656e-07
1.883876e-07
-1.252692e-07
-1.242175e-06
1.410227e-07
-1.72005e-06
9.111801e-08
-6.140657e-07
-1.312541e-06
1.129199e-07
-1.14418e-06
-8.174175e-07
1.65947e-07
-1.435832e-06
-4.18065e-07
2.3311e-07
-1.539573e-06
-2.028942e-07
2.88238e-07
-1.529417e-06
-9.395818e-08
3.22259e-07
-1.466862e-06
-3.554942e-08
3.427945e-07
-1.394523e-06
3.06086e-09
3.598602e-07
-1.329763e-06
2.892808e-08
3.693304e-07
-1.266411e-06
5.07243e-08
3.621321e-07
-1.195736e-06
8.317031e-08
3.189613e-07
-1.101841e-06
1.470829e-07
2.107336e-07
-9.61946e-07
2.693312e-07
9.434734e-09
-6.962077e-07
4.879449e-07
-3.28953e-07
-4.27057e-07
7.639237e-07
-4.08511e-07
-1.470393e-07
1.213088e-06
-5.824809e-07
1.24293e-07
1.370462e-06
-5.986027e-07
4.297297e-07
8.96392e-07
-4.678804e-07
7.010567e-07
5.501398e-07
-3.889552e-07
8.474046e-07
2.870492e-07
-6.58827e-08
9.570123e-07
1.428838e-07
1.338347e-07
1.046293e-06
7.31973e-08
2.507606e-07
1.12864e-06
3.931782e-08
3.044696e-07
1.212891e-06
1.690119e-08
3.210296e-07
1.303856e-06
-8.447338e-09
3.185093e-07
1.382212e-06
-4.506961e-08
3.076815e-07
1.405964e-06
-1.006821e-07
2.913155e-07
1.316518e-06
-2.05244e-07
2.588341e-07
1.047673e-06
-4.100793e-07
2.047313e-07
5.570964e-07
-7.832753e-07
1.391883e-07
-1.22795e-06
9.078009e-08
-1.421777e-06
3.664336e-08
-2.318611e-06
-2.265182e-08
-2.791495e-06
-8.016995e-08
-3.035083e-06
-1.410863e-07
-3.161634e-06
-2.107895e-07
-3.225131e-06
-2.935849e-07
-3.245679e-06
-3.955999e-07
-3.234333e-06
-5.230959e-07
-3.191798e-06
-6.849379e-07
-3.100315e-06
-8.902599e-07
-2.916725e-06
-1.148152e-06
-2.570552e-06
-1.455229e-06
-1.992277e-06
-1.729337e-06
-1.352323e-06
-1.598665e-06
-2.47011e-07
-1.78553e-06
1.013924e-06
-1.823611e-06
1.801081e-06
-1.677432e-06
2.440088e-06
-1.793457e-06
2.807385e-06
-1.517096e-06
2.993804e-06
-1.207498e-06
3.082312e-06
-9.444962e-07
3.119285e-06
-7.335606e-07
3.122782e-06
-5.66033e-07
3.093256e-06
-4.324682e-07
3.02189e-06
-3.255288e-07
2.889996e-06
-2.394244e-07
2.646018e-06
-1.683345e-07
2.184556e-06
-1.077339e-07
1.327959e-06
-5.219131e-08
7.368491e-09
1.043833e-06
-1.000611e-06
-2.163392e-08
1.805802e-06
-7.119182e-07
-2.882102e-08
2.217e-06
-3.662121e-07
-3.608688e-08
2.370947e-06
-1.179492e-07
-3.946828e-08
2.370159e-06
2.877967e-08
-3.695749e-08
2.298586e-06
9.4146e-08
-2.924586e-08
2.210837e-06
1.079975e-07
-1.828349e-08
2.138187e-06
9.386276e-08
-3.980007e-09
2.101226e-06
6.343656e-08
1.519351e-08
2.1185e-06
2.0623e-08
4.386842e-08
2.210444e-06
-3.256236e-08
8.93143e-08
2.349245e-06
-4.955981e-08
1.773446e-07
2.319139e-06
1.921145e-07
2.898266e-07
1.788527e-06
1.217354e-06
4.816691e-07
2.22344e-06
-1.101653e-06
2.56503e-06
-1.896376e-06
1.539026e-06
-2.058265e-06
2.867043e-07
3.896392e-07
-1.970926e-06
-2.594648e-08
2.418558e-07
-1.900408e-06
-2.60706e-08
1.297611e-07
-1.8934e-06
2.293033e-08
7.262441e-08
-1.934559e-06
6.420715e-08
3.915801e-08
-2.007702e-06
9.417544e-08
1.929379e-08
-2.094287e-06
1.093166e-07
6.781229e-09
-2.1656e-06
9.872392e-08
-8.928042e-10
-2.171134e-06
4.043418e-08
-4.726403e-09
-2.031717e-06
-9.475767e-08
-4.196623e-09
-1.650924e-06
-3.263753e-07
4.078856e-10
-9.462008e-07
-6.458058e-07
6.214129e-09
-8.964917e-07
7.207754e-09
7.354364e-07
-1.704507e-06
3.564899e-08
1.337542e-06
-1.266917e-06
4.377049e-08
1.718396e-06
-6.957974e-07
4.199282e-08
1.943481e-06
-2.952561e-07
3.668042e-08
2.070728e-06
-5.686144e-08
3.409688e-08
2.147456e-06
5.67094e-08
3.883973e-08
2.205407e-06
9.050893e-08
4.745719e-08
2.256716e-06
8.882169e-08
5.899157e-08
2.299574e-06
7.879041e-08
7.389506e-08
2.322699e-06
7.739229e-08
9.165815e-08
2.307151e-06
1.050531e-07
1.008642e-07
2.196519e-06
2.44018e-07
1.062675e-07
1.886785e-06
8.191551e-07
2.07607e-09
1.265998e-06
2.261076e-06
2.974871e-07
3.663501e-06
-7.514437e-07
4.084914e-06
-1.506404e-06
2.698625e-06
-1.927045e-06
9.500346e-07
8.041617e-08
-2.102038e-06
2.896076e-07
1.500621e-07
-2.152741e-06
1.270106e-07
1.248e-07
-2.152586e-06
9.362275e-08
1.063057e-07
-2.126264e-06
9.230419e-08
8.422369e-08
-2.087234e-06
1.004653e-07
6.747416e-08
-2.038438e-06
1.018332e-07
5.567383e-08
-1.96915e-06
7.043905e-08
4.839973e-08
-1.846787e-06
-3.748003e-08
4.490861e-08
-1.626289e-06
-2.636371e-07
4.759729e-08
-1.258058e-06
-6.397881e-07
5.16856e-08
-6.859635e-07
-1.168147e-06
5.117357e-08
-1.549134e-06
4.063949e-08
1.872584e-07
-1.863303e-06
7.248312e-08
3.16181e-07
-1.340315e-06
9.68806e-08
4.226949e-07
-7.237433e-07
1.188357e-07
5.404516e-07
-3.220134e-07
1.339417e-07
6.747611e-07
-9.825352e-08
1.396605e-07
8.056865e-07
1.514652e-08
1.477771e-07
9.177576e-07
7.108012e-08
1.687447e-07
1.010746e-06
9.912684e-08
1.974427e-07
1.083051e-06
1.278198e-07
2.343953e-07
1.125999e-06
1.822512e-07
2.789227e-07
1.109314e-06
3.169241e-07
3.064559e-07
9.737529e-07
6.498767e-07
2.835384e-07
7.631331e-07
1.462763e-06
-3.448936e-08
5.222773e-07
2.774063e-06
1.313894e-07
4.172447e-06
-2.896918e-07
4.607749e-06
-6.080783e-07
3.212044e-06
-9.263377e-07
1.594181e-06
-6.89027e-09
-1.121188e-06
6.954098e-07
2.670512e-07
-1.153806e-06
3.268273e-07
2.82084e-07
-1.111727e-06
1.839978e-07
2.59043e-07
-1.037369e-06
1.303894e-07
2.204423e-07
-9.432867e-07
1.044342e-07
1.882185e-07
-8.314161e-07
7.930164e-08
1.632965e-07
-7.009373e-07
2.734574e-08
1.454289e-07
-5.647931e-07
-8.126897e-08
1.372783e-07
-4.413217e-07
-2.969484e-07
1.293944e-07
-3.269602e-07
-6.774457e-07
1.116832e-07
-1.907829e-07
-1.251231e-06
8.792922e-08
-1.713235e-06
6.443596e-08
-5.059491e-07
-1.33856e-06
9.412582e-08
-9.576581e-07
-8.431264e-07
1.204675e-07
-1.187535e-06
-4.206246e-07
1.598681e-07
-1.23876e-06
-1.780332e-07
1.954826e-07
-1.188197e-06
-4.349924e-08
2.169403e-07
-1.093008e-06
3.355612e-08
2.291929e-07
-9.883298e-07
8.349891e-08
2.427594e-07
-8.970423e-07
1.245639e-07
2.526e-07
-8.30285e-07
1.735822e-07
2.496056e-07
-8.031451e-07
2.570008e-07
2.170653e-07
-8.232953e-07
4.257409e-07
1.220646e-07
-8.655876e-07
7.437875e-07
-4.21768e-08
-6.944321e-07
1.357721e-06
-3.950557e-07
-4.447552e-07
2.115888e-06
-2.980947e-08
3.175035e-06
4.280684e-07
3.551282e-06
7.299748e-07
2.442269e-06
8.462176e-07
1.471776e-06
-3.827849e-07
7.526925e-07
7.922211e-07
-6.916673e-08
6.94806e-07
4.404613e-07
7.808154e-08
6.993679e-07
2.592877e-07
1.708997e-07
7.541864e-07
1.715814e-07
2.084494e-07
8.407831e-07
1.212979e-07
2.17562e-07
9.452079e-07
7.985561e-08
2.135257e-07
1.04663e-06
2.957322e-08
2.040296e-07
1.108536e-06
-4.590521e-08
1.940449e-07
1.071593e-06
-1.749197e-07
1.737483e-07
8.653809e-07
-4.051117e-07
1.386089e-07
4.531097e-07
-7.999184e-07
1.001471e-07
-1.246273e-06
7.692819e-08
-1.366331e-06
6.44146e-08
-2.251325e-06
1.921586e-08
-2.727523e-06
-2.45962e-08
-2.978592e-06
-6.805042e-08
-3.117131e-06
-1.157503e-07
-3.205957e-06
-1.712043e-07
-3.278351e-06
-2.397082e-07
-3.350171e-06
-3.267151e-07
-3.422763e-06
-4.387651e-07
-3.471808e-06
-5.842168e-07
-3.413758e-06
-7.804595e-07
-3.08967e-06
-1.035528e-06
-2.221199e-06
-1.24008e-06
-1.703967e-06
-3.144527e-07
1.413228e-06
2.178068e-06
3.089313e-06
-1.232922e-06
3.415925e-06
-1.051486e-06
3.456874e-06
-8.079884e-07
3.386135e-06
-6.144721e-07
3.292084e-06
-4.679305e-07
3.20061e-06
-3.532637e-07
3.11102e-06
-2.630237e-07
3.006842e-06
-1.917789e-07
2.856013e-06
-1.345002e-07
2.599249e-06
-8.649028e-08
2.130562e-06
-4.415924e-08
1.281058e-06
-2.605139e-09
4.215302e-08
1.034039e-06
-1.060869e-06
5.19573e-09
1.800343e-06
-8.010139e-07
5.887727e-09
2.221225e-06
-4.629686e-07
5.998931e-09
2.387648e-06
-2.116051e-07
5.712261e-09
2.398778e-06
-5.323139e-08
5.141193e-09
2.336184e-06
2.889663e-08
4.447817e-09
2.256541e-06
5.756102e-08
3.794121e-09
2.196135e-06
5.318463e-08
3.235206e-09
2.183312e-06
2.519936e-08
2.810547e-09
2.246762e-06
-2.211057e-08
2.52168e-09
2.390806e-06
-5.717195e-08
2.438698e-09
2.270195e-06
2.952277e-07
2.724456e-09
2.556984e-06
3.036459e-09
-2.170018e-06
2.548462e-06
1.119956e-08
-2.253773e-06
3.139857e-07
1.161972e-08
-2.084552e-06
-5.039069e-08
1.092118e-08
-2.003592e-06
-1.908838e-08
1.074061e-08
-2.004235e-06
2.895066e-08
1.084031e-08
-2.055253e-06
5.917874e-08
1.112573e-08
-2.127634e-06
6.765464e-08
1.150297e-08
-2.187162e-06
4.674668e-08
1.188682e-08
-2.180437e-06
-2.3546e-08
1.20932e-08
-2.029167e-06
-1.673221e-07
1.185458e-08
-1.640828e-06
-3.990782e-07
1.114657e-08
-9.348598e-07
-7.097519e-07
9.995885e-09
-9.358668e-07
8.213597e-09
7.285383e-07
-1.754888e-06
1.128875e-09
1.323869e-06
-1.353626e-06
1.051679e-09
1.697396e-06
-7.957996e-07
1.296465e-09
1.916726e-06
-3.957128e-07
1.456755e-09
2.050866e-06
-1.546224e-07
1.345199e-09
2.145381e-06
-2.789372e-08
1.112173e-09
2.221544e-06
2.788491e-08
9.657286e-10
2.28726e-06
4.550221e-08
9.523688e-10
2.333871e-06
5.148307e-08
9.943771e-10
2.327068e-06
7.524425e-08
1.102191e-09
2.161083e-06
2.083631e-07
1.312489e-09
1.578187e-06
9.825277e-07
1.862828e-09
4.134831e-06
2.415326e-09
-1.510415e-06
4.132374e-06
6.923938e-09
-2.065035e-06
1.01341e-06
5.25665e-09
-2.223293e-06
2.282109e-07
4.448464e-09
-2.232162e-06
9.155409e-08
4.523417e-09
-2.191495e-06
6.78505e-08
4.647789e-09
-2.132848e-06
6.33261e-08
4.67399e-09
-2.063595e-06
4.951928e-08
4.551548e-09
-1.972333e-06
-3.851794e-10
4.267941e-09
-1.836816e-06
-1.179157e-07
3.760907e-09
-1.617401e-06
-3.420968e-07
2.956165e-09
-1.252236e-06
-7.143899e-07
1.830792e-09
-6.829637e-07
-1.22871e-06
8.581937e-10
-1.579051e-06
8.593192e-10
2.138092e-07
-1.894987e-06
-1.22766e-09
3.623939e-07
-1.403288e-06
-2.042546e-09
4.785748e-07
-7.910958e-07
-2.049731e-09
5.994969e-07
-3.808025e-07
-1.891997e-09
7.342194e-07
-1.477784e-07
-1.908657e-09
8.742323e-07
-1.804227e-08
-2.091313e-09
1.01765e-06
5.539663e-08
-2.190038e-09
1.160484e-06
1.022121e-07
-2.106924e-09
1.291596e-06
1.567236e-07
-1.962287e-09
1.3768e-06
2.706824e-07
-1.724201e-09
1.271181e-06
6.216018e-07
-1.163471e-09
8.102305e-07
1.726688e-06
3.320795e-10
4.908704e-06
1.869085e-09
-7.899055e-07
4.911928e-06
3.467056e-09
-1.265405e-06
1.756332e-06
-3.709667e-10
-1.394781e-06
6.424794e-07
-2.81294e-09
-1.324569e-06
2.835825e-07
-3.205729e-09
-1.203173e-06
1.700335e-07
-3.146056e-09
-1.066782e-06
1.181684e-07
-3.023188e-09
-9.256392e-07
7.460803e-08
-2.940032e-09
-7.839695e-07
6.298765e-09
-2.927232e-09
-6.422962e-07
-1.190432e-07
-3.268613e-09
-5.099805e-07
-3.409299e-07
-4.088821e-09
-3.804941e-07
-7.272803e-07
-4.913251e-09
-2.201452e-07
-1.295866e-06
-5.263465e-09
-1.730917e-06
-3.843734e-09
-4.329325e-07
-1.365164e-06
-2.764528e-09
-8.310576e-07
-8.805538e-07
-4.141763e-09
-1.013852e-06
-4.434723e-07
-4.961518e-09
-1.017627e-06
-1.760055e-07
-5.540628e-09
-9.290865e-07
-1.36682e-08
-5.712133e-09
-7.964122e-07
8.383997e-08
-5.367168e-09
-6.401934e-07
1.468322e-07
-4.90021e-09
-4.916466e-07
2.105781e-07
-4.318632e-09
-3.812986e-07
2.993791e-07
-3.402936e-09
-3.600857e-07
4.686848e-07
-2.152946e-09
-4.78721e-07
8.630169e-07
-7.107598e-10
-5.506335e-07
1.755849e-06
5.785874e-10
3.961767e-06
1.249736e-09
5.647338e-07
3.963515e-06
9.010148e-10
4.779071e-07
1.775579e-06
-1.583233e-09
3.226862e-07
8.792982e-07
-3.519976e-09
3.054768e-07
4.76467e-07
-4.785221e-09
3.872815e-07
3.022945e-07
-5.62695e-09
5.17786e-07
2.113457e-07
-6.127879e-09
6.661982e-07
1.461056e-07
-6.389456e-09
7.997294e-07
8.328126e-08
-6.486417e-09
8.935531e-07
-1.214794e-08
-6.674781e-09
9.014332e-07
-1.678351e-07
-7.226626e-09
7.413568e-07
-4.208456e-07
-7.748856e-09
3.823384e-07
-8.287053e-07
-7.995712e-09
-1.265158e-06
-6.492475e-09
-1.297203e-06
-3.546086e-09
-2.154493e-06
-4.047619e-09
-2.618628e-06
-3.93368e-09
-2.858994e-06
-3.690961e-09
-2.985038e-06
-3.374841e-09
-3.069322e-06
-3.081981e-09
-3.15951e-06
-2.689412e-09
-3.27342e-06
-2.229425e-09
-3.411082e-06
-1.725548e-09
-3.525414e-06
-1.199205e-09
-3.442179e-06
-6.769056e-10
-2.721623e-06
-2.31736e-10
6.419603e-11
2.73474e-06
-4.141409e-09
3.463243e-06
-4.409822e-09
3.53888e-06
-4.328242e-09
3.405126e-06
-4.253705e-09
3.243694e-06
-4.207244e-09
3.105963e-06
-4.188612e-09
2.993256e-06
-4.213157e-09
2.889112e-06
-4.353517e-09
2.747223e-06
-4.760161e-09
2.498313e-06
-5.414976e-09
2.039637e-06
-6.328685e-09
1.215712e-06
-7.384863e-09
-7.293096e-09
1.033958e-06
-1.056531e-06
2.776796e-08
1.799664e-06
-7.961205e-07
3.630119e-08
2.219832e-06
-4.584245e-07
4.425385e-08
2.385612e-06
-2.077905e-07
4.7721e-08
2.396382e-06
-5.040349e-08
4.477241e-08
2.333817e-06
3.058982e-08
3.641868e-08
2.254479e-06
5.833322e-08
2.479406e-08
2.194516e-06
5.327771e-08
9.914671e-09
2.182275e-06
2.472175e-08
-9.67741e-09
2.246495e-06
-2.312995e-08
-3.857415e-08
2.39164e-06
-5.869256e-08
-8.401985e-08
2.271879e-06
2.941848e-07
-1.717022e-07
2.558667e-06
-2.837523e-07
-2.174085e-06
2.560937e-06
-3.756507e-07
-2.256558e-06
3.198817e-07
-2.257941e-07
-2.084845e-06
-4.776816e-08
-1.130335e-07
-2.001901e-06
-1.715415e-08
-5.506156e-08
-2.00111e-06
3.066271e-08
-2.062225e-08
-2.051146e-06
6.08672e-08
2.866309e-10
-2.123068e-06
6.953139e-08
1.389029e-08
-2.182675e-06
4.895478e-08
2.253602e-08
-2.176534e-06
-2.095456e-08
2.690621e-08
-2.026231e-06
-1.644917e-07
2.604317e-08
-1.638987e-06
-3.961417e-07
2.004321e-08
-9.341505e-07
-7.067849e-07
1.194249e-08
-9.333155e-07
7.377631e-09
7.300004e-07
-1.750432e-06
-3.497132e-08
1.326425e-06
-1.348267e-06
-4.322764e-08
1.70062e-06
-7.904868e-07
-4.083729e-08
1.920208e-06
-3.910051e-07
-3.491813e-08
2.054309e-06
-1.510569e-07
-3.210566e-08
2.14852e-06
-2.56755e-08
-3.683714e-08
2.224206e-06
2.891326e-08
-4.530376e-08
2.289539e-06
4.557016e-08
-5.667835e-08
2.335785e-06
5.083911e-08
-7.137452e-08
2.328584e-06
7.402271e-08
-8.885423e-08
2.162077e-06
2.067318e-07
-9.76081e-08
1.578697e-06
9.81645e-07
-1.022183e-07
4.136726e-06
3.053319e-09
-1.508899e-06
4.146938e-06
-7.017539e-08
-2.062883e-06
1.021136e-06
-1.42016e-07
-2.221191e-06
2.324929e-07
-1.175122e-07
-2.230024e-06
9.503322e-08
-9.88404e-08
-2.189236e-06
7.098379e-08
-7.646874e-08
-2.130518e-06
6.637189e-08
-5.955503e-08
-2.061373e-06
5.276357e-08
-4.783051e-08
-1.970529e-06
3.325137e-09
-4.094845e-08
-1.835469e-06
-1.140963e-07
-3.815811e-08
-1.616249e-06
-3.385553e-07
-4.219982e-08
-1.25145e-06
-7.10941e-07
-4.817046e-08
-6.826658e-07
-1.2253e-06
-4.941126e-08
-1.576182e-06
-3.894037e-08
2.155755e-07
-1.892018e-06
-7.521769e-08
3.658962e-07
-1.399494e-06
-1.011367e-07
4.833897e-07
-7.868428e-07
-1.231882e-07
6.049428e-07
-3.766386e-07
-1.378133e-07
7.395877e-07
-1.443443e-07
-1.432694e-07
8.787381e-07
-1.551805e-08
-1.514032e-07
1.020781e-06
5.690135e-08
-1.722264e-07
1.162077e-06
1.029476e-07
-2.007859e-07
1.291686e-06
1.569214e-07
-2.376591e-07
1.375609e-06
2.704668e-07
-2.820951e-07
1.26918e-06
6.211865e-07
-3.091893e-07
8.08729e-07
1.726879e-06
-2.844499e-07
4.910536e-06
3.678957e-08
-7.882125e-07
4.925663e-06
1.295937e-08
-1.264669e-06
1.763881e-06
-2.666586e-07
-1.395879e-06
6.460535e-07
-2.851675e-07
-1.326602e-06
2.856858e-07
-2.631444e-07
-1.205429e-06
1.714295e-07
-2.247737e-07
-1.068712e-06
1.192036e-07
-1.925801e-07
-9.266938e-07
7.546442e-08
-1.676639e-07
-7.835403e-07
7.048554e-09
-1.49807e-07
-6.407456e-07
-1.180529e-07
-1.421074e-07
-5.081478e-07
-3.397094e-07
-1.355331e-07
-3.790078e-07
-7.254574e-07
-1.195372e-07
-2.194542e-07
-1.29347e-06
-9.664828e-08
-1.728774e-06
-7.070619e-08
-4.321501e-07
-1.363673e-06
-9.896006e-08
-8.296126e-07
-8.786372e-07
-1.275362e-07
-1.012075e-06
-4.412603e-07
-1.680825e-07
-1.016112e-06
-1.738118e-07
-2.043315e-07
-9.285642e-07
-1.181955e-08
-2.257868e-07
-7.969044e-07
8.511057e-08
-2.376589e-07
-6.416953e-07
1.476258e-07
-2.508387e-07
-4.94391e-07
2.112423e-07
-2.599229e-07
-3.84907e-07
2.998995e-07
-2.558707e-07
-3.638789e-07
4.69095e-07
-2.218111e-07
-4.818938e-07
8.633928e-07
-1.249023e-07
-5.524674e-07
1.756516e-06
4.151732e-08
3.963173e-06
3.961474e-07
5.668746e-07
3.97476e-06
3.849368e-07
4.805268e-07
1.781955e-06
6.669249e-08
3.250324e-07
8.824615e-07
-8.443786e-08
3.077651e-07
4.779984e-07
-1.798405e-07
3.895801e-07
3.029125e-07
-2.189345e-07
5.201424e-07
2.113701e-07
-2.288648e-07
6.687293e-07
1.456449e-07
-2.251618e-07
8.028318e-07
8.220433e-08
-2.15747e-07
8.970902e-07
-1.329497e-08
-2.056921e-07
9.04595e-07
-1.68473e-07
-1.859676e-07
7.437073e-07
-4.207066e-07
-1.516127e-07
3.836427e-07
-8.277171e-07
-1.136842e-07
-1.263896e-06
-8.772809e-08
-1.297461e-06
-6.975767e-08
-2.154729e-06
-2.541747e-08
-2.618632e-06
1.870877e-08
-2.858775e-06
6.263989e-08
-2.984796e-06
1.108259e-07
-3.069441e-06
1.666719e-07
-3.160248e-06
2.357419e-07
-3.27466e-06
3.23423e-07
-3.412682e-06
4.361949e-07
-3.527174e-06
5.823869e-07
-3.44384e-06
7.793826e-07
-2.722785e-06
1.035231e-06
1.240453e-06
2.738775e-06
1.231846e-06
3.46862e-06
1.047701e-06
3.544384e-06
8.02367e-07
3.410387e-06
6.077401e-07
3.24863e-06
4.604592e-07
3.110578e-06
3.452315e-07
2.997481e-06
2.54527e-07
2.892491e-06
1.828397e-07
2.749594e-06
1.248426e-07
2.499878e-06
7.582719e-08
2.040708e-06
3.213446e-08
1.216546e-06
-1.09402e-08
-5.464303e-08
1.042943e-06
-9.944195e-07
-2.075708e-08
1.803589e-06
-7.045809e-07
-1.976554e-08
2.213347e-06
-3.589709e-07
-6.53406e-09
2.366024e-06
-1.115843e-07
6.626825e-09
2.364805e-06
3.33795e-08
1.26093e-08
2.293622e-06
9.692804e-08
1.067017e-08
2.206704e-06
1.094022e-07
2.305424e-09
2.135117e-06
9.419094e-08
-1.26961e-08
2.099416e-06
6.289139e-08
-3.687545e-08
2.118328e-06
1.924247e-08
-7.673778e-08
2.212565e-06
-3.477024e-08
-1.434934e-07
2.35462e-06
-5.239221e-08
-2.613683e-07
2.327635e-06
1.902057e-07
-4.469689e-07
1.799805e-06
1.210907e-06
-6.830651e-07
4.991137e-07
2.214551e-06
-9.138466e-07
-1.088784e-06
2.569222e-06
-9.813093e-07
-1.894696e-06
1.548591e-06
-7.426713e-07
-2.057114e-06
2.963375e-07
-5.095696e-07
-1.967388e-06
-1.944964e-08
-2.960774e-07
-1.894375e-06
-2.095329e-08
-1.651037e-07
-1.885107e-06
2.746575e-08
-9.180648e-08
-1.924293e-06
6.847485e-08
-4.991979e-08
-1.995965e-06
9.847189e-08
-2.651984e-08
-2.081714e-06
1.138492e-07
-1.421508e-08
-2.153058e-06
1.037509e-07
-9.872224e-09
-2.159876e-06
4.621848e-08
-1.249553e-08
-2.022953e-06
-8.850628e-08
-2.237388e-08
-1.645064e-06
-3.204117e-07
-3.743508e-08
-9.434071e-07
-6.402971e-07
-4.941798e-08
-8.917888e-07
-4.424135e-08
7.372007e-07
-1.698335e-06
-6.825713e-08
1.340638e-06
-1.259139e-06
-9.21077e-08
1.722285e-06
-6.876442e-07
-9.381149e-08
1.947634e-06
-2.876575e-07
-8.41962e-08
2.074486e-06
-5.093819e-08
-7.464232e-08
2.150552e-06
6.038951e-08
-7.636776e-08
2.208196e-06
9.211523e-08
-8.566497e-08
2.25941e-06
8.895198e-08
-1.026595e-07
2.302354e-06
7.786155e-08
-1.292948e-07
2.325769e-06
7.563696e-08
-1.686712e-07
2.310937e-06
1.025719e-07
-2.20123e-07
2.201775e-06
2.411447e-07
-2.865943e-07
1.893784e-06
8.183496e-07
-3.170948e-07
1.273676e-06
2.252815e-06
-4.217889e-07
3.066289e-07
3.652536e-06
-4.709268e-07
-7.442941e-07
4.089561e-06
-4.694032e-07
-1.504593e-06
2.709791e-06
-4.00893e-07
-1.924922e-06
9.644655e-07
-3.179725e-07
-2.09819e-06
2.970021e-07
-2.852033e-07
-2.147799e-06
1.328312e-07
-2.216962e-07
-2.146867e-06
9.917606e-08
-1.714917e-07
-2.12004e-06
9.793893e-08
-1.327674e-07
-2.080769e-06
1.063923e-07
-1.067533e-07
-2.03223e-06
1.083503e-07
-9.087448e-08
-1.964031e-06
7.796564e-08
-8.336447e-08
-1.842737e-06
-2.955355e-08
-8.368001e-08
-1.622829e-06
-2.564503e-07
-9.416399e-08
-1.255502e-06
-6.334529e-07
-1.024571e-07
-6.847048e-07
-1.162341e-06
-9.81656e-08
-1.543984e-06
-7.145056e-08
1.894615e-07
-1.859431e-06
-1.035838e-07
3.205385e-07
-1.335197e-06
-1.561566e-07
4.288331e-07
-7.179079e-07
-2.012204e-07
5.476515e-07
-3.162623e-07
-2.280289e-07
6.816548e-07
-9.33947e-08
-2.348191e-07
8.113107e-07
1.852083e-08
-2.391942e-07
9.214147e-07
7.300773e-08
-2.632283e-07
1.012053e-06
1.001559e-07
-3.026344e-07
1.081978e-06
1.282036e-07
-3.579337e-07
1.122856e-06
1.820806e-07
-4.294234e-07
1.10489e-06
3.162448e-07
-5.049003e-07
9.702035e-07
6.487261e-07
-5.57344e-07
7.632841e-07
1.462519e-06
-4.004533e-07
5.236088e-07
2.765677e-06
-2.731759e-07
1.332843e-07
4.160657e-06
-1.177847e-07
-2.895539e-07
4.612207e-06
-9.97961e-08
-6.120766e-07
3.222035e-06
-1.89712e-07
-9.294613e-07
1.607711e-06
-3.128972e-07
-1.125065e-06
7.006825e-07
-4.747367e-07
-1.159317e-06
3.297694e-07
-4.478611e-07
-1.118256e-06
1.861283e-07
-3.911666e-07
-1.044073e-06
1.322177e-07
-3.332439e-07
-9.493026e-07
1.061519e-07
-2.87118e-07
-8.357969e-07
8.102438e-08
-2.538487e-07
-7.024693e-07
2.899026e-08
-2.34162e-07
-5.637612e-07
-7.959856e-08
-2.307714e-07
-4.388633e-07
-2.951187e-07
-2.217629e-07
-3.244978e-07
-6.749248e-07
-1.924312e-07
-1.895561e-07
-1.247726e-06
-1.462055e-07
-1.709554e-06
-9.469283e-08
-5.050768e-07
-1.336761e-06
-1.165538e-07
-9.560521e-07
-8.408523e-07
-1.709062e-07
-1.185402e-06
-4.180748e-07
-2.38566e-07
-1.236551e-06
-1.756871e-07
-2.937588e-07
-1.186509e-06
-4.167791e-08
-3.275481e-07
-1.09276e-06
3.491734e-08
-3.478077e-07
-9.903034e-07
8.448643e-08
-3.647779e-07
-9.011333e-07
1.252834e-07
-3.742258e-07
-8.359679e-07
1.740626e-07
-3.669011e-07
-8.0953e-07
2.572472e-07
-3.234213e-07
-8.292515e-07
4.257258e-07
-2.146647e-07
-8.699371e-07
7.433625e-07
-1.243126e-08
-6.958495e-07
1.357068e-06
3.275178e-07
-4.475723e-07
2.109644e-06
4.077665e-07
-3.423524e-08
3.16504e-06
5.822925e-07
4.229458e-07
3.555071e-06
5.999659e-07
7.245908e-07
2.448821e-06
4.7158e-07
8.460423e-07
1.479406e-06
3.917958e-07
7.53743e-07
7.95483e-07
6.419138e-08
6.956451e-07
4.421061e-07
-1.386831e-07
6.996791e-07
2.599396e-07
-2.576941e-07
7.540459e-07
1.715956e-07
-3.126878e-07
8.40504e-07
1.207999e-07
-3.299774e-07
9.452138e-07
7.882893e-08
-3.276804e-07
1.047728e-06
2.769696e-08
-3.169698e-07
1.11096e-06
-4.814284e-08
-3.003809e-07
1.074506e-06
-1.766121e-07
-2.680202e-07
8.679132e-07
-4.057112e-07
-2.14234e-07
4.545686e-07
-7.990569e-07
-1.490091e-07
-1.24439e-06
-9.832364e-08
-1.366468e-06
-4.005076e-08
-2.25163e-06
1.889214e-08
-2.727733e-06
7.673652e-08
-2.978733e-06
1.379524e-07
-3.117475e-06
2.078886e-07
-3.206758e-06
2.908711e-07
-3.279676e-06
3.931442e-07
-3.351936e-06
5.209647e-07
-3.424802e-06
6.831219e-07
-3.473884e-06
8.887141e-07
-3.415591e-06
1.146815e-06
-3.091064e-06
1.454067e-06
-2.221871e-06
1.728332e-06
-1.70934e-06
1.597121e-06
-3.283615e-07
1.784069e-06
1.402897e-06
1.823822e-06
2.172965e-06
1.678757e-06
3.090493e-06
1.793726e-06
3.418946e-06
1.514731e-06
3.460469e-06
1.202948e-06
3.389917e-06
9.382286e-07
3.296045e-06
7.259238e-07
3.204781e-06
5.572941e-07
3.115314e-06
4.228211e-07
3.010598e-06
3.152523e-07
2.858691e-06
2.286057e-07
2.60093e-06
1.569764e-07
2.131454e-06
9.589922e-08
1.281468e-06
3.998771e-08
-1.756486e-08
1.048785e-06
-9.775653e-07
-9.197891e-08
1.806018e-06
-6.653206e-07
-1.116791e-07
2.203963e-06
-3.043732e-07
-1.001073e-07
2.337925e-06
-4.966739e-08
-7.76689e-08
2.316291e-06
9.210275e-08
-5.786171e-08
2.225018e-06
1.463951e-07
-4.445529e-08
2.114869e-06
1.491103e-07
-3.666065e-08
2.010229e-06
1.262509e-07
-3.431388e-08
1.920152e-06
9.201336e-08
-3.881939e-08
1.844919e-06
5.240053e-08
-5.391336e-08
1.779517e-06
7.813983e-09
-8.591216e-08
1.700738e-06
-3.520494e-08
-1.473867e-07
1.554632e-06
-5.059658e-08
-2.502624e-07
1.193653e-06
7.718745e-08
-3.992627e-07
4.604347e-07
3.382531e-07
-5.188684e-07
-5.015687e-07
5.258624e-07
-5.451534e-07
-1.101219e-06
2.666445e-07
-4.096584e-07
-1.372664e-06
3.252681e-08
-2.706516e-07
-1.511976e-06
3.447766e-09
-1.602187e-07
-1.608906e-06
2.803509e-08
-9.621777e-08
-1.701434e-06
6.325644e-08
-6.254324e-08
-1.800996e-06
9.687945e-08
-4.724621e-08
-1.910569e-06
1.266195e-07
-4.357216e-08
-2.023352e-06
1.460967e-07
-4.75322e-08
-2.117189e-06
1.413323e-07
-5.737064e-08
-2.144333e-06
8.73789e-08
-7.273057e-08
-2.023572e-06
-4.944371e-08
-9.369163e-08
-1.653995e-06
-2.914997e-07
-1.155134e-07
-9.519539e-07
-6.26859e-07
-1.246007e-07
-8.950005e-07
-1.011954e-07
7.174165e-07
-1.690075e-06
-7.316531e-08
1.308989e-06
-1.224536e-06
-1.244657e-07
1.682384e-06
-6.32093e-07
-1.394878e-07
1.897574e-06
-2.1889e-07
-1.301648e-07
2.004096e-06
2.419365e-08
-1.132585e-07
2.053015e-06
1.267253e-07
-1.056199e-07
2.080345e-06
1.417675e-07
-1.056571e-07
2.091324e-06
1.261956e-07
-1.135891e-07
2.077334e-06
1.07862e-07
-1.311596e-07
2.021993e-06
9.984197e-08
-1.607795e-07
1.90453e-06
1.08476e-07
-2.033265e-07
1.698938e-06
1.437584e-07
-2.599675e-07
1.405082e-06
2.418079e-07
-3.156374e-07
9.131157e-07
5.16253e-07
-3.688756e-07
1.649601e-07
9.529481e-07
-3.374503e-07
-6.255046e-07
1.14265e-06
-2.957106e-07
-1.16254e-06
7.054491e-07
-3.026542e-07
-1.489589e-06
3.234285e-07
-2.818224e-07
-1.711939e-06
1.835997e-07
-2.430091e-07
-1.843077e-06
1.352753e-07
-1.978045e-07
-1.912102e-06
1.220195e-07
-1.612377e-07
-1.938892e-06
1.258036e-07
-1.34909e-07
-1.93906e-06
1.393085e-07
-1.192803e-07
-1.920914e-06
1.498096e-07
-1.12738e-07
-1.879358e-06
1.302109e-07
-1.138012e-07
-1.779735e-06
2.608859e-08
-1.220136e-07
-1.574106e-06
-2.11235e-07
-1.380021e-07
-1.218952e-06
-6.044029e-07
-1.447083e-07
-6.63434e-07
-1.153904e-06
-1.2664e-07
-1.555025e-06
-7.485992e-08
1.23992e-07
-1.851853e-06
-6.579779e-08
2.027091e-07
-1.307215e-06
-1.521954e-07
2.777324e-07
-6.887244e-07
-2.196137e-07
3.809379e-07
-2.942419e-07
-2.558847e-07
5.091313e-07
-7.794018e-08
-2.608821e-07
6.216775e-07
2.812811e-08
-2.531481e-07
6.901133e-07
7.599955e-08
-2.65902e-07
7.177768e-07
9.406523e-08
-2.981748e-07
7.058346e-07
1.087272e-07
-3.46865e-07
6.543122e-07
1.312002e-07
-4.092669e-07
5.594839e-07
1.766645e-07
-4.782651e-07
4.1781e-07
2.69837e-07
-5.41748e-07
3.1048e-07
4.770829e-07
-5.283897e-07
1.553504e-07
8.312178e-07
-4.329964e-07
-1.047843e-07
1.334511e-06
-2.391962e-07
-3.813136e-07
1.506741e-06
-1.87342e-07
-5.28005e-07
9.940185e-07
-3.315786e-07
-6.10484e-07
5.361104e-07
-4.430954e-07
-7.057836e-07
2.748799e-07
-4.707189e-07
-7.565328e-07
1.667551e-07
-4.285986e-07
-7.728221e-07
1.227929e-07
-3.756594e-07
-7.584748e-07
1.040104e-07
-3.25807e-07
-7.12354e-07
9.232534e-08
-2.862632e-07
-6.324034e-07
7.603443e-08
-2.600297e-07
-5.147184e-07
2.909603e-08
-2.507356e-07
-3.849289e-07
-7.634911e-08
-2.581245e-07
-2.805981e-07
-2.875903e-07
-2.497392e-07
-2.043186e-07
-6.628873e-07
-2.102272e-07
-1.246825e-07
-1.237598e-06
-1.421487e-07
-1.714811e-06
-5.959022e-08
-6.142401e-07
-1.311091e-06
-4.307696e-08
-1.144323e-06
-8.154876e-07
-1.32552e-07
-1.435611e-06
-4.159825e-07
-2.200203e-07
-1.539029e-06
-2.011085e-07
-2.834754e-07
-1.529038e-06
-9.257656e-08
-3.229044e-07
-1.467583e-06
-3.424508e-08
-3.468929e-07
-1.397272e-06
4.078369e-09
-3.631716e-07
-1.334417e-06
2.956919e-08
-3.725899e-07
-1.272701e-06
5.112054e-08
-3.710159e-07
-1.203297e-06
8.336656e-08
-3.449972e-07
-1.110282e-06
1.470786e-07
-2.780958e-07
-9.708294e-07
2.689653e-07
-1.510112e-07
-7.050027e-07
4.865916e-07
5.219076e-08
-4.363264e-07
7.612872e-07
2.09033e-07
-1.56249e-07
1.208654e-06
4.280869e-07
1.154543e-07
1.372123e-06
4.628956e-07
4.238896e-07
8.999392e-07
2.572355e-07
6.983502e-07
5.528155e-07
1.006357e-07
8.458497e-07
2.880569e-07
-9.648627e-08
9.552943e-07
1.433494e-07
-2.247273e-07
1.043691e-06
7.333356e-08
-2.966388e-07
1.124937e-06
3.926159e-08
-3.291916e-07
1.20838e-06
1.664599e-08
-3.377474e-07
1.299259e-06
-8.944893e-09
-3.335838e-07
1.378539e-06
-4.601409e-08
-3.211418e-07
1.403572e-06
-1.021805e-07
-2.995831e-07
1.315657e-06
-2.064455e-07
-2.612507e-07
1.047756e-06
-4.103685e-07
-1.988521e-07
5.573635e-07
-7.822714e-07
-1.139441e-07
-1.225514e-06
-3.025796e-08
-1.422217e-06
7.107525e-08
-2.31932e-06
1.005069e-07
-2.792182e-06
1.336167e-07
-3.03592e-06
1.805805e-07
-3.162886e-06
2.422771e-07
-3.226768e-06
3.205068e-07
-3.247773e-06
4.182257e-07
-3.237021e-06
5.397794e-07
-3.195037e-06
6.922564e-07
-3.104014e-06
8.810556e-07
-2.920795e-06
1.110675e-06
-2.575048e-06
1.377286e-06
-1.997793e-06
1.637672e-06
-1.360359e-06
1.72098e-06
-2.595512e-07
1.891922e-06
1.003351e-06
1.933049e-06
1.795747e-06
1.786304e-06
2.438527e-06
1.703763e-06
2.80745e-06
1.433864e-06
2.994719e-06
1.159027e-06
3.083713e-06
9.225657e-07
3.121036e-06
7.278595e-07
3.124774e-06
5.702e-07
3.095347e-06
4.433024e-07
3.023781e-06
3.408025e-07
2.891151e-06
2.590553e-07
2.646438e-06
1.95243e-07
2.18448e-06
1.474884e-07
1.327568e-06
1.146286e-07
8.448878e-08
1.060347e-06
-1.061153e-06
-9.117394e-08
1.821641e-06
-7.461178e-07
-1.268568e-07
2.209139e-06
-3.60269e-07
-1.273374e-07
2.318951e-06
-7.837304e-08
-1.091094e-07
2.264397e-06
8.382618e-08
-8.713647e-08
2.137962e-06
1.497258e-07
-6.774958e-08
1.994148e-06
1.583541e-07
-5.120603e-08
1.857307e-06
1.3998e-07
-3.745826e-08
1.73367e-06
1.11847e-07
-2.703647e-08
1.618782e-06
8.220714e-08
-2.123979e-08
1.501451e-06
5.326962e-08
-2.185654e-08
1.360141e-06
2.581806e-08
-3.189675e-08
1.160318e-06
2.101861e-09
-5.253783e-08
8.402094e-07
5.074668e-09
-8.421983e-08
3.524558e-07
6.571024e-08
-9.68121e-08
-2.625646e-07
1.598758e-07
-8.999454e-08
-7.362781e-07
1.288392e-07
-6.477603e-08
-1.032755e-06
7.552748e-08
-4.970064e-08
-1.229965e-06
6.915309e-08
-3.216426e-08
-1.380971e-06
7.882697e-08
-2.40455e-08
-1.516298e-06
9.658486e-08
-2.380816e-08
-1.652327e-06
1.184702e-07
-2.969389e-08
-1.796495e-06
1.407156e-07
-4.012518e-08
-1.944651e-06
1.544968e-07
-5.387768e-08
-2.074249e-06
1.425101e-07
-7.028463e-08
-2.13335e-06
7.556691e-08
-8.919736e-08
-2.034421e-06
-8.266159e-08
-1.099603e-07
-1.672373e-06
-3.516345e-07
-1.259274e-07
-9.639927e-07
-7.102018e-07
-1.2278e-07
-9.783293e-07
-8.685953e-08
6.89931e-07
-1.78463e-06
-3.962081e-08
1.24567e-06
-1.320272e-06
-1.060509e-07
1.580175e-06
-6.989356e-07
-1.353275e-07
1.757965e-06
-2.512874e-07
-1.35042e-07
1.829271e-06
1.965175e-08
-1.203937e-07
1.844454e-06
1.346933e-07
-1.057738e-07
1.838343e-06
1.557661e-07
-9.696379e-08
1.812132e-06
1.46923e-07
-9.432728e-08
1.754757e-06
1.362633e-07
-9.820712e-08
1.650466e-06
1.345332e-07
-1.088216e-07
1.482584e-06
1.42341e-07
-1.245205e-07
1.233819e-06
1.569572e-07
-1.423415e-07
8.998154e-07
1.723713e-07
-1.518984e-07
4.759504e-07
2.099341e-07
-1.498576e-07
6.652773e-09
3.016189e-07
-1.04044e-07
-4.208946e-07
3.680464e-07
-7.631775e-08
-7.757511e-07
2.88301e-07
-1.072496e-07
-1.075983e-06
2.220349e-07
-1.280942e-07
-1.312543e-06
1.925038e-07
-1.298015e-07
-1.482315e-06
1.708825e-07
-1.200924e-07
-1.595324e-06
1.57174e-07
-1.088249e-07
-1.664213e-06
1.531336e-07
-1.006901e-07
-1.702104e-06
1.574311e-07
-9.81107e-08
-1.718549e-06
1.596034e-07
-1.014049e-07
-1.711504e-06
1.319402e-07
-1.102789e-07
-1.6462e-06
1.249585e-08
-1.242482e-07
-1.476229e-06
-2.536896e-07
-1.369459e-07
-1.158563e-06
-6.794236e-07
-1.345864e-07
-6.374879e-07
-1.254509e-06
-1.034083e-07
-1.650693e-06
-3.998436e-08
6.257589e-08
-1.914497e-06
1.49301e-09
6.132522e-08
-1.375769e-06
-9.544895e-08
6.228547e-08
-7.505509e-07
-1.689602e-07
1.077365e-07
-3.43873e-07
-2.087528e-07
2.066091e-07
-1.225786e-07
-2.17529e-07
3.056739e-07
-1.331741e-08
-2.042083e-07
3.492147e-07
4.533727e-08
-1.990215e-07
3.42234e-07
7.029465e-08
-2.14574e-07
2.901818e-07
8.447587e-08
-2.430344e-07
1.992098e-07
9.343867e-08
-2.772083e-07
7.585343e-08
9.652467e-08
-3.090968e-07
-6.662118e-08
8.957259e-08
-3.318877e-07
-1.776357e-07
8.042517e-08
-3.254203e-07
-2.378086e-07
1.283348e-07
-2.9121e-07
-2.292308e-07
2.755221e-07
-2.216595e-07
-1.886582e-07
3.372356e-07
-1.970861e-07
-1.663066e-07
1.821422e-07
-2.477573e-07
-1.994536e-07
9.964802e-08
-2.875553e-07
-2.672476e-07
8.777615e-08
-2.981976e-07
-3.298936e-07
8.789586e-08
-2.829721e-07
-3.747974e-07
8.483875e-08
-2.584288e-07
-3.92841e-07
7.69964e-08
-2.316359e-07
-3.760476e-07
6.37337e-08
-2.093678e-07
-3.168451e-07
3.850366e-08
-1.981391e-07
-2.117052e-07
-1.948335e-08
-2.044564e-07
-1.148163e-07
-1.273713e-07
-2.151485e-07
-7.145249e-08
-3.437245e-07
-2.030695e-07
-6.910202e-08
-7.305745e-07
-1.614282e-07
-6.65446e-08
-1.310082e-06
-8.913454e-08
-1.778165e-06
1.336675e-09
-7.003565e-07
-1.319633e-06
6.241523e-08
-1.315931e-06
-8.497629e-07
-4.298388e-08
-1.685021e-06
-4.730633e-07
-1.284182e-07
-1.855318e-06
-2.745901e-07
-1.824632e-07
-1.907421e-06
-1.811932e-07
-2.121891e-07
-1.897916e-06
-1.399454e-07
-2.297725e-07
-1.856704e-06
-1.198265e-07
-2.392239e-07
-1.802063e-06
-1.141584e-07
-2.427824e-07
-1.731479e-06
-1.177231e-07
-2.394057e-07
-1.634605e-06
-1.242257e-07
-2.242107e-07
-1.496161e-06
-1.269734e-07
-1.930429e-07
-1.295445e-06
-1.184105e-07
-1.437435e-07
-9.965553e-07
-8.871545e-08
-7.755037e-08
-6.435755e-07
-4.038438e-10
-1.519533e-08
-2.380734e-07
2.085277e-07
8.959587e-08
1.842636e-07
2.756649e-07
1.021471e-07
5.908292e-07
4.220503e-08
-9.380211e-09
9.311319e-07
-7.012434e-08
-6.988862e-08
1.173058e-06
-1.191876e-07
-1.314486e-07
1.348345e-06
-1.359902e-07
-1.761313e-07
1.478637e-06
-1.365869e-07
-2.05511e-07
1.578784e-06
-1.312637e-07
-2.210839e-07
1.65862e-06
-1.27769e-07
-2.26086e-07
1.720138e-06
-1.323407e-07
-2.242604e-07
1.746215e-06
-1.50502e-07
-2.162028e-07
1.708564e-06
-1.895471e-07
-1.997578e-07
1.553443e-06
-2.790899e-07
-1.70765e-07
1.208896e-06
-4.672396e-07
-1.17641e-07
6.370828e-07
-8.170208e-07
-3.51928e-08
-1.233595e-06
6.225407e-08
-1.438035e-06
1.89477e-07
-2.339048e-06
1.517566e-07
-2.81263e-06
1.341349e-07
-3.049641e-06
1.430004e-07
-3.160855e-06
1.722974e-07
-3.198097e-06
2.178019e-07
-3.179375e-06
2.79675e-07
-3.112753e-06
3.589969e-07
-2.996325e-06
4.581027e-07
-2.81871e-06
5.792134e-07
-2.557927e-06
7.229168e-07
-2.183529e-06
8.844796e-07
-1.6778e-06
1.043231e-06
-1.086239e-06
1.129021e-06
-2.126984e-07
1.226917e-06
7.429259e-07
1.253097e-06
1.412786e-06
1.158654e-06
1.965612e-06
1.080815e-06
2.363485e-06
9.16803e-07
2.636612e-06
7.499089e-07
2.820722e-06
6.018665e-07
2.940187e-06
4.771272e-07
3.007783e-06
3.748337e-07
3.026201e-06
2.925409e-07
2.988586e-06
2.279148e-07
2.878123e-06
1.799701e-07
2.645713e-06
1.485624e-07
2.18822e-06
1.37742e-07
1.333075e-06
1.527521e-07
1.839682e-07
9.929804e-07
-1.084156e-06
1.698459e-06
-8.323364e-07
2.016573e-06
-4.454521e-07
2.04415e-06
-1.366878e-07
1.906664e-06
5.03471e-08
1.706538e-06
1.323733e-07
1.505749e-06
1.495797e-07
1.330451e-06
1.378325e-07
1.184244e-06
1.191663e-07
1.05858e-06
1.044175e-07
9.396134e-07
9.710678e-08
8.101323e-07
9.75829e-08
6.526601e-07
1.049378e-07
4.459429e-07
1.22506e-07
1.916114e-07
1.575298e-07
-9.793018e-08
1.995601e-07
-3.587844e-07
1.960844e-07
-5.673017e-07
1.588208e-07
-7.317092e-07
1.322409e-07
-8.731255e-07
1.173672e-07
-1.011495e-06
1.145552e-07
-1.163266e-06
1.220716e-07
-1.338965e-06
1.355693e-07
-1.536901e-06
1.440543e-07
-1.73315e-06
1.259627e-07
-1.868881e-06
4.653252e-08
-1.846641e-06
-1.322006e-07
-1.549765e-06
-4.228042e-07
-8.966535e-07
-7.758924e-07
-9.835135e-07
6.651605e-07
-1.788938e-06
1.15038e-06
-1.423608e-06
1.386462e-06
-8.168618e-07
1.450756e-06
-3.360257e-07
1.423504e-06
-4.279816e-08
1.357391e-06
9.270882e-08
1.282364e-06
1.276375e-07
1.199219e-06
1.266447e-07
1.096323e-06
1.238486e-07
9.622314e-07
1.296821e-07
7.913664e-07
1.434477e-07
5.852949e-07
1.613135e-07
3.597131e-07
1.786269e-07
1.35926e-07
1.964463e-07
-3.40442e-08
2.234702e-07
-1.589904e-07
2.482019e-07
-3.112897e-07
2.411438e-07
-4.933015e-07
2.127421e-07
-6.761516e-07
1.852899e-07
-8.385242e-07
1.596431e-07
-9.732543e-07
1.404551e-07
-1.082108e-06
1.302287e-07
-1.173119e-06
1.284634e-07
-1.255158e-06
1.246842e-07
-1.325666e-06
8.618942e-08
-1.355396e-06
-4.798735e-08
-1.294465e-06
-3.300783e-07
-1.068014e-06
-7.838428e-07
-6.125174e-07
-1.334798e-06
-1.636016e-06
1.219893e-07
-1.909434e-06
8.38766e-08
-1.480945e-06
-2.233758e-08
-8.796089e-07
-1.102761e-07
-4.568426e-07
-1.369303e-07
-2.336768e-07
-1.188857e-07
-1.295506e-07
-1.127398e-07
-7.753616e-08
-1.455327e-07
-5.514503e-08
-2.135536e-07
-5.117119e-08
-2.982148e-07
-6.28714e-08
-3.750516e-07
-8.881394e-08
-4.206192e-07
-1.250055e-07
-4.06867e-07
-1.605391e-07
-3.264433e-07
-1.751769e-07
-1.79904e-07
-1.447147e-07
-7.646367e-09
-1.211265e-07
1.265517e-07
-1.408018e-07
1.954636e-07
-1.43719e-07
2.051896e-07
-1.226348e-07
1.784407e-07
-9.658363e-08
1.355361e-07
-7.507714e-08
9.790529e-08
-6.378442e-08
8.305969e-08
-6.60669e-08
9.564972e-08
-8.605081e-08
1.123676e-07
-1.349884e-07
8.499714e-08
-2.357674e-07
1.975159e-09
-4.501274e-07
-9.439141e-08
-8.489056e-07
-1.220949e-07
-1.396231e-06
-1.756774e-06
-5.265446e-07
-1.320475e-06
-1.108035e-06
-9.424381e-07
-1.529747e-06
-5.863165e-07
-1.775931e-06
-3.931227e-07
-1.912509e-06
-3.092903e-07
-1.988456e-06
-2.833778e-07
-2.018592e-06
-2.866284e-07
-2.005706e-06
-3.108161e-07
-1.945289e-06
-3.509981e-07
-1.829504e-06
-4.028696e-07
-1.65e-06
-4.613621e-07
-1.399414e-06
-5.193334e-07
-1.071408e-06
-5.660897e-07
-6.78326e-07
-5.834456e-07
-1.838591e-07
-5.495723e-07
3.341233e-07
-5.369499e-07
7.619953e-07
-5.780446e-07
1.115604e-06
-5.672128e-07
1.388599e-06
-5.270783e-07
1.588629e-06
-4.727475e-07
1.723629e-06
-4.155914e-07
1.80224e-06
-3.634832e-07
1.832154e-06
-3.220706e-07
1.817741e-06
-2.95901e-07
1.756434e-06
-2.898861e-07
1.63337e-06
-3.124626e-07
1.403095e-06
-3.906188e-07
1.007607e-06
-5.710588e-07
4.72738e-07
-8.965557e-07
-1.221783e-06
-1.130998e-06
-1.92168e-06
-2.373861e-06
-2.623985e-06
-2.760978e-06
-2.826556e-06
-2.833511e-06
-2.785332e-06
-2.678229e-06
-2.501886e-06
-2.240332e-06
-1.875184e-06
-1.39804e-06
-8.524596e-07
-1.751088e-07
5.410435e-07
1.121655e-06
1.635259e-06
2.024983e-06
2.302143e-06
2.488416e-06
2.602058e-06
2.654819e-06
2.651458e-06
2.589486e-06
2.456993e-06
2.214936e-06
1.781618e-06
1.037814e-06
)
;

boundaryField
{
    minX
    {
        type            calculated;
        value           uniform 0;
    }
    maxX
    {
        type            calculated;
        value           uniform 0;
    }
    minY
    {
        type            calculated;
        value           nonuniform List<scalar> 
292
(
0
0
2.584939e-26
2.584939e-26
2.584939e-26
2.584939e-26
0
0
0
0
0
0
0
0
2.584939e-26
0
0
0
0
0
0
0
0
0
0
0
0
0
0
0
0
0
0
0
0
0
0
0
0
0
0
0
0
0
0
0
0
0
0
0
0
0
0
0
0
0
0
0
0
0
0
0
0
0
0
0
0
0
0
0
0
0
0
0
0
0
0
0
0
0
0
0
0
0
0
0
0
0
0
-2.584939e-26
0
0
0
0
0
0
0
2.584939e-26
0
2.584939e-26
2.584939e-26
0
0
0
0
0
0
0
0
0
2.584939e-26
0
0
0
0
0
0
0
0
0
2.584939e-26
0
0
0
0
-1.29247e-26
0
0
0
2.584939e-26
0
0
0
1.29247e-26
-1.29247e-26
0
0
0
0
0
0
1.29247e-26
0
-2.584939e-26
0
0
0
0
0
-1.29247e-26
-1.29247e-26
0
0
0
0
0
0
0
-1.29247e-26
0
0
-5.169879e-26
0
-2.584939e-26
0
0
-1.29247e-26
0
0
0
0
0
0
0
0
0
0
0
0
0
2.584939e-26
0
0
0
0
0
0
0
0
0
0
-2.584939e-26
2.584939e-26
0
2.584939e-26
0
0
0
0
0
0
0
0
0
0
0
0
0
0
0
0
0
0
0
0
0
0
-2.584939e-26
0
0
0
2.584939e-26
0
0
0
0
0
0
0
0
0
0
0
0
0
0
0
0
0
0
0
0
0
0
0
0
0
0
0
0
0
0
0
0
0
0
0
0
0
2.584939e-26
0
0
0
0
0
0
0
0
0
0
0
0
0
0
0
-2.584939e-26
0
0
0
0
0
0
0
0
0
0
2.584939e-26
2.584939e-26
0
0
-2.584939e-26
-2.584939e-26
)
;
    }
    minZ
    {
        type            calculated;
        value           uniform 0;
    }
    maxZ
    {
        type            calculated;
        value           uniform 0;
    }
    bottomAir_to_rightSolid
    {
        type            calculated;
        value           nonuniform List<scalar> 
130
(
0
0
0
-7.34684e-40
0
0
0
0
0
0
0
0
0
0
0
0
0
0
0
0
0
0
0
0
-2.938736e-39
0
0
0
0
-1.469368e-39
0
0
0
0
0
0
0
0
0
0
0
0
0
0
0
-2.938736e-39
0
0
0
0
0
0
0
0
0
0
0
0
0
0
0
0
0
0
1.469368e-39
0
0
0
0
0
0
0
0
0
0
0
0
0
0
0
0
0
0
0
0
0
0
0
0
0
1.469368e-39
0
0
0
0
0
0
0
0
0
0
0
0
1.469368e-39
0
0
0
0
0
-2.938736e-39
0
0
0
0
0
0
0
0
0
0
0
0
0
0
0
0
0
0
0
0
)
;
    }
    bottomAir_to_leftSolid
    {
        type            calculated;
        value           nonuniform List<scalar> 
130
(
0
0
0
0
0
0
0
0
0
0
-2.938736e-39
0
0
0
0
0
0
0
0
0
0
0
0
0
0
0
0
0
0
0
0
0
0
5.877472e-39
0
0
-5.877472e-39
0
0
0
0
0
0
0
0
0
-5.877472e-39
0
0
0
0
0
0
0
0
0
0
0
0
0
0
0
0
0
0
0
0
0
0
0
0
0
0
0
0
-2.938736e-39
0
0
0
0
0
0
0
0
0
0
0
0
0
0
0
0
0
0
0
0
0
0
0
0
0
0
0
0
0
0
0
0
0
0
0
0
0
0
0
0
0
0
0
0
0
0
0
0
0
0
0
-1.469368e-39
0
0
)
;
    }
    bottomAir_to_heater
    {
        type            calculated;
        value           nonuniform List<scalar> 
92
(
0
0
0
0
0
0
0
0
0
0
0
0
0
-3.388132e-21
-3.388132e-21
0
0
0
0
0
0
0
0
0
0
0
0
0
0
0
0
0
0
0
0
0
0
0
-3.388132e-21
0
0
0
0
0
0
0
0
0
0
3.388132e-21
0
0
0
0
0
0
0
0
0
0
0
0
0
0
0
0
0
0
0
0
0
0
0
0
0
0
0
0
0
0
0
0
0
0
0
0
0
0
0
0
0
0
)
;
    }
}


// ************************************************************************* //
