/*--------------------------------*- C++ -*----------------------------------*\
| =========                 |                                                 |
| \\      /  F ield         | OpenFOAM: The Open Source CFD Toolbox           |
|  \\    /   O peration     | Version:  v2012                                 |
|   \\  /    A nd           | Website:  www.openfoam.com                      |
|    \\/     M anipulation  |                                                 |
\*---------------------------------------------------------------------------*/
FoamFile
{
    version     2.0;
    format      ascii;
    class       volVectorField;
    location    "600/bottomAir";
    object      U;
}
// * * * * * * * * * * * * * * * * * * * * * * * * * * * * * * * * * * * * * //

dimensions      [0 1 -1 0 0 0 0];


internalField   nonuniform List<vector> 
1460
(
(0.006063151 -0.009115505 0.0007631311)
(0.01484615 -0.00669321 0.001386129)
(0.02062387 -0.003338449 0.001522708)
(0.0224432 -0.0007191898 0.001364022)
(0.02158046 0.0007809285 0.001101549)
(0.01949966 0.001380301 0.0008439171)
(0.01721831 0.001469696 0.0006123805)
(0.01515599 0.001347988 0.0004114463)
(0.01343254 0.001176378 0.0002462231)
(0.01199806 0.001015975 0.0001250863)
(0.01072149 0.0008676238 5.569606e-05)
(0.009428123 0.0007229837 4.820425e-05)
(0.007942404 0.0006032231 8.185085e-05)
(0.006016933 0.0006110496 0.0001159667)
(0.003581039 0.0008697382 -0.0001113622)
(0.0005639135 0.001326704 -0.0003566979)
(-0.002644739 0.001400591 -0.000324768)
(-0.005096682 0.001164085 -0.0001428747)
(-0.007098795 0.001052963 -9.063717e-05)
(-0.008716024 0.0010411 -3.05978e-05)
(-0.01021309 0.001095236 6.057312e-05)
(-0.01178205 0.001200148 0.0001944229)
(-0.01357907 0.001335054 0.0003708714)
(-0.01566857 0.001428804 0.0005857811)
(-0.01794244 0.001318081 0.000834361)
(-0.01998636 0.000709127 0.001110216)
(-0.02081103 -0.0007586417 0.001384536)
(-0.0190777 -0.003240379 0.001541807)
(-0.01364622 -0.006327619 0.001405537)
(-0.005477107 -0.008337537 0.0008061516)
(0.003761287 -0.02005003 -1.349314e-05)
(0.01004861 -0.01604959 0.0008843637)
(0.01404678 -0.009316046 0.001410765)
(0.0156832 -0.003790385 0.001557962)
(0.01586267 -0.0001512113 0.001461767)
(0.01511614 0.001640425 0.001284057)
(0.01425289 0.00210024 0.001142054)
(0.01341368 0.001933294 0.001063236)
(0.01244121 0.001613541 0.001051702)
(0.01118608 0.001400145 0.001099801)
(0.009550901 0.001410258 0.00117252)
(0.007498214 0.001667286 0.00121303)
(0.005127004 0.002096351 0.001104725)
(0.002606859 0.002604018 0.0007984118)
(0.0004110012 0.003189633 0.0001263789)
(-0.001064689 0.003710779 -9.903567e-05)
(-0.002460343 0.003578727 0.0004009082)
(-0.004306209 0.002940873 0.000867317)
(-0.006337231 0.00235378 0.001089634)
(-0.008222694 0.001947588 0.001136892)
(-0.009825031 0.001794301 0.001113219)
(-0.01112482 0.001867848 0.001091422)
(-0.01218204 0.002054743 0.001115864)
(-0.01311023 0.002099844 0.00120294)
(-0.01403481 0.001533827 0.001352614)
(-0.01474391 -0.0003100358 0.001537322)
(-0.01459529 -0.003867022 0.001612353)
(-0.01305065 -0.009106122 0.001436079)
(-0.009287766 -0.01530671 0.0009054006)
(-0.003464666 -0.01858076 6.316002e-05)
(0.0006790204 -0.02572247 -0.0005581282)
(0.00122982 -0.02070784 0.0005389819)
(0.0002693168 -0.0120368 0.001507714)
(-0.0006270516 -0.00509844 0.002073288)
(-0.001434664 -0.001195834 0.002232445)
(-0.001169199 0.0006037416 0.002102551)
(-0.001070746 0.001381021 0.001964829)
(-0.001240961 0.00184002 0.002052537)
(-0.001834497 0.00227247 0.002269725)
(-0.002725311 0.002665115 0.002498407)
(-0.003665238 0.002904698 0.002620087)
(-0.004404426 0.002904458 0.002573147)
(-0.004624277 0.002685285 0.002313825)
(-0.004108606 0.002455216 0.001915041)
(-0.002841711 0.002525979 0.001373955)
(-0.001003398 0.002748708 0.001177371)
(0.0008042072 0.00287612 0.001587123)
(0.001916553 0.002908244 0.002047402)
(0.002331616 0.002948046 0.002355355)
(0.00221642 0.002829907 0.002450302)
(0.001825145 0.002556197 0.00238886)
(0.001379694 0.002175667 0.002234289)
(0.001101768 0.001750338 0.002080741)
(0.001102473 0.001256006 0.002031297)
(0.001287364 0.0004001448 0.002162138)
(0.001442969 -0.001470059 0.002234906)
(0.0006469544 -0.005272931 0.00203549)
(-0.0002781377 -0.01178722 0.00146415)
(-0.001164374 -0.01973027 0.0005163595)
(-0.0007085083 -0.02388438 -0.0004876633)
(-0.003199173 -0.02173119 -0.001311991)
(-0.009024624 -0.0162163 -0.0001804341)
(-0.01467369 -0.009852018 0.0008709727)
(-0.01809088 -0.006173097 0.001489103)
(-0.02005282 -0.004526098 0.00177056)
(-0.02115688 -0.003941258 0.001872907)
(-0.02174712 -0.003850721 0.001832498)
(-0.02187251 -0.004164637 0.001666447)
(-0.02151673 -0.004818405 0.001370477)
(-0.02060018 -0.005741161 0.0009092691)
(-0.01903128 -0.006836297 0.0002687022)
(-0.01672199 -0.007961848 -0.0005203459)
(-0.01355826 -0.008898817 -0.001373984)
(-0.009561058 -0.009321749 -0.002071858)
(-0.005029557 -0.008927727 -0.002714572)
(0.001159715 -0.00883168 -0.002860765)
(0.006194176 -0.009319683 -0.002269555)
(0.0104255 -0.009061671 -0.00157309)
(0.01385532 -0.008241926 -0.0007042377)
(0.01639896 -0.007185598 9.103078e-05)
(0.0181899 -0.006119943 0.0007330298)
(0.0193239 -0.005198178 0.001198527)
(0.01989191 -0.004525558 0.001501719)
(0.01996684 -0.00417814 0.001669085)
(0.01956207 -0.004216705 0.001708814)
(0.01861289 -0.004755087 0.001608431)
(0.01678807 -0.006316954 0.001338422)
(0.01355046 -0.009759107 0.0007482583)
(0.008287995 -0.01558548 -0.0002496883)
(0.002821438 -0.02028536 -0.001253944)
(-0.007865385 -0.010868 -0.002648304)
(-0.01718585 -0.00733552 -0.002163865)
(-0.02370543 -0.004742432 -0.001701895)
(-0.02718261 -0.003536684 -0.001636467)
(-0.02918483 -0.003080186 -0.001879247)
(-0.03027376 -0.003001646 -0.002346856)
(-0.03070604 -0.003098138 -0.003025622)
(-0.0305382 -0.003278171 -0.003917049)
(-0.02976481 -0.003481544 -0.005040814)
(-0.02830012 -0.00365244 -0.006414272)
(-0.02599228 -0.003730134 -0.008032545)
(-0.02263397 -0.003648288 -0.009837567)
(-0.0179783 -0.003340899 -0.01166838)
(-0.01226258 -0.002721383 -0.01300405)
(-0.006293342 -0.001511893 -0.01456919)
(0.002732408 -0.0009189358 -0.0150217)
(0.009312651 -0.00217917 -0.01341081)
(0.01531591 -0.002952359 -0.0121164)
(0.02028694 -0.003439191 -0.01022859)
(0.02384893 -0.003650866 -0.008376361)
(0.02628388 -0.003655556 -0.006722956)
(0.02783304 -0.003533108 -0.005319708)
(0.02866732 -0.003356473 -0.004168708)
(0.02888258 -0.003188886 -0.003251394)
(0.02849413 -0.003094262 -0.002547978)
(0.02745106 -0.003165905 -0.002056523)
(0.02550835 -0.003591258 -0.001786248)
(0.02213949 -0.004708699 -0.001813925)
(0.01593789 -0.007078831 -0.00221715)
(0.0071316 -0.01014159 -0.002582293)
(0.006455719 -0.008937313 0.001753318)
(0.01589282 -0.005898723 0.00232149)
(0.02233546 -0.002518628 0.002288421)
(0.02497014 -8.291645e-05 0.001960759)
(0.02499381 0.001246641 0.001596059)
(0.02378779 0.001744273 0.001291757)
(0.02221488 0.001783885 0.001046054)
(0.02065219 0.001619168 0.0008554262)
(0.019235 0.001375404 0.0007318431)
(0.01795727 0.001093493 0.0007090636)
(0.01673617 0.0007551787 0.0008385767)
(0.0153961 0.0003338804 0.001211119)
(0.01368984 -0.0001509124 0.001893956)
(0.01099966 -0.0004508281 0.00297516)
(0.007010501 -0.0002472135 0.00373285)
(0.0003902442 0.0005725855 0.003804875)
(-0.006203078 0.0006460649 0.002790265)
(-0.009868037 0.0004426201 0.001915264)
(-0.0124286 0.0006093738 0.001211988)
(-0.014215 0.0008589126 0.0008452292)
(-0.01573283 0.001101574 0.0007237724)
(-0.01719345 0.00132587 0.0007685221)
(-0.01872598 0.001529022 0.0009269794)
(-0.02035785 0.001662799 0.001164233)
(-0.02196919 0.001601523 0.001464176)
(-0.02319462 0.001099253 0.001823456)
(-0.02319572 -0.0001984 0.002229292)
(-0.02071056 -0.002519548 0.002562878)
(-0.01464998 -0.005651494 0.002572438)
(-0.005866637 -0.008239942 0.001965774)
(0.00358386 -0.02003266 0.001027463)
(0.01061798 -0.0149128 0.002209969)
(0.01553404 -0.008078147 0.002675228)
(0.01831725 -0.002961312 0.002603806)
(0.01969727 0.0002677289 0.002308365)
(0.01987707 0.001762608 0.002082051)
(0.01984628 0.002059583 0.001963811)
(0.01968475 0.00178745 0.001961756)
(0.01926943 0.001319 0.002092161)
(0.01844258 0.0008621921 0.002374162)
(0.01703546 0.0005244574 0.002795913)
(0.01483216 0.0003723585 0.003331452)
(0.01174646 0.0004386032 0.003765922)
(0.007592864 0.0009699832 0.004115044)
(0.002954622 0.002375946 0.003404941)
(-0.002633684 0.003707953 0.002735907)
(-0.006593922 0.002668509 0.003191991)
(-0.0101066 0.001555391 0.003337413)
(-0.01302406 0.001126715 0.003153923)
(-0.01519728 0.001032678 0.002786697)
(-0.01669294 0.001182168 0.002451878)
(-0.0176472 0.001483402 0.002216581)
(-0.01820119 0.001820175 0.002112761)
(-0.01849097 0.001982888 0.002135163)
(-0.01862474 0.001595565 0.002273034)
(-0.01850542 5.246139e-05 0.002517365)
(-0.01715195 -0.003103106 0.002800324)
(-0.01451188 -0.007973531 0.002815655)
(-0.009864697 -0.01432132 0.00229929)
(-0.003355627 -0.0186567 0.001138265)
(-0.000211895 -0.0259917 0.0003922499)
(0.0005863676 -0.01949345 0.002240184)
(0.0004189712 -0.0103994 0.003577778)
(0.0009117233 -0.003851592 0.004270086)
(0.001502736 8.561879e-06 0.004403059)
(0.003127419 0.001765927 0.004181879)
(0.003680405 0.002452257 0.004204176)
(0.003866122 0.002798243 0.004582716)
(0.003549004 0.003199651 0.00522841)
(0.002764382 0.003716947 0.006055909)
(0.001618204 0.004234534 0.006942218)
(8.957594e-05 0.004533349 0.007744757)
(-0.001386906 0.004418699 0.007787603)
(-0.00233702 0.004400107 0.00709812)
(-0.002435794 0.005091424 0.005340466)
(-0.002308645 0.005558807 0.004745723)
(-0.00177388 0.004875885 0.006093799)
(-0.001771828 0.004619576 0.006956394)
(-0.002415618 0.00461444 0.00703187)
(-0.003165968 0.004324393 0.006458281)
(-0.003736841 0.003843773 0.005763918)
(-0.004070022 0.003337676 0.005096682)
(-0.004061248 0.002906444 0.00456708)
(-0.003670645 0.002486673 0.004260626)
(-0.002934975 0.001710899 0.004271516)
(-0.001343868 -0.0001197051 0.004460868)
(-0.000875869 -0.003963172 0.004248577)
(-0.0004602716 -0.01020314 0.003495342)
(-0.0005976065 -0.01864525 0.002130087)
(5.905542e-05 -0.02423298 0.0003847223)
(-0.004962445 -0.02185616 -0.0004754121)
(-0.01133679 -0.01499246 0.001515073)
(-0.01678861 -0.008385339 0.003144285)
(-0.01941454 -0.004766759 0.004230183)
(-0.02050268 -0.00312448 0.004879775)
(-0.02068343 -0.002431427 0.005285628)
(-0.02031892 -0.002118224 0.005559599)
(-0.01981774 -0.002212999 0.00576503)
(-0.01917028 -0.002609433 0.005855341)
(-0.0182998 -0.003217875 0.005702477)
(-0.01706997 -0.003923737 0.00518096)
(-0.01530942 -0.004538441 0.00416514)
(-0.01258948 -0.00465772 0.002514272)
(-0.008867917 -0.003328968 0.0007730831)
(-0.004712407 2.850931e-05 -0.002378845)
(-0.0002887682 0.0008713661 -0.002841524)
(0.004377329 -0.002910048 0.0004200633)
(0.008529759 -0.004698486 0.002212336)
(0.01172084 -0.004846298 0.003738848)
(0.0138995 -0.004308134 0.004645636)
(0.01551115 -0.00360823 0.005137178)
(0.01673453 -0.002980586 0.005314013)
(0.01768984 -0.002553593 0.005277024)
(0.01845977 -0.002421991 0.00512724)
(0.01899467 -0.002670017 0.004891236)
(0.01897555 -0.003289892 0.004510881)
(0.01802595 -0.004858391 0.003879827)
(0.01555737 -0.008300489 0.002820027)
(0.0104686 -0.01445516 0.00123985)
(0.004429957 -0.02051108 -0.0005904629)
(-0.0106846 -0.01066657 -0.002605262)
(-0.02134877 -0.006185382 -0.002375827)
(-0.02847657 -0.003339372 -0.002456114)
(-0.03191847 -0.001957551 -0.002917945)
(-0.03369825 -0.001250482 -0.003697458)
(-0.03449045 -0.00083974 -0.004771319)
(-0.03462991 -0.0004880006 -0.006169569)
(-0.0342264 -7.844191e-05 -0.007944633)
(-0.03331432 0.0004462745 -0.01016444)
(-0.0318105 0.001160492 -0.01289863)
(-0.02953893 0.002125031 -0.01619531)
(-0.02623037 0.003350864 -0.02001213)
(-0.02129391 0.004745562 -0.02395959)
(-0.01529344 0.006254466 -0.02611874)
(-0.00827586 0.00863704 -0.02859353)
(0.00397031 0.009832652 -0.02919774)
(0.0123082 0.00736692 -0.02700614)
(0.01887062 0.005613003 -0.02493167)
(0.02411372 0.003918137 -0.02083808)
(0.02758458 0.002469044 -0.01689866)
(0.02994445 0.00135234 -0.01352208)
(0.03149345 0.0005355444 -0.01072931)
(0.03242429 -5.747413e-05 -0.008460614)
(0.03282845 -0.0005047985 -0.00664006)
(0.03268286 -0.0008781528 -0.005197705)
(0.03189225 -0.001300512 -0.004084528)
(0.03013851 -0.001999149 -0.003269637)
(0.02677708 -0.003323796 -0.002771214)
(0.01995046 -0.005988432 -0.002642303)
(0.009780741 -0.01002068 -0.002740903)
(0.006367746 -0.008027462 0.001003746)
(0.01576117 -0.005030934 0.001129492)
(0.02220766 -0.001902597 0.0008948522)
(0.02501909 0.0002681436 0.0005793905)
(0.02535732 0.001411286 0.0003603338)
(0.02453792 0.001808454 0.0002705986)
(0.02334021 0.001796934 0.000295679)
(0.02212829 0.001595981 0.0004380651)
(0.02105587 0.001306005 0.0007345501)
(0.02015603 0.000942479 0.001278024)
(0.0194148 0.0004518602 0.002231115)
(0.01869565 -0.0001802459 0.003934029)
(0.01773129 -0.0007822843 0.006781842)
(0.01526673 -0.0003870445 0.01079913)
(0.0103022 0.001112974 0.01403996)
(-0.0008023542 0.0027046 0.01476735)
(-0.01014479 0.001084778 0.01126842)
(-0.01378804 -0.0002748928 0.007308143)
(-0.01576792 -4.897722e-05 0.00422505)
(-0.01689228 0.0004466415 0.00246513)
(-0.01789154 0.0008813976 0.00149784)
(-0.01893444 0.001215552 0.0009838552)
(-0.02008845 0.001484291 0.0007460971)
(-0.02134174 0.001670723 0.0006845806)
(-0.0225596 0.001679524 0.0007550212)
(-0.023399 0.001302306 0.0009417696)
(-0.02311693 0.0002200886 0.001238309)
(-0.0204968 -0.001816907 0.001578737)
(-0.01447868 -0.004696937 0.001772491)
(-0.005761711 -0.007274052 0.001509829)
(0.003698555 -0.01877744 0.001296328)
(0.01110154 -0.0136618 0.001824572)
(0.0164074 -0.007194379 0.001905775)
(0.01958609 -0.002508046 0.00171921)
(0.02131852 0.0003438939 0.001489425)
(0.02189466 0.001610376 0.001467616)
(0.02222325 0.001804683 0.001583561)
(0.02243115 0.001466544 0.00184018)
(0.02244574 0.0009082705 0.002275633)
(0.02211659 0.0003104256 0.002952327)
(0.02127521 -0.0002136776 0.003919395)
(0.01956103 -0.00046093 0.005253289)
(0.0170389 5.990975e-05 0.006704137)
(0.01290586 0.00303075 0.007926965)
(0.00708408 0.008241412 0.007170264)
(-0.003390031 0.0110923 0.0064622)
(-0.01043563 0.005907006 0.006794817)
(-0.01461529 0.001414968 0.00616529)
(-0.01749406 0.0002192685 0.005002145)
(-0.01934013 0.0001582164 0.003857584)
(-0.02035435 0.0005055474 0.002988329)
(-0.02083729 0.0009778789 0.0023668)
(-0.02096141 0.00144168 0.001969486)
(-0.02086828 0.001714015 0.001749008)
(-0.0206267 0.001487164 0.001674083)
(-0.02010794 0.0002462479 0.001738852)
(-0.01844114 -0.002480945 0.001979587)
(-0.01539576 -0.00690891 0.002132887)
(-0.01035628 -0.0129045 0.001989275)
(-0.003462922 -0.01728928 0.001405443)
(6.90205e-05 -0.02496089 0.001626157)
(0.001648224 -0.01840506 0.00264439)
(0.002359107 -0.009644345 0.003540854)
(0.003511694 -0.003522969 0.004076786)
(0.004692676 8.341705e-05 0.004187227)
(0.006333264 0.001740308 0.00416027)
(0.007141307 0.00226757 0.004496696)
(0.007679269 0.002436613 0.005131253)
(0.007793503 0.002682062 0.006049187)
(0.007466773 0.003115004 0.007245942)
(0.006755434 0.003735547 0.008606365)
(0.005332418 0.004542541 0.009866152)
(0.003935444 0.006031731 0.009305826)
(0.002748967 0.009755755 0.006256525)
(0.001234169 0.01552828 0.001067066)
(-0.003194556 0.01746091 4.686742e-05)
(-0.005235706 0.01155256 0.004112158)
(-0.006009579 0.006574792 0.00756519)
(-0.007042733 0.004638759 0.008506897)
(-0.007905948 0.003815304 0.007714118)
(-0.008207818 0.003271803 0.006665233)
(-0.008209896 0.002873492 0.0056886)
(-0.007875243 0.002620281 0.004918584)
(-0.007205111 0.002410628 0.004380676)
(-0.006318677 0.001832544 0.004117337)
(-0.004713163 0.0001423497 0.004165744)
(-0.003555587 -0.003413772 0.004007184)
(-0.002436455 -0.009251307 0.003401763)
(-0.001673851 -0.01740152 0.002461482)
(-0.0002107785 -0.02310611 0.001470798)
(-0.004504188 -0.02154375 0.00159467)
(-0.009955088 -0.01457074 0.002625797)
(-0.01452223 -0.007769804 0.003888992)
(-0.01636793 -0.004011972 0.004899558)
(-0.01678018 -0.002251553 0.005541191)
(-0.01626821 -0.001450051 0.005949172)
(-0.01541752 -0.001069645 0.006258852)
(-0.01474865 -0.001057785 0.006395286)
(-0.01408342 -0.001240145 0.006288269)
(-0.01340378 -0.001377429 0.005643141)
(-0.01258758 -0.00103146 0.004043885)
(-0.01151938 0.0004874752 0.0009690347)
(-0.00906099 0.004395097 -0.004268314)
(-0.006189224 0.009870103 -0.008366074)
(-0.002685966 0.01725565 -0.01303209)
(-0.0005284261 0.01941093 -0.01377256)
(0.002949181 0.01184751 -0.009609245)
(0.006343445 0.005097908 -0.005469205)
(0.008645382 0.0003989919 -0.0003109668)
(0.009899892 -0.001474019 0.002851798)
(0.01091699 -0.001841874 0.00459873)
(0.01180466 -0.001640078 0.005397145)
(0.01267117 -0.001384042 0.005645046)
(0.01356993 -0.001315638 0.005597006)
(0.01460471 -0.001610808 0.005367274)
(0.01527528 -0.002332743 0.005021238)
(0.01500868 -0.004008444 0.004407442)
(0.01333219 -0.007585817 0.003418549)
(0.009127041 -0.01394565 0.002188241)
(0.004006505 -0.02014646 0.001237928)
(-0.0105651 -0.0104964 -5.054068e-05)
(-0.0211677 -0.005558149 -0.00101874)
(-0.02826123 -0.002386428 -0.001935111)
(-0.03174196 -0.0007454314 -0.0029569)
(-0.03364674 0.0002354777 -0.004166467)
(-0.034672 0.000967707 -0.00563698)
(-0.03518081 0.001686731 -0.007440813)
(-0.03528577 0.002497206 -0.009654683)
(-0.03510667 0.003499563 -0.01244874)
(-0.03452646 0.004810776 -0.01594272)
(-0.0332849 0.006521116 -0.02026775)
(-0.03082048 0.008650819 -0.02546867)
(-0.02520311 0.01107986 -0.03066171)
(-0.01874065 0.01354599 -0.03120256)
(-0.01030897 0.01863909 -0.03471847)
(0.005265532 0.02098535 -0.0355937)
(0.01600715 0.01543153 -0.0325836)
(0.02364206 0.01226316 -0.03192463)
(0.02957341 0.009405782 -0.02662983)
(0.03214512 0.007042483 -0.0213295)
(0.03337211 0.005169007 -0.01689448)
(0.03390437 0.003728006 -0.01329954)
(0.03402365 0.002618745 -0.01041305)
(0.03382457 0.001723294 -0.00809214)
(0.03322741 0.0009504536 -0.006196803)
(0.03213466 0.0001922635 -0.004664287)
(0.03019785 -0.0007838715 -0.003422128)
(0.02674888 -0.002368427 -0.002393018)
(0.01990507 -0.005358098 -0.001493522)
(0.009743738 -0.009849743 -0.0005179688)
(0.00634834 -0.008289107 -0.0002132085)
(0.01569677 -0.005525826 -0.0003782462)
(0.02221313 -0.002526637 -0.0005828234)
(0.02517454 -0.0003925882 -0.0007021327)
(0.02575392 0.0008454257 -0.0006805222)
(0.02514586 0.00137279 -0.0005272125)
(0.02416803 0.00146957 -0.0002879426)
(0.02323801 0.001341838 3.955513e-05)
(0.022605 0.001074118 0.0004930063)
(0.02244446 0.0006568144 0.001175824)
(0.02302349 2.204602e-05 0.002262931)
(0.02445099 -0.0005589841 0.004188491)
(0.02597166 0.0005490754 0.006850287)
(0.02341432 0.008171331 0.009445797)
(0.01575634 0.01710497 0.01322528)
(-0.005297275 0.02070626 0.01455913)
(-0.01855026 0.01094049 0.01073557)
(-0.02221266 0.001143177 0.008426604)
(-0.02182085 -0.0005377662 0.005153485)
(-0.02062604 -5.366628e-05 0.002892043)
(-0.02021285 0.0005815215 0.001649438)
(-0.02043968 0.001017162 0.0009173892)
(-0.02109452 0.001305964 0.0004812868)
(-0.02201576 0.001465761 0.0002132175)
(-0.02297797 0.001423567 5.910307e-05)
(-0.02359295 0.0009886208 7.911286e-07)
(-0.02310564 -0.0001150311 5.271401e-05)
(-0.0203749 -0.002078269 0.0002028373)
(-0.01434536 -0.004828288 0.0003696394)
(-0.005704544 -0.00724157 0.0003844872)
(0.003864377 -0.01893192 0.0008893546)
(0.01139238 -0.01414838 0.001113982)
(0.01677344 -0.007934957 0.001083119)
(0.02002058 -0.003413602 0.0009558662)
(0.02183499 -0.0006342616 0.0008787569)
(0.02276524 0.00071763 0.0009702839)
(0.02337948 0.001077872 0.0011697)
(0.02394757 0.0008845366 0.001458192)
(0.02447152 0.0004079877 0.0018564)
(0.02485364 -0.0001861683 0.002388987)
(0.02500934 -0.000718316 0.002940183)
(0.0244394 -0.0002551267 0.003532932)
(0.02270464 0.005056971 0.00214447)
(0.01767161 0.02236993 0.005313696)
(0.01089178 0.03928013 0.008505244)
(-0.003965202 0.04452738 0.009516648)
(-0.0135033 0.0276733 0.006157815)
(-0.01914139 0.006886438 0.003022297)
(-0.02206591 0.0003732533 0.003954211)
(-0.02305084 -0.0004345294 0.003204153)
(-0.02320124 -2.398925e-05 0.002571229)
(-0.0230199 0.0005041359 0.002000888)
(-0.02264841 0.0009464992 0.001591822)
(-0.02219039 0.001141486 0.001315709)
(-0.02165166 0.0008295774 0.001151941)
(-0.0208035 -0.0004113892 0.001092484)
(-0.01900781 -0.003004304 0.001187427)
(-0.01584818 -0.007233359 0.001294462)
(-0.01068462 -0.01297904 0.001277063)
(-0.003617873 -0.01712209 0.0009967813)
(0.0004924531 -0.02500618 0.001626512)
(0.002664238 -0.01877004 0.00225242)
(0.003829722 -0.01028317 0.00278611)
(0.005239221 -0.004321459 0.003127592)
(0.006539963 -0.000806156 0.003247574)
(0.008135159 0.0009301083 0.003392975)
(0.009331824 0.001639205 0.003818949)
(0.01042914 0.001950886 0.004439349)
(0.01133789 0.002275479 0.005265269)
(0.01196755 0.002818993 0.006303744)
(0.01230337 0.00388231 0.007239183)
(0.01122006 0.006584722 0.007515502)
(0.009524524 0.01543051 0.002257798)
(0.007231341 0.03539319 0.003315221)
(0.005195623 0.05531571 0.004754397)
(-0.001935977 0.06131075 0.005429204)
(-0.005476053 0.04152632 0.00328802)
(-0.008324932 0.01696585 0.001757307)
(-0.01127753 0.007056732 0.006615058)
(-0.0125527 0.004063935 0.006533952)
(-0.01229759 0.003002864 0.005804977)
(-0.01163933 0.002482697 0.004929476)
(-0.01071268 0.002168862 0.004218353)
(-0.009609753 0.001864645 0.003682681)
(-0.008407669 0.001181707 0.003324441)
(-0.006830873 -0.0005127677 0.003197116)
(-0.005467216 -0.003913712 0.003041836)
(-0.004013624 -0.009556408 0.002647063)
(-0.002724459 -0.01744022 0.002075307)
(-0.0006155256 -0.02290688 0.001467587)
(-0.003800606 -0.02187832 0.002002788)
(-0.008324939 -0.01513751 0.002665972)
(-0.0121607 -0.008107706 0.003564916)
(-0.01337462 -0.003992522 0.004346315)
(-0.0132363 -0.001922075 0.004824606)
(-0.01239045 -0.0009452038 0.005103358)
(-0.01120765 -0.0005162517 0.005347125)
(-0.01016064 -0.0004366547 0.005508744)
(-0.009294472 -0.0004065454 0.005379963)
(-0.008780819 6.847356e-05 0.004618823)
(-0.008805449 0.002108883 0.002660189)
(-0.01000019 0.007488819 -0.0008210154)
(-0.008285955 0.01956267 -0.006901213)
(-0.006678696 0.03507137 -0.002390549)
(-0.001802379 0.05286334 -0.002004968)
(0.001524849 0.0585169 -0.001484218)
(0.006535656 0.04053845 -0.002565945)
(0.008700734 0.02135054 -0.007390768)
(0.009424588 0.008158495 -0.001859002)
(0.00777907 0.002144766 0.001447015)
(0.007457884 -0.0001120915 0.003510183)
(0.007793244 -0.0006004934 0.004443752)
(0.008577461 -0.00058047 0.004729656)
(0.009609723 -0.0006023941 0.004701302)
(0.01079469 -0.0009786252 0.004562666)
(0.01178213 -0.001891187 0.004346095)
(0.01204775 -0.003860566 0.003894753)
(0.01100881 -0.00776204 0.00312719)
(0.007546262 -0.01433122 0.002248527)
(0.003347812 -0.02033331 0.0016528)
(-0.01005493 -0.01066833 0.001160204)
(-0.0204558 -0.005476873 0.0002412317)
(-0.02754744 -0.001953387 -0.0006918756)
(-0.03109295 1.309324e-05 -0.001638498)
(-0.03310781 0.001295725 -0.002691935)
(-0.03429629 0.002287947 -0.003922233)
(-0.03519138 0.003278777 -0.005440123)
(-0.03605958 0.004503671 -0.007383108)
(-0.03697813 0.006124116 -0.009881796)
(-0.03789983 0.008330571 -0.01311347)
(-0.03849132 0.01136032 -0.01730395)
(-0.03727183 0.01549227 -0.02229578)
(-0.02863394 0.02117813 -0.02560863)
(-0.0223864 0.02580615 -0.01728168)
(-0.01264397 0.03689961 -0.01757621)
(0.007054449 0.04158607 -0.01729319)
(0.02061701 0.02937136 -0.01773492)
(0.02878997 0.02262417 -0.02613503)
(0.03734048 0.01622888 -0.02303257)
(0.03846645 0.01183595 -0.01814297)
(0.03765253 0.008673611 -0.01392704)
(0.0364825 0.006362477 -0.01062034)
(0.03534066 0.004650201 -0.008031321)
(0.03427713 0.003348699 -0.005997995)
(0.03321532 0.002295864 -0.004408236)
(0.0318746 0.001267836 -0.003127385)
(0.02976033 -4.664077e-06 -0.002056582)
(0.02619549 -0.001898171 -0.001122684)
(0.01931723 -0.005216736 -0.0002286593)
(0.009309657 -0.009954398 0.0007004835)
(0.006294361 -0.009068904 -0.0002509806)
(0.01559007 -0.006598401 -0.0003616733)
(0.02218691 -0.003636935 -0.0004489516)
(0.02527021 -0.001422392 -0.0004845751)
(0.02599658 -1.849639e-06 -0.0004605246)
(0.02551375 0.0007459207 -0.0003870052)
(0.02461313 0.001015189 -0.0002811785)
(0.02377643 0.0009840875 -0.0001495758)
(0.02331795 0.0007174141 1.792193e-05)
(0.02349944 0.000181592 0.0002640828)
(0.02483286 -0.0005271201 0.0006504224)
(0.02644065 0.001299169 0.001472044)
(0.02192931 0.01968707 0.002551862)
(-0.02089431 0.01962767 0.003982929)
(-0.0252161 0.001362966 0.002434429)
(-0.02323779 -0.0005702945 0.001245369)
(-0.02168623 0.0001272942 0.0006752082)
(-0.02134774 0.0006957025 0.0003453204)
(-0.02169549 0.001008644 0.0001494714)
(-0.02244029 0.001106201 2.14912e-05)
(-0.02327532 0.0009439927 -6.343637e-05)
(-0.02375995 0.0003442379 -0.000112886)
(-0.02312339 -0.00090865 -0.0001201005)
(-0.02028675 -0.002914026 -8.484895e-05)
(-0.01420828 -0.005605238 -2.057635e-05)
(-0.005639336 -0.007763651 2.534399e-05)
(0.003867227 -0.01968429 0.0003527682)
(0.01128863 -0.01535951 0.0003980467)
(0.01657874 -0.009301575 0.0003619436)
(0.01975615 -0.004778753 0.0003011696)
(0.02150451 -0.001913615 0.0002722462)
(0.02264165 -0.0003767724 0.0003065399)
(0.02347534 0.0002125508 0.0003779978)
(0.02420746 0.000205112 0.00047398)
(0.02486511 -0.0001618999 0.0005851311)
(0.02514124 -0.0006594728 0.0006821798)
(0.02488032 -0.0004512716 0.0005902538)
(0.02046899 0.00702754 0.0003750683)
(0.01567889 0.0444529 -0.0003959374)
(-0.01496898 0.04438859 0.001012716)
(-0.01960757 0.007445388 0.001194342)
(-0.02378834 -0.0002108642 0.001011683)
(-0.0240566 -0.0005016904 0.0009302376)
(-0.02382694 -2.147979e-05 0.0007535304)
(-0.02324249 0.0003598244 0.0006052065)
(-0.02257678 0.0004214206 0.0004948523)
(-0.02182692 -6.185935e-05 0.0004241778)
(-0.02067338 -0.001429226 0.0003928558)
(-0.01890096 -0.004057835 0.0004076398)
(-0.01576193 -0.008250161 0.0004456066)
(-0.01064454 -0.01383241 0.0004534686)
(-0.003633613 -0.0175903 0.0003854196)
(0.0007114646 -0.02546733 0.0007544114)
(0.003075385 -0.0196955 0.000958465)
(0.00439514 -0.01142166 0.001159598)
(0.005855339 -0.005516289 0.001310818)
(0.007212147 -0.002038582 0.001371093)
(0.008726183 -0.0001511777 0.0014677)
(0.01019308 0.0008682436 0.001696154)
(0.01173168 0.001461628 0.002003236)
(0.01326714 0.002051937 0.002386579)
(0.01445447 0.003067903 0.002813185)
(0.01527156 0.005941825 0.002892343)
(0.01048362 0.01773218 0.002019409)
(0.00971073 0.0633212 -0.001660476)
(-0.009268144 0.06342622 -0.0004971971)
(-0.01039118 0.01813628 0.002246863)
(-0.0153496 0.006178976 0.002740948)
(-0.01476475 0.003288177 0.002629038)
(-0.01369022 0.002302835 0.002243496)
(-0.01224073 0.001750109 0.001903966)
(-0.01075158 0.001207963 0.001634453)
(-0.009276902 0.0002541352 0.001433446)
(-0.007730288 -0.001568827 0.001319793)
(-0.006255176 -0.004868709 0.001225578)
(-0.004687749 -0.01041229 0.001045255)
(-0.003188816 -0.01807753 0.0008297335)
(-0.0008346423 -0.02315182 0.0006429246)
(-0.003298353 -0.02228531 0.0009914723)
(-0.007241691 -0.01592656 0.001211807)
(-0.01055402 -0.008827674 0.001602714)
(-0.01124153 -0.004413569 0.002000286)
(-0.01052343 -0.001992472 0.00226142)
(-0.009467025 -0.0007353369 0.002393596)
(-0.007747987 -0.0002316338 0.002562235)
(-0.006071295 -3.784661e-05 0.0026938)
(-0.004609232 0.0002556399 0.002689874)
(-0.003899527 0.001654009 0.002360205)
(-0.004145064 0.007290188 0.001357112)
(-0.008714129 0.02332722 -0.0002772832)
(0.001340517 0.06429407 -0.004337996)
(-0.0009714937 0.06436386 -0.003503305)
(0.008749421 0.02372693 -0.0001397262)
(0.003978638 0.007594604 0.001108352)
(0.003272385 0.001750554 0.001935853)
(0.003606773 0.0002930656 0.002253771)
(0.004829815 9.402472e-06 0.002301369)
(0.006344336 -0.0001645088 0.002227652)
(0.008063652 -0.0006273621 0.002102864)
(0.009147067 -0.001834207 0.001995277)
(0.009963249 -0.004141574 0.001743027)
(0.009432513 -0.008316011 0.001349544)
(0.006486528 -0.0149443 0.000970513)
(0.00286851 -0.02060878 0.0007855858)
(-0.009452545 -0.01087217 0.0007297796)
(-0.0195091 -0.005543755 0.0002751013)
(-0.02642676 -0.001698464 -0.0001754263)
(-0.0298654 0.0005917794 -0.0006215998)
(-0.03176528 0.002172326 -0.001110685)
(-0.03277361 0.003412841 -0.001671898)
(-0.03376091 0.004765281 -0.002391872)
(-0.03494704 0.00658915 -0.003315451)
(-0.0365028 0.009167641 -0.00451369)
(-0.03843986 0.01292928 -0.006063314)
(-0.0398581 0.01869022 -0.008088499)
(-0.03685253 0.02842366 -0.01052099)
(-0.01668324 0.04750246 -0.0124673)
(0.01693691 0.04756096 -0.01188906)
(0.03702296 0.02857701 -0.01034016)
(0.04009998 0.01885397 -0.008146254)
(0.03854107 0.01308616 -0.006238764)
(0.03634604 0.009289758 -0.004733659)
(0.03452134 0.006656592 -0.003540041)
(0.03308431 0.00477348 -0.002599998)
(0.03186935 0.003377685 -0.001859768)
(0.03066993 0.002119546 -0.001286346)
(0.02863277 0.0005675144 -0.0007995394)
(0.02514968 -0.001624762 -0.0003714486)
(0.01842017 -0.005235261 4.911164e-05)
(0.008743058 -0.01009918 0.0004865822)
(0.006294654 -0.009016348 0.0004027867)
(0.01558785 -0.006540041 0.0005395997)
(0.02217694 -0.003584035 0.0006343482)
(0.02525178 -0.001378898 0.0006640304)
(0.02597214 3.049184e-05 0.0006242709)
(0.02548685 0.0007661917 0.0005303622)
(0.02458881 0.001026023 0.0004044118)
(0.02375632 0.0009883372 0.0002552446)
(0.02330343 0.0007162689 7.446065e-05)
(0.0234919 0.0001753749 -0.0001805276)
(0.02483541 -0.000538084 -0.0005692541)
(0.0264564 0.001290805 -0.001382302)
(0.02194847 0.01970714 -0.00245021)
(-0.02093533 0.01975335 -0.003629412)
(-0.02526104 0.001404226 -0.002070316)
(-0.02325474 -0.0005591514 -0.0009008641)
(-0.02167745 0.0001336425 -0.0003344571)
(-0.02132124 0.000701233 -1.393883e-07)
(-0.02165588 0.001015576 0.0002051483)
(-0.0223923 0.001117224 0.0003452651)
(-0.02322514 0.0009608935 0.0004424235)
(-0.02371417 0.0003682665 0.0004977155)
(-0.02308669 -0.0008791994 0.0004959499)
(-0.02026224 -0.002881673 0.0004365555)
(-0.01419567 -0.005572537 0.0003339849)
(-0.005635304 -0.007735209 0.0002292517)
(0.003875851 -0.01962233 -0.0003222387)
(0.01131091 -0.01528675 -0.0003690421)
(0.0166114 -0.009232187 -0.0003237535)
(0.01979363 -0.004719586 -0.0002561835)
(0.02154231 -0.001869903 -0.0002298193)
(0.02267827 -0.0003507495 -0.0002701761)
(0.02350524 0.0002233131 -0.0003453254)
(0.02423355 0.0002038779 -0.0004419386)
(0.02488754 -0.0001728913 -0.000551656)
(0.02515942 -0.0006791633 -0.0006447837)
(0.02489466 -0.0004782445 -0.0005449749)
(0.02047333 0.007010527 -0.0003110048)
(0.01568797 0.04447473 0.0004813974)
(-0.01497371 0.04459183 -0.0007769468)
(-0.01957945 0.007552737 -0.00102514)
(-0.02376679 -0.0001533918 -0.000869268)
(-0.02403449 -0.0004575301 -0.0007863079)
(-0.02380352 1.749915e-05 -0.0006058913)
(-0.02321785 0.0003972395 -0.0004567469)
(-0.0225516 0.0004607611 -0.0003503408)
(-0.021804 -1.821087e-05 -0.000289225)
(-0.02065937 -0.001383242 -0.0002748803)
(-0.01888742 -0.004011752 -0.0003158838)
(-0.01575134 -0.008203867 -0.0003906812)
(-0.01063866 -0.01378644 -0.0004302977)
(-0.003632211 -0.01755163 -0.0003620347)
(0.0007202626 -0.02541955 -0.0007974529)
(0.003103458 -0.0196357 -0.001028819)
(0.004442074 -0.0113587 -0.001231319)
(0.005913106 -0.005456479 -0.001376957)
(0.007272387 -0.001990212 -0.0014365)
(0.008781898 -0.0001176526 -0.001537543)
(0.01023387 0.0008865154 -0.001767651)
(0.01175705 0.001467589 -0.002072174)
(0.01327582 0.002049641 -0.002451069)
(0.01444751 0.003059033 -0.002870148)
(0.01525235 0.00592818 -0.002931123)
(0.01045631 0.01772546 -0.002008711)
(0.009709623 0.06335002 0.001725321)
(-0.009264498 0.06362233 0.0006219416)
(-0.0103665 0.01823059 -0.002255444)
(-0.01535512 0.006231415 -0.002830147)
(-0.01478338 0.003332418 -0.00273285)
(-0.01371482 0.002343229 -0.002345889)
(-0.01226435 0.001789319 -0.002002581)
(-0.0107687 0.001249437 -0.001730573)
(-0.009283279 0.0003013943 -0.001529717)
(-0.007715612 -0.001520368 -0.001426775)
(-0.006235466 -0.004826222 -0.001358743)
(-0.004668635 -0.01037201 -0.001205396)
(-0.003177107 -0.01803803 -0.001001089)
(-0.0008310709 -0.02311914 -0.000767664)
(-0.003294282 -0.0222598 -0.001081869)
(-0.007229331 -0.01589111 -0.001346737)
(-0.01053546 -0.008782924 -0.001763942)
(-0.01122199 -0.004367769 -0.002179605)
(-0.0105099 -0.001953646 -0.002445277)
(-0.009471032 -0.0007066709 -0.002568074)
(-0.007755387 -0.0002134577 -0.002723132)
(-0.006095425 -2.531362e-05 -0.002835433)
(-0.004645121 0.0002635791 -0.002802731)
(-0.00394101 0.001658676 -0.002433592)
(-0.004186555 0.007294174 -0.00138443)
(-0.00874419 0.02333834 0.0002934613)
(0.001333615 0.06431656 0.004381127)
(-0.0009620634 0.0645382 0.003543267)
(0.008780705 0.02382044 9.088907e-05)
(0.004006095 0.007629815 -0.001224798)
(0.003296878 0.001759477 -0.002095857)
(0.003631825 0.0002891728 -0.002441245)
(0.004854747 -1.909273e-06 -0.002504245)
(0.006371018 -0.0001821305 -0.002437937)
(0.008089826 -0.000653455 -0.002315643)
(0.009188224 -0.001856119 -0.002212667)
(0.01000094 -0.004150682 -0.001976198)
(0.009462935 -0.008307856 -0.001598341)
(0.006505963 -0.01492235 -0.001226574)
(0.002875458 -0.02058821 -0.0009922747)
(-0.009454705 -0.01085936 -0.00084022)
(-0.01951289 -0.005529265 -0.0004028921)
(-0.02642813 -0.001684954 5.124539e-05)
(-0.02986392 0.0006028389 0.0005056171)
(-0.03176274 0.002180006 0.001004808)
(-0.03277117 0.003416505 0.001575163)
(-0.03376603 0.004767593 0.002307452)
(-0.03495825 0.006591893 0.003245742)
(-0.03651895 0.009170278 0.004460159)
(-0.03845908 0.01293221 0.00602679)
(-0.03987832 0.0186948 0.008069168)
(-0.03686966 0.02843254 0.01051768)
(-0.01669107 0.04751945 0.0124768)
(0.01695962 0.04770533 0.01179551)
(0.03707873 0.02866766 0.01021622)
(0.04016317 0.01891042 0.008011754)
(0.03860172 0.01312211 0.006101418)
(0.03640232 0.009312592 0.004595888)
(0.0345737 0.006670439 0.003402128)
(0.03313285 0.004780594 0.002461135)
(0.03191302 0.00337843 0.001716854)
(0.03070093 0.002114687 0.00113177)
(0.02865368 0.0005609003 0.0006251416)
(0.02516324 -0.001629376 0.0001687134)
(0.0184308 -0.005234139 -0.0002842889)
(0.008750051 -0.01009224 -0.0007158755)
(0.006342863 -0.008214366 0.0002657799)
(0.01568293 -0.005440226 0.000446869)
(0.02218308 -0.002446399 0.0006648335)
(0.02512909 -0.0003255218 0.0007911619)
(0.02569577 0.0008910259 0.0007694764)
(0.02508866 0.001399527 0.0006141226)
(0.02411842 0.001483187 0.0003726827)
(0.02319929 0.001346378 4.386014e-05)
(0.02257833 0.001072337 -0.0004102077)
(0.02243256 0.0006489798 -0.001092064)
(0.02303227 7.324349e-06 -0.002177299)
(0.02448936 -0.0005792608 -0.00409955)
(0.02604686 0.0005271083 -0.006758218)
(0.02352079 0.008112224 -0.009374479)
(0.01589439 0.0170153 -0.01316933)
(-0.005051521 0.02075496 -0.0145398)
(-0.01851859 0.01103299 -0.01067367)
(-0.0222096 0.001217659 -0.008302828)
(-0.02179982 -0.0004944134 -0.00498882)
(-0.02057482 -2.273674e-05 -0.002691753)
(-0.02013702 0.0006049869 -0.001420819)
(-0.02033983 0.001036996 -0.0006633112)
(-0.02097563 0.001324924 -0.0002031607)
(-0.0218843 0.001486136 8.782287e-05)
(-0.02284092 0.00145055 0.000260656)
(-0.02346242 0.001028908 0.0003305051)
(-0.02299877 -5.987382e-05 0.0002774155)
(-0.02029724 -0.002017868 0.0001075534)
(-0.01430051 -0.004767734 -9.437592e-05)
(-0.00568706 -0.007188548 -0.0001650561)
(0.003874553 -0.01884386 -0.0008955651)
(0.01141931 -0.01403904 -0.001122974)
(0.01681343 -0.007823015 -0.001081844)
(0.02006501 -0.003311576 -0.0009431514)
(0.02188304 -0.0005553595 -0.0008557072)
(0.02279813 0.0007674936 -0.0009410403)
(0.02340986 0.001102214 -0.001133743)
(0.02397642 0.0008885552 -0.00141671)
(0.02450012 0.0003952084 -0.001810231)
(0.02488438 -0.0002141346 -0.002338739)
(0.02504414 -0.0007603113 -0.002885435)
(0.02448697 -0.0003067971 -0.003473449)
(0.02277003 0.005030485 -0.002073137)
(0.01775485 0.02226699 -0.005259158)
(0.0109651 0.03914586 -0.008462197)
(-0.003821431 0.04459273 -0.009492054)
(-0.01349115 0.02782276 -0.006095325)
(-0.01912592 0.007051074 -0.002927971)
(-0.02203355 0.0004930284 -0.003861732)
(-0.02300388 -0.000336266 -0.003109935)
(-0.02314353 6.748716e-05 -0.00247197)
(-0.02295587 0.0005935423 -0.001896031)
(-0.02257995 0.001038301 -0.001482973)
(-0.02212082 0.001239742 -0.001205953)
(-0.0215863 0.0009375483 -0.001045567)
(-0.02076234 -0.0002979633 -0.0009938397)
(-0.01896704 -0.002898078 -0.001106828)
(-0.01581542 -0.007139455 -0.001235969)
(-0.01066329 -0.01289622 -0.001242371)
(-0.003611308 -0.01705199 -0.0009641465)
(0.0005035928 -0.02494264 -0.001669697)
(0.002698812 -0.01868712 -0.00231672)
(0.003888971 -0.01019143 -0.002851594)
(0.005312999 -0.00423074 -0.003182732)
(0.006623225 -0.0007318067 -0.003296016)
(0.00820249 0.000976806 -0.003438773)
(0.009382341 0.001660096 -0.003859442)
(0.01045631 0.001955591 -0.00447775)
(0.01133884 0.002270482 -0.005305485)
(0.01194361 0.002807675 -0.006348818)
(0.01226033 0.003865757 -0.007289435)
(0.01116488 0.006565029 -0.007560084)
(0.009507308 0.01543518 -0.002255186)
(0.007248272 0.03528132 -0.003297717)
(0.005199881 0.05516152 -0.004725409)
(-0.00188516 0.06137582 -0.005402003)
(-0.005518911 0.0416777 -0.003218355)
(-0.008371364 0.01717916 -0.001679497)
(-0.01130942 0.007128617 -0.006592169)
(-0.01260409 0.004115184 -0.006543659)
(-0.01236439 0.003052356 -0.005832303)
(-0.01171266 0.002534784 -0.004966025)
(-0.01078304 0.00222537 -0.0042602)
(-0.009666967 0.001928769 -0.003728157)
(-0.008445565 0.001257638 -0.00337211)
(-0.006829488 -0.0004320465 -0.003247934)
(-0.005444112 -0.003840689 -0.003106449)
(-0.003984043 -0.009491031 -0.002740066)
(-0.002703212 -0.01737766 -0.002184334)
(-0.0006105768 -0.02284929 -0.001544264)
(-0.003795255 -0.02184601 -0.002067724)
(-0.008311427 -0.01509134 -0.00275881)
(-0.01213976 -0.008051076 -0.003669714)
(-0.01334992 -0.003937292 -0.004455129)
(-0.01321578 -0.001875758 -0.0049306)
(-0.01237438 -0.0009083317 -0.00520443)
(-0.01121808 -0.0004898638 -0.00544743)
(-0.01019459 -0.0004171681 -0.005604493)
(-0.009349534 -0.0003932465 -0.005469312)
(-0.008848567 7.560306e-05 -0.004697411)
(-0.008876152 0.002109942 -0.002722761)
(-0.01006373 0.007482963 0.0007828938)
(-0.008307656 0.01955958 0.006892456)
(-0.006695798 0.03496888 0.00239998)
(-0.001856906 0.05270627 0.002027681)
(0.001495486 0.05857289 0.001509102)
(0.00646077 0.04065398 0.002627375)
(0.008656233 0.02148974 0.007423955)
(0.009442795 0.008215998 0.001825713)
(0.007792584 0.002170675 -0.001536078)
(0.007464174 -0.0001024145 -0.003638042)
(0.007793742 -0.0005999834 -0.004594718)
(0.008574085 -0.0005872003 -0.004892729)
(0.0096076 -0.0006169322 -0.004868632)
(0.01079385 -0.001006349 -0.00473078)
(0.01180692 -0.001922598 -0.00450733)
(0.01207882 -0.003880463 -0.004059103)
(0.01104072 -0.007759457 -0.003300489)
(0.007568655 -0.01430432 -0.002430256)
(0.003353449 -0.02030021 -0.001794665)
(-0.01005535 -0.01065502 -0.001224943)
(-0.02045878 -0.005463026 -0.0003156576)
(-0.02755072 -0.001942572 0.0006233372)
(-0.03109412 1.929425e-05 0.001575882)
(-0.0331104 0.001297298 0.002634107)
(-0.03430073 0.002286318 0.00386775)
(-0.035203 0.003276797 0.00539192)
(-0.03607635 0.004500934 0.007341875)
(-0.0369991 0.006120195 0.009847833)
(-0.0379226 0.008325149 0.01308656)
(-0.03851378 0.01135287 0.01728393)
(-0.0372912 0.01548083 0.02228312)
(-0.02863592 0.02115635 0.02560238)
(-0.02241649 0.0257299 0.01727745)
(-0.01275522 0.03677973 0.01758438)
(0.006905896 0.04163382 0.01730292)
(0.02052534 0.02943356 0.01776245)
(0.02876995 0.0226924 0.02614463)
(0.03737237 0.01626905 0.02300331)
(0.03850619 0.01185676 0.0180795)
(0.03769428 0.008682182 0.01383702)
(0.03652584 0.006362899 0.01050982)
(0.03538618 0.004644607 0.007904648)
(0.03432453 0.003337746 0.005858602)
(0.03326372 0.002278103 0.004259739)
(0.03191072 0.001243983 0.002967748)
(0.02978461 -2.854218e-05 0.001884528)
(0.02621042 -0.001916691 0.0009359678)
(0.01932375 -0.005223441 2.590707e-05)
(0.009311778 -0.009948063 -0.0008755932)
(0.006363113 -0.007967848 -0.001028047)
(0.0157462 -0.00495825 -0.001150102)
(0.02217135 -0.001831538 -0.0009001461)
(0.02496123 0.0003247051 -0.000566277)
(0.02528268 0.00144685 -0.0003316162)
(0.02446194 0.00182647 -0.0002281414)
(0.02327162 0.001802413 -0.0002417251)
(0.02207197 0.001592677 -0.0003739213)
(0.02101506 0.001296355 -0.0006612842)
(0.02013254 0.0009278897 -0.00119759)
(0.01941036 0.0004324651 -0.002146476)
(0.01871386 -0.0002047487 -0.003851573)
(0.01777519 -0.0008118616 -0.006710175)
(0.01534776 -0.0004259686 -0.01074616)
(0.01041996 0.001064236 -0.01400864)
(-0.0005947711 0.002719096 -0.01477634)
(-0.01005111 0.001149097 -0.01127042)
(-0.01370046 -0.0002278105 -0.007276893)
(-0.01567556 -1.216991e-05 -0.004161863)
(-0.0167763 0.0004807601 -0.002375177)
(-0.01774758 0.0009158282 -0.00138322)
(-0.01876272 0.001252525 -0.0008452784)
(-0.01989258 0.001526149 -0.0005829613)
(-0.0211288 0.001720175 -0.0004963441)
(-0.02234151 0.001740223 -0.0005416604)
(-0.02319344 0.001379316 -0.0007057304)
(-0.02294961 0.0003168281 -0.0009868952)
(-0.0203739 -0.001712858 -0.001329691)
(-0.01440727 -0.004600102 -0.00154155)
(-0.005732921 -0.007193609 -0.001319815)
(0.003704785 -0.01871229 -0.00132284)
(0.0111171 -0.01357246 -0.001854085)
(0.01642642 -0.007096007 -0.00192368)
(0.01960303 -0.002413345 -0.001721236)
(0.02131085 0.0004138565 -0.001476937)
(0.02188212 0.001647111 -0.001440855)
(0.02221239 0.001815706 -0.00154714)
(0.02242286 0.001459257 -0.001797756)
(0.02244027 0.0008884809 -0.00223068)
(0.02211318 0.0002827243 -0.002908485)
(0.02127258 -0.0002463316 -0.003880901)
(0.0195568 -0.0004964967 -0.005223591)
(0.0170357 1.798586e-05 -0.006691928)
(0.0129086 0.002972265 -0.007934561)
(0.00708728 0.008166755 -0.00718311)
(-0.003360463 0.01113105 -0.006439669)
(-0.01043252 0.006007013 -0.006737253)
(-0.01459231 0.001494686 -0.006091532)
(-0.01746008 0.0002881193 -0.004921307)
(-0.01929214 0.0002278318 -0.003775906)
(-0.02029333 0.0005827304 -0.002905632)
(-0.02076357 0.00106613 -0.002282448)
(-0.02087687 0.001543963 -0.001883333)
(-0.02077557 0.001833566 -0.001661164)
(-0.02052956 0.001628009 -0.001584635)
(-0.02001829 0.000408484 -0.001649331)
(-0.01838978 -0.002320507 -0.001891383)
(-0.01535149 -0.006770843 -0.002057204)
(-0.01032624 -0.01278705 -0.001931753)
(-0.003451995 -0.0171898 -0.001354295)
(7.38918e-05 -0.02491671 -0.001666522)
(0.001664836 -0.01833803 -0.002699536)
(0.002393183 -0.009561267 -0.003596915)
(0.003553661 -0.00343383 -0.004121158)
(0.004775743 0.0001492232 -0.004208397)
(0.006372375 0.001774826 -0.004176838)
(0.007163094 0.00228076 -0.004514287)
(0.007678205 0.002441079 -0.005153111)
(0.007768534 0.002685097 -0.006079274)
(0.00741921 0.003119892 -0.007286866)
(0.006687191 0.003742247 -0.008659247)
(0.005242233 0.004547471 -0.00992916)
(0.00383487 0.006023282 -0.009362973)
(0.002656142 0.009723602 -0.006301432)
(0.001137921 0.01547927 -0.001081239)
(-0.003264525 0.01748386 -1.011551e-05)
(-0.005327231 0.01161862 -0.00401307)
(-0.006085839 0.006620404 -0.007458522)
(-0.007119213 0.004670714 -0.008427975)
(-0.007995663 0.003843643 -0.007658014)
(-0.008314479 0.003301321 -0.006624893)
(-0.008330618 0.002908636 -0.005660357)
(-0.008003941 0.00266483 -0.004900567)
(-0.007330833 0.002467315 -0.004370566)
(-0.006431145 0.001902908 -0.004104918)
(-0.004829612 0.0002266464 -0.004145148)
(-0.003575425 -0.003312003 -0.004011789)
(-0.002438342 -0.009159761 -0.003435528)
(-0.001663415 -0.01731573 -0.002516328)
(-0.0002087573 -0.02302301 -0.001506597)
(-0.004505661 -0.02151858 -0.001644613)
(-0.009957934 -0.01453138 -0.002690703)
(-0.01452218 -0.007723957 -0.003958246)
(-0.0163636 -0.003970683 -0.004966926)
(-0.0167764 -0.002216107 -0.005603971)
(-0.0162628 -0.001414732 -0.006007196)
(-0.01543853 -0.00104234 -0.006314819)
(-0.01478965 -0.001037639 -0.006456028)
(-0.01414405 -0.001224996 -0.006351716)
(-0.01348006 -0.001366652 -0.005707137)
(-0.01267555 -0.001024679 -0.004105413)
(-0.01161584 0.0004883491 -0.001021746)
(-0.009156898 0.004379861 0.004234896)
(-0.006285492 0.009835054 0.008344581)
(-0.00279221 0.01719153 0.01301738)
(-0.0006228791 0.01943962 0.0137931)
(0.002860375 0.01192249 0.009657889)
(0.006299391 0.005153008 0.005510281)
(0.00862711 0.000421117 0.0002879245)
(0.009884972 -0.001457643 -0.002918442)
(0.01089504 -0.001827246 -0.004693339)
(0.01177067 -0.001625908 -0.005509625)
(0.01262528 -0.001370885 -0.005768839)
(0.01351824 -0.001303247 -0.005723096)
(0.01455514 -0.001604273 -0.005495901)
(0.01524426 -0.002343294 -0.005151006)
(0.01499206 -0.004016449 -0.004538221)
(0.01332995 -0.007575891 -0.003550557)
(0.009131431 -0.01391389 -0.002321468)
(0.004005836 -0.02009961 -0.001336731)
(-0.01056885 -0.01048472 7.649455e-06)
(-0.02117505 -0.005546468 0.0009737848)
(-0.02826847 -0.002377671 0.001894172)
(-0.03174937 -0.0007407228 0.002919635)
(-0.0336576 0.0002363229 0.004131964)
(-0.03468742 0.0009670154 0.005604866)
(-0.03519943 0.001684549 0.007410184)
(-0.03531124 0.002492843 0.009627483)
(-0.03513848 0.003493253 0.01242421)
(-0.034564 0.004802178 0.01591987)
(-0.03332716 0.006509267 0.02024559)
(-0.03086675 0.008633544 0.02544687)
(-0.02525407 0.01105303 0.03063996)
(-0.01881423 0.01350072 0.03117244)
(-0.0104174 0.01857425 0.03469147)
(0.005112697 0.02100471 0.0355964)
(0.01592371 0.01545832 0.03259088)
(0.02360823 0.01228852 0.03192376)
(0.02957142 0.009419947 0.02658785)
(0.03215331 0.007045083 0.02125071)
(0.03338712 0.00516277 0.01678572)
(0.03392386 0.00371554 0.0131663)
(0.0340468 0.002601339 0.01025994)
(0.03384935 0.001700704 0.007922194)
(0.03325239 0.00092264 0.006014874)
(0.03215435 0.0001624539 0.004474749)
(0.03020836 -0.0008100147 0.003227789)
(0.02675147 -0.002386909 0.002198178)
(0.01990391 -0.0053635 0.001303842)
(0.009739955 -0.009837387 0.0003655313)
(0.00645723 -0.00891663 -0.001831754)
(0.01588711 -0.005868616 -0.002400098)
(0.02231052 -0.002485933 -0.002348841)
(0.02492258 -5.702003e-05 -0.001997585)
(0.02492802 0.001260766 -0.001607325)
(0.02371811 0.001748283 -0.001278543)
(0.02215218 0.001780983 -0.001010963)
(0.02060363 0.00161235 -0.0008018083)
(0.0192043 0.001366933 -0.0006634522)
(0.01794575 0.001084958 -0.0006297287)
(0.01674364 0.0007473367 -0.000752419)
(0.01542114 0.0003269447 -0.001123034)
(0.01373025 -0.0001577246 -0.001811253)
(0.0110561 -0.0004587087 -0.002908302)
(0.007077695 -0.0002587599 -0.003699015)
(0.0004922046 0.0005719992 -0.003810764)
(-0.006129652 0.0006638748 -0.002809774)
(-0.009778123 0.0004545753 -0.001941939)
(-0.01231652 0.000619664 -0.001231192)
(-0.01407098 0.0008702948 -0.0008533197)
(-0.01555439 0.00111551 -0.0007185994)
(-0.01698065 0.001344154 -0.0007480939)
(-0.01848218 0.00155472 -0.0008886394)
(-0.02009076 0.001700361 -0.001104452)
(-0.02169357 0.001657708 -0.001378828)
(-0.02293394 0.001182463 -0.001709246)
(-0.02298496 -8.345731e-05 -0.002088424)
(-0.02055569 -0.002387113 -0.002407662)
(-0.01456091 -0.005518971 -0.002414149)
(-0.005831173 -0.008123748 -0.001826803)
(0.003584842 -0.02001054 -0.00106069)
(0.010616 -0.01487091 -0.002245295)
(0.01552404 -0.008021207 -0.002701965)
(0.01829646 -0.002899925 -0.00261709)
(0.01965206 0.0003162247 -0.002304691)
(0.01982704 0.001787037 -0.002064863)
(0.01979898 0.002066474 -0.001939266)
(0.01964249 0.001785756 -0.001934935)
(0.01923219 0.001315225 -0.002066916)
(0.01840955 0.0008611223 -0.002352923)
(0.01700567 0.000528608 -0.002779722)
(0.01480367 0.0003821591 -0.003320774)
(0.01171769 0.0004489884 -0.003761022)
(0.007562364 0.0009750068 -0.004117973)
(0.002917926 0.00236818 -0.003412566)
(-0.002672723 0.003713237 -0.002705727)
(-0.006619964 0.002679321 -0.003125561)
(-0.01011642 0.001554594 -0.003264372)
(-0.01302003 0.001124559 -0.003078377)
(-0.0151796 0.001035866 -0.002710012)
(-0.01666102 0.001196265 -0.002374194)
(-0.0176008 0.00151321 -0.00213826)
(-0.01814165 0.00187125 -0.002033145)
(-0.01841988 0.002062948 -0.002051855)
(-0.01854605 0.001718584 -0.002181257)
(-0.01843421 0.0002278312 -0.002412045)
(-0.01712829 -0.00290622 -0.002693451)
(-0.01448853 -0.007784892 -0.002725095)
(-0.009848275 -0.01414444 -0.002221623)
(-0.003348019 -0.01850161 -0.001070693)
(-0.0002153743 -0.02597694 -0.0004170723)
(0.0005753812 -0.01945809 -0.002273488)
(0.0004078395 -0.01033947 -0.0036165)
(0.0008992253 -0.003783134 -0.004304579)
(0.001520898 5.877992e-05 -0.004413313)
(0.003136331 0.001798074 -0.004177329)
(0.003664364 0.002472217 -0.004207957)
(0.003840481 0.002814734 -0.004599144)
(0.00351244 0.003218523 -0.005256981)
(0.00271881 0.003738875 -0.006093666)
(0.001565249 0.004257597 -0.006984512)
(2.561811e-05 0.004553938 -0.007785861)
(-0.001452162 0.004430424 -0.007817507)
(-0.002406399 0.004405763 -0.007116348)
(-0.002505922 0.005088714 -0.005347702)
(-0.00237382 0.00556771 -0.004708611)
(-0.001841009 0.004895888 -0.006006249)
(-0.001835543 0.004637279 -0.006859657)
(-0.002485379 0.004634804 -0.0069356)
(-0.003254873 0.004343228 -0.006361696)
(-0.003852063 0.00386142 -0.005666435)
(-0.004214623 0.003358167 -0.005000287)
(-0.004235322 0.002937133 -0.004474396)
(-0.003861571 0.002538908 -0.004171419)
(-0.003167272 0.001793147 -0.004177504)
(-0.001574943 -1.021408e-05 -0.00438118)
(-0.0009823628 -0.003812704 -0.004204522)
(-0.0005291978 -0.01005789 -0.003467806)
(-0.0006263624 -0.01850092 -0.00212617)
(5.096366e-05 -0.02409703 -0.0003762162)
(-0.004971476 -0.02184178 0.0004555965)
(-0.01135888 -0.01496519 -0.001539968)
(-0.01681555 -0.008353934 -0.003170123)
(-0.0194404 -0.004740184 -0.004250898)
(-0.02052973 -0.003102574 -0.004897519)
(-0.02071392 -0.002408878 -0.005301801)
(-0.02034817 -0.002097159 -0.005577627)
(-0.01985906 -0.002196282 -0.005787615)
(-0.01922249 -0.002595001 -0.005880402)
(-0.01836341 -0.003204729 -0.005727769)
(-0.01714419 -0.003911367 -0.005203951)
(-0.01539403 -0.004528104 -0.004182515)
(-0.01268301 -0.004652886 -0.00252331)
(-0.008965039 -0.003327 -0.000772408)
(-0.004807299 9.401065e-06 0.002374972)
(-0.0003932951 0.0008957172 0.002870152)
(0.00429797 -0.002846344 -0.0003735665)
(0.008468433 -0.004652992 -0.002204657)
(0.01167198 -0.0048042 -0.003757547)
(0.01384844 -0.004263602 -0.004679525)
(0.01544839 -0.003558551 -0.005181307)
(0.01665354 -0.002924871 -0.00536564)
(0.01758963 -0.002491264 -0.005335225)
(0.01833849 -0.002350823 -0.005192699)
(0.01889035 -0.002603045 -0.004966418)
(0.01887797 -0.003235856 -0.004592866)
(0.01794533 -0.004801817 -0.003961651)
(0.01550051 -0.008235261 -0.002896637)
(0.01043591 -0.01438455 -0.001315342)
(0.004417903 -0.02043333 0.0005433371)
(-0.01069121 -0.01065779 0.002600634)
(-0.02135963 -0.006176793 0.002370884)
(-0.02848922 -0.003332449 0.002452947)
(-0.03193375 -0.00195389 0.002916402)
(-0.03371905 -0.001250448 0.003695974)
(-0.03451784 -0.000842101 0.004769596)
(-0.03466362 -0.0004917831 0.006167309)
(-0.0342668 -8.325098e-05 0.007941334)
(-0.03336134 0.0004396383 0.0101594)
(-0.03186427 0.001151703 0.01289127)
(-0.02959928 0.002113282 0.01618473)
(-0.02629717 0.003334435 0.01999697)
(-0.02136883 0.004722376 0.02393797)
(-0.01538445 0.006223647 0.02609194)
(-0.008374294 0.00860122 0.02857185)
(0.003828594 0.009837154 0.02919426)
(0.01222559 0.007373367 0.02699028)
(0.01881893 0.005625162 0.02491218)
(0.02408645 0.003925365 0.02078787)
(0.02757084 0.002470003 0.01681985)
(0.02993865 0.00134902 0.01341794)
(0.03149214 0.0005299604 0.01060315)
(0.03242608 -6.414092e-05 0.00831562)
(0.03283239 -0.0005137995 0.006478992)
(0.03268786 -0.0008870665 0.005023595)
(0.03189429 -0.001306578 0.003900701)
(0.03013641 -0.001998732 0.003083088)
(0.0267722 -0.003316227 0.002591973)
(0.01994552 -0.005971918 0.002482339)
(0.009776039 -0.009992292 0.002633169)
(0.006072723 -0.009186244 -0.0008155942)
(0.01485873 -0.006746575 -0.001439488)
(0.02062386 -0.003371197 -0.001566541)
(0.02242288 -0.000741042 -0.001394111)
(0.02154647 0.0007682446 -0.001115303)
(0.01945804 0.001377099 -0.000841666)
(0.01717589 0.001475527 -0.0005963882)
(0.01511815 0.001361689 -0.0003851)
(0.01340259 0.00119664 -0.0002130538)
(0.01197715 0.001041592 -8.829835e-05)
(0.01070906 0.0008973516 -1.812976e-05)
(0.009422529 0.0007552778 -1.271469e-05)
(0.007941293 0.0006358679 -5.159079e-05)
(0.006016801 0.0006408494 -9.520204e-05)
(0.003575117 0.0008899524 0.0001147945)
(0.0005467225 0.001323297 0.0003431262)
(-0.002652376 0.001371957 0.0003009617)
(-0.005082229 0.001126234 0.0001122797)
(-0.007056407 0.001012375 6.018016e-05)
(-0.008637919 0.000998967 2.357005e-06)
(-0.0100922 0.001051772 -8.490471e-05)
(-0.01161223 0.001157194 -0.0002131051)
(-0.01335772 0.001297985 -0.0003816158)
(-0.01540003 0.001407243 -0.0005857582)
(-0.01764222 0.001326545 -0.0008204315)
(-0.01968709 0.0007656212 -0.001079577)
(-0.02056139 -0.0006499659 -0.001338868)
(-0.01889111 -0.003104345 -0.001488319)
(-0.01353741 -0.006174994 -0.001348184)
(-0.005436719 -0.008197006 -0.0007544211)
(0.00375129 -0.0201318 -2.837486e-06)
(0.01001816 -0.01610212 -0.0009024204)
(0.01399129 -0.009329369 -0.001428728)
(0.01559793 -0.003787004 -0.001572021)
(0.01577181 -0.0001338505 -0.001466539)
(0.01502751 0.001666188 -0.001280989)
(0.014172 0.002130771 -0.001135536)
(0.01334255 0.001968093 -0.00105742)
(0.01238076 0.001652969 -0.001048926)
(0.01113715 0.00144414 -0.001100728)
(0.009514444 0.001457382 -0.001176545)
(0.007475024 0.001714563 -0.001219404)
(0.005117235 0.00213956 -0.001112665)
(0.00260795 0.002639937 -0.0008079542)
(0.0004156808 0.003210668 -0.0001364093)
(-0.001062858 0.003697903 9.921932e-05)
(-0.002455141 0.003531118 -0.0003861762)
(-0.004298767 0.002874286 -0.0008442424)
(-0.006328055 0.002276185 -0.001061245)
(-0.008210474 0.001863361 -0.001104729)
(-0.009806616 0.00170888 -0.001078336)
(-0.01109652 0.001789191 -0.001054686)
(-0.01214175 0.00199547 -0.001077279)
(-0.01305785 0.002079721 -0.0011609)
(-0.01397674 0.001581362 -0.001303702)
(-0.01473533 -0.0001780631 -0.001478129)
(-0.01459207 -0.003677757 -0.001560354)
(-0.0130432 -0.008895803 -0.001396987)
(-0.009283721 -0.0150767 -0.0008734261)
(-0.003463028 -0.01837555 -3.334991e-05)
(0.0006617842 -0.02578621 0.0005516696)
(0.001176958 -0.02074194 -0.0005484425)
(0.0001912845 -0.01201705 -0.001525094)
(-0.0007273332 -0.005101948 -0.002087591)
(-0.001535818 -0.001202506 -0.002237962)
(-0.001249 0.0006060454 -0.002099665)
(-0.001128982 0.001391419 -0.001967757)
(-0.001282849 0.00185385 -0.002066392)
(-0.001866802 0.002286294 -0.002291164)
(-0.002752306 0.002677043 -0.002523391)
(-0.003689456 0.002914275 -0.002644855)
(-0.004427186 0.002912174 -0.002595505)
(-0.00464441 0.002693255 -0.002331929)
(-0.004124658 0.002467147 -0.001927253)
(-0.002849916 0.002540247 -0.001377297)
(-0.001007388 0.002767639 -0.001169027)
(0.0007948051 0.002910177 -0.001564573)
(0.00189439 0.002950345 -0.002014972)
(0.002288512 0.003000396 -0.00231644)
(0.002142105 0.002886847 -0.002404199)
(0.001711807 0.002612019 -0.002334703)
(0.001222624 0.002228764 -0.002172917)
(0.000899832 0.001807404 -0.002015227)
(0.000870343 0.001336606 -0.001963256)
(0.001024684 0.0005327295 -0.002099646)
(0.001247399 -0.001273202 -0.00220336)
(0.0004869226 -0.005052625 -0.002022711)
(-0.000383268 -0.01160336 -0.001450986)
(-0.001228458 -0.01951141 -0.000515779)
(-0.0007286743 -0.02369028 0.0004945181)
(-0.003218611 -0.0217605 0.00131065)
(-0.009072928 -0.01622721 0.0001806029)
(-0.01472986 -0.009862993 -0.0008696411)
(-0.0181481 -0.006192374 -0.001483355)
(-0.02011592 -0.004545181 -0.001763753)
(-0.02122201 -0.003956612 -0.001866659)
(-0.02181137 -0.003863744 -0.001827031)
(-0.02193608 -0.004176962 -0.001661659)
(-0.02158104 -0.004829974 -0.001366505)
(-0.02066652 -0.005751287 -0.0009058881)
(-0.01910027 -0.006844112 -0.00026631)
(-0.01679345 -0.007966732 0.0005207581)
(-0.01363115 -0.008899956 0.001371698)
(-0.009634237 -0.009318347 0.002067642)
(-0.005091822 -0.008922992 0.002710107)
(0.001086936 -0.008806321 0.002857492)
(0.006154727 -0.0092646 0.002258428)
(0.01039491 -0.00899841 0.00155763)
(0.01383137 -0.008166716 0.0006808013)
(0.01637412 -0.007096705 -0.0001222467)
(0.01815791 -0.006017372 -0.0007701149)
(0.01927904 -0.005082512 -0.001239302)
(0.01982964 -0.004397592 -0.001544817)
(0.01988631 -0.004038681 -0.001716587)
(0.01946547 -0.004071621 -0.001761058)
(0.01851185 -0.004597305 -0.00166497)
(0.01669913 -0.006148525 -0.00139289)
(0.01347454 -0.009597427 -0.0007950218)
(0.008228606 -0.01543876 0.0002091725)
(0.002796855 -0.0201612 0.001235223)
(-0.007876591 -0.01087798 0.002655637)
(-0.01720178 -0.007339973 0.002173608)
(-0.02372241 -0.004746586 0.001713072)
(-0.02720358 -0.003543884 0.001648548)
(-0.02921284 -0.003088269 0.001890674)
(-0.03030822 -0.003009378 0.002357115)
(-0.03074609 -0.003105425 0.003034553)
(-0.03058395 -0.003285409 0.003924559)
(-0.02981691 -0.003488994 0.005046511)
(-0.02835935 -0.003660194 0.006417629)
(-0.02605933 -0.00373839 0.008032692)
(-0.0227095 -0.003657551 0.0098333)
(-0.01806359 -0.003351644 0.01165853)
(-0.01236189 -0.002733356 0.01299045)
(-0.006386857 -0.001525279 0.01455494)
(0.002616781 -0.0009083658 0.01501868)
(0.009239734 -0.002155392 0.01339201)
(0.01525784 -0.002924195 0.01209005)
(0.02024968 -0.003409211 0.01018638)
(0.02382409 -0.003618127 0.008318878)
(0.02626482 -0.003619054 0.006652119)
(0.02781513 -0.00349213 0.005237784)
(0.02864741 -0.003310585 0.004077794)
(0.0288589 -0.003137875 0.003152887)
(0.02846488 -0.003037899 0.002443397)
(0.027416 -0.003102832 0.001947924)
(0.02547226 -0.003522691 0.001678731)
(0.02210524 -0.004639422 0.001714415)
(0.01590843 -0.007008452 0.00213274)
(0.007112784 -0.0100785 0.002530305)
)
;

boundaryField
{
    minX
    {
        type            fixedValue;
        value           uniform (0 0 0);
    }
    maxX
    {
        type            fixedValue;
        value           uniform (0 0 0);
    }
    minY
    {
        type            fixedValue;
        value           uniform (0 0 0);
    }
    minZ
    {
        type            fixedValue;
        value           uniform (0 0 0);
    }
    maxZ
    {
        type            fixedValue;
        value           uniform (0 0 0);
    }
    bottomAir_to_rightSolid
    {
        type            fixedValue;
        value           uniform (0 0 0);
    }
    bottomAir_to_leftSolid
    {
        type            fixedValue;
        value           uniform (0 0 0);
    }
    bottomAir_to_heater
    {
        type            fixedValue;
        value           uniform (0 0 0);
    }
}


// ************************************************************************* //
