/*--------------------------------*- C++ -*----------------------------------*\
| =========                 |                                                 |
| \\      /  F ield         | OpenFOAM: The Open Source CFD Toolbox           |
|  \\    /   O peration     | Version:  v2012                                 |
|   \\  /    A nd           | Website:  www.openfoam.com                      |
|    \\/     M anipulation  |                                                 |
\*---------------------------------------------------------------------------*/
FoamFile
{
    version     2.0;
    format      ascii;
    class       labelList;
    note        "nPoints:5772  nCells:3952  nFaces:13584  nInternalFaces:11196";
    location    "constant/bottomAir/polyMesh";
    object      neighbour;
}
// * * * * * * * * * * * * * * * * * * * * * * * * * * * * * * * * * * * * * //


11196
(
1
30
150
2
31
151
3
32
152
4
33
153
5
34
154
6
35
155
7
36
156
8
37
157
9
38
158
10
39
159
11
40
160
12
41
161
13
42
162
14
43
163
15
44
164
16
45
165
17
46
166
18
47
167
19
48
168
20
49
169
21
50
170
22
51
171
23
52
172
24
53
173
25
54
174
26
55
175
27
56
176
28
57
177
29
58
178
59
179
31
60
180
32
61
181
33
62
182
34
63
183
35
64
184
36
65
185
37
66
186
38
67
187
39
68
188
40
69
189
41
70
190
42
71
191
43
72
192
44
73
193
45
74
194
46
75
195
47
76
196
48
77
197
49
78
198
50
79
199
51
80
200
52
81
201
53
82
202
54
83
203
55
84
204
56
85
205
57
86
206
58
87
207
59
88
208
89
209
61
90
210
62
91
211
63
92
212
64
93
213
65
94
214
66
95
215
67
96
216
68
97
217
69
98
218
70
99
219
71
100
220
72
101
221
73
102
222
74
103
223
75
104
224
76
105
225
77
106
226
78
107
227
79
108
228
80
109
229
81
110
230
82
111
231
83
112
232
84
113
233
85
114
234
86
115
235
87
116
236
88
117
237
89
118
238
119
239
91
120
240
1712
1715
1716
92
121
241
1719
1722
1723
93
122
242
1726
1729
1730
94
123
243
1733
1736
1737
95
124
244
1740
1743
1744
96
125
245
1747
1750
1751
97
126
246
1754
1757
1758
98
127
247
1761
1764
1765
99
128
248
1768
1771
1772
100
129
249
1775
1778
1779
101
130
250
1782
1785
1786
102
131
251
1789
1792
1793
103
132
252
1796
1799
1800
104
133
253
1803
1806
1807
105
134
254
1810
1813
1814
106
135
255
1817
1820
1821
107
136
256
1460
1463
1464
108
137
257
1824
1827
1828
109
138
258
1831
1834
1835
110
139
259
1838
1841
1842
111
140
260
1845
1848
1849
112
141
261
1852
1855
1856
113
142
262
1859
1862
1863
114
143
263
1866
1869
1870
115
144
264
1873
1876
1877
116
145
265
1880
1883
1884
117
146
266
1887
1890
1891
118
147
267
1894
1897
1898
119
148
268
1901
1904
1905
149
269
1908
1911
1912
1712
1713
1715
1712
1719
1720
1722
1719
1726
1727
1729
1726
1733
1734
1736
1733
1740
1741
1743
1740
1747
1748
1750
1747
1754
1755
1757
1754
1761
1762
1764
1761
1768
1769
1771
1768
1775
1776
1778
1775
1782
1783
1785
1782
1789
1790
1792
1789
1796
1797
1799
1796
1803
1804
1806
1803
1810
1811
1813
1810
1817
1818
1820
1460
1461
1463
1817
1460
1824
1825
1827
1824
1831
1832
1834
1831
1838
1839
1841
1838
1845
1846
1848
1845
1852
1853
1855
1852
1859
1860
1862
1859
1866
1867
1869
1866
1873
1874
1876
1873
1880
1881
1883
1880
1887
1888
1890
1887
1894
1895
1897
1894
1901
1902
1904
1901
1908
1909
1911
151
180
300
152
181
301
153
182
302
154
183
303
155
184
304
156
185
305
157
186
306
158
187
307
159
188
308
160
189
309
161
190
310
162
191
311
163
192
312
164
193
313
165
194
314
166
195
315
167
196
316
168
197
317
169
198
318
170
199
319
171
200
320
172
201
321
173
202
322
174
203
323
175
204
324
176
205
325
177
206
326
178
207
327
179
208
328
209
329
181
210
330
182
211
331
183
212
332
184
213
333
185
214
334
186
215
335
187
216
336
188
217
337
189
218
338
190
219
339
191
220
340
192
221
341
193
222
342
194
223
343
195
224
344
196
225
345
197
226
346
198
227
347
199
228
348
200
229
349
201
230
350
202
231
351
203
232
352
204
233
353
205
234
354
206
235
355
207
236
356
208
237
357
209
238
358
239
359
211
240
360
212
241
361
213
242
362
214
243
363
215
244
364
216
245
365
217
246
366
218
247
367
219
248
368
220
249
369
221
250
370
222
251
371
223
252
372
224
253
373
225
254
374
226
255
375
227
256
376
228
257
377
229
258
378
230
259
379
231
260
380
232
261
381
233
262
382
234
263
383
235
264
384
236
265
385
237
266
386
238
267
387
239
268
388
269
389
241
270
390
1915
1918
1919
242
271
391
1922
1925
1926
243
272
392
1929
1932
1933
244
273
393
1936
1939
1940
245
274
394
1943
1946
1947
246
275
395
1950
1953
1954
247
276
396
1957
1960
1961
248
277
397
1964
1967
1968
249
278
398
1971
1974
1975
250
279
399
1978
1981
1982
251
280
400
1985
1988
1989
252
281
401
1992
1995
1996
253
282
402
1999
2002
2003
254
283
403
2006
2009
2010
255
284
404
2013
2016
2017
256
285
405
2020
2023
2024
257
286
406
2027
2030
2031
258
287
407
2034
2037
2038
259
288
408
2041
2044
2045
260
289
409
2048
2051
2052
261
290
410
2055
2058
2059
262
291
411
2062
2065
2066
263
292
412
2069
2072
2073
264
293
413
2076
2079
2080
265
294
414
2083
2086
2087
266
295
415
2090
2093
2094
267
296
416
2097
2100
2101
268
297
417
2104
2107
2108
269
298
418
2111
2114
2115
299
419
2118
2121
2122
1715
1915
1916
1918
1722
1915
1922
1923
1925
1729
1922
1929
1930
1932
1736
1929
1936
1937
1939
1743
1936
1943
1944
1946
1750
1943
1950
1951
1953
1757
1950
1957
1958
1960
1764
1957
1964
1965
1967
1771
1964
1971
1972
1974
1778
1971
1978
1979
1981
1785
1978
1985
1986
1988
1792
1985
1992
1993
1995
1799
1992
1999
2000
2002
1806
1999
2006
2007
2009
1813
2006
2013
2014
2016
1820
2013
2020
2021
2023
1463
2020
2027
2028
2030
1827
2027
2034
2035
2037
1834
2034
2041
2042
2044
1841
2041
2048
2049
2051
1848
2048
2055
2056
2058
1855
2055
2062
2063
2065
1862
2062
2069
2070
2072
1869
2069
2076
2077
2079
1876
2076
2083
2084
2086
1883
2083
2090
2091
2093
1890
2090
2097
2098
2100
1897
2097
2104
2105
2107
1904
2104
2111
2112
2114
1911
2111
2118
2119
2121
301
330
450
302
331
451
303
332
452
304
333
453
305
334
454
306
335
455
307
336
456
308
337
457
309
338
458
310
339
459
311
340
460
312
341
461
313
342
462
3840
3841
3842
314
343
463
1481
1482
1483
315
344
464
1488
1489
1490
316
345
465
1670
1671
1672
317
346
466
1677
1678
1679
318
347
467
3847
3848
3849
319
348
468
320
349
469
321
350
470
322
351
471
323
352
472
324
353
473
325
354
474
326
355
475
327
356
476
328
357
477
329
358
478
359
479
331
360
480
332
361
481
333
362
482
334
363
483
335
364
484
336
365
485
337
366
486
338
367
487
339
368
488
340
369
489
341
370
490
342
371
491
343
372
492
3854
3855
3856
344
373
493
1495
1496
1497
345
374
494
2321
2322
2323
346
375
495
2328
2329
2330
347
376
496
1684
1685
1686
348
377
497
3861
3862
3863
349
378
498
350
379
499
351
380
500
352
381
501
353
382
502
354
383
503
355
384
504
356
385
505
357
386
506
358
387
507
359
388
508
389
509
361
390
510
362
391
511
363
392
512
364
393
513
365
394
514
366
395
515
367
396
516
368
397
517
369
398
518
370
399
519
371
400
520
372
401
521
373
402
522
3868
3869
3870
374
403
523
1691
1692
1693
375
404
524
2335
2336
2337
376
405
525
2342
2343
2344
377
406
526
1698
1699
1700
378
407
527
3875
3876
3877
379
408
528
380
409
529
381
410
530
382
411
531
383
412
532
384
413
533
385
414
534
386
415
535
387
416
536
388
417
537
389
418
538
419
539
391
420
540
2125
2128
2129
392
421
541
2132
2135
2136
393
422
542
2139
2142
2143
394
423
543
2146
2149
2150
395
424
544
2153
2156
2157
396
425
545
2160
2163
2164
397
426
546
2167
2170
2171
398
427
547
2174
2177
2178
399
428
548
2181
2184
2185
400
429
549
2188
2191
2192
401
430
550
2195
2198
2199
402
431
551
2202
2205
2206
403
432
552
2209
2212
2213
3882
3883
3884
404
433
553
1467
1470
1471
2349
2350
2351
405
434
554
2216
2219
2220
2356
2357
2358
406
435
555
2223
2226
2227
2363
2364
2365
407
436
556
1474
1477
1478
1705
1706
1707
408
437
557
2230
2233
2234
3889
3890
3891
409
438
558
2237
2240
2241
410
439
559
2244
2247
2248
411
440
560
2251
2254
2255
412
441
561
2258
2261
2262
413
442
562
2265
2268
2269
414
443
563
2272
2275
2276
415
444
564
2279
2282
2283
416
445
565
2286
2289
2290
417
446
566
2293
2296
2297
418
447
567
2300
2303
2304
419
448
568
2307
2310
2311
449
569
2314
2317
2318
1918
2125
2126
2128
1925
2125
2132
2133
2135
1932
2132
2139
2140
2142
1939
2139
2146
2147
2149
1946
2146
2153
2154
2156
1953
2153
2160
2161
2163
1960
2160
2167
2168
2170
1967
2167
2174
2175
2177
1974
2174
2181
2182
2184
1981
2181
2188
2189
2191
1988
2188
2195
2196
2198
1995
2195
2202
2203
2205
2002
2202
2209
2210
2212
1467
1468
1470
2009
2209
1467
2016
2216
2217
2219
2023
2216
2223
2224
2226
1474
1475
1477
2030
2223
1474
2037
2230
2231
2233
2044
2230
2237
2238
2240
2051
2237
2244
2245
2247
2058
2244
2251
2252
2254
2065
2251
2258
2259
2261
2072
2258
2265
2266
2268
2079
2265
2272
2273
2275
2086
2272
2279
2280
2282
2093
2279
2286
2287
2289
2100
2286
2293
2294
2296
2107
2293
2300
2301
2303
2114
2300
2307
2308
2310
2121
2307
2314
2315
2317
451
480
600
452
481
601
453
482
602
454
483
603
455
484
604
456
485
605
457
486
606
458
487
607
459
488
608
460
489
609
461
490
610
462
491
611
3841
3843
3845
3840
3841
3843
1481
1482
1484
3840
1481
1488
1489
1491
1488
1670
1671
1673
1670
1677
1678
1680
1677
3847
3848
3850
469
498
614
3847
3849
3851
3853
470
499
615
471
500
616
472
501
617
473
502
618
474
503
619
475
504
620
476
505
621
477
506
622
478
507
623
479
508
624
509
625
481
510
626
482
511
627
483
512
628
484
513
629
485
514
630
486
515
631
487
516
632
488
517
633
489
518
634
490
519
635
491
520
636
492
521
637
3855
3857
3859
3841
3854
3855
3857
1482
1495
1496
1498
3854
1489
1495
2321
2322
2324
1671
2321
2328
2329
2331
1678
1684
1685
1687
2328
1684
3848
3861
3862
3864
499
528
640
3861
3863
3865
3867
500
529
641
501
530
642
502
531
643
503
532
644
504
533
645
505
534
646
506
535
647
507
536
648
508
537
649
509
538
650
539
651
511
540
652
512
541
653
513
542
654
514
543
655
515
544
656
516
545
657
517
546
658
518
547
659
519
548
660
520
549
661
521
550
662
522
551
663
3869
3871
3873
3855
3868
3869
3871
1496
1691
1692
1694
3868
1691
2322
2335
2336
2338
2329
2335
2342
2343
2345
1685
1698
1699
1701
2342
1698
3862
3875
3876
3878
529
558
666
3875
3877
3879
3881
530
559
667
531
560
668
532
561
669
533
562
670
534
563
671
535
564
672
536
565
673
537
566
674
538
567
675
539
568
676
569
677
541
570
678
2370
2373
2374
542
571
679
2377
2380
2381
543
572
680
2384
2387
2388
544
573
681
2391
2394
2395
545
574
682
2398
2401
2402
546
575
683
2405
2408
2409
547
576
684
2412
2415
2416
548
577
685
2419
2422
2423
549
578
686
2426
2429
2430
550
579
687
2433
2436
2437
551
580
688
2440
2443
2444
552
581
689
2447
2450
2451
3883
3885
3887
3869
3882
3883
3885
1692
2349
2350
2352
3882
2336
2349
2356
2357
2359
2343
2356
2363
2364
2366
1699
1705
1706
1708
2363
1705
3876
3889
3890
3892
559
588
692
2482
2485
2486
3889
3891
3893
3895
560
589
693
2489
2492
2493
561
590
694
2496
2499
2500
562
591
695
2503
2506
2507
563
592
696
2510
2513
2514
564
593
697
2517
2520
2521
565
594
698
2524
2527
2528
566
595
699
2531
2534
2535
567
596
700
2538
2541
2542
568
597
701
2545
2548
2549
569
598
702
2552
2555
2556
599
703
2559
2562
2563
2128
2370
2371
2373
2135
2370
2377
2378
2380
2142
2377
2384
2385
2387
2149
2384
2391
2392
2394
2156
2391
2398
2399
2401
2163
2398
2405
2406
2408
2170
2405
2412
2413
2415
2177
2412
2419
2420
2422
2184
2419
2426
2427
2429
2191
2426
2433
2434
2436
2198
2433
2440
2441
2443
2205
2440
2447
2448
2450
2212
2447
2454
2455
2457
3883
1470
1502
1503
1505
2350
2454
1502
2219
2357
2461
2462
2464
2226
2364
2461
2468
2469
2471
1477
1509
1510
1512
1706
2468
1509
2233
2475
2476
2478
3890
2240
2475
2482
2483
2485
2247
2482
2489
2490
2492
2254
2489
2496
2497
2499
2261
2496
2503
2504
2506
2268
2503
2510
2511
2513
2275
2510
2517
2518
2520
2282
2517
2524
2525
2527
2289
2524
2531
2532
2534
2296
2531
2538
2539
2541
2303
2538
2545
2546
2548
2310
2545
2552
2553
2555
2317
2552
2559
2560
2562
601
626
730
602
627
731
603
628
732
604
629
733
605
630
734
606
631
735
607
632
736
608
633
737
609
634
738
610
635
739
611
636
740
612
637
741
2567
2569
2571
2566
2567
2569
3843
2573
2574
2576
3850
615
640
744
2573
2575
2577
2579
616
641
745
617
642
746
618
643
747
619
644
748
620
645
749
621
646
750
622
647
751
623
648
752
624
649
753
625
650
754
651
755
627
652
756
628
653
757
629
654
758
630
655
759
631
656
760
632
657
761
633
658
762
634
659
763
635
660
764
636
661
765
637
662
766
638
663
767
2581
2583
2585
2567
2580
2581
2583
3857
2574
2587
2588
2590
3864
641
666
770
2587
2589
2591
2593
642
667
771
643
668
772
644
669
773
645
670
774
646
671
775
647
672
776
648
673
777
649
674
778
650
675
779
651
676
780
677
781
653
678
782
654
679
783
655
680
784
656
681
785
657
682
786
658
683
787
659
684
788
660
685
789
661
686
790
662
687
791
663
688
792
664
689
793
2595
2597
2599
2581
2594
2595
2597
3871
2588
2601
2602
2604
3878
667
692
796
2601
2603
2605
2607
668
693
797
669
694
798
670
695
799
671
696
800
672
697
801
673
698
802
674
699
803
675
700
804
676
701
805
677
702
806
703
807
679
704
808
2622
2625
2626
680
705
809
2629
2632
2633
681
706
810
2636
2639
2640
682
707
811
2643
2646
2647
683
708
812
2650
2653
2654
684
709
813
2657
2660
2661
685
710
814
2664
2667
2668
686
711
815
2671
2674
2675
687
712
816
2678
2681
2682
688
713
817
2685
2688
2689
689
714
818
2692
2695
2696
690
715
819
2609
2611
2613
2699
2702
2703
2595
2608
2609
2611
3885
2602
2615
2616
2618
3892
693
718
822
2615
2617
2619
2621
2720
2723
2724
694
719
823
2727
2730
2731
695
720
824
2734
2737
2738
696
721
825
2741
2744
2745
697
722
826
2748
2751
2752
698
723
827
2755
2758
2759
699
724
828
2762
2765
2766
700
725
829
2769
2772
2773
701
726
830
2776
2779
2780
702
727
831
2783
2786
2787
703
728
832
2790
2793
2794
729
833
2797
2800
2801
2373
2622
2623
2625
2380
2622
2629
2630
2632
2387
2629
2636
2637
2639
2394
2636
2643
2644
2646
2401
2643
2650
2651
2653
2408
2650
2657
2658
2660
2415
2657
2664
2665
2667
2422
2664
2671
2672
2674
2429
2671
2678
2679
2681
2436
2678
2685
2686
2688
2443
2685
2692
2693
2695
2450
2692
2699
2700
2702
2457
2609
2699
2706
2707
2709
2478
2616
2713
2714
2716
2485
2713
2720
2721
2723
2492
2720
2727
2728
2730
2499
2727
2734
2735
2737
2506
2734
2741
2742
2744
2513
2741
2748
2749
2751
2520
2748
2755
2756
2758
2527
2755
2762
2763
2765
2534
2762
2769
2770
2772
2541
2769
2776
2777
2779
2548
2776
2783
2784
2786
2555
2783
2790
2791
2793
2562
2790
2797
2798
2800
731
756
860
732
757
861
733
758
862
734
759
863
735
760
864
736
761
865
737
762
866
738
763
867
739
764
868
740
765
869
741
766
870
742
767
871
2805
2807
2809
2569
2804
2805
2807
2576
2811
2812
2814
745
770
878
2811
2813
2815
2817
746
771
879
747
772
880
748
773
881
749
774
882
750
775
883
751
776
884
752
777
885
753
778
886
754
779
887
755
780
888
781
889
757
782
890
758
783
891
759
784
892
760
785
893
761
786
894
762
787
895
763
788
896
764
789
897
765
790
898
766
791
899
767
792
900
768
793
901
2819
2821
2823
2583
2805
2818
2819
2821
2590
2812
2825
2826
2828
771
796
908
2825
2827
2829
2831
772
797
909
773
798
910
774
799
911
775
800
912
776
801
913
777
802
914
778
803
915
779
804
916
780
805
917
781
806
918
807
919
783
808
920
784
809
921
785
810
922
786
811
923
787
812
924
788
813
925
789
814
926
790
815
927
791
816
928
792
817
929
793
818
930
794
819
931
2833
2835
2837
2597
2819
2832
2833
2835
2604
2826
2839
2840
2842
797
822
938
2839
2841
2843
2845
798
823
939
799
824
940
800
825
941
801
826
942
802
827
943
803
828
944
804
829
945
805
830
946
806
831
947
807
832
948
833
949
809
834
950
2860
2863
2864
810
835
951
2867
2870
2871
811
836
952
2874
2877
2878
812
837
953
2881
2884
2885
813
838
954
2888
2891
2892
814
839
955
2895
2898
2899
815
840
956
2902
2905
2906
816
841
957
2909
2912
2913
817
842
958
2916
2919
2920
818
843
959
2923
2926
2927
819
844
960
2930
2933
2934
820
845
961
2847
2849
2851
2937
2940
2941
2611
2833
2846
2847
2849
2618
2840
2853
2854
2856
823
848
968
2853
2855
2857
2859
2958
2961
2962
824
849
969
2965
2968
2969
825
850
970
2972
2975
2976
826
851
971
2979
2982
2983
827
852
972
2986
2989
2990
828
853
973
2993
2996
2997
829
854
974
3000
3003
3004
830
855
975
3007
3010
3011
831
856
976
3014
3017
3018
832
857
977
3021
3024
3025
833
858
978
3028
3031
3032
859
979
3035
3038
3039
2625
2860
2861
2863
2632
2860
2867
2868
2870
2639
2867
2874
2875
2877
2646
2874
2881
2882
2884
2653
2881
2888
2889
2891
2660
2888
2895
2896
2898
2667
2895
2902
2903
2905
2674
2902
2909
2910
2912
2681
2909
2916
2917
2919
2688
2916
2923
2924
2926
2695
2923
2930
2931
2933
2702
2930
2937
2938
2940
2709
2847
2937
2944
2945
2947
2716
2854
2951
2952
2954
2723
2951
2958
2959
2961
2730
2958
2965
2966
2968
2737
2965
2972
2973
2975
2744
2972
2979
2980
2982
2751
2979
2986
2987
2989
2758
2986
2993
2994
2996
2765
2993
3000
3001
3003
2772
3000
3007
3008
3010
2779
3007
3014
3015
3017
2786
3014
3021
3022
3024
2793
3021
3028
3029
3031
2800
3028
3035
3036
3038
861
890
1010
862
891
1011
863
892
1012
864
893
1013
865
894
1014
866
895
1015
867
896
1016
868
897
1017
869
898
1018
870
899
1019
871
900
1020
872
901
1021
3897
3899
3901
2807
3896
3897
3899
1516
1517
1519
3896
1516
1523
1524
1526
1523
1530
1531
1533
1530
1537
1538
1540
1537
2814
3903
3904
3906
879
908
1028
3903
3905
3907
3909
880
909
1029
881
910
1030
882
911
1031
883
912
1032
884
913
1033
885
914
1034
886
915
1035
887
916
1036
888
917
1037
889
918
1038
919
1039
891
920
1040
892
921
1041
893
922
1042
894
923
1043
895
924
1044
896
925
1045
897
926
1046
898
927
1047
899
928
1048
900
929
1049
901
930
1050
902
931
1051
3911
3913
3915
2821
3897
3910
3911
3913
1517
1544
1545
1547
3910
1524
1544
3042
3043
3045
1531
3042
3049
3050
3052
1538
1551
1552
1554
3049
1551
2828
3904
3917
3918
3920
909
938
1058
3917
3919
3921
3923
910
939
1059
911
940
1060
912
941
1061
913
942
1062
914
943
1063
915
944
1064
916
945
1065
917
946
1066
918
947
1067
919
948
1068
949
1069
921
950
1070
922
951
1071
923
952
1072
924
953
1073
925
954
1074
926
955
1075
927
956
1076
928
957
1077
929
958
1078
930
959
1079
931
960
1080
932
961
1081
3925
3927
3929
2835
3911
3924
3925
3927
1545
1558
1559
1561
3924
1558
3043
3056
3057
3059
3050
3056
3063
3064
3066
1552
1565
1566
1568
3063
1565
2842
3918
3931
3932
3934
939
968
1088
3931
3933
3935
3937
940
969
1089
941
970
1090
942
971
1091
943
972
1092
944
973
1093
945
974
1094
946
975
1095
947
976
1096
948
977
1097
949
978
1098
979
1099
951
980
1100
3084
3087
3088
952
981
1101
3091
3094
3095
953
982
1102
3098
3101
3102
954
983
1103
3105
3108
3109
955
984
1104
3112
3115
3116
956
985
1105
3119
3122
3123
957
986
1106
3126
3129
3130
958
987
1107
3133
3136
3137
959
988
1108
3140
3143
3144
960
989
1109
3147
3150
3151
961
990
1110
3154
3157
3158
962
991
1111
3161
3164
3165
3939
3941
3943
2849
3925
3938
3939
3941
1559
1572
1573
1575
3938
1572
3057
3070
3071
3073
3064
3070
3077
3078
3080
1566
1579
1580
1582
3077
1579
2856
3932
3945
3946
3948
969
998
1118
3196
3199
3200
3945
3947
3949
3951
970
999
1119
3203
3206
3207
971
1000
1120
3210
3213
3214
972
1001
1121
3217
3220
3221
973
1002
1122
3224
3227
3228
974
1003
1123
3231
3234
3235
975
1004
1124
3238
3241
3242
976
1005
1125
3245
3248
3249
977
1006
1126
3252
3255
3256
978
1007
1127
3259
3262
3263
979
1008
1128
3266
3269
3270
1009
1129
3273
3276
3277
2863
3084
3085
3087
2870
3084
3091
3092
3094
2877
3091
3098
3099
3101
2884
3098
3105
3106
3108
2891
3105
3112
3113
3115
2898
3112
3119
3120
3122
2905
3119
3126
3127
3129
2912
3126
3133
3134
3136
2919
3133
3140
3141
3143
2926
3140
3147
3148
3150
2933
3147
3154
3155
3157
2940
3154
3161
3162
3164
2947
3161
3168
3169
3171
3939
1573
1586
1587
1589
3168
1586
3071
3175
3176
3178
3078
3175
3182
3183
3185
1580
1593
1594
1596
3182
1593
2954
3189
3190
3192
3946
2961
3189
3196
3197
3199
2968
3196
3203
3204
3206
2975
3203
3210
3211
3213
2982
3210
3217
3218
3220
2989
3217
3224
3225
3227
2996
3224
3231
3232
3234
3003
3231
3238
3239
3241
3010
3238
3245
3246
3248
3017
3245
3252
3253
3255
3024
3252
3259
3260
3262
3031
3259
3266
3267
3269
3038
3266
3273
3274
3276
1011
1040
1160
1012
1041
1161
1013
1042
1162
1014
1043
1163
1015
1044
1164
1016
1045
1165
1017
1046
1166
1018
1047
1167
1019
1048
1168
1020
1049
1169
1021
1050
1170
1022
1051
1171
1023
1052
1172
3899
3900
3901
3902
1024
1053
1173
1519
1520
1521
1522
1025
1054
1174
1526
1527
1528
1529
1026
1055
1175
1533
1534
1535
1536
1027
1056
1176
1540
1541
1542
1543
1028
1057
1177
3906
3907
3908
3909
1029
1058
1178
1030
1059
1179
1031
1060
1180
1032
1061
1181
1033
1062
1182
1034
1063
1183
1035
1064
1184
1036
1065
1185
1037
1066
1186
1038
1067
1187
1039
1068
1188
1069
1189
1041
1070
1190
1042
1071
1191
1043
1072
1192
1044
1073
1193
1045
1074
1194
1046
1075
1195
1047
1076
1196
1048
1077
1197
1049
1078
1198
1050
1079
1199
1051
1080
1200
1052
1081
1201
1053
1082
1202
3913
3914
3915
3916
1054
1083
1203
1547
1548
1549
1550
1055
1084
1204
3045
3046
3047
3048
1056
1085
1205
3052
3053
3054
3055
1057
1086
1206
1554
1555
1556
1557
1058
1087
1207
3920
3921
3922
3923
1059
1088
1208
1060
1089
1209
1061
1090
1210
1062
1091
1211
1063
1092
1212
1064
1093
1213
1065
1094
1214
1066
1095
1215
1067
1096
1216
1068
1097
1217
1069
1098
1218
1099
1219
1071
1100
1220
1072
1101
1221
1073
1102
1222
1074
1103
1223
1075
1104
1224
1076
1105
1225
1077
1106
1226
1078
1107
1227
1079
1108
1228
1080
1109
1229
1081
1110
1230
1082
1111
1231
1083
1112
1232
3927
3928
3929
3930
1084
1113
1233
1561
1562
1563
1564
1085
1114
1234
3059
3060
3061
3062
1086
1115
1235
3066
3067
3068
3069
1087
1116
1236
1568
1569
1570
1571
1088
1117
1237
3934
3935
3936
3937
1089
1118
1238
1090
1119
1239
1091
1120
1240
1092
1121
1241
1093
1122
1242
1094
1123
1243
1095
1124
1244
1096
1125
1245
1097
1126
1246
1098
1127
1247
1099
1128
1248
1129
1249
1101
1130
1250
3280
3283
3284
1102
1131
1251
3287
3290
3291
1103
1132
1252
3294
3297
3298
1104
1133
1253
3301
3304
3305
1105
1134
1254
3308
3311
3312
1106
1135
1255
3315
3318
3319
1107
1136
1256
3322
3325
3326
1108
1137
1257
3329
3332
3333
1109
1138
1258
3336
3339
3340
1110
1139
1259
3343
3346
3347
1111
1140
1260
3350
3353
3354
1112
1141
1261
3357
3360
3361
1113
1142
1262
3364
3367
3368
3941
3942
3943
3944
1114
1143
1263
1575
1576
1577
1578
3371
3374
3375
1115
1144
1264
3073
3074
3075
3076
3378
3381
3382
1116
1145
1265
3080
3081
3082
3083
3385
3388
3389
1117
1146
1266
1582
1583
1584
1585
3392
3395
3396
1118
1147
1267
3399
3402
3403
3948
3949
3950
3951
1119
1148
1268
3406
3409
3410
1120
1149
1269
3413
3416
3417
1121
1150
1270
3420
3423
3424
1122
1151
1271
3427
3430
3431
1123
1152
1272
3434
3437
3438
1124
1153
1273
3441
3444
3445
1125
1154
1274
3448
3451
3452
1126
1155
1275
3455
3458
3459
1127
1156
1276
3462
3465
3466
1128
1157
1277
3469
3472
3473
1129
1158
1278
3476
3479
3480
1159
1279
3483
3486
3487
3087
3280
3281
3283
3094
3280
3287
3288
3290
3101
3287
3294
3295
3297
3108
3294
3301
3302
3304
3115
3301
3308
3309
3311
3122
3308
3315
3316
3318
3129
3315
3322
3323
3325
3136
3322
3329
3330
3332
3143
3329
3336
3337
3339
3150
3336
3343
3344
3346
3157
3343
3350
3351
3353
3164
3350
3357
3358
3360
3171
3357
3364
3365
3367
1589
3364
3371
3372
3374
3178
3371
3378
3379
3381
3185
3378
3385
3386
3388
1596
3385
3392
3393
3395
3192
3392
3399
3400
3402
3199
3399
3406
3407
3409
3206
3406
3413
3414
3416
3213
3413
3420
3421
3423
3220
3420
3427
3428
3430
3227
3427
3434
3435
3437
3234
3434
3441
3442
3444
3241
3441
3448
3449
3451
3248
3448
3455
3456
3458
3255
3455
3462
3463
3465
3262
3462
3469
3470
3472
3269
3469
3476
3477
3479
3276
3476
3483
3484
3486
1161
1190
1310
1162
1191
1311
1163
1192
1312
1164
1193
1313
1165
1194
1314
1166
1195
1315
1167
1196
1316
1168
1197
1317
1169
1198
1318
1170
1199
1319
1171
1200
1320
1172
1201
1321
1173
1202
1322
1174
1203
1323
1175
1204
1324
1176
1205
1325
1177
1206
1326
1178
1207
1327
1179
1208
1328
1180
1209
1329
1181
1210
1330
1182
1211
1331
1183
1212
1332
1184
1213
1333
1185
1214
1334
1186
1215
1335
1187
1216
1336
1188
1217
1337
1189
1218
1338
1219
1339
1191
1220
1340
1192
1221
1341
1193
1222
1342
1194
1223
1343
1195
1224
1344
1196
1225
1345
1197
1226
1346
1198
1227
1347
1199
1228
1348
1200
1229
1349
1201
1230
1350
1202
1231
1351
1203
1232
1352
1204
1233
1353
1205
1234
1354
1206
1235
1355
1207
1236
1356
1208
1237
1357
1209
1238
1358
1210
1239
1359
1211
1240
1360
1212
1241
1361
1213
1242
1362
1214
1243
1363
1215
1244
1364
1216
1245
1365
1217
1246
1366
1218
1247
1367
1219
1248
1368
1249
1369
1221
1250
1370
1222
1251
1371
1223
1252
1372
1224
1253
1373
1225
1254
1374
1226
1255
1375
1227
1256
1376
1228
1257
1377
1229
1258
1378
1230
1259
1379
1231
1260
1380
1232
1261
1381
1233
1262
1382
1234
1263
1383
1235
1264
1384
1236
1265
1385
1237
1266
1386
1238
1267
1387
1239
1268
1388
1240
1269
1389
1241
1270
1390
1242
1271
1391
1243
1272
1392
1244
1273
1393
1245
1274
1394
1246
1275
1395
1247
1276
1396
1248
1277
1397
1249
1278
1398
1279
1399
1251
1280
1400
3490
3493
3494
1252
1281
1401
3497
3500
3501
1253
1282
1402
3504
3507
3508
1254
1283
1403
3511
3514
3515
1255
1284
1404
3518
3521
3522
1256
1285
1405
3525
3528
3529
1257
1286
1406
3532
3535
3536
1258
1287
1407
3539
3542
3543
1259
1288
1408
3546
3549
3550
1260
1289
1409
3553
3556
3557
1261
1290
1410
3560
3563
3564
1262
1291
1411
3567
3570
3571
1263
1292
1412
3574
3577
3578
1264
1293
1413
3581
3584
3585
1265
1294
1414
3588
3591
3592
1266
1295
1415
3595
3598
3599
1267
1296
1416
1600
1603
1604
1268
1297
1417
3602
3605
3606
1269
1298
1418
3609
3612
3613
1270
1299
1419
3616
3619
3620
1271
1300
1420
3623
3626
3627
1272
1301
1421
3630
3633
3634
1273
1302
1422
3637
3640
3641
1274
1303
1423
3644
3647
3648
1275
1304
1424
3651
3654
3655
1276
1305
1425
3658
3661
3662
1277
1306
1426
3665
3668
3669
1278
1307
1427
3672
3675
3676
1279
1308
1428
3679
3682
3683
1309
1429
3686
3689
3690
3283
3490
3491
3493
3290
3490
3497
3498
3500
3297
3497
3504
3505
3507
3304
3504
3511
3512
3514
3311
3511
3518
3519
3521
3318
3518
3525
3526
3528
3325
3525
3532
3533
3535
3332
3532
3539
3540
3542
3339
3539
3546
3547
3549
3346
3546
3553
3554
3556
3353
3553
3560
3561
3563
3360
3560
3567
3568
3570
3367
3567
3574
3575
3577
3374
3574
3581
3582
3584
3381
3581
3588
3589
3591
3388
3588
3595
3596
3598
1600
1601
1603
3395
3595
1600
3402
3602
3603
3605
3409
3602
3609
3610
3612
3416
3609
3616
3617
3619
3423
3616
3623
3624
3626
3430
3623
3630
3631
3633
3437
3630
3637
3638
3640
3444
3637
3644
3645
3647
3451
3644
3651
3652
3654
3458
3651
3658
3659
3661
3465
3658
3665
3666
3668
3472
3665
3672
3673
3675
3479
3672
3679
3680
3682
3486
3679
3686
3687
3689
1311
1340
1312
1341
1313
1342
1314
1343
1315
1344
1316
1345
1317
1346
1318
1347
1319
1348
1320
1349
1321
1350
1322
1351
1323
1352
1324
1353
1325
1354
1326
1355
1327
1356
1328
1357
1329
1358
1330
1359
1331
1360
1332
1361
1333
1362
1334
1363
1335
1364
1336
1365
1337
1366
1338
1367
1339
1368
1369
1341
1370
1342
1371
1343
1372
1344
1373
1345
1374
1346
1375
1347
1376
1348
1377
1349
1378
1350
1379
1351
1380
1352
1381
1353
1382
1354
1383
1355
1384
1356
1385
1357
1386
1358
1387
1359
1388
1360
1389
1361
1390
1362
1391
1363
1392
1364
1393
1365
1394
1366
1395
1367
1396
1368
1397
1369
1398
1399
1371
1400
1372
1401
1373
1402
1374
1403
1375
1404
1376
1405
1377
1406
1378
1407
1379
1408
1380
1409
1381
1410
1382
1411
1383
1412
1384
1413
1385
1414
1386
1415
1387
1416
1388
1417
1389
1418
1390
1419
1391
1420
1392
1421
1393
1422
1394
1423
1395
1424
1396
1425
1397
1426
1398
1427
1399
1428
1429
1401
1430
3693
3696
3697
1402
1431
3700
3703
3704
1403
1432
3707
3710
3711
1404
1433
3714
3717
3718
1405
1434
3721
3724
3725
1406
1435
3728
3731
3732
1407
1436
3735
3738
3739
1408
1437
3742
3745
3746
1409
1438
3749
3752
3753
1410
1439
3756
3759
3760
1411
1440
3763
3766
3767
1412
1441
3770
3773
3774
1413
1442
3777
3780
3781
1414
1443
3784
3787
3788
1415
1444
3791
3794
3795
1416
1445
1607
1610
1611
1417
1446
1614
1617
1618
1418
1447
1621
1624
1625
1419
1448
1628
1631
1632
1420
1449
1635
1638
1639
1421
1450
1642
1645
1646
1422
1451
1649
1652
1653
1423
1452
1656
1659
1660
1424
1453
1663
1666
1667
1425
1454
3798
3801
3802
1426
1455
3805
3808
3809
1427
1456
3812
3815
3816
1428
1457
3819
3822
3823
1429
1458
3826
3829
3830
1459
3833
3836
3837
3493
3693
3694
3696
3500
3693
3700
3701
3703
3507
3700
3707
3708
3710
3514
3707
3714
3715
3717
3521
3714
3721
3722
3724
3528
3721
3728
3729
3731
3535
3728
3735
3736
3738
3542
3735
3742
3743
3745
3549
3742
3749
3750
3752
3556
3749
3756
3757
3759
3563
3756
3763
3764
3766
3570
3763
3770
3771
3773
3577
3770
3777
3778
3780
3584
3777
3784
3785
3787
3591
3784
3791
3792
3794
1607
1608
1610
3598
3791
1603
1607
1614
1615
1617
1614
1621
1622
1624
3605
1621
1628
1629
1631
3612
1628
1635
1636
1638
3619
1635
1642
1643
1645
3626
1642
1649
1650
1652
3633
1649
1656
1657
1659
3640
1656
1663
1664
1666
3647
1663
3654
3798
3799
3801
3661
3798
3805
3806
3808
3668
3805
3812
3813
3815
3675
3812
3819
3820
3822
3682
3819
3826
3827
3829
3689
3826
3833
3834
3836
1462
1464
1462
1465
1819
1466
1825
1464
1465
1821
1466
1827
2027
1466
1823
2028
1829
2029
1469
1471
2010
1469
1472
2011
2211
1473
2012
2217
1471
1472
2213
1473
1502
2219
1473
1503
2215
1504
2221
1476
1478
2031
1476
1479
2032
2225
1480
2033
2231
1478
1479
2227
1480
1509
2233
1480
1510
2229
1511
2235
1483
1485
1483
1486
3842
1487
1489
1495
1485
1486
3844
1487
1491
1487
1498
3846
1493
1499
1490
1492
1490
1493
1494
1671
2321
1492
1493
1494
1673
1494
2324
1675
2325
1497
1499
1497
1500
3856
1501
1691
2322
1499
1500
3858
1501
2324
1501
1694
3860
1695
2326
1504
1506
2351
1504
1507
2456
1508
2462
1506
1507
2354
2458
1508
2355
2464
1508
2460
2466
1511
1513
1707
1511
1514
2470
1515
2476
1513
1514
1710
2472
1515
1711
2478
1515
2474
2480
1518
1520
1518
1521
3898
1522
1524
1544
1520
1521
3900
1522
1526
1522
1547
3902
1528
1548
1525
1527
1525
1528
1529
1531
3042
1527
1528
1529
1533
1529
3045
1535
3046
1532
1534
1532
1535
1536
1538
3049
1534
1535
1536
1540
1536
3052
1542
3053
1539
1541
1539
1542
1543
1551
3904
1541
1542
1543
3906
1543
1554
1555
3908
1546
1548
1546
1549
3912
1550
1558
3043
1548
1549
3914
1550
3045
1550
1561
3916
1562
3047
1553
1555
1553
1556
3051
1557
1565
3918
1555
1556
3053
1557
3920
1557
1568
3055
1569
3922
1560
1562
1560
1563
3926
1564
1572
3057
1562
1563
3928
1564
3059
1564
1575
3930
1576
3061
1567
1569
1567
1570
3065
1571
1579
3932
1569
1570
3067
1571
3934
1571
1582
3069
1583
3936
1574
1576
1574
1577
3940
1578
1586
3071
1576
1577
3942
1578
3073
1578
1589
3944
1590
3075
1581
1583
1581
1584
3079
1585
1593
3946
1583
1584
3081
1585
3948
1585
1596
3083
1597
3950
1588
1590
1588
1591
3170
1592
3176
1590
1591
3172
1592
3178
3371
1592
3174
3372
3180
3373
1595
1597
1595
1598
3184
1599
3190
1597
1598
3186
1599
3192
3392
1599
3188
3393
3194
3394
1602
1604
3396
1602
1605
3397
3597
1606
3398
3603
1604
1605
3599
1606
1614
3605
1606
1615
3601
1616
3607
1609
1611
3599
1609
1612
3600
3793
1613
1615
3601
1611
1612
3795
1613
1617
1613
3797
1619
1616
1618
1616
1619
1620
1622
1618
1619
1620
1624
1620
1626
1623
1625
3606
1623
1626
3607
1627
1629
3608
1625
1626
1627
1631
1627
1633
1630
1632
3613
1630
1633
3614
1634
1636
3615
1632
1633
1634
1638
1634
1640
1637
1639
3620
1637
1640
3621
1641
1643
3622
1639
1640
1641
1645
1641
1647
1644
1646
3627
1644
1647
3628
1648
1650
3629
1646
1647
1648
1652
1648
1654
1651
1653
3634
1651
1654
3635
1655
1657
3636
1653
1654
1655
1659
1655
1661
1658
1660
3641
1658
1661
3642
1662
1664
3643
1660
1661
1662
1666
1662
1668
1665
1667
3648
1665
1668
3649
1669
3650
3799
1667
1668
1669
3801
1669
3803
1672
1674
1672
1675
1676
1678
2328
1674
1675
1676
1680
1676
2331
1682
2332
1679
1681
1679
1682
1683
1684
3848
1681
1682
1683
3850
1683
1687
1688
3852
1686
1688
1686
1689
2330
1690
1698
3862
1688
1689
2332
1690
3864
1690
1701
2334
1702
3866
1693
1695
1693
1696
3870
1697
2336
2349
1695
1696
3872
1697
2338
1697
2352
3874
2340
2353
1700
1702
1700
1703
2344
1704
1705
3876
1702
1703
2346
1704
3878
1704
1708
2348
1709
3880
1707
1709
1707
1710
2365
1711
3890
1709
1710
2367
1711
3892
1711
2369
3894
1714
1716
1714
1717
1718
1720
1716
1717
1718
1722
1915
1718
1916
1724
1917
1721
1723
1721
1724
1725
1727
1723
1724
1725
1729
1922
1725
1923
1731
1924
1728
1730
1728
1731
1732
1734
1730
1731
1732
1736
1929
1732
1930
1738
1931
1735
1737
1735
1738
1739
1741
1737
1738
1739
1743
1936
1739
1937
1745
1938
1742
1744
1742
1745
1746
1748
1744
1745
1746
1750
1943
1746
1944
1752
1945
1749
1751
1749
1752
1753
1755
1751
1752
1753
1757
1950
1753
1951
1759
1952
1756
1758
1756
1759
1760
1762
1758
1759
1760
1764
1957
1760
1958
1766
1959
1763
1765
1763
1766
1767
1769
1765
1766
1767
1771
1964
1767
1965
1773
1966
1770
1772
1770
1773
1774
1776
1772
1773
1774
1778
1971
1774
1972
1780
1973
1777
1779
1777
1780
1781
1783
1779
1780
1781
1785
1978
1781
1979
1787
1980
1784
1786
1784
1787
1788
1790
1786
1787
1788
1792
1985
1788
1986
1794
1987
1791
1793
1791
1794
1795
1797
1793
1794
1795
1799
1992
1795
1993
1801
1994
1798
1800
1798
1801
1802
1804
1800
1801
1802
1806
1999
1802
2000
1808
2001
1805
1807
1805
1808
1809
1811
1807
1808
1809
1813
2006
1809
2007
1815
2008
1812
1814
1812
1815
1816
1818
1814
1815
1816
1820
2013
1816
2014
1822
2015
1819
1821
1819
1822
1823
1821
1822
1823
2020
1823
2021
2022
1826
1828
1826
1829
1830
1832
1828
1829
1830
1834
2034
1830
2035
1836
2036
1833
1835
1833
1836
1837
1839
1835
1836
1837
1841
2041
1837
2042
1843
2043
1840
1842
1840
1843
1844
1846
1842
1843
1844
1848
2048
1844
2049
1850
2050
1847
1849
1847
1850
1851
1853
1849
1850
1851
1855
2055
1851
2056
1857
2057
1854
1856
1854
1857
1858
1860
1856
1857
1858
1862
2062
1858
2063
1864
2064
1861
1863
1861
1864
1865
1867
1863
1864
1865
1869
2069
1865
2070
1871
2071
1868
1870
1868
1871
1872
1874
1870
1871
1872
1876
2076
1872
2077
1878
2078
1875
1877
1875
1878
1879
1881
1877
1878
1879
1883
2083
1879
2084
1885
2085
1882
1884
1882
1885
1886
1888
1884
1885
1886
1890
2090
1886
2091
1892
2092
1889
1891
1889
1892
1893
1895
1891
1892
1893
1897
2097
1893
2098
1899
2099
1896
1898
1896
1899
1900
1902
1898
1899
1900
1904
2104
1900
2105
1906
2106
1903
1905
1903
1906
1907
1909
1905
1906
1907
1911
2111
1907
2112
1913
2113
1910
1912
1910
1913
1914
1912
1913
1914
2118
1914
2119
2120
1917
1919
1917
1920
1921
1923
1919
1920
1921
1925
2125
1921
2126
1927
2127
1924
1926
1924
1927
1928
1930
1926
1927
1928
1932
2132
1928
2133
1934
2134
1931
1933
1931
1934
1935
1937
1933
1934
1935
1939
2139
1935
2140
1941
2141
1938
1940
1938
1941
1942
1944
1940
1941
1942
1946
2146
1942
2147
1948
2148
1945
1947
1945
1948
1949
1951
1947
1948
1949
1953
2153
1949
2154
1955
2155
1952
1954
1952
1955
1956
1958
1954
1955
1956
1960
2160
1956
2161
1962
2162
1959
1961
1959
1962
1963
1965
1961
1962
1963
1967
2167
1963
2168
1969
2169
1966
1968
1966
1969
1970
1972
1968
1969
1970
1974
2174
1970
2175
1976
2176
1973
1975
1973
1976
1977
1979
1975
1976
1977
1981
2181
1977
2182
1983
2183
1980
1982
1980
1983
1984
1986
1982
1983
1984
1988
2188
1984
2189
1990
2190
1987
1989
1987
1990
1991
1993
1989
1990
1991
1995
2195
1991
2196
1997
2197
1994
1996
1994
1997
1998
2000
1996
1997
1998
2002
2202
1998
2203
2004
2204
2001
2003
2001
2004
2005
2007
2003
2004
2005
2009
2209
2005
2210
2011
2211
2008
2010
2008
2011
2012
2014
2010
2011
2012
2016
2012
2018
2015
2017
2015
2018
2019
2021
2017
2018
2019
2023
2216
2019
2217
2025
2218
2022
2024
2022
2025
2026
2028
2024
2025
2026
2030
2223
2026
2224
2032
2225
2029
2031
2029
2032
2033
2035
2031
2032
2033
2037
2033
2039
2036
2038
2036
2039
2040
2042
2038
2039
2040
2044
2230
2040
2231
2046
2232
2043
2045
2043
2046
2047
2049
2045
2046
2047
2051
2237
2047
2238
2053
2239
2050
2052
2050
2053
2054
2056
2052
2053
2054
2058
2244
2054
2245
2060
2246
2057
2059
2057
2060
2061
2063
2059
2060
2061
2065
2251
2061
2252
2067
2253
2064
2066
2064
2067
2068
2070
2066
2067
2068
2072
2258
2068
2259
2074
2260
2071
2073
2071
2074
2075
2077
2073
2074
2075
2079
2265
2075
2266
2081
2267
2078
2080
2078
2081
2082
2084
2080
2081
2082
2086
2272
2082
2273
2088
2274
2085
2087
2085
2088
2089
2091
2087
2088
2089
2093
2279
2089
2280
2095
2281
2092
2094
2092
2095
2096
2098
2094
2095
2096
2100
2286
2096
2287
2102
2288
2099
2101
2099
2102
2103
2105
2101
2102
2103
2107
2293
2103
2294
2109
2295
2106
2108
2106
2109
2110
2112
2108
2109
2110
2114
2300
2110
2301
2116
2302
2113
2115
2113
2116
2117
2119
2115
2116
2117
2121
2307
2117
2308
2123
2309
2120
2122
2120
2123
2124
2122
2123
2124
2314
2124
2315
2316
2127
2129
2127
2130
2131
2133
2129
2130
2131
2135
2370
2131
2371
2137
2372
2134
2136
2134
2137
2138
2140
2136
2137
2138
2142
2377
2138
2378
2144
2379
2141
2143
2141
2144
2145
2147
2143
2144
2145
2149
2384
2145
2385
2151
2386
2148
2150
2148
2151
2152
2154
2150
2151
2152
2156
2391
2152
2392
2158
2393
2155
2157
2155
2158
2159
2161
2157
2158
2159
2163
2398
2159
2399
2165
2400
2162
2164
2162
2165
2166
2168
2164
2165
2166
2170
2405
2166
2406
2172
2407
2169
2171
2169
2172
2173
2175
2171
2172
2173
2177
2412
2173
2413
2179
2414
2176
2178
2176
2179
2180
2182
2178
2179
2180
2184
2419
2180
2420
2186
2421
2183
2185
2183
2186
2187
2189
2185
2186
2187
2191
2426
2187
2427
2193
2428
2190
2192
2190
2193
2194
2196
2192
2193
2194
2198
2433
2194
2434
2200
2435
2197
2199
2197
2200
2201
2203
2199
2200
2201
2205
2440
2201
2441
2207
2442
2204
2206
2204
2207
2208
2210
2206
2207
2208
2212
2447
2208
2448
2214
2449
2211
2213
2211
2214
2215
2213
2214
2215
2454
2215
2455
2456
2218
2220
2218
2221
2222
2224
2220
2221
2222
2226
2461
2222
2462
2228
2463
2225
2227
2225
2228
2229
2227
2228
2229
2468
2229
2469
2470
2232
2234
2232
2235
2236
2238
2234
2235
2236
2240
2475
2236
2476
2242
2477
2239
2241
2239
2242
2243
2245
2241
2242
2243
2247
2482
2243
2483
2249
2484
2246
2248
2246
2249
2250
2252
2248
2249
2250
2254
2489
2250
2490
2256
2491
2253
2255
2253
2256
2257
2259
2255
2256
2257
2261
2496
2257
2497
2263
2498
2260
2262
2260
2263
2264
2266
2262
2263
2264
2268
2503
2264
2504
2270
2505
2267
2269
2267
2270
2271
2273
2269
2270
2271
2275
2510
2271
2511
2277
2512
2274
2276
2274
2277
2278
2280
2276
2277
2278
2282
2517
2278
2518
2284
2519
2281
2283
2281
2284
2285
2287
2283
2284
2285
2289
2524
2285
2525
2291
2526
2288
2290
2288
2291
2292
2294
2290
2291
2292
2296
2531
2292
2532
2298
2533
2295
2297
2295
2298
2299
2301
2297
2298
2299
2303
2538
2299
2539
2305
2540
2302
2304
2302
2305
2306
2308
2304
2305
2306
2310
2545
2306
2546
2312
2547
2309
2311
2309
2312
2313
2315
2311
2312
2313
2317
2552
2313
2553
2319
2554
2316
2318
2316
2319
2320
2318
2319
2320
2559
2320
2560
2561
2323
2325
2323
2326
2327
2329
2335
2325
2326
2327
2331
2327
2338
2333
2339
2330
2332
2330
2333
2334
2342
2332
2333
2334
2334
2345
2346
2337
2339
2337
2340
2341
2343
2356
2339
2340
2341
2345
2341
2359
2347
2360
2344
2346
2344
2347
2348
2363
2346
2347
2348
2348
2366
2367
2351
2353
2351
2354
3884
2355
2357
2353
2354
3886
2355
2359
2355
3888
2361
2358
2360
2358
2361
2362
2364
2461
2360
2361
2362
2366
2362
2464
2368
2465
2365
2367
2365
2368
2369
2468
2367
2368
2369
2369
2471
2472
2372
2374
2372
2375
2376
2378
2374
2375
2376
2380
2622
2376
2623
2382
2624
2379
2381
2379
2382
2383
2385
2381
2382
2383
2387
2629
2383
2630
2389
2631
2386
2388
2386
2389
2390
2392
2388
2389
2390
2394
2636
2390
2637
2396
2638
2393
2395
2393
2396
2397
2399
2395
2396
2397
2401
2643
2397
2644
2403
2645
2400
2402
2400
2403
2404
2406
2402
2403
2404
2408
2650
2404
2651
2410
2652
2407
2409
2407
2410
2411
2413
2409
2410
2411
2415
2657
2411
2658
2417
2659
2414
2416
2414
2417
2418
2420
2416
2417
2418
2422
2664
2418
2665
2424
2666
2421
2423
2421
2424
2425
2427
2423
2424
2425
2429
2671
2425
2672
2431
2673
2428
2430
2428
2431
2432
2434
2430
2431
2432
2436
2678
2432
2679
2438
2680
2435
2437
2435
2438
2439
2441
2437
2438
2439
2443
2685
2439
2686
2445
2687
2442
2444
2442
2445
2446
2448
2444
2445
2446
2450
2692
2446
2693
2452
2694
2449
2451
2449
2452
2453
2455
2451
2452
2453
2457
2699
2453
2700
2459
2701
2456
2458
3884
2456
2459
2460
2458
2459
3887
2460
2706
3888
2460
2707
2708
2463
2465
2463
2466
2467
2469
2465
2466
2467
2471
2467
2473
2470
2472
2470
2473
2474
2472
2473
2474
2474
2477
2479
3891
2477
2480
2481
2483
2479
2480
3894
2481
2485
2713
3895
2481
2714
2487
2715
2484
2486
2484
2487
2488
2490
2486
2487
2488
2492
2720
2488
2721
2494
2722
2491
2493
2491
2494
2495
2497
2493
2494
2495
2499
2727
2495
2728
2501
2729
2498
2500
2498
2501
2502
2504
2500
2501
2502
2506
2734
2502
2735
2508
2736
2505
2507
2505
2508
2509
2511
2507
2508
2509
2513
2741
2509
2742
2515
2743
2512
2514
2512
2515
2516
2518
2514
2515
2516
2520
2748
2516
2749
2522
2750
2519
2521
2519
2522
2523
2525
2521
2522
2523
2527
2755
2523
2756
2529
2757
2526
2528
2526
2529
2530
2532
2528
2529
2530
2534
2762
2530
2763
2536
2764
2533
2535
2533
2536
2537
2539
2535
2536
2537
2541
2769
2537
2770
2543
2771
2540
2542
2540
2543
2544
2546
2542
2543
2544
2548
2776
2544
2777
2550
2778
2547
2549
2547
2550
2551
2553
2549
2550
2551
2555
2783
2551
2784
2557
2785
2554
2556
2554
2557
2558
2560
2556
2557
2558
2562
2790
2558
2791
2564
2792
2561
2563
2561
2564
2565
2563
2564
2565
2797
2565
2798
2799
2568
2570
3844
2568
2571
3845
2572
2580
3846
2570
2571
2572
2804
2572
2583
2805
2584
2806
2575
2577
3851
2575
2578
3852
2579
2587
3853
2577
2578
2579
2811
2579
2590
2812
2591
2813
2582
2584
3858
2582
2585
3859
2586
2594
3860
2584
2585
2586
2818
2586
2597
2819
2598
2820
2589
2591
3865
2589
2592
3866
2593
2601
3867
2591
2592
2593
2825
2593
2604
2826
2605
2827
2596
2598
3872
2596
2599
3873
2600
2608
3874
2598
2599
2600
2832
2600
2611
2833
2612
2834
2603
2605
3879
2603
2606
3880
2607
2615
3881
2605
2606
2607
2839
2607
2618
2840
2619
2841
2610
2612
3886
2610
2613
3887
2614
2706
3888
2612
2613
2614
2846
2614
2709
2847
2710
2848
2617
2619
3893
2617
2620
3894
2621
2713
3895
2619
2620
2621
2853
2621
2716
2854
2717
2855
2624
2626
2624
2627
2628
2630
2626
2627
2628
2632
2860
2628
2861
2634
2862
2631
2633
2631
2634
2635
2637
2633
2634
2635
2639
2867
2635
2868
2641
2869
2638
2640
2638
2641
2642
2644
2640
2641
2642
2646
2874
2642
2875
2648
2876
2645
2647
2645
2648
2649
2651
2647
2648
2649
2653
2881
2649
2882
2655
2883
2652
2654
2652
2655
2656
2658
2654
2655
2656
2660
2888
2656
2889
2662
2890
2659
2661
2659
2662
2663
2665
2661
2662
2663
2667
2895
2663
2896
2669
2897
2666
2668
2666
2669
2670
2672
2668
2669
2670
2674
2902
2670
2903
2676
2904
2673
2675
2673
2676
2677
2679
2675
2676
2677
2681
2909
2677
2910
2683
2911
2680
2682
2680
2683
2684
2686
2682
2683
2684
2688
2916
2684
2917
2690
2918
2687
2689
2687
2690
2691
2693
2689
2690
2691
2695
2923
2691
2924
2697
2925
2694
2696
2694
2697
2698
2700
2696
2697
2698
2702
2930
2698
2931
2704
2932
2701
2703
2701
2704
2705
2707
2703
2704
2705
2709
2937
2705
2938
2711
2939
2708
2710
2708
2711
2712
2710
2711
2712
2944
2712
2945
2946
2715
2717
2715
2718
2719
2721
2717
2718
2719
2723
2951
2719
2952
2725
2953
2722
2724
2722
2725
2726
2728
2724
2725
2726
2730
2958
2726
2959
2732
2960
2729
2731
2729
2732
2733
2735
2731
2732
2733
2737
2965
2733
2966
2739
2967
2736
2738
2736
2739
2740
2742
2738
2739
2740
2744
2972
2740
2973
2746
2974
2743
2745
2743
2746
2747
2749
2745
2746
2747
2751
2979
2747
2980
2753
2981
2750
2752
2750
2753
2754
2756
2752
2753
2754
2758
2986
2754
2987
2760
2988
2757
2759
2757
2760
2761
2763
2759
2760
2761
2765
2993
2761
2994
2767
2995
2764
2766
2764
2767
2768
2770
2766
2767
2768
2772
3000
2768
3001
2774
3002
2771
2773
2771
2774
2775
2777
2773
2774
2775
2779
3007
2775
3008
2781
3009
2778
2780
2778
2781
2782
2784
2780
2781
2782
2786
3014
2782
3015
2788
3016
2785
2787
2785
2788
2789
2791
2787
2788
2789
2793
3021
2789
3022
2795
3023
2792
2794
2792
2795
2796
2798
2794
2795
2796
2800
3028
2796
3029
2802
3030
2799
2801
2799
2802
2803
2801
2802
2803
3035
2803
3036
3037
2806
2808
2806
2809
2810
2818
2808
2809
2810
3896
2810
2821
3897
2822
3898
2813
2815
2813
2816
2817
2825
2815
2816
2817
3903
2817
2828
3904
2829
3905
2820
2822
2820
2823
2824
2832
2822
2823
2824
3910
2824
2835
3911
2836
3912
2827
2829
2827
2830
2831
2839
2829
2830
2831
3917
2831
2842
3918
2843
3919
2834
2836
2834
2837
2838
2846
2836
2837
2838
3924
2838
2849
3925
2850
3926
2841
2843
2841
2844
2845
2853
2843
2844
2845
3931
2845
2856
3932
2857
3933
2848
2850
2848
2851
2852
2944
2850
2851
2852
3938
2852
2947
3939
2948
3940
2855
2857
2855
2858
2859
2951
2857
2858
2859
3945
2859
2954
3946
2955
3947
2862
2864
2862
2865
2866
2868
2864
2865
2866
2870
3084
2866
3085
2872
3086
2869
2871
2869
2872
2873
2875
2871
2872
2873
2877
3091
2873
3092
2879
3093
2876
2878
2876
2879
2880
2882
2878
2879
2880
2884
3098
2880
3099
2886
3100
2883
2885
2883
2886
2887
2889
2885
2886
2887
2891
3105
2887
3106
2893
3107
2890
2892
2890
2893
2894
2896
2892
2893
2894
2898
3112
2894
3113
2900
3114
2897
2899
2897
2900
2901
2903
2899
2900
2901
2905
3119
2901
3120
2907
3121
2904
2906
2904
2907
2908
2910
2906
2907
2908
2912
3126
2908
3127
2914
3128
2911
2913
2911
2914
2915
2917
2913
2914
2915
2919
3133
2915
3134
2921
3135
2918
2920
2918
2921
2922
2924
2920
2921
2922
2926
3140
2922
3141
2928
3142
2925
2927
2925
2928
2929
2931
2927
2928
2929
2933
3147
2929
3148
2935
3149
2932
2934
2932
2935
2936
2938
2934
2935
2936
2940
3154
2936
3155
2942
3156
2939
2941
2939
2942
2943
2945
2941
2942
2943
2947
3161
2943
3162
2949
3163
2946
2948
2946
2949
2950
2948
2949
2950
3168
2950
3169
3170
2953
2955
2953
2956
2957
2959
2955
2956
2957
2961
3189
2957
3190
2963
3191
2960
2962
2960
2963
2964
2966
2962
2963
2964
2968
3196
2964
3197
2970
3198
2967
2969
2967
2970
2971
2973
2969
2970
2971
2975
3203
2971
3204
2977
3205
2974
2976
2974
2977
2978
2980
2976
2977
2978
2982
3210
2978
3211
2984
3212
2981
2983
2981
2984
2985
2987
2983
2984
2985
2989
3217
2985
3218
2991
3219
2988
2990
2988
2991
2992
2994
2990
2991
2992
2996
3224
2992
3225
2998
3226
2995
2997
2995
2998
2999
3001
2997
2998
2999
3003
3231
2999
3232
3005
3233
3002
3004
3002
3005
3006
3008
3004
3005
3006
3010
3238
3006
3239
3012
3240
3009
3011
3009
3012
3013
3015
3011
3012
3013
3017
3245
3013
3246
3019
3247
3016
3018
3016
3019
3020
3022
3018
3019
3020
3024
3252
3020
3253
3026
3254
3023
3025
3023
3026
3027
3029
3025
3026
3027
3031
3259
3027
3260
3033
3261
3030
3032
3030
3033
3034
3036
3032
3033
3034
3038
3266
3034
3267
3040
3268
3037
3039
3037
3040
3041
3039
3040
3041
3273
3041
3274
3275
3044
3046
3044
3047
3048
3050
3056
3046
3047
3048
3052
3048
3059
3054
3060
3051
3053
3051
3054
3055
3063
3053
3054
3055
3055
3066
3067
3058
3060
3058
3061
3062
3064
3070
3060
3061
3062
3066
3062
3073
3068
3074
3065
3067
3065
3068
3069
3077
3067
3068
3069
3069
3080
3081
3072
3074
3072
3075
3076
3078
3175
3074
3075
3076
3080
3076
3178
3082
3179
3079
3081
3079
3082
3083
3182
3081
3082
3083
3083
3185
3186
3086
3088
3086
3089
3090
3092
3088
3089
3090
3094
3280
3090
3281
3096
3282
3093
3095
3093
3096
3097
3099
3095
3096
3097
3101
3287
3097
3288
3103
3289
3100
3102
3100
3103
3104
3106
3102
3103
3104
3108
3294
3104
3295
3110
3296
3107
3109
3107
3110
3111
3113
3109
3110
3111
3115
3301
3111
3302
3117
3303
3114
3116
3114
3117
3118
3120
3116
3117
3118
3122
3308
3118
3309
3124
3310
3121
3123
3121
3124
3125
3127
3123
3124
3125
3129
3315
3125
3316
3131
3317
3128
3130
3128
3131
3132
3134
3130
3131
3132
3136
3322
3132
3323
3138
3324
3135
3137
3135
3138
3139
3141
3137
3138
3139
3143
3329
3139
3330
3145
3331
3142
3144
3142
3145
3146
3148
3144
3145
3146
3150
3336
3146
3337
3152
3338
3149
3151
3149
3152
3153
3155
3151
3152
3153
3157
3343
3153
3344
3159
3345
3156
3158
3156
3159
3160
3162
3158
3159
3160
3164
3350
3160
3351
3166
3352
3163
3165
3163
3166
3167
3169
3165
3166
3167
3171
3357
3167
3358
3173
3359
3170
3172
3940
3170
3173
3174
3172
3173
3943
3174
3364
3944
3174
3365
3366
3177
3179
3177
3180
3181
3183
3179
3180
3181
3185
3378
3181
3379
3187
3380
3184
3186
3184
3187
3188
3186
3187
3188
3385
3188
3386
3387
3191
3193
3947
3191
3194
3195
3197
3193
3194
3950
3195
3199
3399
3951
3195
3400
3201
3401
3198
3200
3198
3201
3202
3204
3200
3201
3202
3206
3406
3202
3407
3208
3408
3205
3207
3205
3208
3209
3211
3207
3208
3209
3213
3413
3209
3414
3215
3415
3212
3214
3212
3215
3216
3218
3214
3215
3216
3220
3420
3216
3421
3222
3422
3219
3221
3219
3222
3223
3225
3221
3222
3223
3227
3427
3223
3428
3229
3429
3226
3228
3226
3229
3230
3232
3228
3229
3230
3234
3434
3230
3435
3236
3436
3233
3235
3233
3236
3237
3239
3235
3236
3237
3241
3441
3237
3442
3243
3443
3240
3242
3240
3243
3244
3246
3242
3243
3244
3248
3448
3244
3449
3250
3450
3247
3249
3247
3250
3251
3253
3249
3250
3251
3255
3455
3251
3456
3257
3457
3254
3256
3254
3257
3258
3260
3256
3257
3258
3262
3462
3258
3463
3264
3464
3261
3263
3261
3264
3265
3267
3263
3264
3265
3269
3469
3265
3470
3271
3471
3268
3270
3268
3271
3272
3274
3270
3271
3272
3276
3476
3272
3477
3278
3478
3275
3277
3275
3278
3279
3277
3278
3279
3483
3279
3484
3485
3282
3284
3282
3285
3286
3288
3284
3285
3286
3290
3490
3286
3491
3292
3492
3289
3291
3289
3292
3293
3295
3291
3292
3293
3297
3497
3293
3498
3299
3499
3296
3298
3296
3299
3300
3302
3298
3299
3300
3304
3504
3300
3505
3306
3506
3303
3305
3303
3306
3307
3309
3305
3306
3307
3311
3511
3307
3512
3313
3513
3310
3312
3310
3313
3314
3316
3312
3313
3314
3318
3518
3314
3519
3320
3520
3317
3319
3317
3320
3321
3323
3319
3320
3321
3325
3525
3321
3526
3327
3527
3324
3326
3324
3327
3328
3330
3326
3327
3328
3332
3532
3328
3533
3334
3534
3331
3333
3331
3334
3335
3337
3333
3334
3335
3339
3539
3335
3540
3341
3541
3338
3340
3338
3341
3342
3344
3340
3341
3342
3346
3546
3342
3547
3348
3548
3345
3347
3345
3348
3349
3351
3347
3348
3349
3353
3553
3349
3554
3355
3555
3352
3354
3352
3355
3356
3358
3354
3355
3356
3360
3560
3356
3561
3362
3562
3359
3361
3359
3362
3363
3365
3361
3362
3363
3367
3567
3363
3568
3369
3569
3366
3368
3366
3369
3370
3372
3368
3369
3370
3374
3574
3370
3575
3376
3576
3373
3375
3373
3376
3377
3379
3375
3376
3377
3381
3581
3377
3582
3383
3583
3380
3382
3380
3383
3384
3386
3382
3383
3384
3388
3588
3384
3589
3390
3590
3387
3389
3387
3390
3391
3393
3389
3390
3391
3395
3595
3391
3596
3397
3597
3394
3396
3394
3397
3398
3400
3396
3397
3398
3402
3398
3404
3401
3403
3401
3404
3405
3407
3403
3404
3405
3409
3602
3405
3603
3411
3604
3408
3410
3408
3411
3412
3414
3410
3411
3412
3416
3609
3412
3610
3418
3611
3415
3417
3415
3418
3419
3421
3417
3418
3419
3423
3616
3419
3617
3425
3618
3422
3424
3422
3425
3426
3428
3424
3425
3426
3430
3623
3426
3624
3432
3625
3429
3431
3429
3432
3433
3435
3431
3432
3433
3437
3630
3433
3631
3439
3632
3436
3438
3436
3439
3440
3442
3438
3439
3440
3444
3637
3440
3638
3446
3639
3443
3445
3443
3446
3447
3449
3445
3446
3447
3451
3644
3447
3645
3453
3646
3450
3452
3450
3453
3454
3456
3452
3453
3454
3458
3651
3454
3652
3460
3653
3457
3459
3457
3460
3461
3463
3459
3460
3461
3465
3658
3461
3659
3467
3660
3464
3466
3464
3467
3468
3470
3466
3467
3468
3472
3665
3468
3666
3474
3667
3471
3473
3471
3474
3475
3477
3473
3474
3475
3479
3672
3475
3673
3481
3674
3478
3480
3478
3481
3482
3484
3480
3481
3482
3486
3679
3482
3680
3488
3681
3485
3487
3485
3488
3489
3487
3488
3489
3686
3489
3687
3688
3492
3494
3492
3495
3496
3498
3494
3495
3496
3500
3693
3496
3694
3502
3695
3499
3501
3499
3502
3503
3505
3501
3502
3503
3507
3700
3503
3701
3509
3702
3506
3508
3506
3509
3510
3512
3508
3509
3510
3514
3707
3510
3708
3516
3709
3513
3515
3513
3516
3517
3519
3515
3516
3517
3521
3714
3517
3715
3523
3716
3520
3522
3520
3523
3524
3526
3522
3523
3524
3528
3721
3524
3722
3530
3723
3527
3529
3527
3530
3531
3533
3529
3530
3531
3535
3728
3531
3729
3537
3730
3534
3536
3534
3537
3538
3540
3536
3537
3538
3542
3735
3538
3736
3544
3737
3541
3543
3541
3544
3545
3547
3543
3544
3545
3549
3742
3545
3743
3551
3744
3548
3550
3548
3551
3552
3554
3550
3551
3552
3556
3749
3552
3750
3558
3751
3555
3557
3555
3558
3559
3561
3557
3558
3559
3563
3756
3559
3757
3565
3758
3562
3564
3562
3565
3566
3568
3564
3565
3566
3570
3763
3566
3764
3572
3765
3569
3571
3569
3572
3573
3575
3571
3572
3573
3577
3770
3573
3771
3579
3772
3576
3578
3576
3579
3580
3582
3578
3579
3580
3584
3777
3580
3778
3586
3779
3583
3585
3583
3586
3587
3589
3585
3586
3587
3591
3784
3587
3785
3593
3786
3590
3592
3590
3593
3594
3596
3592
3593
3594
3598
3791
3594
3792
3600
3793
3597
3599
3597
3600
3601
3599
3600
3601
3601
3604
3606
3604
3607
3608
3610
3606
3607
3608
3612
3608
3614
3611
3613
3611
3614
3615
3617
3613
3614
3615
3619
3615
3621
3618
3620
3618
3621
3622
3624
3620
3621
3622
3626
3622
3628
3625
3627
3625
3628
3629
3631
3627
3628
3629
3633
3629
3635
3632
3634
3632
3635
3636
3638
3634
3635
3636
3640
3636
3642
3639
3641
3639
3642
3643
3645
3641
3642
3643
3647
3643
3649
3646
3648
3646
3649
3650
3652
3648
3649
3650
3654
3650
3656
3653
3655
3653
3656
3657
3659
3655
3656
3657
3661
3798
3657
3799
3663
3800
3660
3662
3660
3663
3664
3666
3662
3663
3664
3668
3805
3664
3806
3670
3807
3667
3669
3667
3670
3671
3673
3669
3670
3671
3675
3812
3671
3813
3677
3814
3674
3676
3674
3677
3678
3680
3676
3677
3678
3682
3819
3678
3820
3684
3821
3681
3683
3681
3684
3685
3687
3683
3684
3685
3689
3826
3685
3827
3691
3828
3688
3690
3688
3691
3692
3690
3691
3692
3833
3692
3834
3835
3695
3697
3695
3698
3699
3701
3697
3698
3699
3703
3699
3705
3702
3704
3702
3705
3706
3708
3704
3705
3706
3710
3706
3712
3709
3711
3709
3712
3713
3715
3711
3712
3713
3717
3713
3719
3716
3718
3716
3719
3720
3722
3718
3719
3720
3724
3720
3726
3723
3725
3723
3726
3727
3729
3725
3726
3727
3731
3727
3733
3730
3732
3730
3733
3734
3736
3732
3733
3734
3738
3734
3740
3737
3739
3737
3740
3741
3743
3739
3740
3741
3745
3741
3747
3744
3746
3744
3747
3748
3750
3746
3747
3748
3752
3748
3754
3751
3753
3751
3754
3755
3757
3753
3754
3755
3759
3755
3761
3758
3760
3758
3761
3762
3764
3760
3761
3762
3766
3762
3768
3765
3767
3765
3768
3769
3771
3767
3768
3769
3773
3769
3775
3772
3774
3772
3775
3776
3778
3774
3775
3776
3780
3776
3782
3779
3781
3779
3782
3783
3785
3781
3782
3783
3787
3783
3789
3786
3788
3786
3789
3790
3792
3788
3789
3790
3794
3790
3796
3793
3795
3793
3796
3797
3795
3796
3797
3797
3800
3802
3800
3803
3804
3806
3802
3803
3804
3808
3804
3810
3807
3809
3807
3810
3811
3813
3809
3810
3811
3815
3811
3817
3814
3816
3814
3817
3818
3820
3816
3817
3818
3822
3818
3824
3821
3823
3821
3824
3825
3827
3823
3824
3825
3829
3825
3831
3828
3830
3828
3831
3832
3834
3830
3831
3832
3836
3832
3838
3835
3837
3835
3838
3839
3837
3838
3839
3839
3842
3844
3842
3845
3846
3854
3844
3845
3846
3846
3857
3858
3849
3851
3849
3852
3853
3861
3851
3852
3853
3853
3864
3865
3856
3858
3856
3859
3860
3868
3858
3859
3860
3860
3871
3872
3863
3865
3863
3866
3867
3875
3865
3866
3867
3867
3878
3879
3870
3872
3870
3873
3874
3882
3872
3873
3874
3874
3885
3886
3877
3879
3877
3880
3881
3889
3879
3880
3881
3881
3892
3893
3884
3886
3884
3887
3888
3886
3887
3888
3888
3891
3893
3891
3894
3895
3893
3894
3895
3895
3898
3900
3898
3901
3902
3910
3900
3901
3902
3902
3913
3914
3905
3907
3905
3908
3909
3917
3907
3908
3909
3909
3920
3921
3912
3914
3912
3915
3916
3924
3914
3915
3916
3916
3927
3928
3919
3921
3919
3922
3923
3931
3921
3922
3923
3923
3934
3935
3926
3928
3926
3929
3930
3938
3928
3929
3930
3930
3941
3942
3933
3935
3933
3936
3937
3945
3935
3936
3937
3937
3948
3949
3940
3942
3940
3943
3944
3942
3943
3944
3944
3947
3949
3947
3950
3951
3949
3950
3951
3951
)


// ************************************************************************* //
