/*--------------------------------*- C++ -*----------------------------------*\
| =========                 |                                                 |
| \\      /  F ield         | OpenFOAM: The Open Source CFD Toolbox           |
|  \\    /   O peration     | Version:  v2012                                 |
|   \\  /    A nd           | Website:  www.openfoam.com                      |
|    \\/     M anipulation  |                                                 |
\*---------------------------------------------------------------------------*/
FoamFile
{
    version     2.0;
    format      ascii;
    class       volScalarField;
    location    "1200";
    object      nut;
}
// * * * * * * * * * * * * * * * * * * * * * * * * * * * * * * * * * * * * * //

dimensions      [0 2 -1 0 0 0 0];


internalField   nonuniform List<scalar> 
4000
(
0.00031931
0.000266252
0.000207703
0.00015923
0.000152156
0.000151031
0.000148403
0.000151149
0.000154815
0.000158004
0.000158716
0.000157565
0.000155596
0.000153385
0.000152575
0.000153136
0.000156223
0.000159999
0.000175023
0.000221514
0.000385494
0.000367107
0.000337655
0.000303887
0.000258781
0.0001832
0.000179563
0.000183825
0.00019079
0.000196033
0.000194275
0.000188992
0.000183142
0.000177199
0.000175878
0.000182676
0.000245095
0.000275846
0.000308703
0.000329531
0.000409016
0.000395625
0.000369624
0.000334493
0.000294333
0.000258134
0.000212631
0.000188292
0.000198206
0.000207233
0.000203336
0.000192493
0.000183298
0.000179265
0.000223151
0.000256631
0.000293943
0.000330688
0.000362967
0.000381264
0.000421477
0.000413889
0.000390895
0.000357382
0.000318448
0.000281544
0.000248863
0.000221422
0.000199702
0.00021144
0.000205272
0.000184478
0.000198978
0.000225118
0.000251733
0.000282274
0.000318671
0.00035504
0.000383558
0.000397326
0.00042988
0.000429088
0.000415295
0.000394312
0.000370308
0.00034728
0.000325142
0.000307743
0.000298628
0.000289351
0.000281675
0.000281556
0.000284462
0.000295761
0.000311511
0.000332092
0.000357352
0.000382359
0.000401303
0.000406964
0.000436852
0.00044345
0.000441653
0.000435608
0.000428049
0.000419454
0.000410359
0.0004008
0.000391079
0.000380686
0.000374267
0.000377832
0.000383067
0.000389016
0.000394639
0.00040016
0.000406613
0.0004135
0.000417927
0.000414272
0.000443926
0.000458436
0.000467283
0.000472365
0.000475189
0.000475414
0.000472769
0.000467459
0.000459199
0.000447457
0.000440507
0.000445034
0.000449795
0.00045283
0.000453442
0.000451692
0.000447879
0.0004426
0.00043482
0.000421188
0.000451954
0.000474396
0.000492298
0.000505537
0.000515354
0.000521659
0.000524207
0.000522425
0.00051537
0.000501946
0.000493668
0.000499141
0.000503362
0.000503714
0.000500012
0.000492755
0.000482238
0.000468801
0.0004515
0.000428746
0.000462278
0.000494014
0.000520083
0.000540258
0.000556027
0.00056733
0.000574208
0.00057578
0.000570374
0.000555438
0.000544962
0.000551486
0.000554681
0.000552079
0.000544144
0.000531848
0.000515683
0.000495693
0.000470287
0.000438379
0.00047659
0.00051732
0.000550914
0.000576636
0.000597332
0.000613841
0.000626076
0.000633152
0.000633376
0.000622864
0.000608694
0.000611619
0.000609717
0.000602048
0.000589463
0.000572601
0.000551732
0.000526189
0.000493136
0.000451881
0.000266252
0.000236153
0.000198695
0.000178172
0.000181094
0.000188604
0.000181033
0.000182941
0.000187442
0.000190621
0.000190495
0.000187643
0.000183874
0.000181394
0.000183417
0.000184004
0.000183883
0.000183071
0.000188493
0.000213259
0.000367107
0.000478764
0.000458578
0.00042927
0.000404682
0.000393879
0.000437426
0.000509792
0.000595618
0.000645188
0.000643297
0.0006042
0.000556187
0.000503586
0.000504239
0.000449109
0.000387341
0.000368677
0.000367949
0.00030918
0.000395625
0.000529089
0.000537701
0.000483023
0.00043135
0.000407717
0.000416055
0.000484708
0.000593789
0.000685781
0.000685894
0.000610987
0.000545446
0.000451532
0.000415968
0.000419148
0.000428978
0.000470914
0.000497658
0.000374306
0.000413889
0.000561241
0.000582969
0.000538676
0.000462416
0.000409687
0.000383203
0.00039203
0.000498631
0.0006301
0.000626164
0.000484377
0.000372428
0.000364314
0.000382741
0.000416202
0.000465365
0.000527611
0.000525447
0.000393675
0.000429089
0.000589108
0.000619277
0.000579521
0.000499689
0.000432412
0.000388578
0.000364473
0.000368572
0.000395228
0.000387643
0.000341841
0.000333075
0.000355474
0.000389095
0.000433748
0.000502925
0.000560785
0.000551254
0.000407596
0.00044345
0.000616147
0.000659669
0.00064605
0.000591017
0.000503251
0.000448192
0.000409512
0.000389337
0.000385417
0.000377552
0.00036784
0.000374969
0.000403511
0.000444214
0.000501699
0.000569647
0.000602065
0.000575105
0.000419749
0.000458436
0.000638345
0.000692837
0.000715001
0.000714984
0.000681388
0.000607896
0.000539995
0.000493109
0.000468676
0.000458119
0.000463975
0.000484872
0.000531616
0.000588335
0.000635695
0.000646536
0.000635134
0.000592816
0.00043227
0.000474396
0.000655037
0.000716143
0.000769466
0.000825523
0.000853914
0.000853081
0.000832923
0.000790514
0.000742545
0.000725307
0.000752585
0.000784373
0.000799876
0.000791893
0.00075774
0.000705843
0.00065564
0.000604659
0.000446488
0.000494014
0.000646759
0.000721524
0.00078171
0.000830041
0.000856515
0.000866747
0.000856328
0.000816967
0.000751187
0.000735436
0.000779587
0.000812145
0.000815704
0.00079528
0.000760755
0.000713912
0.000662517
0.000603139
0.000464404
0.00051732
0.00056142
0.000598882
0.00062908
0.000654858
0.000676824
0.000694409
0.000705859
0.00070865
0.000698949
0.000681563
0.000683281
0.000678469
0.000666065
0.000647636
0.000624649
0.000598158
0.00056779
0.000530663
0.000486426
0.000207703
0.000198695
0.000187476
0.000188428
0.000199077
0.000203624
0.000197655
0.000199048
0.000202943
0.000205919
0.000205145
0.000200959
0.000195864
0.000192605
0.000194006
0.000195446
0.000192473
0.000188755
0.00018639
0.000193047
0.000337655
0.000458578
0.000474008
0.000474653
0.000469339
0.000478986
0.000531322
0.000623504
0.000721475
0.000783057
0.000779004
0.000723999
0.000656766
0.000594098
0.000590146
0.000540016
0.000452993
0.000398247
0.00035652
0.000284658
0.000369624
0.000537701
0.000562856
0.00052716
0.000495639
0.000498857
0.000535827
0.00061508
0.000736101
0.000841702
0.000835313
0.000733456
0.000636664
0.000553009
0.000516002
0.000498475
0.000484152
0.000497372
0.000505113
0.00035845
0.000390895
0.000582969
0.000635866
0.000597587
0.00053393
0.000494391
0.000488923
0.000536154
0.000664293
0.000775069
0.000752273
0.000608373
0.0004934
0.000462951
0.000469108
0.000490751
0.000528215
0.000577539
0.000553409
0.00037887
0.000415295
0.000619277
0.00067769
0.000647049
0.000566859
0.000500755
0.000463731
0.000461087
0.000512417
0.000636682
0.000618595
0.000464811
0.000415229
0.000425419
0.000455424
0.000500685
0.000567211
0.000625659
0.000591103
0.000398616
0.000441653
0.000659669
0.00072849
0.00071039
0.000629796
0.000537885
0.00047549
0.000439936
0.000433168
0.000453678
0.000440265
0.000395448
0.000392496
0.000423143
0.000469508
0.000535485
0.000623024
0.000673213
0.000626697
0.000419066
0.000467283
0.000692837
0.000775689
0.000782819
0.000727567
0.000647349
0.000572303
0.000517005
0.000483182
0.000473246
0.000462584
0.000448669
0.000459345
0.000496592
0.000549112
0.000616785
0.00068827
0.000714531
0.000654753
0.000440645
0.000492298
0.000716143
0.000823335
0.000883577
0.000897741
0.00086047
0.000817
0.000772475
0.000721258
0.000673663
0.000659071
0.000683719
0.000712862
0.000734096
0.000749987
0.000769682
0.000784648
0.000754517
0.000673745
0.00046275
0.000520083
0.000721524
0.000890615
0.00104723
0.00115981
0.00121274
0.00123599
0.0012134
0.00113296
0.00101852
0.0010078
0.00110262
0.00116778
0.00116231
0.00111538
0.00105089
0.000948904
0.000818023
0.000677277
0.000488248
0.000550914
0.000598882
0.000639312
0.000672853
0.000702563
0.000728976
0.000751326
0.000767012
0.000772625
0.000763541
0.00074294
0.000743712
0.00073608
0.000719234
0.000695659
0.000667708
0.00063722
0.000603805
0.000564188
0.00051704
0.00015923
0.000178172
0.000188428
0.00019918
0.000214125
0.000210647
0.000208144
0.000210359
0.00021456
0.000217725
0.000215973
0.00020937
0.000201687
0.000196336
0.000195711
0.000197949
0.000193281
0.000188386
0.000181377
0.000176148
0.000303887
0.00042927
0.000474653
0.000495116
0.000508129
0.000543931
0.000611269
0.000710287
0.000807692
0.00086761
0.000850666
0.000775405
0.000690908
0.000623574
0.000609926
0.000581454
0.000497752
0.00042779
0.000357911
0.000260862
0.000334493
0.000483023
0.00052716
0.00052812
0.000535162
0.000573763
0.000629693
0.000721789
0.000850035
0.000948765
0.000917761
0.000785253
0.000668806
0.000606252
0.000574402
0.000544003
0.000510119
0.000489881
0.00046209
0.000335884
0.000357382
0.000538676
0.000597587
0.00058625
0.000558876
0.000551083
0.000575097
0.000654223
0.000784708
0.000894842
0.000836622
0.000668511
0.000565249
0.00052884
0.000524252
0.000528626
0.000541436
0.000557686
0.000527884
0.000354813
0.000394312
0.000579521
0.000647049
0.000636766
0.000589761
0.000548934
0.000533811
0.000560941
0.000664975
0.000813566
0.000757022
0.000572061
0.000490755
0.000487537
0.000507351
0.000539782
0.000585521
0.000622984
0.000578918
0.000381711
0.000435608
0.00064605
0.00071039
0.000703011
0.000645525
0.00057792
0.000531117
0.000514734
0.000541677
0.000613681
0.000593149
0.000483867
0.000453932
0.000474111
0.000513988
0.000570745
0.000641403
0.000683646
0.000636138
0.00041424
0.000472365
0.000715001
0.000782819
0.000786577
0.000739104
0.000668911
0.00060873
0.000571016
0.000560788
0.00058373
0.000573582
0.000516876
0.000505094
0.00052877
0.000572127
0.000635283
0.000708681
0.000745156
0.000691741
0.000446
0.000505537
0.000769466
0.000883577
0.000944842
0.000939177
0.000895517
0.000850799
0.00081053
0.000768639
0.000731542
0.000718791
0.000728903
0.000747269
0.000760395
0.000774803
0.000805449
0.000843813
0.000829266
0.000734723
0.000475697
0.000540258
0.00078171
0.00104723
0.00129628
0.00137091
0.00140008
0.00141658
0.00139617
0.00131407
0.00118916
0.00117835
0.00129221
0.0013649
0.00135761
0.00130125
0.00124398
0.00119832
0.000982369
0.000741079
0.000507512
0.000576636
0.00062908
0.000672853
0.000710035
0.000744532
0.000776672
0.000804873
0.000826134
0.00083676
0.000832304
0.000806662
0.000803076
0.000790766
0.000768755
0.000739313
0.000705543
0.0006706
0.000634121
0.000591683
0.000540885
0.000152156
0.000181094
0.000199077
0.000214125
0.000216597
0.00021417
0.000215492
0.000219621
0.000225441
0.000229743
0.000226733
0.000216247
0.000204768
0.000196519
0.000193167
0.00019398
0.000193886
0.000187531
0.000179926
0.000170875
0.000258781
0.000404682
0.000469339
0.000508129
0.000550516
0.000604699
0.00069075
0.000793362
0.000890064
0.000939108
0.000899387
0.000801043
0.000705463
0.000634163
0.000600343
0.000580476
0.000524237
0.000464187
0.000384591
0.000245271
0.000294333
0.00043135
0.000495639
0.000535162
0.000584919
0.000641434
0.000712163
0.000822633
0.000957706
0.00103172
0.000962209
0.000808274
0.000689893
0.000634307
0.000607285
0.000573674
0.000529198
0.000485632
0.000427918
0.000306014
0.000318448
0.000462416
0.00053393
0.000558876
0.000573468
0.00060006
0.000654472
0.000757095
0.000896735
0.000986998
0.000886793
0.000705963
0.000609687
0.000574486
0.000560916
0.000549339
0.00053709
0.000519873
0.000467038
0.000323421
0.000370308
0.000499689
0.000566859
0.000589761
0.000584197
0.000577905
0.000592323
0.000653626
0.000800842
0.000932567
0.000834505
0.000641526
0.000547511
0.000533095
0.000540679
0.000553872
0.000568709
0.000569664
0.000520106
0.000358968
0.000428049
0.000591017
0.000629797
0.000645525
0.000628035
0.000597385
0.000578256
0.000590788
0.00066478
0.000800296
0.000758274
0.000582827
0.000517716
0.000522125
0.000549017
0.000585613
0.000624296
0.000640284
0.000606308
0.000407595
0.000475189
0.000714984
0.000727567
0.000739104
0.000723198
0.000685601
0.000650213
0.000635162
0.000660139
0.000738326
0.000730371
0.000611947
0.000567389
0.000576571
0.000609163
0.000656085
0.000705856
0.000730355
0.000712536
0.000449381
0.000515354
0.000825523
0.000897741
0.000939177
0.000938606
0.000909422
0.000876569
0.000845667
0.000813983
0.000795736
0.000785326
0.000774163
0.000783335
0.000790831
0.000803892
0.000835929
0.000874544
0.000874542
0.000803297
0.000485638
0.000556027
0.000830041
0.00115981
0.00137091
0.00147234
0.00154533
0.00158733
0.00156402
0.00144959
0.0012851
0.0012758
0.00143852
0.00154824
0.00154013
0.00145769
0.00136461
0.00128294
0.00111288
0.0007971
0.000522927
0.000597332
0.000654858
0.000702563
0.000744532
0.00078614
0.000825334
0.000860243
0.000887994
0.000905262
0.000907937
0.000875299
0.000864972
0.000846798
0.000818986
0.000783605
0.000743688
0.000702171
0.000661276
0.000615276
0.000560082
0.000151031
0.000188604
0.000203624
0.000210647
0.00021417
0.000217447
0.000222035
0.000228492
0.000236732
0.00024314
0.000238027
0.000222796
0.000208233
0.000197289
0.000190288
0.000188207
0.000189832
0.000190609
0.000187655
0.000171031
0.0001832
0.000393879
0.000478986
0.000543931
0.000604699
0.000681104
0.000769996
0.000864591
0.000947132
0.000972163
0.000913088
0.000813166
0.000721084
0.000650056
0.000597986
0.000566357
0.000524018
0.000480314
0.000410236
0.000225448
0.000258134
0.000407717
0.000498857
0.000573763
0.000641434
0.000709007
0.000795169
0.000913609
0.00102388
0.0010338
0.000948199
0.000816871
0.000710915
0.000654289
0.000625149
0.000594255
0.000545243
0.000487466
0.000411702
0.000274833
0.000281544
0.000409687
0.000494391
0.000551083
0.00060006
0.000656654
0.000734087
0.00084476
0.000969859
0.000980347
0.000871945
0.000725044
0.000639492
0.000608379
0.000588632
0.000564834
0.000532591
0.000489975
0.000419239
0.000288144
0.00034728
0.000432412
0.000500755
0.000548934
0.000577905
0.000604583
0.000650203
0.000746593
0.000900995
0.000952842
0.000842356
0.000679884
0.000590221
0.000566251
0.000561489
0.000555863
0.000542497
0.000512203
0.000449987
0.000335723
0.000419454
0.000503251
0.000537885
0.00057792
0.000597385
0.000602908
0.000615152
0.000662379
0.000777406
0.000895985
0.000829515
0.000653439
0.000567744
0.000556415
0.000567336
0.000580244
0.000584608
0.000568353
0.000532652
0.000400167
0.000475414
0.000681388
0.000647349
0.000668911
0.000685601
0.000682252
0.000674391
0.000686575
0.000752051
0.000861424
0.000841667
0.000684988
0.000614947
0.000612134
0.000632791
0.000658537
0.000677202
0.000681537
0.000697432
0.000450443
0.000521659
0.000853914
0.00086047
0.000895517
0.000909422
0.000903307
0.00088863
0.00086799
0.000846986
0.000850272
0.000829814
0.000797767
0.00080629
0.000813435
0.000822242
0.000846578
0.000874232
0.000872891
0.000845229
0.000492107
0.00056733
0.000856515
0.00121274
0.00140008
0.00154533
0.00165407
0.00170314
0.00164925
0.0014796
0.0012735
0.00125232
0.0014741
0.00165378
0.00167539
0.00158271
0.00145517
0.00133345
0.00118117
0.000826292
0.000533704
0.000613841
0.000676824
0.000728976
0.000776672
0.000825334
0.000871571
0.000913828
0.000949796
0.000976967
0.000991593
0.000948956
0.00092728
0.000900696
0.000866212
0.000824691
0.000778751
0.000731102
0.000684964
0.000635028
0.000575134
0.000148403
0.000181032
0.000197655
0.000208144
0.000215492
0.000222035
0.000229289
0.000238395
0.000249827
0.000259663
0.000251191
0.000231207
0.000213755
0.000200294
0.000190606
0.000184654
0.000183426
0.000183862
0.000181156
0.000158767
0.000179563
0.000437426
0.000531322
0.000611269
0.00069075
0.000769995
0.00084839
0.000922374
0.000970749
0.000943829
0.000884078
0.00081917
0.000745217
0.000677456
0.000618506
0.000569298
0.000522021
0.000469676
0.00040294
0.000194398
0.000212631
0.000416055
0.000535826
0.000629693
0.000712163
0.000795169
0.000888457
0.000977257
0.00100263
0.00088262
0.000816008
0.000797248
0.000738747
0.000684506
0.000643432
0.000607826
0.00055868
0.00048929
0.000396406
0.000240644
0.000248863
0.000383203
0.000488923
0.000575097
0.000654472
0.000734087
0.000819723
0.000910933
0.00094059
0.000782817
0.000703284
0.000708291
0.000668013
0.000639069
0.000614555
0.000580446
0.000532474
0.000469677
0.000384158
0.000258185
0.000325142
0.000388578
0.000463731
0.000533811
0.000592322
0.000650203
0.000726066
0.000834317
0.000900764
0.000771174
0.000672513
0.000673575
0.000626017
0.000595908
0.000577196
0.000554538
0.000519454
0.000467622
0.000400066
0.000318327
0.000410359
0.000448192
0.00047549
0.000531117
0.000578256
0.000615152
0.000659987
0.000737372
0.000820252
0.000788445
0.000697069
0.000667326
0.000606217
0.000581517
0.000574777
0.000565282
0.00054244
0.000504373
0.000471356
0.000393168
0.000472769
0.000607896
0.000572303
0.00060873
0.000650213
0.000674391
0.000694201
0.000739024
0.000816889
0.000847236
0.000794148
0.000714188
0.000646736
0.000632961
0.000640332
0.000645094
0.000635811
0.000618626
0.000639253
0.000448945
0.000524207
0.000853081
0.000817
0.000850799
0.000876568
0.00088863
0.000887643
0.000877954
0.000881508
0.000899201
0.000833788
0.000792674
0.00080657
0.000821267
0.000828466
0.000841183
0.000854315
0.000845882
0.000848988
0.000494906
0.000574208
0.000866747
0.00123599
0.00141658
0.00158733
0.00170314
0.0017261
0.00162175
0.00143411
0.00128713
0.00120516
0.00138776
0.00164026
0.00173096
0.001657
0.0015134
0.00135857
0.00121008
0.000835537
0.000539898
0.000626076
0.000694409
0.000751326
0.000804873
0.000860243
0.000913828
0.000964842
0.00101249
0.00105636
0.00109292
0.00103571
0.000992555
0.000951979
0.000908764
0.000860502
0.000808676
0.000755326
0.000704164
0.000650233
0.000585878
0.000151149
0.000182941
0.000199048
0.000210359
0.000219621
0.000228492
0.000238395
0.000250618
0.000265324
0.000279007
0.000267193
0.000242585
0.000221353
0.000204116
0.00019182
0.000183839
0.00017917
0.000174745
0.000167311
0.000145374
0.000183825
0.000509792
0.000623504
0.000710287
0.000793362
0.000864591
0.000922373
0.000957364
0.00093761
0.000791287
0.000732486
0.000779916
0.000756252
0.00070325
0.000645605
0.000590314
0.000535733
0.000468307
0.000381926
0.000169653
0.000188292
0.000484707
0.00061508
0.000721789
0.000822632
0.000913608
0.000977257
0.00097618
0.000872129
0.000680667
0.00057386
0.000667255
0.000733021
0.000719328
0.000675811
0.000626396
0.000571043
0.000495822
0.000386762
0.000207849
0.000221422
0.00039203
0.000536154
0.000654223
0.000757095
0.000844759
0.000910933
0.000903858
0.000811739
0.000719818
0.000545232
0.000561183
0.000668962
0.000672099
0.000640853
0.000598382
0.000538193
0.000458177
0.000357884
0.000233671
0.000307743
0.000364473
0.000461087
0.000560941
0.000653626
0.000746593
0.000834316
0.00085513
0.000812749
0.000852581
0.000616825
0.000528689
0.0006385
0.000631266
0.000595676
0.000553217
0.00049969
0.000432455
0.000362991
0.000307767
0.0004008
0.000409512
0.000439936
0.000514734
0.000590788
0.000662379
0.000737372
0.000775553
0.000795394
0.000986646
0.000711482
0.000532487
0.000623619
0.00060835
0.000580296
0.000547858
0.000503612
0.000453018
0.000426718
0.000386223
0.000467459
0.000539995
0.000517005
0.000571016
0.000635162
0.000686575
0.000739024
0.000791506
0.000841301
0.00109101
0.000821111
0.000627367
0.000667837
0.000651675
0.000641276
0.000625292
0.000593808
0.000561004
0.000578876
0.000444946
0.000522425
0.000832923
0.000772475
0.00081053
0.000845666
0.00086799
0.000877954
0.00089775
0.000971704
0.00118457
0.000936205
0.000771871
0.00078607
0.000809089
0.000819784
0.000823608
0.000822967
0.000804917
0.000827313
0.000493438
0.00057578
0.000856328
0.0012134
0.00139617
0.00156402
0.00164925
0.00162175
0.0015063
0.00146892
0.00160368
0.00139856
0.00127119
0.00147247
0.0016524
0.00164483
0.00151974
0.00134976
0.00118446
0.000822395
0.000540872
0.000633152
0.000705859
0.000767012
0.000826134
0.000887994
0.000949796
0.00101249
0.0010784
0.00115037
0.00122268
0.001146
0.00106556
0.00100058
0.000944153
0.000888234
0.000830785
0.000772408
0.000716727
0.00065943
0.00059161
0.000154815
0.000187442
0.000202943
0.00021456
0.000225441
0.000236732
0.000249827
0.000265324
0.000279661
0.000297032
0.000275494
0.000250731
0.000226561
0.000205435
0.000191436
0.000182378
0.000175986
0.000169982
0.000160376
0.000140101
0.00019079
0.000595618
0.000721475
0.000807692
0.000890064
0.000947132
0.000970749
0.00093761
0.000808918
0.000867451
0.000768844
0.000619029
0.000685431
0.000687238
0.000644714
0.000597507
0.000550044
0.000485177
0.000384233
0.000158196
0.000198206
0.000593789
0.000736101
0.000850034
0.000957706
0.00102388
0.00100263
0.000872129
0.000778511
0.00118778
0.00097655
0.000497799
0.0005514
0.000685967
0.00068139
0.000638669
0.000584597
0.000508672
0.0003906
0.000177121
0.000199702
0.000498631
0.000664293
0.000784707
0.000896735
0.000969859
0.00094059
0.000811739
0.000917657
0.00156682
0.00127376
0.000548699
0.000495153
0.000661957
0.000659329
0.000610966
0.000546892
0.000458095
0.00034204
0.000213347
0.000298628
0.000368572
0.000512417
0.000664975
0.000800842
0.000900995
0.000900764
0.000812749
0.00112551
0.00195087
0.0015965
0.000663384
0.000514227
0.00065136
0.000621695
0.000556103
0.000480987
0.000401377
0.000333738
0.000299256
0.000391079
0.000389337
0.000433168
0.000541677
0.00066478
0.000777406
0.000820252
0.000795394
0.00130243
0.00227855
0.00187185
0.000760736
0.000524721
0.000634683
0.000594071
0.000532721
0.000467627
0.000410382
0.000393009
0.000378941
0.000459199
0.000493109
0.000483182
0.000560788
0.000660139
0.000752051
0.000816889
0.000841301
0.00143107
0.00248982
0.00204243
0.000862719
0.000610193
0.000680922
0.000651263
0.00060863
0.000555697
0.000511589
0.000526059
0.000438437
0.00051537
0.000790514
0.000721258
0.000768639
0.000813983
0.000846986
0.000881508
0.000971704
0.00154976
0.002574
0.00211954
0.000977112
0.000756983
0.000782329
0.000796994
0.000796043
0.000782891
0.000754287
0.000790422
0.000487454
0.000570374
0.000816967
0.00113296
0.00131407
0.00144959
0.0014796
0.00143412
0.00146892
0.00185424
0.00240155
0.00205131
0.00141303
0.00125224
0.00141623
0.00151085
0.00144782
0.00129219
0.00111749
0.000787693
0.000535809
0.000633376
0.00070865
0.000772625
0.00083676
0.000905262
0.000976967
0.00105636
0.00115037
0.00126319
0.00137072
0.00127643
0.00114976
0.00104773
0.000970072
0.000904317
0.000841454
0.000778948
0.000719839
0.000660708
0.000591118
0.000158004
0.000190621
0.000205919
0.000217725
0.000229743
0.00024314
0.000259663
0.000279007
0.000297032
0.000303224
0.000266395
0.000242485
0.000221431
0.000202645
0.000189224
0.000180029
0.000172932
0.000166218
0.000156375
0.000137146
0.000196033
0.000645188
0.000783057
0.00086761
0.000939108
0.000972163
0.000943829
0.000791287
0.000867452
0.000539924
0.000451398
0.000599871
0.000514608
0.000635262
0.000608484
0.000569141
0.000528367
0.000478133
0.000384978
0.000150782
0.000207233
0.000685781
0.000841702
0.000948765
0.00103172
0.0010338
0.00088262
0.000680668
0.00118778
0.000787532
0.000658167
0.000778398
0.000391105
0.000603997
0.00063182
0.000597807
0.000552217
0.000491869
0.000384704
0.000159965
0.00021144
0.0006301
0.000775069
0.000894842
0.000986998
0.000980347
0.000782817
0.000719818
0.00156682
0.00103329
0.00087397
0.00103599
0.000389838
0.000573061
0.000631
0.000592905
0.000536296
0.000459734
0.000334126
0.000199538
0.000289352
0.000395228
0.000636682
0.000813566
0.000932567
0.000952842
0.000771174
0.000852581
0.00195087
0.001288
0.00110749
0.00131698
0.000457205
0.000575091
0.000631529
0.000557879
0.000462726
0.00037248
0.000314191
0.000297692
0.000380686
0.000385417
0.000453678
0.000613681
0.000800296
0.000895985
0.000788445
0.000986646
0.00227855
0.00154721
0.0013528
0.00156166
0.000536884
0.000588552
0.000616632
0.000523957
0.000435795
0.000378539
0.000374789
0.000373976
0.000447457
0.000468676
0.000473246
0.00058373
0.000738326
0.000861424
0.000847236
0.00109101
0.00248982
0.00178741
0.00158718
0.00172951
0.000646597
0.000686885
0.000687819
0.000607417
0.00052728
0.000477397
0.000496884
0.000430725
0.000501946
0.000742545
0.000673663
0.000731542
0.000795736
0.000850272
0.000899201
0.00118457
0.002574
0.00197473
0.00177315
0.00178329
0.000768626
0.000768611
0.000784289
0.00077183
0.000742771
0.000704578
0.000752454
0.000477648
0.000555438
0.000751187
0.00101852
0.00118916
0.00128509
0.0012735
0.00128713
0.00160368
0.00240155
0.00212045
0.00189689
0.00178855
0.00121213
0.00114931
0.00130816
0.00132398
0.00120047
0.00103025
0.000736832
0.00052434
0.000622864
0.000698949
0.000763541
0.000832304
0.000907937
0.000991593
0.00109292
0.00122268
0.00137072
0.0013567
0.00130375
0.00122494
0.00108986
0.000984146
0.000905657
0.000837482
0.000771725
0.000710446
0.000651746
0.000582377
0.000158716
0.000190495
0.000205145
0.000215973
0.000226733
0.000238027
0.000251191
0.000267193
0.000275494
0.000266395
0.000237032
0.000228069
0.000214444
0.000200744
0.000189586
0.000180298
0.000171938
0.000164203
0.000154166
0.000134899
0.000194275
0.000643297
0.000779004
0.000850666
0.000899387
0.000913088
0.000884079
0.000732486
0.000768844
0.000451398
0.000383165
0.00053323
0.000527584
0.000595064
0.000567303
0.000535653
0.000499849
0.000453516
0.000369369
0.000149812
0.000203336
0.000685895
0.000835313
0.000917761
0.000962209
0.000948199
0.000816008
0.00057386
0.00097655
0.000658167
0.000556422
0.000601145
0.00041751
0.000582851
0.000575493
0.00054057
0.000496165
0.000439795
0.000349031
0.000156389
0.000205272
0.000626164
0.000752273
0.000836622
0.000886793
0.000871945
0.000703285
0.000545232
0.00127376
0.000873971
0.000752514
0.00074931
0.00038687
0.000577677
0.000581841
0.00054218
0.000492211
0.000433152
0.00032319
0.000197866
0.000281675
0.000387643
0.000618595
0.000757022
0.000834505
0.000842357
0.000672513
0.000616825
0.0015965
0.00110749
0.000980688
0.000932133
0.000404935
0.000604065
0.000608177
0.000539972
0.000445891
0.000352248
0.000305298
0.000301308
0.000374267
0.000377552
0.000440265
0.000593149
0.000758275
0.000829515
0.000697069
0.000711482
0.00187185
0.0013528
0.00123277
0.00111143
0.00046509
0.000645336
0.00062953
0.000521074
0.000416121
0.000362532
0.000369959
0.000375058
0.000440507
0.000458119
0.000462584
0.000573582
0.000730371
0.000841667
0.000794148
0.000821111
0.00204243
0.00158718
0.00148539
0.00126404
0.000619889
0.000770909
0.000737385
0.000627546
0.000518562
0.000465458
0.00049746
0.000430441
0.000493668
0.000725307
0.000659071
0.000718791
0.000785326
0.000829814
0.000833789
0.000936205
0.00211954
0.00177315
0.00170099
0.00133199
0.000762234
0.000821797
0.000823095
0.000787078
0.000734262
0.000684261
0.000731953
0.000476884
0.000544962
0.000735436
0.0010078
0.00117835
0.0012758
0.00125232
0.00120516
0.00139856
0.00205131
0.00189689
0.00180389
0.00147549
0.00112997
0.00117845
0.00131873
0.00132085
0.00119458
0.00102278
0.000731185
0.000523617
0.000608694
0.000681563
0.00074294
0.000806662
0.000875299
0.000948956
0.00103571
0.001146
0.00127643
0.00130375
0.00129279
0.00116576
0.00104588
0.000955956
0.000886128
0.000823588
0.000762513
0.000705005
0.000648532
0.000581047
0.000157565
0.000187643
0.000200959
0.00020937
0.000216247
0.000222796
0.000231207
0.000242585
0.000250731
0.000242486
0.000228069
0.00022031
0.000212437
0.000203933
0.000195923
0.000187629
0.000178435
0.000168091
0.000156189
0.000134395
0.000188992
0.000604201
0.000723999
0.000775405
0.000801043
0.000813166
0.00081917
0.000779916
0.000619029
0.000599871
0.000533231
0.000502856
0.000585134
0.000568443
0.000543568
0.00051902
0.000488478
0.000444758
0.000367477
0.000156548
0.000192494
0.000610987
0.000733456
0.000785254
0.000808274
0.000816871
0.000797248
0.000667255
0.000497799
0.000778398
0.000601145
0.000403326
0.000565405
0.000572208
0.00054858
0.000519652
0.000481543
0.000427106
0.000340441
0.000179976
0.000184478
0.000484377
0.000608373
0.000668511
0.000705964
0.000725044
0.000708291
0.000561184
0.000548699
0.00103599
0.00074931
0.000384116
0.000553036
0.000577428
0.000555457
0.00052422
0.000480566
0.000416318
0.000320602
0.000206905
0.000281556
0.000341841
0.000464811
0.000572061
0.000641527
0.000679884
0.000673575
0.000528689
0.000663384
0.00131698
0.000932134
0.00041018
0.00057209
0.000611341
0.00057958
0.000527619
0.000453042
0.000363737
0.00031048
0.000307098
0.000377832
0.000367841
0.000395448
0.000483867
0.000582827
0.000653439
0.000667326
0.000532487
0.000760736
0.00156167
0.00111143
0.000468166
0.000608032
0.000657285
0.000606218
0.000523761
0.000429591
0.000369223
0.000376073
0.000380371
0.000445034
0.000463975
0.000448669
0.000516876
0.000611947
0.000684988
0.000714188
0.000627367
0.000862719
0.00172951
0.00126404
0.000607065
0.000717803
0.000755865
0.000710854
0.000629485
0.000531364
0.000476703
0.000519424
0.000436269
0.000499141
0.000752585
0.000683719
0.000728903
0.000774163
0.000797767
0.000792674
0.000771871
0.000977112
0.00178329
0.00133199
0.000772462
0.00081344
0.000847417
0.000850817
0.000819278
0.000763956
0.000706176
0.000740236
0.000483777
0.000551486
0.000779587
0.00110262
0.00129221
0.00143852
0.0014741
0.00138776
0.00127119
0.00141303
0.00178855
0.00147549
0.00117133
0.00127719
0.00146353
0.00151832
0.00144476
0.00128441
0.00109837
0.000770244
0.000531854
0.000611619
0.000683281
0.000743712
0.000803076
0.000864972
0.00092728
0.000992555
0.00106557
0.00114976
0.00122494
0.00116576
0.00107347
0.000997704
0.000934715
0.000876946
0.000820333
0.0007635
0.000708971
0.000653026
0.000586382
0.000155596
0.000183874
0.000195865
0.000201687
0.000204768
0.000208233
0.000213755
0.000221353
0.000226561
0.000221431
0.000214444
0.000212437
0.000210622
0.000207604
0.000203594
0.000198333
0.000191013
0.000180633
0.000165588
0.000136266
0.000183142
0.000556187
0.000656766
0.000690908
0.000705464
0.000721084
0.000745217
0.000756252
0.000685431
0.000514608
0.000527585
0.000585134
0.000573603
0.000552256
0.000534401
0.000515766
0.000490457
0.000451144
0.0003803
0.000163053
0.000183298
0.000545446
0.000636665
0.000668806
0.000689893
0.000710915
0.000738747
0.000733021
0.0005514
0.000391105
0.00041751
0.000565405
0.000578843
0.000562439
0.000546362
0.000526661
0.000496548
0.000446285
0.000361338
0.000215488
0.000198978
0.000372428
0.0004934
0.000565249
0.000609687
0.000639492
0.000668013
0.000668962
0.000495153
0.000389838
0.00038687
0.000553036
0.000580876
0.000567816
0.000551673
0.000527687
0.000488437
0.000427311
0.000339654
0.000224712
0.000284462
0.000333075
0.000415229
0.000490755
0.000547511
0.000590221
0.000626017
0.0006385
0.000514227
0.000457205
0.000404935
0.00057209
0.000613337
0.000597277
0.000572689
0.000535069
0.000478136
0.000402548
0.000334682
0.000314938
0.000383067
0.000374969
0.000392496
0.000453932
0.000517716
0.000567744
0.000606217
0.000623619
0.000524721
0.000536885
0.00046509
0.000608032
0.000659787
0.000636948
0.000601028
0.000545575
0.000471467
0.000404019
0.000396476
0.000386407
0.000449795
0.000484873
0.000459345
0.000505094
0.000567389
0.000614947
0.000646736
0.000667837
0.000610193
0.000646598
0.000619889
0.000717803
0.000741943
0.000724712
0.000695583
0.000639728
0.000561877
0.000507875
0.000557047
0.00044131
0.000503362
0.000784373
0.000712862
0.000747269
0.000783335
0.00080629
0.00080657
0.00078607
0.000756983
0.000768627
0.000762234
0.00081344
0.000849578
0.000871222
0.000870647
0.000843704
0.000796467
0.000738676
0.000760191
0.000488199
0.000554681
0.000812145
0.00116778
0.0013649
0.00154824
0.00165378
0.00164026
0.00147247
0.00125224
0.00121213
0.00112997
0.00127719
0.00155115
0.00166919
0.00163428
0.00151532
0.00134096
0.00114945
0.000799805
0.000535442
0.000609717
0.000678469
0.00073608
0.000790766
0.000846798
0.000900696
0.000951979
0.00100058
0.00104773
0.00108986
0.00104588
0.000997704
0.00095282
0.000906709
0.000857813
0.00080693
0.000754627
0.000703788
0.000650029
0.000585537
0.000153385
0.000181394
0.000192605
0.000196336
0.000196519
0.000197289
0.000200294
0.000204116
0.000205435
0.000202645
0.000200744
0.000203933
0.000207604
0.000209444
0.000209411
0.000208071
0.000204915
0.000198171
0.00018405
0.000143071
0.000177199
0.000503586
0.000594098
0.000623575
0.000634163
0.000650056
0.000677456
0.00070325
0.000687238
0.000635262
0.000595064
0.000568443
0.000552256
0.000540465
0.000529196
0.000515454
0.000493944
0.000454392
0.000378764
0.000168864
0.000179265
0.000451532
0.00055301
0.000606252
0.000634307
0.000654289
0.000684506
0.000719328
0.000685967
0.000603997
0.000582851
0.000572208
0.000562439
0.000557044
0.000550719
0.000537141
0.000508789
0.000458608
0.000377216
0.000245079
0.000225118
0.000364314
0.000462951
0.00052884
0.000574486
0.000608379
0.000639069
0.000672099
0.000661957
0.000573061
0.000577677
0.000577428
0.000567816
0.000561045
0.000550437
0.00053114
0.000498742
0.000446123
0.000365998
0.000253394
0.000295761
0.000355474
0.000425419
0.000487537
0.000533095
0.000566251
0.000595908
0.000631266
0.00065136
0.000575091
0.000604065
0.000611341
0.000597277
0.00058515
0.000569935
0.00054486
0.000501468
0.000437663
0.000372202
0.000325721
0.000389016
0.000403511
0.000423143
0.000474111
0.000522125
0.000556415
0.000581517
0.00060835
0.000634683
0.000588552
0.000645336
0.000657285
0.000636948
0.000624634
0.000608524
0.000574574
0.00051759
0.000454433
0.000432541
0.000392566
0.00045283
0.000531616
0.000496592
0.00052877
0.000576571
0.000612134
0.000632961
0.000651675
0.000680922
0.000686885
0.000770909
0.000755865
0.000724712
0.000718592
0.000708098
0.000671983
0.000609113
0.000559622
0.000607105
0.000444574
0.000503714
0.000799876
0.000734096
0.000760395
0.00079083
0.000813435
0.000821267
0.000809089
0.000782329
0.000768611
0.000821797
0.000847417
0.000871222
0.000888445
0.000892117
0.000875143
0.000834197
0.000775781
0.000778486
0.000489002
0.000552079
0.000815704
0.00116231
0.00135761
0.00154013
0.00167539
0.00173096
0.0016524
0.00141623
0.00114931
0.00117845
0.00146353
0.00166919
0.00170401
0.00163344
0.00150877
0.00134535
0.00115625
0.000807506
0.000533514
0.000602048
0.000666065
0.000719234
0.000768755
0.000818986
0.000866212
0.000908764
0.000944153
0.000970072
0.000984146
0.000955956
0.000934715
0.000906709
0.000870743
0.000828877
0.000783607
0.000736234
0.000689724
0.000639642
0.000579018
0.000152575
0.000183417
0.000194006
0.000195711
0.000193167
0.000190288
0.000190606
0.00019182
0.000191436
0.000189224
0.000189586
0.000195923
0.000203594
0.000209411
0.000212696
0.000214556
0.000215296
0.000208893
0.000191352
0.000153268
0.000175878
0.000504239
0.000590146
0.000609926
0.000600343
0.000597986
0.000618506
0.000645605
0.000644714
0.000608484
0.000567303
0.000543568
0.000534401
0.000529196
0.000521907
0.000509267
0.000485789
0.000443274
0.000367952
0.000213113
0.000223151
0.000415968
0.000516002
0.000574402
0.000607285
0.000625149
0.000643432
0.000675811
0.00068139
0.00063182
0.000575493
0.00054858
0.000546362
0.000550719
0.000549392
0.000535484
0.000507133
0.000462444
0.000390583
0.00026943
0.000251733
0.000382741
0.000469108
0.000524252
0.000560916
0.000588632
0.000614555
0.000640853
0.000659329
0.000631
0.000581842
0.000555457
0.000551673
0.000550437
0.000544031
0.000532033
0.000510143
0.000468419
0.000395916
0.000283343
0.000311511
0.000389095
0.000455424
0.000507351
0.000540679
0.000561489
0.000577196
0.000595676
0.000621695
0.000631529
0.000608177
0.00057958
0.000572689
0.000569935
0.000567191
0.000557935
0.000531336
0.000479852
0.000414124
0.000339268
0.000394639
0.000444214
0.000469508
0.000513988
0.000549017
0.000567336
0.000574777
0.000580296
0.000594071
0.000616632
0.00062953
0.000606218
0.000601028
0.000608524
0.000615275
0.000607807
0.000574396
0.000522486
0.000491068
0.000398639
0.000453442
0.000588335
0.000549112
0.000572127
0.000609163
0.000632791
0.000640332
0.000641275
0.000651263
0.000687819
0.000737385
0.000710854
0.000695583
0.000708098
0.000721029
0.000712682
0.000672836
0.000628847
0.000653015
0.000445873
0.000500012
0.000791893
0.000749987
0.000774803
0.000803892
0.000822242
0.000828466
0.000819783
0.000796994
0.000784289
0.000823095
0.000850817
0.000870647
0.000892117
0.000910887
0.000913236
0.000883339
0.000822321
0.000787407
0.000486431
0.000544144
0.00079528
0.00111538
0.00130125
0.00145768
0.00158271
0.001657
0.00164483
0.00151085
0.00130816
0.00131873
0.00151832
0.00163428
0.00163344
0.00156822
0.00146704
0.00133164
0.00114077
0.000800403
0.000527164
0.000589463
0.000647636
0.000695659
0.000739313
0.000783605
0.000824691
0.000860502
0.000888234
0.000904317
0.000905657
0.000886128
0.000876946
0.000857813
0.000828877
0.00079324
0.000753665
0.000711678
0.000669984
0.00062399
0.000568065
0.000153136
0.000184004
0.000195446
0.000197949
0.00019398
0.000188207
0.000184654
0.000183839
0.000182379
0.000180029
0.000180298
0.000187629
0.000198333
0.000208071
0.000214556
0.000216939
0.000210969
0.000197344
0.000179795
0.000153811
0.000182676
0.000449109
0.000540016
0.000581454
0.000580476
0.000566357
0.000569298
0.000590314
0.000597507
0.000569141
0.000535653
0.000519021
0.000515766
0.000515454
0.000509267
0.000491679
0.000466289
0.000430008
0.000371037
0.000246727
0.000256631
0.000419148
0.000498475
0.000544003
0.000573674
0.000594255
0.000607826
0.000626396
0.000638669
0.000597807
0.000540571
0.000519652
0.000526661
0.000537141
0.000535485
0.00052193
0.000502935
0.000476156
0.000418995
0.000295975
0.000282274
0.000416202
0.000490751
0.000528626
0.000549339
0.000564834
0.000580446
0.000598382
0.000610966
0.000592906
0.00054218
0.00052422
0.000527687
0.00053114
0.000532033
0.000532626
0.000528535
0.000504399
0.000439492
0.000313882
0.000332092
0.000433748
0.000500685
0.000539782
0.000553872
0.000555863
0.000554538
0.000553217
0.000556103
0.00055788
0.000539972
0.000527619
0.000535069
0.00054486
0.000557935
0.000571293
0.000571767
0.000541784
0.00047831
0.000355797
0.00040016
0.000501699
0.000535485
0.000570745
0.000585613
0.000580244
0.000565282
0.000547858
0.000532721
0.000523957
0.000521074
0.000523761
0.000545575
0.000574574
0.000607807
0.000636034
0.000639815
0.00060998
0.000564516
0.000404656
0.000451692
0.000635695
0.000616785
0.000635283
0.000656085
0.000658537
0.000645094
0.000625292
0.00060863
0.000607416
0.000627546
0.000629485
0.000639728
0.000671983
0.000712682
0.000742792
0.000739863
0.000707526
0.000682194
0.000445191
0.000492755
0.00075774
0.000769682
0.000805449
0.000835929
0.000846578
0.000841183
0.000823608
0.000796043
0.00077183
0.000787078
0.000819278
0.000843704
0.000875143
0.000913236
0.000940776
0.000928901
0.000866871
0.00077618
0.000480691
0.000531848
0.000760755
0.00105089
0.00124398
0.00136461
0.00145517
0.0015134
0.00151974
0.00144782
0.00132398
0.00132085
0.00144476
0.00151532
0.00150877
0.00146704
0.00140486
0.00130794
0.00110082
0.000779458
0.000517031
0.000572601
0.000624649
0.000667708
0.000705543
0.000743688
0.000778751
0.000808676
0.000830785
0.000841454
0.000837482
0.000823588
0.000820333
0.00080693
0.000783607
0.000753665
0.000719843
0.000683584
0.000646696
0.000604509
0.000553351
0.000156223
0.000183883
0.000192473
0.000193281
0.000193886
0.000189832
0.000183426
0.00017917
0.000175986
0.000172932
0.000171938
0.000178435
0.000191013
0.000204915
0.000215296
0.000210969
0.000193742
0.000181498
0.000174275
0.000155455
0.000245095
0.000387341
0.000452993
0.000497752
0.000524237
0.000524018
0.000522021
0.000535733
0.000550044
0.000528367
0.000499849
0.000488478
0.000490457
0.000493944
0.000485789
0.000466289
0.00044251
0.000413917
0.00037583
0.000274827
0.000293943
0.000428978
0.000484151
0.000510119
0.000529198
0.000545243
0.00055868
0.000571043
0.000584598
0.000552217
0.000496165
0.000481543
0.000496548
0.000508789
0.000507133
0.000502935
0.000506061
0.000505321
0.000464779
0.000325456
0.000318671
0.000465365
0.000528215
0.000541436
0.00053709
0.000532591
0.000532474
0.000538193
0.000546892
0.000536297
0.000492211
0.000480566
0.000488437
0.000498742
0.000510143
0.000528535
0.000551188
0.000554906
0.00049866
0.000343285
0.000357351
0.000502925
0.000567211
0.000585521
0.000568709
0.000542497
0.000519454
0.00049969
0.000480987
0.000462726
0.000445891
0.000453042
0.000478136
0.000501468
0.000531336
0.000571767
0.000608552
0.000610384
0.00054806
0.000374105
0.000406613
0.000569647
0.000623024
0.000641403
0.000624296
0.000584608
0.00054244
0.000503612
0.000467627
0.000435795
0.000416121
0.000429591
0.000471467
0.00051759
0.000574396
0.000639814
0.000686623
0.0006835
0.00061772
0.000410235
0.000447879
0.000646536
0.00068827
0.000708681
0.000705856
0.000677202
0.000635811
0.000593808
0.000555697
0.00052728
0.000518562
0.000531364
0.000561877
0.000609112
0.000672836
0.000739863
0.000775252
0.00075735
0.000683948
0.000442375
0.000482238
0.000705843
0.000784648
0.000843813
0.000874544
0.000874232
0.000854315
0.000822967
0.000782891
0.00074277
0.000734262
0.000763956
0.000796467
0.000834197
0.000883339
0.000928901
0.000927986
0.000852503
0.000731705
0.000471762
0.000515683
0.000713912
0.000948904
0.00119832
0.00128294
0.00133345
0.00135857
0.00134976
0.00129219
0.00120047
0.00119458
0.00128441
0.00134096
0.00134535
0.00133164
0.00130794
0.00124375
0.000997526
0.000735405
0.000502838
0.000551732
0.000598158
0.00063722
0.0006706
0.000702171
0.000731102
0.000755326
0.000772408
0.000778948
0.000771725
0.000762513
0.0007635
0.000754627
0.000736234
0.000711678
0.000683584
0.000653209
0.000620454
0.000581629
0.000534874
0.000159999
0.000183071
0.000188755
0.000188386
0.000187531
0.000190609
0.000183862
0.000174745
0.000169982
0.000166218
0.000164203
0.000168091
0.000180633
0.000198171
0.000208893
0.000197344
0.000181498
0.000176532
0.000175993
0.000162982
0.000275846
0.000368677
0.000398247
0.00042779
0.000464187
0.000480314
0.000469676
0.000468307
0.000485177
0.000478133
0.000453516
0.000444758
0.000451144
0.000454392
0.000443274
0.000430008
0.000413917
0.000410293
0.000407301
0.000309476
0.000330688
0.000470914
0.000497372
0.000489881
0.000485632
0.000487466
0.00048929
0.000495822
0.000508672
0.000491869
0.000439795
0.000427106
0.000446285
0.000458608
0.000462444
0.000476156
0.000505321
0.000534347
0.000508193
0.000351732
0.00035504
0.000527611
0.000577539
0.000557686
0.000519873
0.000489975
0.000469677
0.000458177
0.000458095
0.000459734
0.000433152
0.000416318
0.000427311
0.000446123
0.000468419
0.000504399
0.000554906
0.000582141
0.000541263
0.000370124
0.000382359
0.000560785
0.000625659
0.000622984
0.000569664
0.000512203
0.000467622
0.000432455
0.000401377
0.00037248
0.000352248
0.000363737
0.000402548
0.000437663
0.000479852
0.000541784
0.000610384
0.000637101
0.000583895
0.000391359
0.0004135
0.000602065
0.000673213
0.000683646
0.000640284
0.000568353
0.000504373
0.000453018
0.000410382
0.000378539
0.000362532
0.000369223
0.000404019
0.000454432
0.000522486
0.00060998
0.0006835
0.000697014
0.000628111
0.000414831
0.0004426
0.000635134
0.000714531
0.000745156
0.000730355
0.000681537
0.000618626
0.000561004
0.000511589
0.000477397
0.000465458
0.000476703
0.000507875
0.000559622
0.000628847
0.000707526
0.00075735
0.00074551
0.000660459
0.000437522
0.000468801
0.00065564
0.000754517
0.000829266
0.000874542
0.000872891
0.000845881
0.000804917
0.000754287
0.000704578
0.000684261
0.000706176
0.000738676
0.000775781
0.000822321
0.000866871
0.000852503
0.000787615
0.000679016
0.000459732
0.000495693
0.000662517
0.000818023
0.000982369
0.00111288
0.00118117
0.00121008
0.00118446
0.00111749
0.00103025
0.00102278
0.00109837
0.00114945
0.00115625
0.00114077
0.00110082
0.000997526
0.000843679
0.000677733
0.000484579
0.000526189
0.00056779
0.000603805
0.000634121
0.000661276
0.000684964
0.000704164
0.000716727
0.000719839
0.000710447
0.000705005
0.000708971
0.000703788
0.000689724
0.000669984
0.000646696
0.000620454
0.00059076
0.000554746
0.000511807
0.000175023
0.000188493
0.00018639
0.000181377
0.000179926
0.000187655
0.000181156
0.000167311
0.000160376
0.000156375
0.000154166
0.000156189
0.000165588
0.00018405
0.000191352
0.000179795
0.000174275
0.000175993
0.000188088
0.00019075
0.000308703
0.000367949
0.00035652
0.000357911
0.000384591
0.000410236
0.00040294
0.000381926
0.000384233
0.000384978
0.000369369
0.000367477
0.0003803
0.000378764
0.000367952
0.000371037
0.00037583
0.000407301
0.000436196
0.000342269
0.000362967
0.000497658
0.000505113
0.00046209
0.000427918
0.000411702
0.000396406
0.000386762
0.0003906
0.000384704
0.000349031
0.000340441
0.000361338
0.000377216
0.000390583
0.000418995
0.000464779
0.000508193
0.000499155
0.000372948
0.000383558
0.000525447
0.000553409
0.000527884
0.000467038
0.000419239
0.000384158
0.000357884
0.00034204
0.000334126
0.00032319
0.000320602
0.000339654
0.000365998
0.000395916
0.000439492
0.00049866
0.000541263
0.000526541
0.000389838
0.000401303
0.000551254
0.000591103
0.000578918
0.000520106
0.000449987
0.000400066
0.000362991
0.000333738
0.000314191
0.000305298
0.00031048
0.000334682
0.000372202
0.000414124
0.00047831
0.00054806
0.000583895
0.00055587
0.000403416
0.000417927
0.000575105
0.000626697
0.000636138
0.000606308
0.000532652
0.000471356
0.000426718
0.000393009
0.000374789
0.000369959
0.000376073
0.000396476
0.000432541
0.000491068
0.000564516
0.00061772
0.000628111
0.000583881
0.000416123
0.00043482
0.000592816
0.000654753
0.000691741
0.000712536
0.000697432
0.000639252
0.000578876
0.000526059
0.000496884
0.00049746
0.000519424
0.000557048
0.000607105
0.000653015
0.000682194
0.000683948
0.000660459
0.000604785
0.000429343
0.0004515
0.000604659
0.000673745
0.000734722
0.000803296
0.000845229
0.000848988
0.000827313
0.000790422
0.000752454
0.000731953
0.000740236
0.000760191
0.000778486
0.000787407
0.00077618
0.000731705
0.000679016
0.000618417
0.000443433
0.000470287
0.000603139
0.000677276
0.000741079
0.0007971
0.000826292
0.000835537
0.000822395
0.000787693
0.000736832
0.000731185
0.000770244
0.000799805
0.000807506
0.000800403
0.000779458
0.000735405
0.000677733
0.000605777
0.000460893
0.000493136
0.000530663
0.000564188
0.000591683
0.000615276
0.000635028
0.000650233
0.00065943
0.000660708
0.000651746
0.000648532
0.000653026
0.000650029
0.000639642
0.00062399
0.000604509
0.000581629
0.000554746
0.000521177
0.000481458
0.000221514
0.000213259
0.000193047
0.000176148
0.000170875
0.000171031
0.000158767
0.000145374
0.000140101
0.000137146
0.000134899
0.000134395
0.000136266
0.000143071
0.000153268
0.000153811
0.000155455
0.000162982
0.00019075
0.000244798
0.000329531
0.00030918
0.000284658
0.000260862
0.000245271
0.000225448
0.000194398
0.000169653
0.000158196
0.000150782
0.000149812
0.000156548
0.000163053
0.000168864
0.000213113
0.000246727
0.000274827
0.000309476
0.000342269
0.000359615
0.000381264
0.000374306
0.00035845
0.000335884
0.000306014
0.000274833
0.000240644
0.000207849
0.000177121
0.000159965
0.000156389
0.000179976
0.000215488
0.000245079
0.00026943
0.000295975
0.000325456
0.000351732
0.000372948
0.000384477
0.000397326
0.000393675
0.00037887
0.000354813
0.000323421
0.000288144
0.000258185
0.000233671
0.000213347
0.000199538
0.000197866
0.000206905
0.000224712
0.000253394
0.000283343
0.000313882
0.000343285
0.000370124
0.000389838
0.000396574
0.000406964
0.000407596
0.000398616
0.000381711
0.000358968
0.000335723
0.000318327
0.000307767
0.000299256
0.000297692
0.000301308
0.000307098
0.000314938
0.000325721
0.000339268
0.000355797
0.000374105
0.000391359
0.000403416
0.000404067
0.000414272
0.000419749
0.000419066
0.00041424
0.000407595
0.000400167
0.000393168
0.000386223
0.000378941
0.000373976
0.000375058
0.000380372
0.000386407
0.000392566
0.000398639
0.000404656
0.000410235
0.000414831
0.000416123
0.000410033
0.000421188
0.00043227
0.000440645
0.000446
0.000449381
0.000450443
0.000448945
0.000444946
0.000438437
0.000430725
0.000430441
0.000436269
0.00044131
0.000444574
0.000445873
0.000445191
0.000442375
0.000437522
0.000429343
0.000416035
0.000428746
0.000446488
0.00046275
0.000475697
0.000485638
0.000492107
0.000494906
0.000493438
0.000487454
0.000477648
0.000476884
0.000483777
0.0004882
0.000489003
0.000486431
0.000480691
0.000471762
0.000459732
0.000443433
0.00042289
0.000438379
0.000464404
0.000488248
0.000507512
0.000522927
0.000533704
0.000539898
0.000540872
0.000535809
0.00052434
0.000523617
0.000531854
0.000535442
0.000533514
0.000527164
0.000517031
0.000502838
0.000484579
0.000460893
0.000431846
0.000451881
0.000486426
0.00051704
0.000540885
0.000560082
0.000575134
0.000585878
0.00059161
0.000591118
0.000582377
0.000581047
0.000586382
0.000585537
0.000579018
0.000568065
0.000553351
0.000534874
0.000511807
0.000481458
0.00044445
)
;

boundaryField
{
    floor
    {
        type            nutkWallFunction;
        blending        stepwise;
        Cmu             0.09;
        kappa           0.41;
        E               9.8;
        value           nonuniform List<scalar> 
400
(
3.60832e-05
2.88011e-05
2.05785e-05
1.35192e-05
1.24788e-05
1.22888e-05
1.19344e-05
1.23689e-05
1.29187e-05
1.33862e-05
1.34879e-05
1.33112e-05
1.30016e-05
1.26502e-05
1.24987e-05
1.25773e-05
1.30089e-05
1.35695e-05
1.59501e-05
2.29957e-05
2.88011e-05
2.45262e-05
1.91998e-05
1.63015e-05
1.67926e-05
1.78299e-05
1.67968e-05
1.71113e-05
1.77742e-05
1.82286e-05
1.8201e-05
1.77733e-05
1.72049e-05
1.68026e-05
1.70514e-05
1.71505e-05
1.71301e-05
1.70241e-05
1.79241e-05
2.17759e-05
2.05785e-05
1.91998e-05
1.76177e-05
1.78203e-05
1.95079e-05
2.00154e-05
1.92285e-05
1.94694e-05
2.00457e-05
2.04724e-05
2.0355e-05
1.97384e-05
1.89717e-05
1.84442e-05
1.85894e-05
1.87783e-05
1.84043e-05
1.78927e-05
1.76306e-05
1.88008e-05
1.35192e-05
1.63015e-05
1.78203e-05
1.94796e-05
2.15845e-05
2.10524e-05
2.07613e-05
2.11179e-05
2.17365e-05
2.21882e-05
2.19336e-05
2.09779e-05
1.98358e-05
1.89953e-05
1.88402e-05
1.91357e-05
1.85364e-05
1.78509e-05
1.68583e-05
1.61849e-05
1.24788e-05
1.67926e-05
1.95079e-05
2.15845e-05
2.18913e-05
2.16e-05
2.18418e-05
2.24647e-05
2.33056e-05
2.39093e-05
2.34749e-05
2.19729e-05
2.02822e-05
1.90222e-05
1.84746e-05
1.85604e-05
1.84683e-05
1.75978e-05
1.64672e-05
1.51444e-05
1.22888e-05
1.78299e-05
2.00154e-05
2.10524e-05
2.16e-05
2.21147e-05
2.28066e-05
2.37498e-05
2.49223e-05
2.58081e-05
2.51058e-05
2.2904e-05
2.07425e-05
1.90769e-05
1.80096e-05
1.77081e-05
1.7897e-05
1.79331e-05
1.74694e-05
1.51836e-05
1.19344e-05
1.67968e-05
1.92285e-05
2.07613e-05
2.18418e-05
2.28066e-05
2.38649e-05
2.51728e-05
2.67836e-05
2.8144e-05
2.69721e-05
2.40696e-05
2.14968e-05
1.94792e-05
1.80262e-05
1.71472e-05
1.69957e-05
1.7048e-05
1.6661e-05
1.34688e-05
1.23689e-05
1.71113e-05
1.94694e-05
2.11179e-05
2.24647e-05
2.37498e-05
2.51728e-05
2.69101e-05
2.89693e-05
3.08559e-05
2.91895e-05
2.56529e-05
2.25685e-05
2.00389e-05
1.82332e-05
1.70672e-05
1.63954e-05
1.57698e-05
1.4699e-05
1.14832e-05
1.29187e-05
1.77742e-05
2.00457e-05
2.17365e-05
2.33056e-05
2.49223e-05
2.67836e-05
2.89693e-05
3.09879e-05
3.33133e-05
3.02821e-05
2.67609e-05
2.33056e-05
2.0256e-05
1.82311e-05
1.692e-05
1.59924e-05
1.51189e-05
1.37088e-05
1.06905e-05
1.33862e-05
1.82286e-05
2.04724e-05
2.21882e-05
2.39093e-05
2.58081e-05
2.8144e-05
3.08559e-05
3.33133e-05
2.49753e-05
1.92692e-05
2.55927e-05
2.25921e-05
1.98961e-05
1.79687e-05
1.66394e-05
1.56053e-05
1.46224e-05
1.31644e-05
1.02601e-05
1.34879e-05
1.8201e-05
2.0355e-05
2.19336e-05
2.34749e-05
2.51057e-05
2.69721e-05
2.91895e-05
3.02821e-05
1.92692e-05
1.46346e-05
2.35273e-05
2.15997e-05
1.96506e-05
1.80632e-05
1.67326e-05
1.55171e-05
1.43712e-05
1.28721e-05
9.91761e-06
1.33112e-05
1.77733e-05
1.97384e-05
2.09779e-05
2.19729e-05
2.2904e-05
2.40696e-05
2.56529e-05
2.67609e-05
2.55927e-05
2.35273e-05
2.24213e-05
2.12972e-05
2.0093e-05
1.89638e-05
1.77906e-05
1.64757e-05
1.49728e-05
1.32008e-05
9.84582e-06
1.30016e-05
1.72049e-05
1.89717e-05
1.98358e-05
2.02822e-05
2.07425e-05
2.14968e-05
2.25685e-05
2.33056e-05
2.25921e-05
2.15997e-05
2.12972e-05
2.10283e-05
2.05971e-05
2.00332e-05
1.92972e-05
1.82615e-05
1.67756e-05
1.45905e-05
1.01298e-05
1.26502e-05
1.68026e-05
1.84442e-05
1.89953e-05
1.90222e-05
1.90769e-05
1.94792e-05
2.00389e-05
2.0256e-05
1.98961e-05
1.96505e-05
2.0093e-05
2.05971e-05
2.08436e-05
2.08284e-05
2.0647e-05
2.02162e-05
1.92811e-05
1.72431e-05
1.1135e-05
1.24987e-05
1.70514e-05
1.85894e-05
1.88402e-05
1.84746e-05
1.80096e-05
1.80262e-05
1.82332e-05
1.8231e-05
1.79687e-05
1.80632e-05
1.89638e-05
2.00332e-05
2.08284e-05
2.12521e-05
2.14998e-05
2.16257e-05
2.06969e-05
1.82102e-05
1.26122e-05
1.25773e-05
1.71505e-05
1.87783e-05
1.91357e-05
1.85604e-05
1.77081e-05
1.71472e-05
1.70672e-05
1.692e-05
1.66394e-05
1.67325e-05
1.77906e-05
1.92972e-05
2.0647e-05
2.14998e-05
2.17616e-05
2.08607e-05
1.89513e-05
1.6535e-05
1.27037e-05
1.30089e-05
1.71301e-05
1.84043e-05
1.85364e-05
1.84683e-05
1.7897e-05
1.69957e-05
1.63954e-05
1.59924e-05
1.56053e-05
1.55171e-05
1.64757e-05
1.82615e-05
2.02162e-05
2.16257e-05
2.08607e-05
1.83782e-05
1.67568e-05
1.57395e-05
1.29539e-05
1.35695e-05
1.70241e-05
1.78927e-05
1.78509e-05
1.75978e-05
1.79331e-05
1.7048e-05
1.57698e-05
1.51189e-05
1.46224e-05
1.43712e-05
1.49728e-05
1.67756e-05
1.92811e-05
2.06969e-05
1.89513e-05
1.67568e-05
1.60733e-05
1.5948e-05
1.40244e-05
1.59501e-05
1.79241e-05
1.76306e-05
1.68583e-05
1.64672e-05
1.74694e-05
1.6661e-05
1.4699e-05
1.37088e-05
1.31644e-05
1.28721e-05
1.32008e-05
1.45905e-05
1.72431e-05
1.82102e-05
1.6535e-05
1.57395e-05
1.5948e-05
1.76284e-05
1.78459e-05
2.29957e-05
2.17759e-05
1.88008e-05
1.61849e-05
1.51444e-05
1.51836e-05
1.34688e-05
1.14832e-05
1.06905e-05
1.02601e-05
9.91761e-06
9.84582e-06
1.01298e-05
1.1135e-05
1.26122e-05
1.27037e-05
1.29539e-05
1.40244e-05
1.78459e-05
2.50086e-05
)
;
    }
    ceiling
    {
        type            nutkWallFunction;
        blending        stepwise;
        Cmu             0.09;
        kappa           0.41;
        E               9.8;
        value           nonuniform List<scalar> 
400
(
5.67947e-05
6.19949e-05
6.62479e-05
6.94826e-05
7.20717e-05
7.41278e-05
7.56455e-05
7.65178e-05
7.65315e-05
7.52018e-05
7.34031e-05
7.37919e-05
7.35617e-05
7.26042e-05
7.10278e-05
6.89114e-05
6.62851e-05
6.30584e-05
5.88586e-05
5.35749e-05
6.19949e-05
6.75771e-05
7.22795e-05
7.6044e-05
7.92383e-05
8.19463e-05
8.41044e-05
8.55032e-05
8.583e-05
8.46144e-05
8.24277e-05
8.26663e-05
8.20807e-05
8.05496e-05
7.82669e-05
7.54109e-05
7.2109e-05
6.83068e-05
6.36289e-05
5.80085e-05
6.6248e-05
7.22795e-05
7.73215e-05
8.14753e-05
8.51302e-05
8.83608e-05
9.10798e-05
9.29814e-05
9.36484e-05
9.2519e-05
8.99492e-05
9.00725e-05
8.91471e-05
8.70852e-05
8.41892e-05
8.07435e-05
7.69721e-05
7.28178e-05
6.78594e-05
6.19074e-05
6.94826e-05
7.6044e-05
8.14753e-05
8.60573e-05
9.02751e-05
9.41782e-05
9.75837e-05
0.000100139
0.000101404
0.000100841
9.7685e-05
9.72824e-05
9.5799e-05
9.31257e-05
8.95358e-05
8.54008e-05
8.1104e-05
7.65944e-05
7.13102e-05
6.49282e-05
7.20717e-05
7.92383e-05
8.51302e-05
9.02751e-05
9.53299e-05
0.000100059
0.000104246
0.00010756
0.000109611
0.000109908
0.000105946
0.000104741
0.000102565
9.92126e-05
9.49291e-05
9.00732e-05
8.49964e-05
7.99645e-05
7.42613e-05
6.73533e-05
7.41278e-05
8.19463e-05
8.83608e-05
9.41782e-05
0.000100059
0.000105606
0.000110646
0.000114917
0.000118132
0.000119844
0.000114738
0.000112199
0.000109039
0.000104909
9.9911e-05
9.43511e-05
8.85517e-05
8.28972e-05
7.67283e-05
6.92542e-05
7.56455e-05
8.41044e-05
9.10798e-05
9.75837e-05
0.000104246
0.000110646
0.0001167
0.000122331
0.00012749
0.00013175
0.000124998
0.000119957
0.000115172
0.000110028
0.000104245
9.79988e-05
9.15279e-05
8.52766e-05
7.86306e-05
7.06153e-05
7.65178e-05
8.55032e-05
9.29814e-05
0.000100139
0.00010756
0.000114917
0.000122331
0.000130076
0.000138461
0.000146802
0.000137902
0.00012857
0.000120957
0.00011428
0.000107607
0.000100703
9.36378e-05
8.68461e-05
7.97932e-05
7.13519e-05
7.65315e-05
8.583e-05
9.36484e-05
0.000101404
0.000109611
0.000118132
0.00012749
0.000138461
0.000151483
0.000163817
0.000152986
0.000138433
0.000126548
0.0001174
0.000109575
0.000102032
9.44726e-05
8.72641e-05
7.998e-05
7.13107e-05
7.52018e-05
8.46144e-05
9.2519e-05
0.000100841
0.000109908
0.000119844
0.00013175
0.000146802
0.000163817
0.000163003
0.00015618
0.000147255
0.000131566
0.000119124
0.000109785
0.000101599
9.36354e-05
8.61479e-05
7.88918e-05
7.02221e-05
7.34031e-05
8.24277e-05
8.99492e-05
9.76849e-05
0.000105946
0.000114738
0.000124998
0.000137902
0.000152986
0.00015618
0.000155141
0.000140539
0.000126494
0.000115829
0.000107476
9.99378e-05
9.25206e-05
8.54785e-05
7.84872e-05
7.00442e-05
7.37918e-05
8.26663e-05
9.00725e-05
9.72824e-05
0.000104741
0.000112199
0.000119957
0.00012857
0.000138433
0.000147255
0.000140539
0.000129747
0.000120791
0.000113288
0.000106364
9.9534e-05
9.26296e-05
8.59553e-05
7.90378e-05
7.07104e-05
7.35617e-05
8.20807e-05
8.91471e-05
9.5799e-05
0.000102565
0.000109039
0.000115172
0.000120957
0.000126548
0.000131566
0.000126494
0.000120791
0.000115446
0.000109933
0.000104057
9.79062e-05
9.15408e-05
8.53055e-05
7.86544e-05
7.05957e-05
7.26042e-05
8.05496e-05
8.70852e-05
9.31257e-05
9.92126e-05
0.000104909
0.000110028
0.00011428
0.0001174
0.000119124
0.000115829
0.000113288
0.000109933
0.000105613
0.000100565
9.50751e-05
8.9293e-05
8.35705e-05
7.73586e-05
6.97704e-05
7.10278e-05
7.82669e-05
8.41892e-05
8.95358e-05
9.49291e-05
9.9911e-05
0.000104245
0.000107607
0.000109575
0.000109785
0.000107476
0.000106364
0.000104057
0.000100565
9.6249e-05
9.14317e-05
8.62871e-05
8.11351e-05
7.54084e-05
6.83882e-05
6.89114e-05
7.54109e-05
8.07435e-05
8.54008e-05
9.00732e-05
9.43511e-05
9.79988e-05
0.000100703
0.000102032
0.000101599
9.99378e-05
9.9534e-05
9.79062e-05
9.5075e-05
9.14317e-05
8.72954e-05
8.28314e-05
7.825e-05
7.29752e-05
6.65298e-05
6.62851e-05
7.2109e-05
7.69721e-05
8.1104e-05
8.49964e-05
8.85517e-05
9.15279e-05
9.36378e-05
9.44726e-05
9.36354e-05
9.25206e-05
9.26295e-05
9.15408e-05
8.9293e-05
8.62871e-05
8.28314e-05
7.90687e-05
7.49807e-05
7.01049e-05
6.41893e-05
6.30584e-05
6.83068e-05
7.28179e-05
7.65944e-05
7.99645e-05
8.28972e-05
8.52766e-05
8.68461e-05
8.72641e-05
8.61479e-05
8.54785e-05
8.59553e-05
8.53055e-05
8.35705e-05
8.11351e-05
7.825e-05
7.49807e-05
7.12577e-05
6.67139e-05
6.12547e-05
5.88586e-05
6.36289e-05
6.78594e-05
7.13102e-05
7.42613e-05
7.67283e-05
7.86306e-05
7.97932e-05
7.998e-05
7.88918e-05
7.84872e-05
7.90378e-05
7.86544e-05
7.73586e-05
7.54084e-05
7.29752e-05
7.01049e-05
6.67139e-05
6.24531e-05
5.73715e-05
5.35749e-05
5.80085e-05
6.19075e-05
6.49282e-05
6.73533e-05
6.92542e-05
7.06153e-05
7.13519e-05
7.13107e-05
7.02221e-05
7.00442e-05
7.07104e-05
7.05957e-05
6.97704e-05
6.83882e-05
6.65298e-05
6.41893e-05
6.12547e-05
5.73715e-05
5.25993e-05
)
;
    }
    fixedWalls
    {
        type            nutkWallFunction;
        blending        stepwise;
        Cmu             0.09;
        kappa           0.41;
        E               9.8;
        value           nonuniform List<scalar> 
800
(
3.60698e-05
4.49481e-05
4.80474e-05
4.96786e-05
5.07728e-05
5.16766e-05
5.25901e-05
5.36241e-05
5.49515e-05
5.67869e-05
2.87869e-05
4.25377e-05
4.6279e-05
4.86788e-05
5.06628e-05
5.25271e-05
5.4463e-05
5.65146e-05
5.9025e-05
6.19882e-05
2.05635e-05
3.85376e-05
4.28186e-05
4.56438e-05
4.88501e-05
5.22842e-05
5.55974e-05
5.88066e-05
6.2347e-05
6.62421e-05
1.35028e-05
3.39011e-05
3.80912e-05
4.11958e-05
4.60834e-05
5.14881e-05
5.62439e-05
6.04931e-05
6.49029e-05
6.94774e-05
1.24617e-05
2.75595e-05
3.26176e-05
3.59615e-05
4.28958e-05
5.04937e-05
5.65996e-05
6.17389e-05
6.68919e-05
7.2067e-05
1.22713e-05
1.6913e-05
2.76452e-05
3.0901e-05
3.98096e-05
4.93621e-05
5.66215e-05
6.25358e-05
6.83136e-05
7.41235e-05
1.19169e-05
1.65283e-05
2.1138e-05
2.63862e-05
3.68122e-05
4.8164e-05
5.62744e-05
6.28536e-05
6.9173e-05
7.56416e-05
1.23515e-05
1.71702e-05
1.78462e-05
2.24991e-05
3.45017e-05
4.691e-05
5.55852e-05
6.262e-05
6.93626e-05
7.6514e-05
1.29014e-05
1.81767e-05
1.92444e-05
1.94797e-05
3.32673e-05
4.56334e-05
5.45139e-05
6.17135e-05
6.86695e-05
7.65277e-05
1.3369e-05
1.89236e-05
2.05356e-05
2.12109e-05
3.19918e-05
4.42591e-05
5.29886e-05
5.99895e-05
6.67679e-05
7.51977e-05
1.34708e-05
1.86632e-05
1.99658e-05
2.02857e-05
3.09494e-05
4.33917e-05
5.20669e-05
5.89076e-05
6.5417e-05
7.33986e-05
1.32941e-05
1.78865e-05
1.83868e-05
1.72385e-05
3.09845e-05
4.38736e-05
5.26629e-05
5.96189e-05
6.62576e-05
7.37875e-05
1.29845e-05
1.70153e-05
1.70481e-05
1.92344e-05
3.1363e-05
4.45589e-05
5.32777e-05
6.0159e-05
6.66648e-05
7.35573e-05
1.26331e-05
1.61193e-05
1.63959e-05
2.30137e-05
3.28468e-05
4.53315e-05
5.36644e-05
6.02003e-05
6.6334e-05
7.25996e-05
1.24815e-05
1.58953e-05
2.27344e-05
2.67368e-05
3.49345e-05
4.60603e-05
5.37373e-05
5.97241e-05
6.53278e-05
7.10229e-05
1.25602e-05
1.68202e-05
2.74772e-05
3.09821e-05
3.77106e-05
4.6784e-05
5.35098e-05
5.87945e-05
6.3769e-05
6.8906e-05
1.2992e-05
2.60101e-05
3.26352e-05
3.59312e-05
4.11203e-05
4.76414e-05
5.30207e-05
5.7449e-05
6.17177e-05
6.62793e-05
1.35528e-05
3.04181e-05
3.76341e-05
4.08528e-05
4.44742e-05
4.8562e-05
5.2348e-05
5.57295e-05
5.91742e-05
6.30519e-05
1.59341e-05
3.49235e-05
4.1955e-05
4.46665e-05
4.69961e-05
4.91629e-05
5.13557e-05
5.35111e-05
5.59274e-05
5.88512e-05
2.29806e-05
3.76866e-05
4.43923e-05
4.64983e-05
4.77574e-05
4.87077e-05
4.96041e-05
5.05815e-05
5.18256e-05
5.35665e-05
2.29806e-05
3.76866e-05
4.43923e-05
4.64983e-05
4.77574e-05
4.87077e-05
4.96041e-05
5.05815e-05
5.18256e-05
5.35665e-05
2.17608e-05
3.47038e-05
4.34407e-05
4.60026e-05
4.78294e-05
4.94152e-05
5.104e-05
5.28765e-05
5.51815e-05
5.8001e-05
1.87855e-05
3.1172e-05
4.13074e-05
4.40256e-05
4.66311e-05
4.93096e-05
5.21148e-05
5.49686e-05
5.82377e-05
6.19007e-05
1.61693e-05
2.79794e-05
3.82197e-05
4.08151e-05
4.43822e-05
4.86626e-05
5.27983e-05
5.66298e-05
6.06974e-05
6.49221e-05
1.51286e-05
2.59531e-05
3.42053e-05
3.65786e-05
4.13461e-05
4.77776e-05
5.32291e-05
5.79047e-05
6.2662e-05
6.73476e-05
1.51675e-05
2.32465e-05
2.99586e-05
3.1777e-05
3.81909e-05
4.6788e-05
5.33643e-05
5.87357e-05
6.40367e-05
6.92489e-05
1.34521e-05
1.88448e-05
2.52033e-05
2.76528e-05
3.57587e-05
4.58608e-05
5.31746e-05
5.91048e-05
6.48334e-05
7.06103e-05
1.1466e-05
1.50607e-05
2.05763e-05
2.41272e-05
3.43245e-05
4.49491e-05
5.26674e-05
5.89318e-05
6.49743e-05
7.1347e-05
1.0673e-05
1.33492e-05
1.6063e-05
2.11856e-05
3.32126e-05
4.39983e-05
5.18357e-05
5.81795e-05
6.43517e-05
7.13059e-05
1.02425e-05
1.22824e-05
1.34958e-05
1.92785e-05
3.31015e-05
4.33737e-05
5.0839e-05
5.69178e-05
6.28939e-05
7.0217e-05
9.90005e-06
1.21454e-05
1.31093e-05
1.92428e-05
3.36597e-05
4.35336e-05
5.07981e-05
5.68047e-05
6.27838e-05
7.00391e-05
9.82833e-06
1.31727e-05
1.67601e-05
2.06698e-05
3.44581e-05
4.42269e-05
5.15412e-05
5.76733e-05
6.38154e-05
7.07054e-05
1.01123e-05
1.4142e-05
2.18164e-05
2.31699e-05
3.54966e-05
4.50106e-05
5.21869e-05
5.82323e-05
6.42618e-05
7.05907e-05
1.11176e-05
1.49702e-05
2.59603e-05
2.71124e-05
3.69264e-05
4.58113e-05
5.26045e-05
5.83317e-05
6.40138e-05
6.97652e-05
1.25953e-05
2.12839e-05
2.92988e-05
3.12059e-05
3.87298e-05
4.66034e-05
5.27691e-05
5.80012e-05
6.32077e-05
6.83827e-05
1.26871e-05
2.59873e-05
3.29209e-05
3.53419e-05
4.09318e-05
4.73897e-05
5.2679e-05
5.72637e-05
6.19179e-05
6.6524e-05
1.29375e-05
2.98668e-05
3.69001e-05
3.92843e-05
4.3365e-05
4.81223e-05
5.23147e-05
5.61165e-05
6.01065e-05
6.4183e-05
1.40084e-05
3.45921e-05
4.04204e-05
4.2855e-05
4.56535e-05
4.87303e-05
5.16882e-05
5.45662e-05
5.77668e-05
6.12478e-05
1.78308e-05
3.90256e-05
4.32284e-05
4.5462e-05
4.72472e-05
4.89079e-05
5.063e-05
5.24593e-05
5.47176e-05
5.73638e-05
2.49943e-05
4.13971e-05
4.47536e-05
4.63575e-05
4.73417e-05
4.81204e-05
4.89014e-05
4.97927e-05
5.09562e-05
5.25907e-05
3.60698e-05
4.49481e-05
4.80474e-05
4.96786e-05
5.07728e-05
5.16766e-05
5.25901e-05
5.36241e-05
5.49515e-05
5.67869e-05
2.87869e-05
4.25377e-05
4.6279e-05
4.86788e-05
5.06628e-05
5.25271e-05
5.4463e-05
5.65146e-05
5.9025e-05
6.19882e-05
2.05635e-05
3.85376e-05
4.28186e-05
4.56438e-05
4.88501e-05
5.22842e-05
5.55974e-05
5.88066e-05
6.2347e-05
6.62421e-05
1.35028e-05
3.39011e-05
3.80912e-05
4.11958e-05
4.60834e-05
5.14881e-05
5.62439e-05
6.04931e-05
6.49029e-05
6.94774e-05
1.24617e-05
2.75595e-05
3.26176e-05
3.59615e-05
4.28958e-05
5.04937e-05
5.65996e-05
6.17389e-05
6.68919e-05
7.2067e-05
1.22713e-05
1.6913e-05
2.76452e-05
3.0901e-05
3.98096e-05
4.93621e-05
5.66215e-05
6.25358e-05
6.83136e-05
7.41235e-05
1.19169e-05
1.65283e-05
2.1138e-05
2.63862e-05
3.68122e-05
4.8164e-05
5.62744e-05
6.28536e-05
6.9173e-05
7.56416e-05
1.23515e-05
1.71702e-05
1.78462e-05
2.24991e-05
3.45017e-05
4.691e-05
5.55852e-05
6.262e-05
6.93626e-05
7.65141e-05
1.29014e-05
1.81767e-05
1.92444e-05
1.94797e-05
3.32673e-05
4.56334e-05
5.45139e-05
6.17135e-05
6.86695e-05
7.65277e-05
1.3369e-05
1.89236e-05
2.05356e-05
2.12109e-05
3.19918e-05
4.42591e-05
5.29886e-05
5.99895e-05
6.67679e-05
7.51977e-05
1.34708e-05
1.86632e-05
1.99658e-05
2.02857e-05
3.09494e-05
4.33917e-05
5.20669e-05
5.89076e-05
6.5417e-05
7.33986e-05
1.32941e-05
1.78865e-05
1.83868e-05
1.72385e-05
3.09845e-05
4.38736e-05
5.26629e-05
5.96189e-05
6.62576e-05
7.37875e-05
1.29844e-05
1.70153e-05
1.70481e-05
1.92344e-05
3.1363e-05
4.45589e-05
5.32777e-05
6.0159e-05
6.66648e-05
7.35573e-05
1.26331e-05
1.61193e-05
1.63959e-05
2.30137e-05
3.28469e-05
4.53315e-05
5.36644e-05
6.02003e-05
6.6334e-05
7.25996e-05
1.24815e-05
1.58953e-05
2.27344e-05
2.67368e-05
3.49345e-05
4.60603e-05
5.37373e-05
5.97241e-05
6.53278e-05
7.10229e-05
1.25602e-05
1.68202e-05
2.74772e-05
3.09821e-05
3.77106e-05
4.6784e-05
5.35098e-05
5.87945e-05
6.3769e-05
6.8906e-05
1.2992e-05
2.60101e-05
3.26352e-05
3.59312e-05
4.11203e-05
4.76414e-05
5.30207e-05
5.7449e-05
6.17177e-05
6.62793e-05
1.35528e-05
3.04181e-05
3.76341e-05
4.08528e-05
4.44742e-05
4.8562e-05
5.2348e-05
5.57295e-05
5.91742e-05
6.30519e-05
1.59341e-05
3.49235e-05
4.1955e-05
4.46666e-05
4.69961e-05
4.91629e-05
5.13557e-05
5.35111e-05
5.59274e-05
5.88512e-05
2.29806e-05
3.76866e-05
4.43923e-05
4.64983e-05
4.77574e-05
4.87077e-05
4.96041e-05
5.05815e-05
5.18256e-05
5.35665e-05
2.29806e-05
3.76866e-05
4.43923e-05
4.64983e-05
4.77574e-05
4.87077e-05
4.96041e-05
5.05815e-05
5.18256e-05
5.35665e-05
2.17608e-05
3.47038e-05
4.34407e-05
4.60026e-05
4.78294e-05
4.94152e-05
5.104e-05
5.28765e-05
5.51815e-05
5.8001e-05
1.87855e-05
3.1172e-05
4.13074e-05
4.40256e-05
4.66311e-05
4.93096e-05
5.21148e-05
5.49686e-05
5.82377e-05
6.19007e-05
1.61693e-05
2.79794e-05
3.82197e-05
4.08151e-05
4.43822e-05
4.86626e-05
5.27983e-05
5.66298e-05
6.06974e-05
6.49221e-05
1.51286e-05
2.59531e-05
3.42053e-05
3.65786e-05
4.13461e-05
4.77776e-05
5.32291e-05
5.79047e-05
6.2662e-05
6.73476e-05
1.51675e-05
2.32465e-05
2.99586e-05
3.1777e-05
3.81909e-05
4.6788e-05
5.33643e-05
5.87357e-05
6.40367e-05
6.92489e-05
1.34521e-05
1.88448e-05
2.52033e-05
2.76528e-05
3.57587e-05
4.58608e-05
5.31746e-05
5.91048e-05
6.48334e-05
7.06103e-05
1.1466e-05
1.50607e-05
2.05763e-05
2.41272e-05
3.43245e-05
4.49491e-05
5.26674e-05
5.89318e-05
6.49743e-05
7.1347e-05
1.0673e-05
1.33492e-05
1.6063e-05
2.11856e-05
3.32125e-05
4.39983e-05
5.18357e-05
5.81795e-05
6.43517e-05
7.13059e-05
1.02425e-05
1.22824e-05
1.34958e-05
1.92785e-05
3.31015e-05
4.33737e-05
5.0839e-05
5.69178e-05
6.28939e-05
7.0217e-05
9.90005e-06
1.21454e-05
1.31093e-05
1.92428e-05
3.36597e-05
4.35336e-05
5.07981e-05
5.68047e-05
6.27838e-05
7.00391e-05
9.82834e-06
1.31727e-05
1.67601e-05
2.06699e-05
3.44581e-05
4.42269e-05
5.15412e-05
5.76733e-05
6.38154e-05
7.07054e-05
1.01123e-05
1.4142e-05
2.18164e-05
2.31699e-05
3.54966e-05
4.50106e-05
5.21869e-05
5.82323e-05
6.42618e-05
7.05907e-05
1.11176e-05
1.49702e-05
2.59603e-05
2.71124e-05
3.69264e-05
4.58113e-05
5.26045e-05
5.83317e-05
6.40138e-05
6.97652e-05
1.25953e-05
2.12839e-05
2.92988e-05
3.12059e-05
3.87298e-05
4.66034e-05
5.27691e-05
5.80012e-05
6.32077e-05
6.83827e-05
1.26871e-05
2.59873e-05
3.29209e-05
3.53419e-05
4.09318e-05
4.73897e-05
5.2679e-05
5.72637e-05
6.19179e-05
6.6524e-05
1.29375e-05
2.98668e-05
3.69001e-05
3.92843e-05
4.3365e-05
4.81223e-05
5.23147e-05
5.61165e-05
6.01065e-05
6.4183e-05
1.40084e-05
3.45921e-05
4.04204e-05
4.2855e-05
4.56535e-05
4.87303e-05
5.16882e-05
5.45662e-05
5.77668e-05
6.12478e-05
1.78308e-05
3.90256e-05
4.32284e-05
4.5462e-05
4.72472e-05
4.89079e-05
5.063e-05
5.24593e-05
5.47176e-05
5.73638e-05
2.49943e-05
4.13971e-05
4.47536e-05
4.63575e-05
4.73417e-05
4.81204e-05
4.89014e-05
4.97927e-05
5.09562e-05
5.25907e-05
)
;
    }
}


// ************************************************************************* //
