/*--------------------------------*- C++ -*----------------------------------*\
| =========                 |                                                 |
| \\      /  F ield         | OpenFOAM: The Open Source CFD Toolbox           |
|  \\    /   O peration     | Version:  v2012                                 |
|   \\  /    A nd           | Website:  www.openfoam.com                      |
|    \\/     M anipulation  |                                                 |
\*---------------------------------------------------------------------------*/
FoamFile
{
    version     2.0;
    format      ascii;
    class       volScalarField;
    location    "1200";
    object      p_rgh;
}
// * * * * * * * * * * * * * * * * * * * * * * * * * * * * * * * * * * * * * //

dimensions      [1 -1 -2 0 0 0 0];


internalField   nonuniform List<scalar> 
4000
(
100214
100214
100214
100214
100214
100214
100214
100214
100214
100214
100214
100214
100214
100214
100214
100214
100214
100214
100214
100214
100214
100214
100214
100214
100214
100214
100214
100214
100214
100214
100214
100214
100214
100214
100214
100214
100214
100214
100214
100214
100214
100214
100214
100214
100214
100214
100214
100214
100214
100214
100214
100214
100214
100214
100214
100214
100214
100214
100214
100214
100214
100214
100214
100214
100214
100214
100214
100214
100214
100214
100214
100214
100214
100214
100214
100214
100214
100214
100214
100214
100214
100214
100214
100214
100214
100214
100214
100214
100214
100214
100214
100214
100214
100214
100214
100214
100214
100214
100214
100214
100214
100214
100214
100214
100214
100214
100214
100214
100214
100214
100214
100214
100214
100214
100214
100214
100214
100214
100214
100214
100214
100214
100214
100214
100214
100214
100214
100214
100214
100214
100214
100214
100214
100214
100214
100214
100214
100214
100214
100214
100214
100214
100214
100214
100214
100214
100214
100214
100214
100214
100214
100214
100214
100214
100214
100214
100214
100214
100214
100214
100214
100214
100214
100214
100214
100214
100214
100214
100214
100214
100214
100214
100214
100214
100214
100214
100214
100214
100214
100214
100214
100214
100214
100214
100214
100214
100214
100214
100214
100214
100214
100214
100214
100214
100214
100214
100214
100214
100214
100214
100214
100214
100214
100214
100214
100214
100214
100214
100214
100214
100214
100214
100214
100214
100214
100214
100214
100214
100214
100214
100214
100214
100214
100214
100214
100214
100214
100214
100214
100214
100214
100214
100214
100214
100214
100214
100214
100214
100214
100214
100214
100214
100214
100214
100214
100214
100214
100214
100214
100214
100214
100214
100214
100214
100214
100214
100214
100214
100214
100214
100214
100214
100214
100214
100214
100214
100214
100214
100214
100214
100214
100214
100214
100214
100214
100214
100214
100214
100214
100214
100214
100214
100214
100214
100214
100214
100214
100214
100214
100214
100214
100214
100214
100214
100214
100214
100214
100214
100214
100214
100214
100214
100214
100214
100214
100214
100214
100214
100214
100214
100214
100214
100214
100214
100214
100214
100214
100214
100214
100214
100214
100214
100214
100214
100214
100214
100214
100214
100214
100214
100214
100214
100214
100214
100214
100214
100214
100214
100214
100214
100214
100214
100214
100214
100214
100214
100214
100214
100214
100214
100214
100214
100214
100214
100214
100214
100214
100214
100214
100214
100214
100214
100214
100214
100214
100214
100214
100214
100214
100214
100214
100214
100214
100214
100214
100214
100214
100214
100214
100214
100214
100214
100214
100214
100214
100214
100214
100214
100214
100214
100214
100214
100214
100214
100214
100214
100214
100214
100214
100214
100214
100214
100214
100214
100214
100214
100214
100214
100214
100214
100214
100214
100214
100214
100214
100214
100214
100214
100214
100214
100214
100214
100214
100214
100214
100214
100214
100214
100214
100214
100214
100214
100214
100214
100214
100214
100214
100214
100214
100214
100214
100214
100214
100214
100214
100214
100214
100214
100214
100214
100214
100214
100214
100214
100214
100214
100214
100214
100214
100214
100214
100214
100214
100214
100214
100214
100214
100214
100214
100214
100214
100214
100214
100214
100214
100214
100214
100214
100214
100214
100214
100214
100214
100214
100214
100214
100214
100214
100214
100214
100214
100214
100214
100214
100214
100214
100214
100214
100214
100214
100214
100214
100214
100214
100214
100214
100214
100214
100214
100214
100214
100214
100214
100214
100214
100214
100214
100214
100214
100214
100214
100214
100214
100214
100214
100214
100214
100214
100214
100214
100214
100214
100214
100214
100214
100214
100214
100214
100214
100214
100214
100214
100214
100214
100214
100214
100214
100214
100214
100214
100214
100214
100214
100214
100214
100214
100214
100214
100214
100214
100214
100214
100214
100214
100214
100214
100214
100214
100214
100214
100214
100214
100214
100214
100214
100214
100214
100214
100214
100214
100214
100214
100214
100214
100214
100214
100214
100214
100214
100214
100214
100214
100214
100214
100214
100214
100214
100214
100214
100214
100214
100214
100214
100214
100214
100214
100214
100214
100214
100214
100214
100214
100214
100214
100214
100214
100214
100214
100214
100214
100214
100214
100214
100214
100214
100214
100214
100214
100214
100214
100214
100214
100214
100214
100214
100214
100214
100214
100214
100214
100214
100214
100214
100214
100214
100214
100214
100214
100214
100214
100214
100214
100214
100214
100214
100214
100214
100214
100214
100214
100214
100214
100214
100214
100214
100214
100214
100214
100214
100214
100214
100214
100214
100214
100214
100214
100214
100214
100214
100214
100214
100214
100214
100214
100214
100214
100214
100214
100214
100214
100214
100214
100214
100214
100214
100214
100214
100214
100214
100214
100214
100214
100214
100214
100214
100214
100214
100214
100214
100214
100214
100214
100214
100214
100214
100214
100214
100214
100214
100214
100214
100214
100214
100214
100214
100214
100214
100214
100214
100214
100214
100214
100214
100214
100214
100214
100214
100214
100214
100214
100214
100214
100214
100214
100214
100214
100214
100214
100214
100214
100214
100214
100214
100214
100214
100214
100214
100214
100214
100214
100214
100214
100214
100214
100214
100214
100214
100214
100214
100214
100214
100214
100214
100214
100214
100214
100214
100214
100214
100214
100214
100214
100214
100214
100214
100214
100214
100214
100214
100214
100214
100214
100214
100214
100214
100214
100214
100214
100214
100214
100214
100214
100214
100214
100214
100214
100214
100214
100214
100214
100214
100214
100214
100214
100214
100214
100214
100214
100214
100214
100214
100214
100214
100214
100214
100214
100214
100214
100214
100214
100214
100214
100214
100214
100214
100214
100214
100214
100214
100214
100214
100214
100214
100214
100214
100214
100214
100214
100214
100214
100214
100214
100214
100214
100214
100214
100214
100214
100214
100214
100214
100214
100214
100214
100214
100214
100214
100214
100214
100214
100214
100214
100214
100214
100214
100214
100214
100214
100214
100214
100214
100214
100214
100214
100214
100214
100214
100214
100214
100214
100214
100214
100214
100214
100214
100214
100214
100214
100214
100214
100214
100214
100214
100214
100214
100214
100214
100214
100214
100214
100214
100214
100214
100214
100214
100214
100214
100214
100214
100214
100214
100214
100214
100214
100214
100214
100214
100214
100214
100214
100214
100214
100214
100214
100214
100214
100214
100214
100214
100214
100214
100214
100214
100214
100214
100214
100214
100214
100214
100214
100214
100214
100214
100214
100214
100214
100214
100214
100214
100214
100214
100214
100214
100214
100214
100214
100214
100214
100214
100214
100214
100214
100214
100214
100214
100214
100214
100214
100214
100214
100214
100214
100214
100214
100214
100214
100214
100214
100214
100214
100214
100214
100214
100214
100214
100214
100214
100214
100214
100214
100214
100214
100214
100214
100214
100214
100214
100214
100214
100214
100214
100214
100214
100214
100214
100214
100214
100214
100214
100214
100214
100214
100214
100214
100214
100214
100214
100214
100214
100214
100214
100214
100214
100214
100214
100214
100214
100214
100214
100214
100214
100214
100214
100214
100214
100214
100214
100214
100214
100214
100214
100214
100214
100214
100214
100214
100214
100214
100214
100214
100214
100214
100214
100214
100214
100214
100214
100214
100214
100214
100214
100214
100214
100214
100214
100214
100214
100214
100214
100214
100214
100214
100214
100214
100214
100214
100214
100214
100214
100214
100214
100214
100214
100214
100214
100214
100214
100214
100214
100214
100214
100214
100214
100214
100214
100214
100214
100214
100214
100214
100214
100214
100214
100214
100214
100214
100214
100214
100214
100214
100214
100214
100214
100214
100214
100214
100214
100214
100214
100214
100214
100214
100214
100214
100214
100214
100214
100214
100214
100214
100214
100214
100214
100214
100214
100214
100214
100214
100214
100214
100214
100214
100214
100214
100214
100214
100214
100214
100214
100214
100214
100214
100214
100214
100214
100214
100214
100214
100214
100214
100214
100214
100214
100214
100214
100214
100214
100214
100214
100214
100214
100214
100214
100214
100214
100214
100214
100214
100214
100214
100214
100214
100214
100214
100214
100214
100214
100214
100214
100214
100214
100214
100214
100214
100214
100214
100214
100214
100214
100214
100214
100214
100214
100214
100214
100214
100214
100214
100214
100214
100214
100214
100214
100214
100214
100214
100214
100214
100214
100214
100214
100214
100214
100214
100214
100214
100214
100214
100214
100214
100214
100214
100214
100214
100214
100214
100214
100214
100214
100214
100214
100214
100214
100214
100214
100214
100214
100214
100214
100214
100214
100214
100214
100214
100214
100214
100214
100214
100214
100214
100214
100214
100214
100214
100214
100214
100214
100214
100214
100214
100214
100214
100214
100214
100214
100214
100214
100214
100214
100214
100214
100214
100214
100214
100214
100214
100214
100214
100214
100214
100214
100214
100214
100214
100214
100214
100214
100214
100214
100214
100214
100214
100214
100214
100214
100214
100214
100214
100214
100214
100214
100214
100214
100214
100214
100214
100214
100214
100214
100214
100214
100214
100214
100214
100214
100214
100214
100214
100214
100214
100214
100214
100214
100214
100214
100214
100214
100214
100214
100214
100214
100214
100214
100214
100214
100214
100214
100214
100214
100214
100214
100214
100214
100214
100214
100214
100214
100214
100214
100214
100214
100214
100214
100214
100214
100214
100214
100214
100214
100214
100214
100214
100214
100214
100214
100214
100214
100214
100214
100214
100214
100214
100214
100214
100214
100214
100214
100214
100214
100214
100214
100214
100214
100214
100214
100214
100214
100214
100214
100214
100214
100214
100214
100214
100214
100214
100214
100214
100214
100214
100214
100214
100214
100214
100214
100214
100214
100214
100214
100214
100214
100214
100214
100214
100214
100214
100214
100214
100214
100214
100214
100214
100214
100214
100214
100214
100214
100214
100214
100214
100214
100214
100214
100214
100214
100214
100214
100214
100214
100214
100214
100214
100214
100214
100214
100214
100214
100214
100214
100214
100214
100214
100214
100214
100214
100214
100214
100214
100214
100214
100214
100214
100214
100214
100214
100214
100214
100214
100214
100214
100214
100214
100214
100214
100214
100214
100214
100214
100214
100214
100214
100214
100214
100214
100214
100214
100214
100214
100214
100214
100214
100214
100214
100214
100214
100214
100214
100214
100214
100214
100214
100214
100214
100214
100214
100214
100214
100214
100214
100214
100214
100214
100214
100214
100214
100214
100214
100214
100214
100214
100214
100214
100214
100214
100214
100214
100214
100214
100214
100214
100214
100214
100214
100214
100214
100214
100214
100214
100214
100214
100214
100214
100214
100214
100214
100214
100214
100214
100214
100214
100214
100214
100214
100214
100214
100214
100214
100214
100214
100214
100214
100214
100214
100214
100214
100214
100214
100214
100214
100214
100214
100214
100214
100214
100214
100214
100214
100214
100214
100214
100214
100214
100214
100214
100214
100214
100214
100214
100214
100214
100214
100214
100214
100214
100214
100214
100214
100214
100214
100214
100214
100214
100214
100214
100214
100214
100214
100214
100214
100214
100214
100214
100214
100214
100214
100214
100214
100214
100214
100214
100214
100214
100214
100214
100214
100214
100214
100214
100214
100214
100214
100214
100214
100214
100214
100214
100214
100214
100214
100214
100214
100214
100214
100214
100214
100214
100214
100214
100214
100214
100214
100214
100214
100214
100214
100214
100214
100214
100214
100214
100214
100214
100214
100214
100214
100214
100214
100214
100214
100214
100214
100214
100214
100214
100214
100214
100214
100214
100214
100214
100214
100214
100214
100214
100214
100214
100214
100214
100214
100214
100214
100214
100214
100214
100214
100214
100214
100214
100214
100214
100214
100214
100214
100214
100214
100214
100214
100214
100214
100214
100214
100214
100214
100214
100214
100214
100214
100214
100214
100214
100214
100214
100214
100214
100214
100214
100214
100214
100214
100214
100214
100214
100214
100214
100214
100214
100214
100214
100214
100214
100214
100214
100214
100214
100214
100214
100214
100214
100214
100214
100214
100214
100214
100214
100214
100214
100214
100214
100214
100214
100214
100214
100214
100214
100214
100214
100214
100214
100214
100214
100214
100214
100214
100214
100214
100214
100214
100214
100214
100214
100214
100214
100214
100214
100214
100214
100214
100214
100214
100214
100214
100214
100214
100214
100214
100214
100214
100214
100214
100214
100214
100214
100214
100214
100214
100214
100214
100214
100214
100214
100214
100214
100214
100214
100214
100214
100214
100214
100214
100214
100214
100214
100214
100214
100214
100214
100214
100214
100214
100214
100214
100214
100214
100214
100214
100214
100214
100214
100214
100214
100214
100214
100214
100214
100214
100214
100214
100214
100214
100214
100214
100214
100214
100214
100214
100214
100214
100214
100214
100214
100214
100214
100214
100214
100214
100214
100214
100214
100214
100214
100214
100214
100214
100214
100214
100214
100214
100214
100214
100214
100214
100214
100214
100214
100214
100214
100214
100214
100214
100214
100214
100214
100214
100214
100214
100214
100214
100214
100214
100214
100214
100214
100214
100214
100214
100214
100214
100214
100214
100214
100214
100214
100214
100214
100214
100214
100214
100214
100214
100214
100214
100214
100214
100214
100214
100214
100214
100214
100214
100214
100214
100214
100214
100214
100214
100214
100214
100214
100214
100214
100214
100214
100214
100214
100214
100214
100214
100214
100214
100214
100214
100214
100214
100214
100214
100214
100214
100214
100214
100214
100214
100214
100214
100214
100214
100214
100214
100214
100214
100214
100214
100214
100214
100214
100214
100214
100214
100214
100214
100214
100214
100214
100214
100214
100214
100214
100214
100214
100214
100214
100214
100214
100214
100214
100214
100214
100214
100214
100214
100214
100214
100214
100214
100214
100214
100214
100214
100214
100214
100214
100214
100214
100214
100214
100214
100214
100214
100214
100214
100214
100214
100214
100214
100214
100214
100214
100214
100214
100214
100214
100214
100214
100214
100214
100214
100214
100214
100214
100214
100214
100214
100214
100214
100214
100214
100214
100214
100214
100214
100214
100214
100214
100214
100214
100214
100214
100214
100214
100214
100214
100214
100214
100214
100214
100214
100214
100214
100214
100214
100214
100214
100214
100214
100214
100214
100214
100214
100214
100214
100214
100214
100214
100214
100214
100214
100214
100214
100214
100214
100214
100214
100214
100214
100214
100214
100214
100214
100214
100214
100214
100214
100214
100214
100214
100214
100214
100214
100214
100214
100214
100214
100214
100214
100214
100214
100214
100214
100214
100214
100214
100214
100214
100214
100214
100214
100214
100214
100214
100214
100214
100214
100214
100214
100214
100214
100214
100214
100214
100214
100214
100214
100214
100214
100214
100214
100214
100214
100214
100214
100214
100214
100214
100214
100214
100214
100214
100214
100214
100214
100214
100214
100214
100214
100214
100214
100214
100214
100214
100214
100214
100214
100214
100214
100214
100214
100214
100214
100214
100214
100214
100214
100214
100214
100214
100214
100214
100214
100214
100214
100214
100214
100214
100214
100214
100214
100214
100214
100214
100214
100214
100214
100214
100214
100214
100214
100214
100214
100214
100214
100214
100214
100214
100214
100214
100214
100214
100214
100214
100214
100214
100214
100214
100214
100214
100214
100214
100214
100214
100214
100214
100214
100214
100214
100214
100214
100214
100214
100214
100214
100214
100214
100214
100214
100214
100214
100214
100214
100214
100214
100214
100214
100214
100214
100214
100214
100214
100214
100214
100214
100214
100214
100214
100214
100214
100214
100214
100214
100214
100214
100214
100214
100214
100214
100214
100214
100214
100214
100214
100214
100214
100214
100214
100214
100214
100214
100214
100214
100214
100214
100214
100214
100214
100214
100214
100214
100214
100214
100214
100214
100214
100214
100214
100214
100214
100214
100214
100214
100214
100214
100214
100214
100214
100214
100214
100214
100214
100214
100214
100214
100214
100214
100214
100214
100214
100214
100214
100214
100214
100214
100214
100214
100214
100214
100214
100214
100214
100214
100214
100214
100214
100214
100214
100214
100214
100214
100214
100214
100214
100214
100214
100214
100214
100214
100214
100214
100214
100214
100214
100214
100214
100214
100214
100214
100214
100214
100214
100214
100214
100214
100214
100214
100214
100214
100214
100214
100214
100214
100214
100214
100214
100214
100214
100214
100214
100214
100214
100214
100214
100214
100214
100214
100214
100214
100214
100214
100214
100214
100214
100214
100214
100214
100214
100214
100214
100214
100214
100214
100214
100214
100214
100214
100214
100214
100214
100214
100214
100214
100214
100214
100214
100214
100214
100214
100214
100214
100214
100214
100214
100214
100214
100214
100214
100214
100214
100214
100214
100214
100214
100214
100214
100214
100214
100214
100214
100214
100214
100214
100214
100214
100214
100214
100214
100214
100214
100214
100214
100214
100214
100214
100214
100214
100214
100214
100214
100214
100214
100214
100214
100214
100214
100214
100214
100214
100214
100214
100214
100214
100214
100214
100214
100214
100214
100214
100214
100214
100214
100214
100214
100214
100214
100214
100214
100214
100214
100214
100214
100214
100214
100214
100214
100214
100214
100214
100214
100214
100214
100214
100214
100214
100214
100214
100214
100214
100214
100214
100214
100214
100214
100214
100214
100214
100214
100214
100214
100214
100214
100214
100214
100214
100214
100214
100214
100214
100214
100214
100214
100214
100214
100214
100214
100214
100214
100214
100214
100214
100214
100214
100214
100214
100214
100214
100214
100214
100214
100214
100214
100214
100214
100214
100214
100214
100214
100214
100214
100214
100214
100214
100214
100214
100214
100214
100214
100214
100214
100214
100214
100214
100214
100214
100214
100214
100214
100214
100214
100214
100214
100214
100214
100214
100214
100214
100214
100214
100214
100214
100214
100214
100214
100214
100214
100214
100214
100214
100214
100214
100214
100214
100214
100214
100214
100214
100214
100214
100214
100214
100214
100214
100214
100214
100214
100214
100214
100214
100214
100214
100214
100214
100214
100214
100214
100214
100214
100214
100214
100214
100214
100214
100214
100214
100214
100214
100214
100214
100214
100214
100214
100214
100214
100214
100214
100214
100214
100214
100214
100214
100214
100214
100214
100214
100214
100214
100214
100214
100214
100214
100214
100214
100214
100214
100214
100214
100214
100214
100214
100214
100214
100214
100214
100214
100214
100214
100214
100214
100214
100214
100214
100214
100214
100214
100214
100214
100214
100214
100214
100214
100214
100214
100214
100214
100214
100214
100214
100214
100214
100214
100214
100214
100214
100214
100214
100214
100214
100214
100214
100214
100214
100214
100214
100214
100214
100214
100214
100214
100214
100214
100214
100214
100214
100214
100214
100214
100214
100214
100214
100214
100214
100214
100214
100214
100214
100214
100214
100214
100214
100214
100214
100214
100214
100214
100214
100214
100214
100214
100214
100214
100214
100214
100214
100214
100214
100214
100214
100214
100214
100214
100214
100214
100214
100214
100214
100214
100214
100214
100214
100214
100214
100214
100214
100214
100214
100214
100214
100214
100214
100214
100214
100214
100214
100214
100214
100214
100214
100214
100214
100214
100214
100214
100214
100214
100214
100214
100214
100214
100214
100214
100214
100214
100214
100214
100214
100214
100214
100214
100214
100214
100214
100214
100214
100214
100214
100214
100214
100214
100214
100214
100214
100214
100214
100214
100214
100214
100214
100214
100214
100214
100214
100214
100214
100214
100214
100214
100214
100214
100214
100214
100214
100214
100214
100214
100214
100214
100214
100214
100214
100214
100214
100214
100214
100214
100214
100214
100214
100214
100214
100214
100214
100214
100214
100214
100214
100214
100214
100214
100214
100214
100214
100214
100214
100214
100214
100214
100214
100214
100214
100214
100214
100214
100214
100214
100214
100214
100214
100214
100214
100214
100214
100214
100214
100214
100214
100214
100214
100214
100214
100214
100214
100214
100214
100214
100214
100214
100214
100214
100214
100214
100214
100214
100214
100214
100214
100214
100214
100214
100214
100214
100214
100214
100214
100214
100214
100214
100214
100214
100214
100214
100214
100214
100214
100214
100214
100214
100214
100214
100214
100214
100214
100214
100214
100214
100214
100214
100214
100214
100214
100214
100214
100214
100214
100214
100214
100214
100214
100214
100214
100214
100214
100214
100214
100214
100214
100214
100214
100214
100214
100214
100214
100214
100214
100214
100214
100214
100214
100214
100214
100214
100214
100214
100214
100214
100214
100214
100214
100214
100214
100214
100214
100214
100214
100214
100214
100214
100214
100214
100214
100214
100214
100214
100214
100214
100214
100214
100214
100214
100214
100214
100214
100214
100214
100214
100214
100214
100214
100214
100214
100214
100214
100214
100214
100214
100214
100214
100214
100214
100214
100214
100214
100214
100214
100214
100214
100214
100214
100214
100214
100214
100214
100214
100214
100214
100214
100214
100214
100214
100214
100214
100214
100214
100214
100214
100214
100214
100214
100214
100214
100214
100214
100214
100214
100214
100214
100214
100214
100214
100214
100214
100214
100214
100214
100214
100214
100214
100214
100214
100214
100214
100214
100214
100214
100214
100214
100214
100214
100214
100214
100214
100214
100214
100214
100214
100214
100214
100214
100214
100214
100214
100214
100214
100214
100214
100214
100214
100214
100214
100214
100214
100214
100214
100214
100214
100214
100214
100214
100214
100214
100214
100214
100214
100214
100214
100214
100214
100214
100214
100214
100214
100214
100214
100214
100214
100214
100214
100214
100214
100214
100214
100214
100214
100214
100214
100214
100214
100214
100214
100214
100214
100214
100214
100214
100214
100214
100214
100214
100214
100214
100214
100214
100214
100214
100214
100214
100214
100214
100214
100214
100214
100214
100214
100214
100214
100214
100214
100214
100214
100214
100214
100214
100214
100214
100214
100214
100214
100214
100214
100214
100214
100214
100214
100214
100214
100214
100214
100214
100214
100214
100214
100214
100214
100214
100214
100214
100214
100214
100214
100214
100214
100214
100214
100214
100214
100214
100214
100214
100214
100214
100214
100214
100214
100214
100214
100214
100214
100214
100214
100214
100214
100214
100214
100214
100214
100214
100214
100214
100214
100214
100214
100214
100214
100214
100214
100214
100214
100214
100214
100214
100214
100214
100214
100214
100214
100214
100214
100214
100214
100214
100214
100214
100214
100214
100214
100214
100214
100214
100214
100214
100214
100214
100214
100214
100214
100214
100214
100214
100214
100214
100214
100214
100214
100214
100214
100214
100214
100214
100214
100214
100214
100214
100214
100214
100214
100214
100214
100214
100214
100214
100214
100214
100214
100214
100214
100214
100214
100214
100214
100214
100214
100214
100214
100214
100214
100214
100214
100214
100214
100214
100214
100214
100214
100214
100214
100214
100214
100214
100214
100214
100214
100214
100214
100214
100214
100214
100214
100214
100214
100214
100214
100214
100214
100214
100214
100214
100214
100214
100214
100214
100214
100214
100214
100214
100214
100214
100214
100214
100214
100214
100214
100214
100214
100214
100214
100214
100214
100214
100214
100214
100214
100214
100214
100214
100214
100214
100214
100214
100214
100214
100214
100214
100214
100214
100214
100214
100214
100214
100214
100214
100214
100214
100214
100214
100214
100214
100214
100214
100214
100214
100214
100214
100214
100214
100214
100214
100214
100214
100214
100214
100214
100214
100214
100214
100214
100214
100214
100214
100214
100214
100214
100214
100214
100214
100214
100214
100214
100214
100214
100214
100214
100214
100214
100214
100214
100214
100214
100214
100214
100214
100214
100214
100214
100214
100214
100214
100214
100214
100214
100214
100214
100214
100214
100214
100214
100214
100214
100214
100214
100214
100214
100214
100214
100214
100214
100214
100214
100214
100214
100214
100214
100214
100214
100214
100214
100214
100214
100214
100214
100214
100214
100214
100214
100214
100214
100214
100214
100214
100214
100214
100214
100214
100214
100214
100214
100214
100214
100214
100214
100214
100214
100214
100214
100214
100214
100214
100214
100214
100214
100214
100214
100214
100214
100214
100214
100214
100214
100214
100214
100214
100214
100214
100214
100214
100214
100214
100214
100214
100214
100214
100214
100214
100214
100214
100214
100214
100214
100214
100214
100214
100214
100214
100214
100214
100214
100214
100214
100214
100214
100214
100214
100214
100214
100214
100214
100214
100214
100214
100214
100214
100214
100214
100214
100214
100214
100214
100214
100214
100214
100214
100214
100214
100214
100214
100214
100214
100214
100214
100214
100214
100214
100214
100214
100214
100214
100214
100214
100214
100214
100214
100214
100214
100214
100214
100214
100214
100214
100214
100214
100214
100214
100214
100214
100214
100214
100214
100214
100214
100214
100214
100214
100214
100214
100214
100214
100214
100214
100214
100214
100214
100214
100214
100214
100214
100214
100214
100214
100214
100214
100214
100214
100214
100214
100214
100214
100214
100214
100214
100214
100214
100214
100214
100214
100214
100214
100214
100214
100214
100214
100214
100214
100214
100214
100214
100214
100214
100214
100214
100214
100214
100214
100214
100214
100214
100214
100214
100214
100214
100214
100214
100214
100214
100214
100214
100214
100214
100214
100214
100214
100214
100214
100214
100214
100214
100214
100214
100214
100214
100214
100214
100214
100214
100214
100214
100214
100214
100214
100214
100214
100214
100214
100214
100214
100214
100214
100214
100214
100214
100214
100214
100214
100214
100214
100214
100214
100214
100214
100214
100214
100214
100214
100214
100214
100214
100214
100214
100214
100214
100214
100214
100214
100214
100214
100214
100214
100214
100214
100214
100214
100214
100214
100214
100214
100214
100214
100214
100214
100214
100214
100214
100214
100214
100214
100214
100214
100214
100214
100214
100214
100214
100214
100214
100214
100214
100214
100214
100214
100214
100214
100214
100214
100214
100214
100214
100214
100214
100214
100214
100214
100214
100214
100214
100214
100214
100214
100214
100214
100214
100214
100214
100214
100214
100214
100214
100214
100214
100214
100214
100214
100214
100214
100214
100214
100214
100214
100214
100214
100214
100214
100214
100214
100214
100214
100214
100214
100214
100214
100214
100214
100214
100214
100214
100214
100214
100214
100214
100214
100214
100214
100214
100214
100214
100214
100214
100214
100214
100214
100214
100214
100214
100214
100214
100214
100214
100214
100214
100214
100214
100214
100214
100214
100214
100214
100214
100214
100214
100214
100214
100214
100214
100214
100214
100214
100214
100214
100214
100214
100214
100214
100214
100214
100214
100214
100214
100214
100214
100214
100214
100214
100214
100214
100214
100214
100214
100214
100214
100214
100214
100214
100214
100214
100214
100214
100214
100214
100214
100214
100214
100214
100214
100214
100214
100214
100214
100214
100214
100214
100214
100214
100214
100214
100214
100214
100214
100214
100214
100214
100214
100214
100214
100214
100214
100214
100214
100214
100214
100214
100214
100214
100214
100214
100214
100214
100214
100214
100214
100214
100214
100214
100214
100214
100214
100214
100214
100214
100214
100214
100214
100214
100214
100214
100214
100214
100214
100214
100214
100214
100214
100214
100214
100214
100214
100214
100214
100214
100214
100214
100214
100214
100214
100214
100214
100214
100214
100214
100214
)
;

boundaryField
{
    floor
    {
        type            fixedFluxPressure;
        gradient        uniform 0;
        value           nonuniform List<scalar> 
400
(
100214
100214
100214
100214
100214
100214
100214
100214
100214
100214
100214
100214
100214
100214
100214
100214
100214
100214
100214
100214
100214
100214
100214
100214
100214
100214
100214
100214
100214
100214
100214
100214
100214
100214
100214
100214
100214
100214
100214
100214
100214
100214
100214
100214
100214
100214
100214
100214
100214
100214
100214
100214
100214
100214
100214
100214
100214
100214
100214
100214
100214
100214
100214
100214
100214
100214
100214
100214
100214
100214
100214
100214
100214
100214
100214
100214
100214
100214
100214
100214
100214
100214
100214
100214
100214
100214
100214
100214
100214
100214
100214
100214
100214
100214
100214
100214
100214
100214
100214
100214
100214
100214
100214
100214
100214
100214
100214
100214
100214
100214
100214
100214
100214
100214
100214
100214
100214
100214
100214
100214
100214
100214
100214
100214
100214
100214
100214
100214
100214
100214
100214
100214
100214
100214
100214
100214
100214
100214
100214
100214
100214
100214
100214
100214
100214
100214
100214
100214
100214
100214
100214
100214
100214
100214
100214
100214
100214
100214
100214
100214
100214
100214
100214
100214
100214
100214
100214
100214
100214
100214
100214
100214
100214
100214
100214
100214
100214
100214
100214
100214
100214
100214
100214
100214
100214
100214
100214
100214
100214
100214
100214
100214
100214
100214
100214
100214
100214
100214
100214
100214
100214
100214
100214
100214
100214
100214
100214
100214
100214
100214
100214
100214
100214
100214
100214
100214
100214
100214
100214
100214
100214
100214
100214
100214
100214
100214
100214
100214
100214
100214
100214
100214
100214
100214
100214
100214
100214
100214
100214
100214
100214
100214
100214
100214
100214
100214
100214
100214
100214
100214
100214
100214
100214
100214
100214
100214
100214
100214
100214
100214
100214
100214
100214
100214
100214
100214
100214
100214
100214
100214
100214
100214
100214
100214
100214
100214
100214
100214
100214
100214
100214
100214
100214
100214
100214
100214
100214
100214
100214
100214
100214
100214
100214
100214
100214
100214
100214
100214
100214
100214
100214
100214
100214
100214
100214
100214
100214
100214
100214
100214
100214
100214
100214
100214
100214
100214
100214
100214
100214
100214
100214
100214
100214
100214
100214
100214
100214
100214
100214
100214
100214
100214
100214
100214
100214
100214
100214
100214
100214
100214
100214
100214
100214
100214
100214
100214
100214
100214
100214
100214
100214
100214
100214
100214
100214
100214
100214
100214
100214
100214
100214
100214
100214
100214
100214
100214
100214
100214
100214
100214
100214
100214
100214
100214
100214
100214
100214
100214
100214
100214
100214
100214
100214
100214
100214
100214
100214
100214
100214
100214
100214
100214
100214
100214
100214
100214
100214
100214
100214
100214
)
;
    }
    ceiling
    {
        type            fixedFluxPressure;
        gradient        nonuniform List<scalar> 
400
(
0.385897
0.388243
0.390789
0.393187
0.395368
0.397308
0.398942
0.40016
0.400786
0.400533
0.400531
0.400769
0.400268
0.399158
0.397592
0.395678
0.393482
0.391031
0.388374
0.38576
0.388243
0.390719
0.393518
0.396264
0.398866
0.401285
0.403425
0.405114
0.406088
0.405999
0.405817
0.405873
0.405014
0.403426
0.401332
0.398905
0.396251
0.393419
0.390486
0.38777
0.390789
0.393518
0.396524
0.399516
0.402435
0.40524
0.407835
0.410003
0.411382
0.411508
0.411111
0.410951
0.409689
0.407616
0.405041
0.4022
0.399217
0.396144
0.393034
0.390142
0.393187
0.396264
0.399516
0.402777
0.406074
0.40933
0.412459
0.415187
0.41707
0.417504
0.416806
0.416365
0.414613
0.411972
0.408846
0.405547
0.402194
0.398878
0.395568
0.392411
0.395368
0.398866
0.402435
0.406074
0.4098
0.413679
0.417542
0.421047
0.423691
0.42474
0.423565
0.422562
0.420081
0.416691
0.41286
0.408953
0.405201
0.401543
0.397969
0.394468
0.397308
0.401285
0.40524
0.40933
0.413679
0.418345
0.423115
0.42766
0.431454
0.43367
0.431741
0.429713
0.426155
0.421787
0.417112
0.412473
0.408146
0.404087
0.400187
0.396285
0.398942
0.403425
0.407835
0.412459
0.417542
0.423115
0.429018
0.435019
0.440681
0.445266
0.442075
0.438053
0.432802
0.427091
0.421374
0.415911
0.410926
0.406405
0.402119
0.397788
0.40016
0.405114
0.410003
0.415187
0.421047
0.42766
0.435019
0.443151
0.452032
0.461639
0.456157
0.448021
0.43996
0.432344
0.42533
0.418955
0.413292
0.408298
0.403606
0.398877
0.400786
0.406088
0.411382
0.41707
0.423691
0.431454
0.440681
0.452032
0.46668
0.487136
0.477193
0.460339
0.447419
0.437076
0.428482
0.421146
0.414856
0.409454
0.404422
0.399398
0.400533
0.405999
0.411508
0.417504
0.42474
0.43367
0.445266
0.461639
0.487136
0.532888
0.513939
0.476947
0.454939
0.440505
0.430076
0.421859
0.415119
0.409499
0.404287
0.399138
0.400531
0.405817
0.411111
0.416806
0.423565
0.431741
0.442075
0.456157
0.477193
0.513939
0.491471
0.465349
0.4486
0.43678
0.427759
0.42041
0.414239
0.408968
0.404016
0.399093
0.400769
0.405873
0.410951
0.416365
0.422562
0.429713
0.438053
0.448021
0.460339
0.476947
0.465349
0.452823
0.442368
0.433522
0.425968
0.419419
0.413717
0.408687
0.403951
0.399209
0.400268
0.405014
0.409689
0.414613
0.420081
0.426155
0.432802
0.43996
0.447419
0.454939
0.4486
0.442368
0.435629
0.429007
0.422818
0.417162
0.412082
0.407469
0.403089
0.398663
0.399158
0.403426
0.407616
0.411972
0.416691
0.421787
0.427091
0.432344
0.437076
0.440505
0.43678
0.433522
0.429007
0.423978
0.418922
0.414101
0.409668
0.40554
0.401581
0.397574
0.397592
0.401332
0.405041
0.408846
0.41286
0.417112
0.421374
0.42533
0.428482
0.430076
0.427759
0.425968
0.422818
0.418922
0.414777
0.410699
0.406871
0.403196
0.399635
0.39608
0.395678
0.398905
0.4022
0.405547
0.408953
0.412473
0.415911
0.418955
0.421146
0.421859
0.42041
0.419419
0.417162
0.414101
0.410699
0.407265
0.40394
0.400638
0.39741
0.394279
0.393482
0.396251
0.399217
0.402194
0.405201
0.408146
0.410926
0.413292
0.414856
0.415119
0.414239
0.413717
0.412082
0.409668
0.406871
0.40394
0.400934
0.397958
0.394997
0.392233
0.391031
0.393419
0.396144
0.398878
0.401543
0.404087
0.406405
0.408298
0.409454
0.409499
0.408968
0.408687
0.407469
0.40554
0.403196
0.400638
0.397958
0.395204
0.392441
0.389965
0.388374
0.390486
0.393034
0.395568
0.397969
0.400187
0.402119
0.403606
0.404422
0.404287
0.404016
0.403951
0.403089
0.401581
0.399635
0.39741
0.394997
0.392441
0.389831
0.387546
0.38576
0.38777
0.390142
0.392411
0.394468
0.396285
0.397788
0.398877
0.399398
0.399138
0.399093
0.399209
0.398663
0.397574
0.39608
0.394279
0.392233
0.389965
0.387546
0.385322
)
;
        value           nonuniform List<scalar> 
400
(
100214
100214
100214
100214
100214
100214
100214
100214
100214
100214
100214
100214
100214
100214
100214
100214
100214
100214
100214
100214
100214
100214
100214
100214
100214
100214
100214
100214
100214
100214
100214
100214
100214
100214
100214
100214
100214
100214
100214
100214
100214
100214
100214
100214
100214
100214
100214
100214
100214
100214
100214
100214
100214
100214
100214
100214
100214
100214
100214
100214
100214
100214
100214
100214
100214
100214
100214
100214
100214
100214
100214
100214
100214
100214
100214
100214
100214
100214
100214
100214
100214
100214
100214
100214
100214
100214
100214
100214
100214
100214
100214
100214
100214
100214
100214
100214
100214
100214
100214
100214
100214
100214
100214
100214
100214
100214
100214
100214
100214
100214
100214
100214
100214
100214
100214
100214
100214
100214
100214
100214
100214
100214
100214
100214
100214
100214
100214
100214
100214
100214
100214
100214
100214
100214
100214
100214
100214
100214
100214
100214
100214
100214
100214
100214
100214
100214
100214
100214
100214
100214
100214
100214
100214
100214
100214
100214
100214
100214
100214
100214
100214
100214
100214
100214
100214
100214
100214
100214
100214
100214
100214
100214
100214
100214
100214
100214
100214
100214
100214
100214
100214
100214
100214
100214
100214
100214
100214
100214
100214
100214
100214
100214
100214
100214
100214
100214
100214
100214
100214
100214
100214
100214
100214
100214
100214
100214
100214
100214
100214
100214
100214
100214
100214
100214
100214
100214
100214
100214
100214
100214
100214
100214
100214
100214
100214
100214
100214
100214
100214
100214
100214
100214
100214
100214
100214
100214
100214
100214
100214
100214
100214
100214
100214
100214
100214
100214
100214
100214
100214
100214
100214
100214
100214
100214
100214
100214
100214
100214
100214
100214
100214
100214
100214
100214
100214
100214
100214
100214
100214
100214
100214
100214
100214
100214
100214
100214
100214
100214
100214
100214
100214
100214
100214
100214
100214
100214
100214
100214
100214
100214
100214
100214
100214
100214
100214
100214
100214
100214
100214
100214
100214
100214
100214
100214
100214
100214
100214
100214
100214
100214
100214
100214
100214
100214
100214
100214
100214
100214
100214
100214
100214
100214
100214
100214
100214
100214
100214
100214
100214
100214
100214
100214
100214
100214
100214
100214
100214
100214
100214
100214
100214
100214
100214
100214
100214
100214
100214
100214
100214
100214
100214
100214
100214
100214
100214
100214
100214
100214
100214
100214
100214
100214
100214
100214
100214
100214
100214
100214
100214
100214
100214
100214
100214
100214
100214
100214
100214
100214
100214
100214
100214
100214
100214
100214
100214
100214
100214
100214
100214
100214
100214
100214
100214
100214
100214
100214
100214
100214
100214
100214
)
;
    }
    fixedWalls
    {
        type            fixedFluxPressure;
        gradient        uniform 0;
        value           nonuniform List<scalar> 
800
(
100214
100214
100214
100214
100214
100214
100214
100214
100214
100214
100214
100214
100214
100214
100214
100214
100214
100214
100214
100214
100214
100214
100214
100214
100214
100214
100214
100214
100214
100214
100214
100214
100214
100214
100214
100214
100214
100214
100214
100214
100214
100214
100214
100214
100214
100214
100214
100214
100214
100214
100214
100214
100214
100214
100214
100214
100214
100214
100214
100214
100214
100214
100214
100214
100214
100214
100214
100214
100214
100214
100214
100214
100214
100214
100214
100214
100214
100214
100214
100214
100214
100214
100214
100214
100214
100214
100214
100214
100214
100214
100214
100214
100214
100214
100214
100214
100214
100214
100214
100214
100214
100214
100214
100214
100214
100214
100214
100214
100214
100214
100214
100214
100214
100214
100214
100214
100214
100214
100214
100214
100214
100214
100214
100214
100214
100214
100214
100214
100214
100214
100214
100214
100214
100214
100214
100214
100214
100214
100214
100214
100214
100214
100214
100214
100214
100214
100214
100214
100214
100214
100214
100214
100214
100214
100214
100214
100214
100214
100214
100214
100214
100214
100214
100214
100214
100214
100214
100214
100214
100214
100214
100214
100214
100214
100214
100214
100214
100214
100214
100214
100214
100214
100214
100214
100214
100214
100214
100214
100214
100214
100214
100214
100214
100214
100214
100214
100214
100214
100214
100214
100214
100214
100214
100214
100214
100214
100214
100214
100214
100214
100214
100214
100214
100214
100214
100214
100214
100214
100214
100214
100214
100214
100214
100214
100214
100214
100214
100214
100214
100214
100214
100214
100214
100214
100214
100214
100214
100214
100214
100214
100214
100214
100214
100214
100214
100214
100214
100214
100214
100214
100214
100214
100214
100214
100214
100214
100214
100214
100214
100214
100214
100214
100214
100214
100214
100214
100214
100214
100214
100214
100214
100214
100214
100214
100214
100214
100214
100214
100214
100214
100214
100214
100214
100214
100214
100214
100214
100214
100214
100214
100214
100214
100214
100214
100214
100214
100214
100214
100214
100214
100214
100214
100214
100214
100214
100214
100214
100214
100214
100214
100214
100214
100214
100214
100214
100214
100214
100214
100214
100214
100214
100214
100214
100214
100214
100214
100214
100214
100214
100214
100214
100214
100214
100214
100214
100214
100214
100214
100214
100214
100214
100214
100214
100214
100214
100214
100214
100214
100214
100214
100214
100214
100214
100214
100214
100214
100214
100214
100214
100214
100214
100214
100214
100214
100214
100214
100214
100214
100214
100214
100214
100214
100214
100214
100214
100214
100214
100214
100214
100214
100214
100214
100214
100214
100214
100214
100214
100214
100214
100214
100214
100214
100214
100214
100214
100214
100214
100214
100214
100214
100214
100214
100214
100214
100214
100214
100214
100214
100214
100214
100214
100214
100214
100214
100214
100214
100214
100214
100214
100214
100214
100214
100214
100214
100214
100214
100214
100214
100214
100214
100214
100214
100214
100214
100214
100214
100214
100214
100214
100214
100214
100214
100214
100214
100214
100214
100214
100214
100214
100214
100214
100214
100214
100214
100214
100214
100214
100214
100214
100214
100214
100214
100214
100214
100214
100214
100214
100214
100214
100214
100214
100214
100214
100214
100214
100214
100214
100214
100214
100214
100214
100214
100214
100214
100214
100214
100214
100214
100214
100214
100214
100214
100214
100214
100214
100214
100214
100214
100214
100214
100214
100214
100214
100214
100214
100214
100214
100214
100214
100214
100214
100214
100214
100214
100214
100214
100214
100214
100214
100214
100214
100214
100214
100214
100214
100214
100214
100214
100214
100214
100214
100214
100214
100214
100214
100214
100214
100214
100214
100214
100214
100214
100214
100214
100214
100214
100214
100214
100214
100214
100214
100214
100214
100214
100214
100214
100214
100214
100214
100214
100214
100214
100214
100214
100214
100214
100214
100214
100214
100214
100214
100214
100214
100214
100214
100214
100214
100214
100214
100214
100214
100214
100214
100214
100214
100214
100214
100214
100214
100214
100214
100214
100214
100214
100214
100214
100214
100214
100214
100214
100214
100214
100214
100214
100214
100214
100214
100214
100214
100214
100214
100214
100214
100214
100214
100214
100214
100214
100214
100214
100214
100214
100214
100214
100214
100214
100214
100214
100214
100214
100214
100214
100214
100214
100214
100214
100214
100214
100214
100214
100214
100214
100214
100214
100214
100214
100214
100214
100214
100214
100214
100214
100214
100214
100214
100214
100214
100214
100214
100214
100214
100214
100214
100214
100214
100214
100214
100214
100214
100214
100214
100214
100214
100214
100214
100214
100214
100214
100214
100214
100214
100214
100214
100214
100214
100214
100214
100214
100214
100214
100214
100214
100214
100214
100214
100214
100214
100214
100214
100214
100214
100214
100214
100214
100214
100214
100214
100214
100214
100214
100214
100214
100214
100214
100214
100214
100214
100214
100214
100214
100214
100214
100214
100214
100214
100214
100214
100214
100214
100214
100214
100214
100214
100214
100214
100214
100214
100214
100214
100214
100214
100214
100214
100214
100214
100214
100214
100214
100214
100214
100214
100214
100214
100214
100214
100214
100214
100214
100214
100214
100214
100214
100214
100214
100214
100214
100214
100214
100214
100214
100214
100214
100214
100214
100214
100214
100214
100214
100214
100214
100214
100214
100214
100214
100214
100214
100214
100214
100214
100214
100214
100214
100214
100214
100214
100214
100214
100214
100214
100214
)
;
    }
}


// ************************************************************************* //
