/*--------------------------------*- C++ -*----------------------------------*\
| =========                 |                                                 |
| \\      /  F ield         | OpenFOAM: The Open Source CFD Toolbox           |
|  \\    /   O peration     | Version:  v2012                                 |
|   \\  /    A nd           | Website:  www.openfoam.com                      |
|    \\/     M anipulation  |                                                 |
\*---------------------------------------------------------------------------*/
FoamFile
{
    version     2.0;
    format      ascii;
    class       volScalarField;
    location    "800";
    object      alphat;
}
// * * * * * * * * * * * * * * * * * * * * * * * * * * * * * * * * * * * * * //

dimensions      [1 -1 -1 0 0 0 0];


internalField   nonuniform List<scalar> 
4000
(
0.000434683
0.000371775
0.000289009
0.000244317
0.000240322
0.000246609
0.000247282
0.000251163
0.000255593
0.000256485
0.000254191
0.000250733
0.000247234
0.000242523
0.000235412
0.000226517
0.000217444
0.000213154
0.000220455
0.000272541
0.000514076
0.000474079
0.000420781
0.000385067
0.000346996
0.000285092
0.000290578
0.000300558
0.000313304
0.000319131
0.000314942
0.000305564
0.000290947
0.000273676
0.000256998
0.000245966
0.000247585
0.000314166
0.000358645
0.000408863
0.000548781
0.000529643
0.000498062
0.000451904
0.000406589
0.000367546
0.000327259
0.000311469
0.000333143
0.000343728
0.000340689
0.00032232
0.00029757
0.000269441
0.000253797
0.000298317
0.000342889
0.000392507
0.000450759
0.000488037
0.000567009
0.00055582
0.000526356
0.000485726
0.00043429
0.0003929
0.000354429
0.000325842
0.000308313
0.000326845
0.000326804
0.00030712
0.000276736
0.000271989
0.00029893
0.000337848
0.000382784
0.000434939
0.000484578
0.000514465
0.000578874
0.000576635
0.000558149
0.000528991
0.000493879
0.000450678
0.000414301
0.000383885
0.000358736
0.000346408
0.000351058
0.000352008
0.000350689
0.00035607
0.000368957
0.000391307
0.000431159
0.000478496
0.000513946
0.000530405
0.000588112
0.000595469
0.000591606
0.000581663
0.000568913
0.000554118
0.000538615
0.000521445
0.000501176
0.000488908
0.000493296
0.000499753
0.000504525
0.000507491
0.000509464
0.000512703
0.000520242
0.000531567
0.000542029
0.000542516
0.000596986
0.000614487
0.000624664
0.000629935
0.000632326
0.000631601
0.000627457
0.000619926
0.000606222
0.00059422
0.000595509
0.000599381
0.000601641
0.000601081
0.000597789
0.000592587
0.000586061
0.000578908
0.000569675
0.000553498
0.000606736
0.000634399
0.000656738
0.000673459
0.000686188
0.000694867
0.000699262
0.000698727
0.000690505
0.000677898
0.000676148
0.000676974
0.000675906
0.00067135
0.000662936
0.000650873
0.000635428
0.000616921
0.000593861
0.000563427
0.000619093
0.00065858
0.000691882
0.00071824
0.000739507
0.000755751
0.000766894
0.000772148
0.000768862
0.000754906
0.000749613
0.000747199
0.000742347
0.0007331
0.000719044
0.000700543
0.00067787
0.000650922
0.000617149
0.000574185
0.000636056
0.000686019
0.000728105
0.000760818
0.000787725
0.000809976
0.000827654
0.000839957
0.000845442
0.000837215
0.00082658
0.000817854
0.000805995
0.00079025
0.000770607
0.000747085
0.000719428
0.000686479
0.000644204
0.000589408
0.000371775
0.000329768
0.000282415
0.000267698
0.000277533
0.000297988
0.000300085
0.000311043
0.000319528
0.000321091
0.000315413
0.000305096
0.000293249
0.000280303
0.000266148
0.000253035
0.000242924
0.000236039
0.000235843
0.000263164
0.000474079
0.00059656
0.000564321
0.000551826
0.000572571
0.000641965
0.000768975
0.000918704
0.00107976
0.00116415
0.00115641
0.00107218
0.000934389
0.0007968
0.000683464
0.000632345
0.000549114
0.000448201
0.000437809
0.00039831
0.000529643
0.000741174
0.000746712
0.000673593
0.000617613
0.000615331
0.000696516
0.00094835
0.00117201
0.001326
0.00134962
0.00125401
0.00107745
0.000873551
0.000622308
0.000546931
0.000542298
0.000568451
0.000634605
0.000487119
0.00055582
0.000781979
0.000816451
0.000759668
0.000664491
0.000605504
0.000598957
0.000669937
0.000945404
0.00123579
0.00127123
0.00113634
0.000877155
0.00061863
0.000517249
0.000524143
0.000574583
0.000657148
0.000701498
0.000515909
0.000576635
0.000828609
0.000883196
0.000838859
0.000727944
0.000634069
0.000580695
0.000569368
0.000617063
0.000725387
0.000786686
0.000728948
0.000605774
0.000513206
0.000498579
0.000535113
0.000608718
0.000712015
0.000741192
0.000534063
0.000595469
0.000873944
0.000953999
0.00094631
0.000874449
0.00075151
0.000668616
0.000615073
0.000590494
0.000595229
0.000609972
0.000606039
0.000583573
0.000565266
0.000573966
0.000613313
0.000711688
0.000781734
0.000779353
0.000548335
0.000614487
0.000909362
0.00101152
0.00105931
0.00107
0.00102417
0.000924906
0.000834048
0.000766719
0.00072945
0.000726448
0.000736663
0.00075322
0.000769891
0.000795824
0.000838182
0.00085871
0.000852148
0.000802887
0.000562028
0.000634399
0.000930004
0.00104459
0.00114092
0.00123471
0.00129725
0.00131727
0.00129185
0.00123632
0.00117417
0.00115896
0.00117038
0.00117342
0.00115931
0.0011236
0.001065
0.000985932
0.000902511
0.000812271
0.000577436
0.00065858
0.000898917
0.00102351
0.00112511
0.00120812
0.00126351
0.00129297
0.00129585
0.00126607
0.0012113
0.00118102
0.00118342
0.00118519
0.00116759
0.00112495
0.00106172
0.000980734
0.000894333
0.000800523
0.000597693
0.000686019
0.000741859
0.000790242
0.000829747
0.000863943
0.000893765
0.000918755
0.000937054
0.000946054
0.000939681
0.000923036
0.000909625
0.000891898
0.000869056
0.000841289
0.000809134
0.000772996
0.000732151
0.000682533
0.0006218
0.000289009
0.000282415
0.000275367
0.000284473
0.000301133
0.000322756
0.000325931
0.000340603
0.000350888
0.000353371
0.00034701
0.000333337
0.000315512
0.000295884
0.000276251
0.000261441
0.000252199
0.000244227
0.000236158
0.000241017
0.000420781
0.000564321
0.000600365
0.000636544
0.000706754
0.000831729
0.000981324
0.00119057
0.00138091
0.00146809
0.00143583
0.00130514
0.00111599
0.000936642
0.00080408
0.000751951
0.000671976
0.000504274
0.000445993
0.000376108
0.000498062
0.000746712
0.000781196
0.000747133
0.000730892
0.000788087
0.000961725
0.00126705
0.00154743
0.00171448
0.00170782
0.00154996
0.00130377
0.00103033
0.000778224
0.000670335
0.000632544
0.00062069
0.000648798
0.00047465
0.000526356
0.000816451
0.000901414
0.00085801
0.000785225
0.000753999
0.000804148
0.000990224
0.00136279
0.00162878
0.00165116
0.00145931
0.00113645
0.000813423
0.000658487
0.000636604
0.000670268
0.000735636
0.000756539
0.000507176
0.000558149
0.000883196
0.00099263
0.000969344
0.000862062
0.000771789
0.000740307
0.000792089
0.000955044
0.00123703
0.00135699
0.00118944
0.0009036
0.000687015
0.000617997
0.000641355
0.000717295
0.000820923
0.000812552
0.000530604
0.000591606
0.000953999
0.00109091
0.00109392
0.000991813
0.000861598
0.000776286
0.000749519
0.00078393
0.000870576
0.000929101
0.000871397
0.000746343
0.000647995
0.000626364
0.000673337
0.000783633
0.000898095
0.000866273
0.000551054
0.000624664
0.00101152
0.00117882
0.00123286
0.00118404
0.00107919
0.000980947
0.000919868
0.000896797
0.000902998
0.000912168
0.000891912
0.000842597
0.000790963
0.000774342
0.000814329
0.000904059
0.000978731
0.000906039
0.000571457
0.000656738
0.00104459
0.00124902
0.00139377
0.00147412
0.00145547
0.00141344
0.00136818
0.00131765
0.00127447
0.00126848
0.00128053
0.00126949
0.00122897
0.00117456
0.00113481
0.00111921
0.00105356
0.000926984
0.000594865
0.000691882
0.00102351
0.00129288
0.00153825
0.00171909
0.0018286
0.001889
0.0018769
0.00180348
0.00172102
0.00172307
0.00177701
0.0017709
0.00171563
0.00162055
0.00149275
0.00131741
0.00111671
0.000915524
0.000624095
0.000728105
0.000790242
0.00084378
0.000888673
0.000928635
0.000964572
0.000995887
0.00101984
0.0010327
0.00102866
0.0010057
0.000988113
0.000965476
0.00093678
0.000902243
0.000863074
0.000820568
0.000774352
0.000720304
0.000655439
0.000244317
0.000267698
0.000284473
0.000303667
0.000328144
0.000335526
0.000348031
0.000364193
0.000375998
0.000378657
0.000370176
0.000351106
0.000325297
0.000297744
0.000273425
0.000262189
0.000259765
0.000249074
0.000234779
0.000222992
0.000385067
0.000551826
0.000636544
0.000721565
0.000840569
0.0010077
0.00118928
0.00142525
0.00159802
0.00164989
0.00156648
0.00137524
0.00114066
0.000952657
0.000832726
0.000794265
0.000754633
0.000566937
0.000454685
0.000347864
0.000451904
0.000673593
0.000747133
0.000772328
0.000828894
0.000978914
0.00124409
0.00157773
0.00184121
0.00195522
0.00187233
0.00163704
0.00134377
0.00107447
0.000864736
0.000748863
0.00068307
0.000625705
0.000599391
0.000447455
0.000485726
0.000759668
0.00085801
0.00086024
0.000843801
0.000880037
0.0010224
0.00133905
0.00172085
0.00194517
0.00189737
0.00162509
0.00124924
0.000919937
0.000748263
0.00070166
0.000706222
0.000736104
0.000739117
0.000484879
0.000528991
0.000838859
0.000969344
0.000972994
0.000914506
0.000870924
0.000899436
0.00105079
0.00136596
0.00171469
0.00178053
0.0015117
0.00111746
0.000819082
0.000708762
0.00071131
0.000768923
0.000844538
0.000818013
0.000516065
0.000581663
0.00094631
0.00109392
0.00111477
0.00104425
0.000951513
0.00090632
0.000947377
0.00109776
0.00132566
0.00145192
0.00128285
0.000993105
0.000782637
0.000712154
0.000744696
0.000841976
0.000944219
0.000895412
0.000547232
0.000629935
0.00105931
0.00123286
0.00128966
0.00124953
0.00115975
0.00109253
0.00108615
0.00114739
0.00125069
0.001311
0.00123384
0.00106207
0.000908331
0.00083235
0.000851781
0.000949011
0.00104626
0.000965428
0.000578162
0.000673459
0.00114092
0.00139377
0.00156089
0.00159712
0.0015593
0.00151768
0.00149403
0.00147941
0.00147471
0.00149049
0.00148836
0.0014409
0.00135035
0.00124792
0.00118984
0.00120266
0.00117717
0.00101745
0.000609965
0.00071824
0.00112511
0.00153825
0.00191743
0.0020641
0.00212094
0.00215805
0.00215154
0.00208321
0.00199017
0.0019905
0.00205528
0.00209358
0.00205712
0.00194536
0.0018072
0.00165962
0.00134772
0.00101507
0.000647279
0.000760818
0.000829747
0.000888673
0.000939176
0.000985839
0.00102926
0.00106811
0.00109901
0.00111806
0.00111917
0.00108629
0.00106199
0.00103371
0.000998722
0.000957067
0.000910437
0.000861764
0.000810797
0.00075253
0.000683139
0.000240322
0.000277533
0.000301133
0.000328144
0.000339575
0.000349848
0.000368834
0.000387799
0.000401981
0.000404628
0.000390777
0.000360934
0.000323809
0.000288166
0.000267477
0.000266556
0.000273199
0.00025891
0.000239134
0.000217822
0.000346996
0.000572571
0.000706754
0.000840569
0.00101201
0.0011823
0.00142205
0.00164371
0.0017745
0.0017648
0.00160524
0.00135488
0.00111282
0.000953722
0.000855882
0.000805598
0.0007757
0.000654921
0.000497041
0.000326978
0.000406589
0.000617613
0.000730892
0.000828894
0.000983169
0.00122656
0.00156495
0.00187265
0.00207133
0.0020931
0.00191649
0.00161119
0.00130695
0.00107828
0.000922643
0.000813634
0.000724099
0.000633748
0.000554491
0.000405362
0.00043429
0.000664491
0.000785225
0.000843801
0.000907174
0.00104164
0.00131027
0.00172046
0.00204803
0.00215978
0.00201811
0.00168056
0.00128927
0.000983265
0.000813664
0.000746185
0.000715264
0.000697498
0.000655687
0.000450334
0.000493879
0.000727944
0.000862062
0.000914506
0.000925019
0.000960491
0.00109031
0.0013715
0.00178698
0.0020678
0.00203137
0.00168418
0.0012351
0.000904868
0.000769858
0.000747727
0.000771754
0.000804231
0.000771074
0.000490782
0.000568913
0.000874449
0.000991813
0.00104425
0.0010332
0.00101011
0.00104453
0.00119615
0.00148222
0.00179501
0.0018983
0.00161836
0.00120153
0.000902093
0.000787793
0.000795029
0.000861124
0.000926835
0.000883508
0.000537542
0.000632326
0.00107
0.00118404
0.00124954
0.00124969
0.00121485
0.00120932
0.00128226
0.00144695
0.00164717
0.00174273
0.00157436
0.00127824
0.00103863
0.000916733
0.000911943
0.000986666
0.0010634
0.00100184
0.000581227
0.000686188
0.00123471
0.00147412
0.00159712
0.00162532
0.00160784
0.00159853
0.00161295
0.00164002
0.00167603
0.00170916
0.00167255
0.00157025
0.00143919
0.00131142
0.00124619
0.00126312
0.00126958
0.00110331
0.000621955
0.000739507
0.00120812
0.00171909
0.0020641
0.00221154
0.00231666
0.00238784
0.00238314
0.00228639
0.00215956
0.00215773
0.00225626
0.002326
0.0022909
0.00215053
0.0019592
0.00180071
0.00152478
0.00110076
0.000666513
0.000787725
0.000863943
0.000928635
0.000985839
0.00104119
0.00109321
0.00114019
0.0011789
0.00120575
0.00121425
0.001169
0.00113633
0.00110106
0.00105923
0.00101044
0.000956126
0.00089969
0.000843176
0.000780312
0.00070585
0.000246609
0.000297988
0.000322756
0.000335526
0.000349848
0.000369546
0.000391411
0.000415117
0.000433078
0.00043341
0.000409394
0.000363936
0.000313547
0.000286106
0.000277024
0.000276722
0.000281932
0.000280526
0.00025842
0.000227305
0.000285092
0.000641965
0.000831729
0.0010077
0.0011823
0.00141402
0.00164756
0.00182389
0.00188603
0.00178884
0.00155983
0.00128783
0.00108996
0.000972156
0.000875434
0.000787069
0.000742611
0.000688159
0.000559634
0.000302011
0.000367546
0.000615331
0.000788087
0.000978914
0.00122656
0.00154625
0.00186196
0.00208808
0.00216543
0.00205989
0.00181458
0.00148686
0.00123426
0.00106921
0.000962261
0.000880488
0.000788565
0.000667474
0.000545242
0.000366262
0.0003929
0.000605504
0.000753999
0.000880037
0.00104164
0.00129882
0.00167701
0.00203962
0.00220701
0.002153
0.00194582
0.00161678
0.00128122
0.00102882
0.000877134
0.000794883
0.000733173
0.000669125
0.000584338
0.00040228
0.000450678
0.000634069
0.000771789
0.000870924
0.000960491
0.00110382
0.00136867
0.00175887
0.00208597
0.00218428
0.00205378
0.00171216
0.00128212
0.000961935
0.000815728
0.000768468
0.000753479
0.000735384
0.000667786
0.000457585
0.000554118
0.00075151
0.000861598
0.000951513
0.00101011
0.00108048
0.00123581
0.00152046
0.00184645
0.00206585
0.00208122
0.0017664
0.00131378
0.000979937
0.000838562
0.000816482
0.000841158
0.000861378
0.000815602
0.000523679
0.000631601
0.00102417
0.00107919
0.00115975
0.00121485
0.00125632
0.00134337
0.00152415
0.00176678
0.00196526
0.00202611
0.00177345
0.00140256
0.00112363
0.000982427
0.000955828
0.000995285
0.00103758
0.00100371
0.000580794
0.000694867
0.00129725
0.00145547
0.0015593
0.00160784
0.00163836
0.0016882
0.00176526
0.00184793
0.00190486
0.00190966
0.00178891
0.00163802
0.00148647
0.00135293
0.00128638
0.00129724
0.00130642
0.00116602
0.000629466
0.000755751
0.00126351
0.0018286
0.00212094
0.00231666
0.00246734
0.00255016
0.00252339
0.00239348
0.00222888
0.00219378
0.00232373
0.00244957
0.00244164
0.00228767
0.00206456
0.00186741
0.00162539
0.00114916
0.000679839
0.000809976
0.000893765
0.000964572
0.00102926
0.00109321
0.00115374
0.00120941
0.00125804
0.00129679
0.0013172
0.00125572
0.00121002
0.00116519
0.0011155
0.00105905
0.000997285
0.000933488
0.000870835
0.000803335
0.000723769
0.000247282
0.000300085
0.000325931
0.000348031
0.000368834
0.000391411
0.00041798
0.000447728
0.000469981
0.000465091
0.000423103
0.000356399
0.000312774
0.000293955
0.000286788
0.000282913
0.000279829
0.000276592
0.00026509
0.000228289
0.000290578
0.000768975
0.000981324
0.00118928
0.00142205
0.00164756
0.00182878
0.00193397
0.00191281
0.00171565
0.00145615
0.00121809
0.00108761
0.000983145
0.000876636
0.000782873
0.00070379
0.00064052
0.000534743
0.000256803
0.000327259
0.000696516
0.000961725
0.00124409
0.00156495
0.00186196
0.00207303
0.00216313
0.00207329
0.0017975
0.00151223
0.00122827
0.0011388
0.00106299
0.000976255
0.000920627
0.000869079
0.000767941
0.000598716
0.000336552
0.000354429
0.000598957
0.000804148
0.0010224
0.00131027
0.00167701
0.00201355
0.00217279
0.0021162
0.00185777
0.00159278
0.00131626
0.00120367
0.00107764
0.000961944
0.000871787
0.000785918
0.000686864
0.000559036
0.000363817
0.000414301
0.000580695
0.000740307
0.000899436
0.00109031
0.00136867
0.00174234
0.0020533
0.00214997
0.00199669
0.00176447
0.00155217
0.00127853
0.00101502
0.000867999
0.000797555
0.000746624
0.000684557
0.000585456
0.000413815
0.000538615
0.000668616
0.000776286
0.00090632
0.00104453
0.0012358
0.00153144
0.00184928
0.00205653
0.00207852
0.00190876
0.00168874
0.00134085
0.00102864
0.000875488
0.000823895
0.000804696
0.000775648
0.000708168
0.000506554
0.000627457
0.000924906
0.000980947
0.00109253
0.00120932
0.00134337
0.00155185
0.00182499
0.00203994
0.00211402
0.00200797
0.00178289
0.00143751
0.00116339
0.00102131
0.000974884
0.000973811
0.000973102
0.000947784
0.00057639
0.000699262
0.00131727
0.00141344
0.00151768
0.00159853
0.0016882
0.00182073
0.00200139
0.00214027
0.00213717
0.0020002
0.00181336
0.00163874
0.00149234
0.00136964
0.00130514
0.00130332
0.00129717
0.00120009
0.000632295
0.000766894
0.00129297
0.001889
0.00215804
0.00238784
0.00255016
0.0026111
0.00256915
0.002484
0.00234549
0.0021818
0.00225553
0.00243954
0.00248596
0.0023528
0.00212143
0.0018958
0.00167591
0.00116382
0.000687185
0.000827654
0.000918755
0.000995887
0.00106811
0.00114019
0.00120941
0.0012756
0.00133886
0.00139803
0.00143914
0.00135674
0.00128696
0.0012266
0.00116646
0.00110172
0.00103252
0.000961613
0.000892892
0.000821064
0.000736875
0.000251163
0.000311043
0.000340603
0.000364193
0.000387799
0.000415117
0.000447728
0.000483951
0.000512165
0.0005001
0.000427068
0.000352857
0.000318161
0.000302303
0.0002933
0.000286024
0.000278634
0.000268557
0.000250213
0.000221374
0.000300558
0.000918704
0.00119057
0.00142525
0.00164371
0.00182389
0.00193397
0.0019758
0.00190429
0.00152799
0.00127326
0.00114086
0.00108503
0.00100238
0.000894912
0.000799581
0.000718113
0.000630533
0.000491433
0.00024479
0.000311469
0.00094835
0.00126705
0.00157773
0.00187265
0.00208808
0.00216313
0.00215435
0.00196586
0.00148464
0.00115639
0.000931134
0.00103845
0.00107877
0.000999384
0.000918612
0.000855695
0.000785594
0.000633184
0.000290095
0.000325842
0.000669937
0.000990224
0.00133905
0.00172045
0.00203962
0.00217279
0.00218431
0.00205357
0.00168434
0.00131234
0.000965228
0.00108069
0.00114031
0.00107488
0.000994727
0.000895506
0.000757062
0.000573845
0.000327153
0.000383885
0.000569368
0.000792089
0.00105079
0.0013715
0.00175887
0.0020533
0.00218582
0.0022333
0.00201145
0.00160086
0.00118498
0.00121137
0.00109401
0.000955851
0.000859457
0.000773344
0.000672011
0.000540897
0.000379917
0.000521445
0.000615073
0.000749519
0.000947376
0.00119615
0.00152046
0.00184928
0.00209812
0.00234985
0.00231543
0.00187299
0.00136621
0.0012806
0.00107602
0.000921355
0.000840151
0.000780278
0.000710816
0.000629907
0.000491172
0.000619926
0.000834048
0.000919868
0.00108615
0.00128226
0.00152415
0.00182499
0.00211776
0.00245706
0.00255219
0.00209521
0.00156191
0.00140208
0.00118534
0.0010492
0.000982833
0.000941531
0.000897084
0.000853725
0.000568116
0.000698727
0.00129185
0.00136818
0.00149403
0.00161295
0.00176526
0.00200139
0.00229688
0.00258022
0.00265666
0.0021836
0.00174767
0.00158929
0.00146211
0.00136277
0.00130425
0.00128642
0.00125718
0.00119778
0.000629745
0.000772148
0.00129585
0.0018769
0.00215154
0.00238314
0.00252339
0.00256915
0.00259978
0.00273301
0.00276877
0.00239055
0.00213033
0.00228047
0.00240154
0.00232866
0.00211836
0.00188173
0.00166237
0.00114481
0.000688241
0.000839957
0.000937054
0.00101984
0.00109901
0.0011789
0.00125804
0.00133886
0.00142518
0.00151735
0.00158924
0.00148549
0.00137292
0.00128577
0.00121073
0.00113658
0.00105995
0.00098232
0.000908079
0.000832316
0.00074438
0.000255593
0.000319528
0.000350888
0.000375998
0.000401981
0.000433078
0.000469981
0.000512165
0.000539858
0.000525616
0.000416709
0.000343523
0.00032414
0.000310302
0.00029986
0.000290836
0.000281415
0.000269266
0.000251072
0.000221617
0.000313304
0.00107976
0.00138091
0.00159802
0.0017745
0.00188603
0.00191281
0.00190429
0.00180667
0.00166552
0.0012398
0.00102522
0.00107941
0.00104527
0.000937076
0.000831558
0.000735096
0.000634048
0.00050179
0.000246317
0.000333143
0.00117201
0.00154743
0.00184121
0.00207133
0.00216543
0.00207329
0.00196586
0.00200866
0.00210464
0.00155792
0.000961418
0.000969105
0.0011202
0.00105176
0.000951803
0.000848547
0.000727048
0.000565745
0.000266494
0.000308313
0.000945404
0.00136279
0.00172085
0.00204803
0.00220701
0.0021162
0.00205357
0.00231527
0.00259826
0.00197373
0.0011641
0.000988795
0.00118636
0.00114327
0.00106104
0.000974531
0.000843919
0.000628926
0.000300836
0.000358736
0.000617063
0.000955044
0.00136596
0.00178698
0.00208597
0.00214997
0.0022333
0.0026736
0.0030747
0.00234821
0.00137956
0.00104636
0.00119555
0.00110287
0.000975582
0.000843715
0.000696147
0.000528363
0.00036735
0.000501176
0.000590494
0.00078393
0.00109776
0.00148222
0.00184645
0.00205653
0.00234985
0.00297979
0.00347838
0.002661
0.00151651
0.00108984
0.00113817
0.00100199
0.000885479
0.000783858
0.000679092
0.000586014
0.000481177
0.000606222
0.000766719
0.000896797
0.00114739
0.00144695
0.00176678
0.00203994
0.00245706
0.00323836
0.00374121
0.00291122
0.00168755
0.00125101
0.00121444
0.00109045
0.00100009
0.000920123
0.000839245
0.000782042
0.000559153
0.000690505
0.00123632
0.00131765
0.00147941
0.00164002
0.00184793
0.00214027
0.00258022
0.00336008
0.00373226
0.00303203
0.00189237
0.00150549
0.00141504
0.00134362
0.00129342
0.00125857
0.00120268
0.00114911
0.000621739
0.000768862
0.00126607
0.00180348
0.00208321
0.00228639
0.00239348
0.002484
0.00273301
0.00324873
0.00347483
0.00298202
0.0022279
0.00204857
0.0021957
0.00221382
0.00205518
0.00182818
0.00160125
0.00110298
0.000681243
0.000845442
0.000946054
0.0010327
0.00111806
0.00120575
0.00129679
0.00139803
0.00151735
0.0016535
0.00174579
0.00163948
0.00147262
0.00134346
0.00124631
0.00116103
0.00107712
0.000993415
0.000914357
0.000835633
0.000744633
0.000256485
0.000321091
0.000353371
0.000378657
0.000404628
0.00043341
0.000465091
0.0005001
0.000525616
0.000530412
0.000401962
0.000350669
0.000328415
0.000316227
0.000306329
0.000297843
0.000288948
0.000277541
0.000259809
0.000227942
0.000319131
0.00116415
0.00146809
0.00164989
0.0017648
0.00178884
0.00171565
0.00152799
0.00166552
0.00110512
0.000783956
0.00111611
0.00103148
0.00107701
0.000979368
0.000868233
0.000761538
0.000655766
0.000518775
0.000256212
0.000343728
0.001326
0.00171448
0.00195522
0.0020931
0.00205989
0.0017975
0.00148464
0.00210464
0.00154561
0.0011318
0.00144349
0.00095394
0.00116697
0.00110589
0.000996815
0.000876602
0.0007398
0.000562885
0.000283112
0.000326845
0.00123579
0.00162878
0.00194517
0.00215978
0.002153
0.00185777
0.00168434
0.00259826
0.00190925
0.00146549
0.00179802
0.000985852
0.00122595
0.00118891
0.00107608
0.000948871
0.000801641
0.000605605
0.000310381
0.000346408
0.000725387
0.00123703
0.00171469
0.0020678
0.00218428
0.00199669
0.00201145
0.0030747
0.00221895
0.00181364
0.00215034
0.00108475
0.00128368
0.00124153
0.00109886
0.000931878
0.000742283
0.00054505
0.000378775
0.000488908
0.000595229
0.000870576
0.00132566
0.00179501
0.00206585
0.00207852
0.00231543
0.00347838
0.00248094
0.00217046
0.00242402
0.00110942
0.00121761
0.00113731
0.000973122
0.000818288
0.000676097
0.000573536
0.000479504
0.00059422
0.00072945
0.000902998
0.00125069
0.00164717
0.00196526
0.00211402
0.00255219
0.00374121
0.00269077
0.00250019
0.00258556
0.00119639
0.00125641
0.00117008
0.00104501
0.000923038
0.000812358
0.000753154
0.000554655
0.000677898
0.00117417
0.00127447
0.00147471
0.00167603
0.00190486
0.00213717
0.00265666
0.00373227
0.00285775
0.0027581
0.00261574
0.00143931
0.00139838
0.00134764
0.00129806
0.00124208
0.00115644
0.00108645
0.000614992
0.000754906
0.0012113
0.00172102
0.00199017
0.00215956
0.00222888
0.00234549
0.00276877
0.00347483
0.00301413
0.00290679
0.00259748
0.00195074
0.00198657
0.00207699
0.00197422
0.00176508
0.00153669
0.00104743
0.000672189
0.000837215
0.000939681
0.00102866
0.00111917
0.00121425
0.0013172
0.00143914
0.00158924
0.00174579
0.00170032
0.00169577
0.00156533
0.00139635
0.00127109
0.00117259
0.0010813
0.000992121
0.000909559
0.000829561
0.000738039
0.000254191
0.000315413
0.00034701
0.000370176
0.000390777
0.000409394
0.000423103
0.000427068
0.000416709
0.000401962
0.000357984
0.0003386
0.000318482
0.000311997
0.000306612
0.000301564
0.000294852
0.000284736
0.000268243
0.000236117
0.000314943
0.00115641
0.00143583
0.00156648
0.00160524
0.00155983
0.00145615
0.00127326
0.0012398
0.000783956
0.000676585
0.00107537
0.00105066
0.00107721
0.000993088
0.000884702
0.000769756
0.000659129
0.000525725
0.000266222
0.000340689
0.00134962
0.00170782
0.00187233
0.00191649
0.00181458
0.00151223
0.00115639
0.00155792
0.00113181
0.00103691
0.00137562
0.00107661
0.00122674
0.00114713
0.00103468
0.000905708
0.000757558
0.000573095
0.000297174
0.000326804
0.00127123
0.00165116
0.00189737
0.00201811
0.00194582
0.00159278
0.00131234
0.00197373
0.00146549
0.00142796
0.00165077
0.00111523
0.00130551
0.00122688
0.00110379
0.000964187
0.00079805
0.000588058
0.000335723
0.000351058
0.000786685
0.00135699
0.00178053
0.00203137
0.00205378
0.00176447
0.00160086
0.00234821
0.00181364
0.00185692
0.0019504
0.00123281
0.00139526
0.00128755
0.00112007
0.000938873
0.000748845
0.000563758
0.000399122
0.000493296
0.000609972
0.000929101
0.00145192
0.0018983
0.00208122
0.00190876
0.00187299
0.002661
0.00217046
0.00230163
0.00225076
0.00140276
0.00147922
0.00131705
0.00108674
0.000862139
0.00068715
0.000584659
0.000487247
0.000595509
0.000726448
0.000912168
0.001311
0.00174273
0.00202611
0.00200797
0.00209521
0.00291122
0.00250019
0.00269485
0.00246203
0.00151968
0.00148614
0.00132965
0.00113892
0.000958161
0.000819228
0.0007699
0.000558847
0.000676148
0.00115896
0.00126848
0.00149049
0.00170916
0.00190966
0.0020002
0.0021836
0.00303203
0.0027581
0.00297827
0.00249058
0.00165867
0.00153773
0.00144334
0.0013616
0.00126937
0.00114703
0.00104049
0.000617749
0.000749613
0.00118102
0.00172307
0.0019905
0.00215773
0.00219378
0.0021818
0.00239055
0.00298202
0.00290679
0.00305778
0.00247785
0.00201069
0.00202678
0.00208648
0.00199354
0.00178562
0.00154481
0.00102123
0.000675675
0.00082658
0.000923036
0.0010057
0.00108629
0.001169
0.00125572
0.00135674
0.00148549
0.00163948
0.00169577
0.00174053
0.00154969
0.00138199
0.001259
0.00116189
0.00107405
0.000989404
0.000911094
0.000832918
0.000742811
0.000250733
0.000305096
0.000333337
0.000351106
0.000360934
0.000363936
0.000356399
0.000352858
0.000343523
0.000350669
0.0003386
0.000317228
0.000307259
0.000298585
0.000296324
0.00029657
0.000293465
0.000285523
0.000272133
0.000243068
0.000305564
0.00107218
0.00130515
0.00137524
0.00135488
0.00128783
0.00121809
0.00114086
0.00102522
0.00111611
0.00107537
0.00100063
0.00106313
0.00104202
0.000965822
0.000856961
0.000733548
0.000622708
0.000508896
0.000271735
0.00032232
0.00125401
0.00154996
0.00163704
0.00161119
0.00148686
0.00122827
0.000931134
0.000961418
0.00144349
0.00137562
0.00110555
0.00128982
0.00125727
0.001164
0.0010484
0.000911639
0.000759191
0.000581747
0.000304339
0.00030712
0.00113634
0.00145931
0.00162509
0.00168056
0.00161678
0.00131626
0.000965228
0.0011641
0.00179802
0.00165077
0.00116929
0.00137583
0.00134771
0.0012442
0.00112023
0.000978112
0.000809801
0.000598745
0.000347565
0.000352008
0.000728948
0.00118944
0.0015117
0.00168418
0.00171216
0.00155218
0.00118498
0.00137956
0.00215034
0.0019504
0.0013409
0.00152275
0.00146492
0.00131456
0.00113653
0.000942631
0.000747991
0.000575228
0.000420602
0.000499753
0.000606039
0.000871397
0.00128285
0.00161836
0.0017664
0.00168874
0.00136621
0.00151651
0.00242402
0.00225076
0.00163114
0.00175559
0.00163959
0.00142562
0.00117733
0.000921882
0.000723664
0.000621868
0.000499034
0.000599381
0.000736664
0.000891912
0.00123384
0.00157436
0.00177345
0.00178289
0.00156191
0.00168755
0.00258556
0.00246203
0.00202678
0.00206735
0.00185128
0.00158449
0.00131508
0.0010531
0.000860777
0.000793808
0.000566757
0.000676974
0.00117038
0.00128053
0.00148836
0.00167255
0.00178891
0.00181336
0.00174767
0.00189237
0.00261574
0.00249058
0.00209588
0.00207083
0.00186105
0.00167948
0.00152682
0.00136902
0.0011869
0.00102539
0.000624102
0.000747199
0.00118342
0.00177701
0.00205528
0.00225626
0.00232373
0.00225553
0.00213033
0.0022279
0.00259748
0.00247785
0.00218443
0.00221972
0.00226961
0.00225265
0.00212414
0.00189395
0.00159949
0.00104202
0.000682219
0.000817854
0.000909625
0.000988113
0.00106199
0.00113633
0.00121002
0.00128696
0.00137292
0.00147262
0.00156533
0.00154969
0.00142226
0.00131214
0.00121967
0.00113801
0.00106052
0.000983905
0.000910678
0.000834623
0.000746254
0.000247234
0.000293249
0.000315512
0.000325297
0.000323809
0.000313547
0.000312774
0.000318161
0.00032414
0.000328415
0.000318482
0.000307259
0.000302345
0.000293597
0.000284395
0.000283467
0.000282648
0.000278576
0.000270761
0.000248479
0.000290947
0.000934389
0.00111599
0.00114066
0.00111282
0.00108996
0.00108761
0.00108503
0.00107941
0.00103148
0.00105066
0.00106313
0.00102757
0.000967749
0.000888791
0.000772212
0.000644958
0.000546388
0.00046369
0.000272187
0.00029757
0.00107745
0.00130377
0.00134377
0.00130695
0.00123426
0.0011388
0.00103845
0.000969105
0.00095394
0.00107661
0.00128982
0.00129567
0.0012379
0.00114895
0.00103069
0.000889759
0.000741035
0.000577731
0.00030698
0.000276736
0.000877155
0.00113645
0.00124924
0.00128927
0.00128122
0.00120367
0.00108069
0.000988795
0.000985852
0.00111523
0.00137583
0.00139335
0.00132933
0.00123667
0.00112093
0.000982465
0.000817739
0.000611896
0.000347786
0.000350689
0.000605774
0.0009036
0.00111746
0.0012351
0.00128212
0.00127853
0.00121137
0.00104636
0.00108475
0.00123281
0.00152275
0.00154603
0.0014517
0.00131364
0.00114416
0.000953343
0.000761358
0.000593404
0.000429484
0.000504525
0.000583573
0.000746343
0.000993106
0.00120153
0.00131378
0.00134085
0.0012806
0.00108984
0.00110942
0.00140276
0.00175559
0.00180039
0.00167563
0.00148461
0.00124688
0.000984755
0.000770603
0.000661224
0.000509143
0.000601641
0.00075322
0.000842597
0.00106207
0.00127824
0.00140256
0.00143751
0.00140208
0.00125101
0.00119639
0.00151968
0.00206735
0.00216338
0.00201323
0.00178302
0.00150862
0.00120372
0.000940102
0.0008268
0.0005744
0.000675906
0.00117342
0.00126949
0.0014409
0.00157025
0.00163802
0.00163874
0.00158929
0.00150549
0.00143931
0.00165867
0.00207083
0.00228527
0.00220325
0.00200703
0.00179081
0.00154811
0.00127277
0.00103507
0.000630283
0.000742347
0.00118519
0.0017709
0.00209358
0.002326
0.00244957
0.00243954
0.00228047
0.00204857
0.00195074
0.00201069
0.00221972
0.00244041
0.0025128
0.00246005
0.00230495
0.00205396
0.00165648
0.00108628
0.000687744
0.000805995
0.000891898
0.000965476
0.00103371
0.00110106
0.00116519
0.0012266
0.00128577
0.00134346
0.00139635
0.00138199
0.00131214
0.00124184
0.001174
0.00110791
0.00104166
0.000973542
0.000904952
0.000831519
0.00074559
0.000242523
0.000280303
0.000295884
0.000297745
0.000288166
0.000286106
0.000293955
0.000302303
0.000310302
0.000316227
0.000311997
0.000298585
0.000293597
0.000287179
0.00027923
0.000277615
0.000281773
0.00028039
0.000272152
0.000256819
0.000273676
0.0007968
0.000936642
0.000952657
0.000953723
0.000972156
0.000983145
0.00100238
0.00104527
0.00107701
0.00107721
0.00104202
0.000967749
0.000872006
0.00076104
0.000649234
0.00056323
0.000504975
0.000446704
0.000280159
0.000269441
0.000873551
0.00103033
0.00107447
0.00107828
0.00106921
0.00106299
0.00107877
0.0011202
0.00116697
0.00122674
0.00125727
0.0012379
0.00118543
0.00109897
0.000979113
0.000847305
0.000717923
0.000570127
0.00031521
0.000271989
0.00061863
0.000813423
0.000919937
0.000983265
0.00102882
0.00107764
0.00114031
0.00118636
0.00122595
0.00130551
0.00134771
0.00132933
0.00128029
0.00120491
0.00110329
0.000974995
0.000818709
0.000622532
0.000346099
0.00035607
0.000513206
0.000687015
0.000819082
0.000904868
0.000961935
0.00101502
0.00109401
0.00119555
0.00128368
0.00139526
0.00146492
0.0014517
0.00138565
0.00127613
0.00113082
0.000960115
0.000780579
0.000613103
0.000433362
0.000507491
0.000565266
0.000647995
0.000782637
0.000902093
0.000979937
0.00102864
0.00107602
0.00113817
0.00121761
0.00147922
0.00163959
0.00167563
0.0016153
0.00147706
0.00127682
0.00103999
0.00082656
0.000695658
0.000515807
0.000601081
0.000769891
0.000790963
0.000908331
0.00103863
0.00112363
0.00116339
0.00118534
0.00121444
0.00125641
0.00148614
0.00185128
0.00201323
0.00199034
0.00184484
0.00160674
0.00131238
0.00103635
0.000865286
0.000579886
0.00067135
0.00115931
0.00122897
0.00135035
0.00143919
0.00148647
0.00149234
0.00146211
0.00141504
0.00139838
0.00153773
0.00186105
0.00220325
0.00232731
0.00223985
0.00202977
0.00173377
0.00136704
0.00105891
0.000634377
0.0007331
0.00116759
0.00171563
0.00205712
0.0022909
0.00244164
0.00248596
0.00240154
0.0021957
0.00198657
0.00202678
0.00226961
0.0025128
0.00263095
0.00260685
0.00246214
0.00220769
0.00172122
0.00113278
0.000690471
0.00079025
0.000869056
0.00093678
0.000998722
0.00105923
0.0011155
0.00116646
0.00121073
0.00124631
0.00127109
0.001259
0.00121967
0.001174
0.00112515
0.00107355
0.00101838
0.000958369
0.000894477
0.000824012
0.000741017
0.000235412
0.000266148
0.000276251
0.000273425
0.000267477
0.000277024
0.000286788
0.0002933
0.00029986
0.000306329
0.000306612
0.000296324
0.000284395
0.00027923
0.000278925
0.000290224
0.00030389
0.000304992
0.000294828
0.000277842
0.000256998
0.000683464
0.00080408
0.000832726
0.000855882
0.000875434
0.000876636
0.000894912
0.000937076
0.000979368
0.000993088
0.000965822
0.000888792
0.000761041
0.000654312
0.000583838
0.000551404
0.000520601
0.000463655
0.000315844
0.000253797
0.000622308
0.000778224
0.000864736
0.000922643
0.000962261
0.000976255
0.000999384
0.00105176
0.00110589
0.00114713
0.001164
0.00114895
0.00109897
0.00100956
0.000915444
0.000829498
0.000731817
0.000587686
0.000334821
0.00029893
0.000517248
0.000658487
0.000748263
0.000813664
0.000877134
0.000961944
0.00107488
0.00114327
0.00118891
0.00122688
0.0012442
0.00123667
0.00120491
0.00114826
0.00106521
0.000960587
0.000824808
0.00063702
0.000353488
0.000368957
0.000498579
0.000617997
0.000708762
0.000769858
0.000815728
0.000867999
0.000955851
0.00110287
0.00124153
0.00128755
0.00131456
0.00131364
0.00127613
0.00120119
0.00109517
0.000962876
0.000807026
0.000639558
0.000440083
0.000509464
0.000573966
0.000626364
0.000712154
0.000787793
0.000838562
0.000875488
0.000921355
0.00100199
0.00113731
0.00131705
0.00142562
0.00148461
0.00147706
0.00139808
0.00125772
0.00107437
0.000884002
0.000731827
0.000521127
0.000597789
0.000795824
0.000774342
0.00083235
0.000916733
0.000982427
0.00102131
0.0010492
0.00109045
0.00117008
0.00132965
0.00158449
0.00178302
0.00184484
0.001786
0.00161439
0.00136506
0.00110597
0.000898223
0.000582734
0.000662936
0.0011236
0.00117456
0.00124792
0.00131142
0.00135293
0.00136964
0.00136277
0.00134362
0.00134764
0.00144334
0.00167948
0.00200703
0.00223985
0.00227307
0.00212484
0.00182803
0.0014263
0.00107782
0.000634963
0.000719044
0.00112495
0.00162055
0.00194536
0.00215053
0.00228767
0.0023528
0.00232866
0.00221382
0.00207699
0.00208648
0.00225265
0.00246005
0.00260685
0.00263346
0.00252735
0.00228441
0.00174776
0.0011583
0.000688678
0.000770607
0.000841289
0.000902243
0.000957067
0.00101044
0.00105905
0.00110172
0.00113658
0.00116103
0.00117259
0.00116189
0.00113801
0.00110791
0.00107355
0.00103468
0.00098987
0.000937407
0.000878728
0.000811813
0.000732375
0.000226517
0.000253035
0.000261441
0.000262189
0.000266556
0.000276722
0.000282913
0.000286024
0.000290836
0.000297843
0.000301564
0.00029657
0.000283468
0.000277615
0.000290224
0.000313605
0.00033646
0.000346793
0.000345519
0.000331334
0.000245966
0.000632345
0.000751951
0.000794265
0.000805598
0.000787069
0.000782873
0.000799581
0.000831558
0.000868233
0.000884702
0.000856961
0.000772212
0.000649234
0.000583838
0.000575147
0.000583598
0.000572757
0.000514009
0.000354389
0.000298317
0.000546931
0.000670335
0.000748863
0.000813634
0.000880488
0.000920627
0.000918612
0.000951803
0.000996815
0.00103468
0.0010484
0.00103069
0.000979113
0.000915444
0.000877795
0.000847533
0.000782423
0.0006404
0.000362504
0.000337848
0.000524143
0.000636604
0.00070166
0.000746185
0.000794883
0.000871787
0.000994727
0.00106104
0.00107608
0.00110379
0.00112023
0.00112093
0.00110329
0.00106521
0.00101532
0.000949608
0.000844726
0.000669275
0.000382535
0.000391307
0.000535113
0.000641355
0.00071131
0.000747727
0.000768468
0.000797555
0.000859457
0.000975582
0.00109886
0.00112007
0.00113653
0.00114416
0.00113082
0.00109517
0.00104171
0.000965255
0.000846925
0.000683691
0.000458899
0.000512703
0.000613313
0.000673337
0.000744696
0.000795029
0.000816482
0.000823895
0.000840151
0.000885479
0.000973122
0.00108674
0.00117733
0.00124688
0.00127682
0.00125772
0.00119438
0.00108925
0.000944105
0.000774646
0.000528258
0.000592587
0.000838182
0.000814329
0.000851781
0.000911943
0.000955828
0.000974885
0.000982833
0.00100009
0.00104501
0.00113892
0.00131508
0.00150861
0.00160674
0.00161439
0.00152411
0.0013553
0.00114286
0.000919477
0.000583268
0.000650873
0.001065
0.00113481
0.00118984
0.00124619
0.00128638
0.00130514
0.00130425
0.00129342
0.00129806
0.0013616
0.00152682
0.00179081
0.00202977
0.00212484
0.00203588
0.0017826
0.00142025
0.00107166
0.000631055
0.000700543
0.00106172
0.00149275
0.0018072
0.0019592
0.00206456
0.00212143
0.00211836
0.00205518
0.00197422
0.00199354
0.00212414
0.00230495
0.00246214
0.00252735
0.0024593
0.00220027
0.00168671
0.00114333
0.000680733
0.000747085
0.000809134
0.000863074
0.000910437
0.000956126
0.000997285
0.00103252
0.00105995
0.00107712
0.0010813
0.00107405
0.00106052
0.00104166
0.00101838
0.00098987
0.000953967
0.000908774
0.000856276
0.000793919
0.000718952
0.000217444
0.000242924
0.000252199
0.000259765
0.000273199
0.000281932
0.000279829
0.000278634
0.000281415
0.000288948
0.000294852
0.000293465
0.000282648
0.000281772
0.00030389
0.00033646
0.000364735
0.000379904
0.000388675
0.000387829
0.000247585
0.000549114
0.000671976
0.000754633
0.0007757
0.000742611
0.00070379
0.000718113
0.000735096
0.000761538
0.000769756
0.000733548
0.000644959
0.00056323
0.000551404
0.000583598
0.000622683
0.00063365
0.00057844
0.000388464
0.000342889
0.000542298
0.000632544
0.00068307
0.000724099
0.000788565
0.000869079
0.000855695
0.000848547
0.000876602
0.000905708
0.00091164
0.000889759
0.000847305
0.000829498
0.000847533
0.000863366
0.000829189
0.000699245
0.000395061
0.000382784
0.000574583
0.000670268
0.000706222
0.000715264
0.000733173
0.000785918
0.000895506
0.000974531
0.000948871
0.000964187
0.000978113
0.000982465
0.000974995
0.000960587
0.000949608
0.000926783
0.000862238
0.000714183
0.00043325
0.000431159
0.000608718
0.000717295
0.000768923
0.000771754
0.000753479
0.000746624
0.000773344
0.000843715
0.000931878
0.000938874
0.000942631
0.000953343
0.000960116
0.000962876
0.000965255
0.000956132
0.000894442
0.00074658
0.000487032
0.000520242
0.000711688
0.000783633
0.000841976
0.000861124
0.000841158
0.000804696
0.000780278
0.000783858
0.000818288
0.000862139
0.000921882
0.000984755
0.00103999
0.00107437
0.00108925
0.0010703
0.00098863
0.000822045
0.000537328
0.000586061
0.00085871
0.000904059
0.000949011
0.000986666
0.000995285
0.000973811
0.000941531
0.000920123
0.000923038
0.000958161
0.0010531
0.00120372
0.00131238
0.00136506
0.0013553
0.00127935
0.00113881
0.000924312
0.000581614
0.000635428
0.000985932
0.00111921
0.00120266
0.00126312
0.00129724
0.00130332
0.00128642
0.00125857
0.00124208
0.00126937
0.00136902
0.00154811
0.00173377
0.00182803
0.0017826
0.00160619
0.00134064
0.00103248
0.000622253
0.00067787
0.000980734
0.00131741
0.00165962
0.00180071
0.00186741
0.0018958
0.00188173
0.00182818
0.00176508
0.00178562
0.00189395
0.00205396
0.00220769
0.00228441
0.00220027
0.00193443
0.00152209
0.00108177
0.000665653
0.000719428
0.000772996
0.000820568
0.000861764
0.00089969
0.000933488
0.000961613
0.00098232
0.000993415
0.000992121
0.000989404
0.000983905
0.000973542
0.000958369
0.000937407
0.000908774
0.000871876
0.000826054
0.000769222
0.000699685
0.000213154
0.000236039
0.000244227
0.000249074
0.00025891
0.000280526
0.000276592
0.000268557
0.000269266
0.000277541
0.000284736
0.000285523
0.000278576
0.00028039
0.000304992
0.000346792
0.000379904
0.000399759
0.000414112
0.000415578
0.000314166
0.000448201
0.000504274
0.000566937
0.000654921
0.000688159
0.00064052
0.000630533
0.000634048
0.000655766
0.000659129
0.000622709
0.000546388
0.000504975
0.000520601
0.000572757
0.00063365
0.00066988
0.000626908
0.000425852
0.000392507
0.000568451
0.00062069
0.000625705
0.000633748
0.000667474
0.000767941
0.000785594
0.000727048
0.0007398
0.000757558
0.000759191
0.000741036
0.000717923
0.000731817
0.000782423
0.000829189
0.000824059
0.000721392
0.000448713
0.000434939
0.000657148
0.000735636
0.000736104
0.000697499
0.000669125
0.000686864
0.000757062
0.000843919
0.000801641
0.00079805
0.000809801
0.000817739
0.000818709
0.000824808
0.000844726
0.000862238
0.000849586
0.000750664
0.000479303
0.000478496
0.000712015
0.000820923
0.000844538
0.000804231
0.000735384
0.000684557
0.000672011
0.000696147
0.000742283
0.000748845
0.000747991
0.000761358
0.000780579
0.000807026
0.000846925
0.000894442
0.000896739
0.000791627
0.000512675
0.000531567
0.000781733
0.000898095
0.000944219
0.000926835
0.000861378
0.000775648
0.000710816
0.000679092
0.000676097
0.00068715
0.000723663
0.000770603
0.00082656
0.000884002
0.000944105
0.00098863
0.000973797
0.000846528
0.000545352
0.000578908
0.000852148
0.000978731
0.00104626
0.0010634
0.00103758
0.000973102
0.000897084
0.000839245
0.000812358
0.000819228
0.000860777
0.000940102
0.00103635
0.00110596
0.00114286
0.00113881
0.00107461
0.000907801
0.000576972
0.000616921
0.000902511
0.00105356
0.00117717
0.00126958
0.00130642
0.00129717
0.00125718
0.00120268
0.00115644
0.00114703
0.0011869
0.00127277
0.00136704
0.0014263
0.00142025
0.00134064
0.00119388
0.000965858
0.00060815
0.000650922
0.000894333
0.00111671
0.00134772
0.00152478
0.00162539
0.00167591
0.00166237
0.00160125
0.00153669
0.00154481
0.00159949
0.00165648
0.00172122
0.00174776
0.00168671
0.00152209
0.00126987
0.000981467
0.000643106
0.000686479
0.000732151
0.000774352
0.000810797
0.000843176
0.000870835
0.000892892
0.000908079
0.000914357
0.000909559
0.000911094
0.000910678
0.000904952
0.000894477
0.000878728
0.000856276
0.000826054
0.00078699
0.000736396
0.000673078
0.000220455
0.000235843
0.000236158
0.000234779
0.000239134
0.00025842
0.00026509
0.000250213
0.000251072
0.000259809
0.000268243
0.000272133
0.000270761
0.000272151
0.000294828
0.000345519
0.000388675
0.000414112
0.000435829
0.000441232
0.000358645
0.000437809
0.000445993
0.000454685
0.000497041
0.000559634
0.000534743
0.000491433
0.00050179
0.000518775
0.000525725
0.000508896
0.00046369
0.000446704
0.000463655
0.000514009
0.00057844
0.000626908
0.000610718
0.000465082
0.000450759
0.000634605
0.000648798
0.000599391
0.000554491
0.000545242
0.000598716
0.000633184
0.000565745
0.000562885
0.000573095
0.000581747
0.000577731
0.000570127
0.000587686
0.0006404
0.000699245
0.000721392
0.000683169
0.000488901
0.000484578
0.000701498
0.000756539
0.000739117
0.000655687
0.000584338
0.000559036
0.000573845
0.000628926
0.000605605
0.000588058
0.000598745
0.000611896
0.000622532
0.00063702
0.000669275
0.000714183
0.000750664
0.000718094
0.000509528
0.000513946
0.000741192
0.000812552
0.000818013
0.000771074
0.000667786
0.000585456
0.000540897
0.000528363
0.00054505
0.000563758
0.000575228
0.000593404
0.000613103
0.000639558
0.000683691
0.00074658
0.000791627
0.000754475
0.00052876
0.000542029
0.000779353
0.000866273
0.000895412
0.000883508
0.000815602
0.000708168
0.000629907
0.000586014
0.000573536
0.000584659
0.000621868
0.000661224
0.000695658
0.000731827
0.000774646
0.000822045
0.000846528
0.000792199
0.000547414
0.000569675
0.000802887
0.000906039
0.000965428
0.00100184
0.00100371
0.000947784
0.000853725
0.000782042
0.000753154
0.000769899
0.000793808
0.000826799
0.000865286
0.000898223
0.000919477
0.000924312
0.000907801
0.000828608
0.000566647
0.000593861
0.000812271
0.000926984
0.00101745
0.00110331
0.00116602
0.00120009
0.00119778
0.00114911
0.00108645
0.00104049
0.00102539
0.00103507
0.00105891
0.00107782
0.00107166
0.00103248
0.000965858
0.000857618
0.000587231
0.000617149
0.000800523
0.000915524
0.00101507
0.00110076
0.00114916
0.00116382
0.00114481
0.00110298
0.00104743
0.00102123
0.00104202
0.00108628
0.00113278
0.0011583
0.00114333
0.00108177
0.000981467
0.000847237
0.0006114
0.000644204
0.000682533
0.000720304
0.00075253
0.000780312
0.000803335
0.000821064
0.000832316
0.000835633
0.000829561
0.000832918
0.000834623
0.000831519
0.000824012
0.000811813
0.000793919
0.000769222
0.000736396
0.000692037
0.000635469
0.000272541
0.000263164
0.000241017
0.000222992
0.000217822
0.000227305
0.000228289
0.000221374
0.000221617
0.000227942
0.000236117
0.000243068
0.000248479
0.000256819
0.000277841
0.000331333
0.000387829
0.000415578
0.000441232
0.000460771
0.000408863
0.00039831
0.000376108
0.000347864
0.000326978
0.000302011
0.000256803
0.00024479
0.000246317
0.000256212
0.000266222
0.000271735
0.000272187
0.000280159
0.000315844
0.000354389
0.000388464
0.000425852
0.000465082
0.000487514
0.000488037
0.000487119
0.00047465
0.000447455
0.000405362
0.000366262
0.000336552
0.000290095
0.000266494
0.000283112
0.000297174
0.000304339
0.00030698
0.00031521
0.000334821
0.000362504
0.000395061
0.000448713
0.000488901
0.000505732
0.000514465
0.000515909
0.000507176
0.000484879
0.000450334
0.00040228
0.000363817
0.000327153
0.000300836
0.000310381
0.000335723
0.000347565
0.000347786
0.000346099
0.000353488
0.000382535
0.00043325
0.000479303
0.000509528
0.000518205
0.000530405
0.000534063
0.000530604
0.000516065
0.000490782
0.000457585
0.000413815
0.000379917
0.00036735
0.000378775
0.000399122
0.000420602
0.000429484
0.000433362
0.000440083
0.000458899
0.000487032
0.000512675
0.00052876
0.000528288
0.000542516
0.000548335
0.000551054
0.000547232
0.000537542
0.000523679
0.000506554
0.000491172
0.000481177
0.000479504
0.000487247
0.000499034
0.000509143
0.000515807
0.000521127
0.000528258
0.000537328
0.000545352
0.000547414
0.000537501
0.000553498
0.000562028
0.000571457
0.000578162
0.000581227
0.000580794
0.00057639
0.000568116
0.000559153
0.000554655
0.000558847
0.000566757
0.0005744
0.000579886
0.000582734
0.000583268
0.000581614
0.000576972
0.000566647
0.000546961
0.000563427
0.000577436
0.000594865
0.000609965
0.000621955
0.000629466
0.000632295
0.000629745
0.000621739
0.000614992
0.000617749
0.000624102
0.000630282
0.000634377
0.000634963
0.000631055
0.000622253
0.00060815
0.000587231
0.000557397
0.000574185
0.000597693
0.000624095
0.000647279
0.000666513
0.000679839
0.000687185
0.000688241
0.000681243
0.000672189
0.000675675
0.000682219
0.000687744
0.000690471
0.000688678
0.000680733
0.000665653
0.000643106
0.0006114
0.000570103
0.000589408
0.0006218
0.000655439
0.000683139
0.00070585
0.000723769
0.000736875
0.00074438
0.000744633
0.000738039
0.000742811
0.000746254
0.00074559
0.000741017
0.000732375
0.000718952
0.000699685
0.000673078
0.000635469
0.000586249
)
;

boundaryField
{
    floor
    {
        type            compressible::alphatWallFunction;
        Prt             0.85;
        value           nonuniform List<scalar> 
400
(
6.03738e-05
5.04584e-05
3.7236e-05
2.88341e-05
2.79587e-05
2.91077e-05
2.92684e-05
2.99946e-05
3.07568e-05
3.09229e-05
3.0538e-05
2.99605e-05
2.9386e-05
2.85589e-05
2.72583e-05
2.56189e-05
2.39842e-05
2.32682e-05
2.48233e-05
3.43196e-05
5.04584e-05
4.3911e-05
3.55793e-05
3.25384e-05
3.41123e-05
3.75775e-05
3.808e-05
3.99955e-05
4.14214e-05
4.1676e-05
4.07073e-05
3.89565e-05
3.69946e-05
3.48155e-05
3.23564e-05
3.00344e-05
2.83424e-05
2.72275e-05
2.73943e-05
3.24588e-05
3.7236e-05
3.55793e-05
3.38878e-05
3.52749e-05
3.81695e-05
4.16456e-05
4.24271e-05
4.48581e-05
4.65483e-05
4.69291e-05
4.58366e-05
4.35241e-05
4.05625e-05
3.72986e-05
3.3968e-05
3.14239e-05
2.99917e-05
2.86947e-05
2.7407e-05
2.85277e-05
2.88341e-05
3.25384e-05
3.52749e-05
3.84974e-05
4.25928e-05
4.38343e-05
4.60655e-05
4.86951e-05
5.05775e-05
5.09438e-05
4.94827e-05
4.62955e-05
4.20452e-05
3.75012e-05
3.343e-05
3.15849e-05
3.12679e-05
2.95311e-05
2.71296e-05
2.52958e-05
2.79587e-05
3.41123e-05
3.81695e-05
4.25928e-05
4.44354e-05
4.63511e-05
4.94288e-05
5.2459e-05
5.46568e-05
5.49726e-05
5.26367e-05
4.77307e-05
4.16645e-05
3.57826e-05
3.24365e-05
3.24222e-05
3.35875e-05
3.10723e-05
2.781e-05
2.42799e-05
2.91077e-05
3.75775e-05
4.16456e-05
4.38343e-05
4.63511e-05
4.95424e-05
5.30331e-05
5.67265e-05
5.94217e-05
5.93474e-05
5.54089e-05
4.80114e-05
3.97887e-05
3.54402e-05
3.41564e-05
3.42102e-05
3.50054e-05
3.4648e-05
3.08486e-05
2.57264e-05
2.92684e-05
3.808e-05
4.24272e-05
4.60655e-05
4.94288e-05
5.30331e-05
5.71958e-05
6.17236e-05
6.50284e-05
6.41483e-05
5.74885e-05
4.64722e-05
3.96592e-05
3.68807e-05
3.58538e-05
3.52305e-05
3.46704e-05
3.40722e-05
3.2137e-05
2.60795e-05
2.99946e-05
3.99955e-05
4.48581e-05
4.86951e-05
5.2459e-05
5.67265e-05
6.17236e-05
6.71999e-05
7.14238e-05
6.93968e-05
5.7806e-05
4.58506e-05
4.06687e-05
3.83244e-05
3.69151e-05
3.57111e-05
3.4458e-05
3.27489e-05
2.97098e-05
2.49569e-05
3.07568e-05
4.14214e-05
4.65483e-05
5.05775e-05
5.46568e-05
5.94217e-05
6.50284e-05
7.14238e-05
7.56187e-05
7.33069e-05
5.61876e-05
4.4631e-05
4.17444e-05
3.96111e-05
3.79234e-05
3.64387e-05
3.48815e-05
3.28836e-05
2.9907e-05
2.50401e-05
3.09229e-05
4.1676e-05
4.69291e-05
5.09438e-05
5.49726e-05
5.93474e-05
6.41483e-05
6.93968e-05
7.33069e-05
3.21309e-05
2.10739e-05
4.60566e-05
4.24787e-05
4.04993e-05
3.88694e-05
3.74719e-05
3.60107e-05
3.41515e-05
3.12836e-05
2.60967e-05
3.0538e-05
4.07073e-05
4.58366e-05
4.94827e-05
5.26366e-05
5.54089e-05
5.74885e-05
5.7806e-05
5.61876e-05
2.10739e-05
1.74821e-05
4.43932e-05
4.10724e-05
3.97894e-05
3.87819e-05
3.78995e-05
3.67743e-05
3.51308e-05
3.25117e-05
2.73815e-05
2.99605e-05
3.89565e-05
4.35241e-05
4.62955e-05
4.77307e-05
4.80114e-05
4.64722e-05
4.58506e-05
4.4631e-05
4.60566e-05
4.43932e-05
4.13128e-05
3.96525e-05
3.79554e-05
3.72027e-05
3.69491e-05
3.63211e-05
3.50184e-05
3.29767e-05
2.84563e-05
2.9386e-05
3.69946e-05
4.05625e-05
4.20452e-05
4.16645e-05
3.97887e-05
3.96592e-05
4.06687e-05
4.17444e-05
4.24787e-05
4.10724e-05
3.96525e-05
3.89466e-05
3.74286e-05
3.56126e-05
3.49497e-05
3.45969e-05
3.39772e-05
3.27819e-05
2.9421e-05
2.85589e-05
3.48155e-05
3.72986e-05
3.75012e-05
3.57826e-05
3.54402e-05
3.68807e-05
3.83244e-05
3.96111e-05
4.04993e-05
3.97893e-05
3.79554e-05
3.74286e-05
3.64421e-05
3.49513e-05
3.45179e-05
3.53941e-05
3.52822e-05
3.38105e-05
3.11508e-05
2.72583e-05
3.23564e-05
3.3968e-05
3.343e-05
3.24365e-05
3.41564e-05
3.58538e-05
3.69151e-05
3.79234e-05
3.88694e-05
3.87819e-05
3.72027e-05
3.56126e-05
3.49513e-05
3.49709e-05
3.72378e-05
3.97792e-05
4.01528e-05
3.84728e-05
3.54478e-05
2.56188e-05
3.00344e-05
3.14239e-05
3.15848e-05
3.24222e-05
3.42102e-05
3.52305e-05
3.57111e-05
3.64387e-05
3.74719e-05
3.78995e-05
3.69491e-05
3.49497e-05
3.45179e-05
3.72378e-05
4.15057e-05
4.52659e-05
4.69706e-05
4.69307e-05
4.48377e-05
2.39842e-05
2.83423e-05
2.99917e-05
3.12679e-05
3.35875e-05
3.50054e-05
3.46704e-05
3.4458e-05
3.48815e-05
3.60107e-05
3.67743e-05
3.63211e-05
3.45969e-05
3.53941e-05
3.97792e-05
4.52659e-05
4.93469e-05
5.16527e-05
5.29428e-05
5.27196e-05
2.32682e-05
2.72275e-05
2.86947e-05
2.95311e-05
3.10723e-05
3.4648e-05
3.40722e-05
3.27489e-05
3.28836e-05
3.41515e-05
3.51308e-05
3.50184e-05
3.39772e-05
3.52822e-05
4.01528e-05
4.69706e-05
5.16527e-05
5.46525e-05
5.68363e-05
5.69031e-05
2.48233e-05
2.73943e-05
2.7407e-05
2.71296e-05
2.781e-05
3.08486e-05
3.2137e-05
2.97098e-05
2.9907e-05
3.12836e-05
3.25117e-05
3.29767e-05
3.27819e-05
3.38105e-05
3.84728e-05
4.69308e-05
5.29428e-05
5.68363e-05
6.00448e-05
6.08157e-05
3.43196e-05
3.24588e-05
2.85277e-05
2.52958e-05
2.42799e-05
2.57264e-05
2.60795e-05
2.49569e-05
2.50401e-05
2.60967e-05
2.73815e-05
2.84563e-05
2.9421e-05
3.11509e-05
3.54478e-05
4.48377e-05
5.27196e-05
5.69031e-05
6.08157e-05
6.38081e-05
)
;
    }
    ceiling
    {
        type            compressible::alphatWallFunction;
        Prt             0.85;
        value           nonuniform List<scalar> 
400
(
9.09247e-05
9.83811e-05
0.000104584
0.000109353
0.000113239
0.000116422
0.000118927
0.000120648
0.00012139
0.000120184
0.000118642
0.000117351
0.000115615
0.000113321
0.000110463
0.000107037
0.000102998
9.81568e-05
9.18907e-05
8.36768e-05
9.83811e-05
0.000106623
0.000113677
0.000119374
0.000124258
0.00012848
0.000131986
0.000134527
0.00013575
0.000134811
0.000132439
0.000130487
0.000127926
0.000124635
0.000120639
0.000116008
0.00011079
0.000104858
9.75844e-05
8.85756e-05
0.000104584
0.000113677
0.000121418
0.000127839
0.000133497
0.000138545
0.000142905
0.000146213
0.00014796
0.000147349
0.000144118
0.000141589
0.000138345
0.000134243
0.000129313
0.000123721
0.000117637
0.000110986
0.00010313
9.35828e-05
0.000109353
0.000119374
0.000127839
0.000135019
0.000141582
0.000147639
0.000153019
0.000157276
0.000159876
0.000159991
0.000155404
0.000151953
0.000147933
0.000142969
0.000137066
0.000130451
0.000123526
0.000116239
0.000107821
9.76637e-05
0.000113239
0.000124258
0.000133497
0.000141582
0.000149326
0.000156547
0.000163027
0.000168346
0.000172018
0.000173151
0.000166878
0.000162289
0.000157324
0.00015144
0.000144579
0.000136922
0.000128934
0.000120887
0.000111844
0.000100989
0.000116422
0.00012848
0.000138545
0.000147639
0.000156547
0.000164915
0.000172572
0.000179238
0.00018453
0.000187264
0.000178775
0.00017243
0.000166187
0.000159255
0.000151367
0.000142711
0.000133724
0.000124834
0.00011516
0.000103598
0.000118927
0.000131986
0.000142905
0.000153019
0.000163027
0.000172572
0.000181653
0.000190301
0.000198343
0.000203807
0.000192461
0.000182897
0.000174589
0.000166269
0.000157281
0.000147633
0.000137686
0.000127967
0.000117699
0.000105497
0.000120648
0.000134527
0.000146213
0.000157276
0.000168346
0.000179238
0.000190301
0.000202052
0.000214487
0.000223919
0.000209704
0.000194447
0.000182584
0.000172299
0.000162073
0.000151437
0.000140584
0.000130106
0.000119296
0.000106574
0.00012139
0.00013575
0.00014796
0.000159876
0.000172018
0.00018453
0.000198343
0.000214487
0.000232657
0.000244442
0.000230096
0.000207691
0.000190272
0.000177081
0.000165397
0.000153799
0.000142125
0.000130979
0.00011974
0.000106571
0.000120184
0.000134811
0.000147349
0.000159991
0.000173151
0.000187264
0.000203807
0.000223919
0.000244442
0.000236428
0.000237246
0.000219733
0.00019719
0.000180343
0.000166929
0.000154352
0.000141934
0.000130305
0.000118884
0.000105628
0.000118642
0.000132439
0.000144118
0.000155404
0.000166878
0.000178775
0.000192461
0.000209704
0.000230096
0.000237246
0.000242814
0.000217334
0.000195075
0.000178585
0.000165401
0.000153331
0.000141562
0.000130537
0.00011937
0.000106309
0.000117351
0.000130487
0.000141589
0.000151953
0.000162289
0.00017243
0.000182897
0.000194447
0.000207691
0.000219733
0.000217334
0.000200467
0.00018575
0.000173275
0.000162155
0.000151491
0.000140824
0.000130496
0.00011962
0.000106802
0.000115615
0.000127926
0.000138345
0.000147933
0.000157324
0.000166187
0.000174589
0.000182584
0.000190272
0.00019719
0.000195075
0.00018575
0.000176301
0.000167116
0.000158093
0.000148951
0.000139438
0.000129732
0.000119205
0.000106718
0.000113321
0.000124635
0.000134243
0.000142969
0.00015144
0.000159255
0.000166269
0.000172299
0.000177081
0.000180343
0.000178585
0.000173275
0.000167116
0.000160499
0.000153444
0.000145806
0.000137383
0.000128302
0.000118163
0.000106068
0.000110463
0.000120639
0.000129313
0.000137066
0.000144579
0.000151367
0.000157281
0.000162073
0.000165397
0.000166929
0.000165401
0.000162155
0.000158093
0.000153444
0.000148124
0.000141888
0.000134467
0.000126092
0.000116428
0.000104813
0.000107037
0.000116008
0.000123721
0.000130451
0.000136922
0.000142711
0.000147633
0.000151437
0.000153799
0.000154352
0.000153331
0.000151491
0.000148951
0.000145806
0.000141888
0.000136847
0.000130431
0.000122895
0.000113848
0.000102841
0.000102998
0.00011079
0.000117637
0.000123526
0.000128934
0.000133724
0.000137686
0.000140584
0.000142125
0.000141934
0.000141562
0.000140824
0.000139438
0.000137383
0.000134467
0.000130431
0.000125158
0.000118542
0.000110251
9.99884e-05
9.81568e-05
0.000104858
0.000110986
0.000116239
0.000120887
0.000124834
0.000127967
0.000130106
0.000130979
0.000130305
0.000130537
0.000130496
0.000129732
0.000128302
0.000126092
0.000122895
0.000118542
0.000112861
0.000105428
9.6023e-05
9.18907e-05
9.75844e-05
0.00010313
0.000107821
0.000111844
0.00011516
0.000117699
0.000119296
0.00011974
0.000118884
0.00011937
0.00011962
0.000119205
0.000118163
0.000116428
0.000113848
0.000110251
0.000105428
9.88519e-05
9.03784e-05
8.36768e-05
8.85756e-05
9.35828e-05
9.76637e-05
0.000100989
0.000103598
0.000105497
0.000106574
0.000106571
0.000105628
0.000106309
0.000106802
0.000106718
0.000106068
0.000104813
0.000102841
9.99884e-05
9.60231e-05
9.03784e-05
8.29261e-05
)
;
    }
    fixedWalls
    {
        type            compressible::alphatWallFunction;
        Prt             0.85;
        value           nonuniform List<scalar> 
800
(
6.02452e-05
7.23981e-05
7.75901e-05
8.03344e-05
8.2132e-05
8.35393e-05
8.48903e-05
8.63662e-05
8.8226e-05
9.07596e-05
5.03527e-05
6.68685e-05
7.4736e-05
7.87157e-05
8.18759e-05
8.47245e-05
8.75866e-05
9.05662e-05
9.41681e-05
9.82036e-05
3.71586e-05
5.8333e-05
6.98159e-05
7.42633e-05
7.91377e-05
8.42146e-05
8.91558e-05
9.39185e-05
9.91143e-05
0.000104396
2.87711e-05
5.22311e-05
6.26789e-05
6.80435e-05
7.48141e-05
8.27774e-05
8.99623e-05
9.63945e-05
0.000102983
0.000109157
2.7896e-05
4.59403e-05
5.54748e-05
6.01221e-05
6.96033e-05
8.09072e-05
9.03188e-05
9.82507e-05
0.000106068
0.000113035
2.90413e-05
3.57127e-05
4.92403e-05
5.33728e-05
6.32144e-05
7.87029e-05
9.01968e-05
9.94937e-05
0.000108395
0.000116212
2.92013e-05
3.62766e-05
4.27078e-05
4.72005e-05
5.75783e-05
7.63469e-05
8.95478e-05
0.000100103
0.000109953
0.000118712
2.99262e-05
3.78888e-05
3.95627e-05
4.25115e-05
5.28026e-05
7.37251e-05
8.837e-05
9.99704e-05
0.000110651
0.00012043
3.06874e-05
4.00088e-05
4.32586e-05
3.93463e-05
4.85465e-05
7.0611e-05
8.63028e-05
9.87135e-05
0.000110127
0.000121171
3.08538e-05
4.10127e-05
4.51234e-05
4.21777e-05
4.62333e-05
6.85332e-05
8.44117e-05
9.68071e-05
0.000108072
0.000119967
3.047e-05
4.03741e-05
4.47027e-05
4.23978e-05
4.66897e-05
6.91141e-05
8.4573e-05
9.65391e-05
0.000107302
0.000118428
2.98936e-05
3.88802e-05
4.17328e-05
3.93991e-05
4.66006e-05
6.99792e-05
8.50963e-05
9.66352e-05
0.00010693
0.000117138
2.93201e-05
3.64689e-05
3.76967e-05
3.44873e-05
4.60882e-05
7.06093e-05
8.53801e-05
9.64496e-05
0.000106198
0.000115406
2.8494e-05
3.36015e-05
3.29892e-05
3.33342e-05
4.67002e-05
7.10101e-05
8.52605e-05
9.57548e-05
0.000104828
0.000113116
2.71951e-05
3.07801e-05
3.02972e-05
3.745e-05
4.88462e-05
7.1311e-05
8.47541e-05
9.44971e-05
0.00010276
0.000110264
2.55579e-05
2.88819e-05
3.75108e-05
4.39034e-05
5.26341e-05
7.18435e-05
8.39806e-05
9.27037e-05
0.000100041
0.000106845
2.39257e-05
2.93312e-05
4.49743e-05
5.12832e-05
5.92815e-05
7.30455e-05
8.30171e-05
9.04095e-05
9.67049e-05
0.000102812
2.32107e-05
4.06754e-05
5.3029e-05
5.97885e-05
6.66671e-05
7.47914e-05
8.19498e-05
8.76514e-05
9.27205e-05
9.79799e-05
2.47636e-05
4.83243e-05
6.23843e-05
6.75356e-05
7.20583e-05
7.6363e-05
8.05465e-05
8.41892e-05
8.76866e-05
9.17246e-05
3.42437e-05
5.67826e-05
6.81116e-05
7.21033e-05
7.45277e-05
7.63828e-05
7.80582e-05
7.95733e-05
8.12165e-05
8.35244e-05
3.42438e-05
5.67827e-05
6.81116e-05
7.21033e-05
7.45277e-05
7.63828e-05
7.80582e-05
7.95733e-05
8.12165e-05
8.35244e-05
3.23873e-05
5.48699e-05
6.79285e-05
7.23122e-05
7.50924e-05
7.72852e-05
7.93866e-05
8.1741e-05
8.48061e-05
8.84152e-05
2.84642e-05
5.10404e-05
6.59409e-05
7.09437e-05
7.45526e-05
7.77007e-05
8.08287e-05
8.43819e-05
8.87654e-05
9.3414e-05
2.5238e-05
4.6151e-05
6.17184e-05
6.74871e-05
7.23181e-05
7.71182e-05
8.18392e-05
8.66432e-05
9.22124e-05
9.74878e-05
2.42235e-05
4.2517e-05
5.50637e-05
6.21435e-05
6.84477e-05
7.56504e-05
8.22997e-05
8.84334e-05
9.50573e-05
0.000100807
2.56666e-05
3.83103e-05
4.88138e-05
5.4577e-05
6.33305e-05
7.35463e-05
8.22271e-05
8.95431e-05
9.70117e-05
0.000103412
2.60167e-05
3.0829e-05
4.39907e-05
4.84398e-05
5.64584e-05
7.09101e-05
8.15459e-05
8.99483e-05
9.80776e-05
0.000105307
2.48951e-05
2.88073e-05
3.63257e-05
4.25347e-05
5.11325e-05
6.85411e-05
8.02764e-05
8.95325e-05
9.82123e-05
0.000106382
2.49773e-05
2.91235e-05
3.25321e-05
3.81481e-05
4.93648e-05
6.70232e-05
7.89243e-05
8.83303e-05
9.7148e-05
0.000106378
2.60316e-05
3.07292e-05
3.52417e-05
3.99247e-05
5.11171e-05
6.67508e-05
7.82356e-05
8.73221e-05
9.58224e-05
0.000105437
2.73141e-05
3.2239e-05
3.73346e-05
4.36275e-05
5.40765e-05
6.78427e-05
7.88078e-05
8.76856e-05
9.62952e-05
0.000106116
2.83872e-05
3.29957e-05
3.82993e-05
4.51153e-05
5.69478e-05
6.94883e-05
7.99204e-05
8.85819e-05
9.72242e-05
0.000106609
2.9351e-05
3.3135e-05
3.87348e-05
4.49409e-05
5.80485e-05
7.0874e-05
8.09917e-05
8.94523e-05
9.80119e-05
0.000106525
3.10789e-05
3.51729e-05
4.03196e-05
4.46967e-05
5.85341e-05
7.17968e-05
8.17528e-05
9.00168e-05
9.83917e-05
0.000105877
3.53681e-05
4.11976e-05
4.37465e-05
4.61683e-05
5.96695e-05
7.26149e-05
8.21485e-05
9.007e-05
9.81062e-05
0.000104624
4.47381e-05
4.73441e-05
4.81285e-05
5.09898e-05
6.2973e-05
7.37735e-05
8.22298e-05
8.94748e-05
9.69185e-05
0.000102656
5.26032e-05
5.24139e-05
5.32944e-05
5.91388e-05
6.74839e-05
7.52158e-05
8.19935e-05
8.81583e-05
9.46777e-05
9.98092e-05
5.6778e-05
5.82836e-05
6.17075e-05
6.63627e-05
7.14717e-05
7.64793e-05
8.13053e-05
8.6039e-05
9.13176e-05
9.58509e-05
6.06829e-05
6.43093e-05
6.79158e-05
7.10432e-05
7.39664e-05
7.6814e-05
7.97483e-05
8.28844e-05
8.6557e-05
9.02158e-05
6.36699e-05
6.77466e-05
7.05019e-05
7.23813e-05
7.39046e-05
7.53057e-05
7.67519e-05
7.83525e-05
8.03024e-05
8.27757e-05
6.02452e-05
7.23981e-05
7.75901e-05
8.03344e-05
8.2132e-05
8.35393e-05
8.48903e-05
8.63662e-05
8.8226e-05
9.07596e-05
5.03526e-05
6.68685e-05
7.4736e-05
7.87157e-05
8.18759e-05
8.47245e-05
8.75866e-05
9.05662e-05
9.41681e-05
9.82036e-05
3.71586e-05
5.8333e-05
6.98159e-05
7.42633e-05
7.91377e-05
8.42146e-05
8.91558e-05
9.39185e-05
9.91143e-05
0.000104396
2.87711e-05
5.22311e-05
6.26789e-05
6.80435e-05
7.48141e-05
8.27774e-05
8.99623e-05
9.63945e-05
0.000102983
0.000109157
2.7896e-05
4.59403e-05
5.54748e-05
6.01221e-05
6.96033e-05
8.09072e-05
9.03188e-05
9.82507e-05
0.000106068
0.000113035
2.90413e-05
3.57127e-05
4.92403e-05
5.33728e-05
6.32144e-05
7.87029e-05
9.01968e-05
9.94937e-05
0.000108395
0.000116212
2.92013e-05
3.62766e-05
4.27078e-05
4.72005e-05
5.75783e-05
7.63469e-05
8.95478e-05
0.000100103
0.000109953
0.000118712
2.99262e-05
3.78888e-05
3.95627e-05
4.25115e-05
5.28026e-05
7.37251e-05
8.837e-05
9.99704e-05
0.000110651
0.00012043
3.06874e-05
4.00088e-05
4.32586e-05
3.93463e-05
4.85465e-05
7.0611e-05
8.63028e-05
9.87135e-05
0.000110127
0.000121171
3.08538e-05
4.10127e-05
4.51234e-05
4.21777e-05
4.62333e-05
6.85332e-05
8.44117e-05
9.68071e-05
0.000108072
0.000119967
3.047e-05
4.03741e-05
4.47027e-05
4.23978e-05
4.66897e-05
6.91141e-05
8.4573e-05
9.65391e-05
0.000107302
0.000118428
2.98936e-05
3.88802e-05
4.17328e-05
3.93991e-05
4.66006e-05
6.99792e-05
8.50963e-05
9.66352e-05
0.00010693
0.000117138
2.932e-05
3.64689e-05
3.76967e-05
3.44873e-05
4.60881e-05
7.06093e-05
8.53801e-05
9.64496e-05
0.000106198
0.000115406
2.8494e-05
3.36014e-05
3.29892e-05
3.33342e-05
4.67002e-05
7.10101e-05
8.52605e-05
9.57548e-05
0.000104828
0.000113116
2.71951e-05
3.078e-05
3.02972e-05
3.745e-05
4.88462e-05
7.1311e-05
8.47541e-05
9.44971e-05
0.00010276
0.000110264
2.55579e-05
2.88819e-05
3.75108e-05
4.39034e-05
5.26341e-05
7.18435e-05
8.39806e-05
9.27037e-05
0.000100041
0.000106845
2.39257e-05
2.93312e-05
4.49743e-05
5.12832e-05
5.92815e-05
7.30455e-05
8.30171e-05
9.04095e-05
9.67049e-05
0.000102812
2.32107e-05
4.06754e-05
5.3029e-05
5.97886e-05
6.66671e-05
7.47914e-05
8.19498e-05
8.76514e-05
9.27205e-05
9.79799e-05
2.47636e-05
4.83244e-05
6.23843e-05
6.75356e-05
7.20584e-05
7.6363e-05
8.05465e-05
8.41892e-05
8.76866e-05
9.17246e-05
3.42438e-05
5.67827e-05
6.81116e-05
7.21033e-05
7.45277e-05
7.63828e-05
7.80582e-05
7.95733e-05
8.12165e-05
8.35244e-05
3.42437e-05
5.67826e-05
6.81116e-05
7.21033e-05
7.45277e-05
7.63828e-05
7.80582e-05
7.95733e-05
8.12165e-05
8.35244e-05
3.23873e-05
5.48699e-05
6.79285e-05
7.23122e-05
7.50924e-05
7.72852e-05
7.93866e-05
8.1741e-05
8.48061e-05
8.84152e-05
2.84642e-05
5.10404e-05
6.59409e-05
7.09437e-05
7.45526e-05
7.77007e-05
8.08287e-05
8.43819e-05
8.87654e-05
9.3414e-05
2.5238e-05
4.61509e-05
6.17184e-05
6.74871e-05
7.23181e-05
7.71182e-05
8.18392e-05
8.66432e-05
9.22124e-05
9.74878e-05
2.42235e-05
4.2517e-05
5.50637e-05
6.21435e-05
6.84477e-05
7.56504e-05
8.22997e-05
8.84334e-05
9.50573e-05
0.000100807
2.56666e-05
3.83103e-05
4.88138e-05
5.4577e-05
6.33305e-05
7.35463e-05
8.22271e-05
8.9543e-05
9.70117e-05
0.000103412
2.60167e-05
3.0829e-05
4.39907e-05
4.84398e-05
5.64584e-05
7.09101e-05
8.15459e-05
8.99483e-05
9.80776e-05
0.000105307
2.48951e-05
2.88073e-05
3.63257e-05
4.25347e-05
5.11325e-05
6.85411e-05
8.02764e-05
8.95325e-05
9.82123e-05
0.000106382
2.49773e-05
2.91235e-05
3.25321e-05
3.81481e-05
4.93648e-05
6.70232e-05
7.89243e-05
8.83303e-05
9.7148e-05
0.000106378
2.60316e-05
3.07291e-05
3.52417e-05
3.99247e-05
5.11171e-05
6.67508e-05
7.82356e-05
8.73221e-05
9.58224e-05
0.000105437
2.73141e-05
3.2239e-05
3.73346e-05
4.36275e-05
5.40765e-05
6.78427e-05
7.88078e-05
8.76856e-05
9.62952e-05
0.000106116
2.83872e-05
3.29957e-05
3.82993e-05
4.51153e-05
5.69478e-05
6.94882e-05
7.99204e-05
8.85819e-05
9.72242e-05
0.000106609
2.9351e-05
3.3135e-05
3.87349e-05
4.49409e-05
5.80485e-05
7.0874e-05
8.09917e-05
8.94523e-05
9.80119e-05
0.000106525
3.10789e-05
3.51729e-05
4.03196e-05
4.46967e-05
5.85341e-05
7.17968e-05
8.17528e-05
9.00168e-05
9.83917e-05
0.000105877
3.53681e-05
4.11976e-05
4.37465e-05
4.61683e-05
5.96695e-05
7.26149e-05
8.21485e-05
9.007e-05
9.81061e-05
0.000104624
4.47381e-05
4.73441e-05
4.81285e-05
5.09898e-05
6.2973e-05
7.37735e-05
8.22298e-05
8.94748e-05
9.69185e-05
0.000102656
5.26032e-05
5.24138e-05
5.32944e-05
5.91388e-05
6.74839e-05
7.52158e-05
8.19935e-05
8.81583e-05
9.46777e-05
9.98092e-05
5.6778e-05
5.82836e-05
6.17075e-05
6.63627e-05
7.14717e-05
7.64793e-05
8.13053e-05
8.60389e-05
9.13176e-05
9.58509e-05
6.06829e-05
6.43093e-05
6.79158e-05
7.10432e-05
7.39664e-05
7.6814e-05
7.97483e-05
8.28844e-05
8.6557e-05
9.02158e-05
6.36699e-05
6.77466e-05
7.05019e-05
7.23813e-05
7.39046e-05
7.53057e-05
7.67519e-05
7.83525e-05
8.03024e-05
8.27757e-05
)
;
    }
}


// ************************************************************************* //
