/*--------------------------------*- C++ -*----------------------------------*\
| =========                 |                                                 |
| \\      /  F ield         | OpenFOAM: The Open Source CFD Toolbox           |
|  \\    /   O peration     | Version:  v2012                                 |
|   \\  /    A nd           | Website:  www.openfoam.com                      |
|    \\/     M anipulation  |                                                 |
\*---------------------------------------------------------------------------*/
FoamFile
{
    version     2.0;
    format      ascii;
    class       volScalarField;
    location    "800";
    object      nut;
}
// * * * * * * * * * * * * * * * * * * * * * * * * * * * * * * * * * * * * * //

dimensions      [0 2 -1 0 0 0 0];


internalField   nonuniform List<scalar> 
4000
(
0.000375077
0.00032076
0.000249309
0.000210742
0.0002073
0.000212734
0.000213318
0.000216667
0.000220488
0.000221255
0.000219273
0.000216288
0.000213269
0.000209206
0.000203072
0.000195398
0.000187571
0.00018387
0.000190169
0.000235116
0.000443646
0.00040912
0.000363095
0.000332261
0.000299402
0.000245979
0.000250716
0.000259331
0.00027033
0.000275357
0.00027174
0.000263646
0.00025103
0.000236127
0.000221737
0.000212219
0.000213619
0.000271077
0.000309471
0.000352825
0.000473622
0.000457108
0.000429851
0.000390002
0.000350878
0.000317177
0.000282406
0.000268772
0.000287477
0.000296612
0.000293989
0.000278136
0.000256778
0.000232505
0.000219007
0.000257428
0.000295897
0.000338729
0.000389019
0.000421191
0.000489375
0.000479723
0.000454298
0.000419229
0.000374826
0.000339094
0.000305885
0.000281211
0.000266078
0.000282068
0.000282032
0.000265044
0.000238824
0.000234728
0.000257981
0.000291572
0.000330361
0.000375385
0.00041823
0.00044402
0.000499637
0.000497712
0.000481762
0.000456596
0.000426289
0.000388997
0.000357594
0.000331338
0.000309628
0.000298984
0.000302996
0.000303815
0.000302677
0.000307323
0.000318447
0.00033774
0.000372143
0.000413004
0.000443599
0.000457796
0.000507631
0.000513989
0.000510662
0.000502083
0.00049108
0.00047831
0.000464927
0.000450106
0.000432609
0.000422019
0.000425806
0.000431379
0.000435498
0.000438057
0.000439759
0.000442554
0.00044906
0.000458833
0.000467858
0.000468269
0.000515311
0.000530426
0.000539219
0.000543774
0.000545841
0.000545217
0.000541641
0.000535141
0.000523312
0.000512951
0.000514063
0.000517405
0.000519354
0.000518869
0.000516025
0.000511533
0.000505896
0.000499717
0.000491741
0.000477766
0.000523747
0.000547635
0.000566926
0.000581367
0.000592359
0.000599854
0.00060365
0.00060319
0.000596093
0.000585211
0.000583698
0.000584411
0.000583486
0.000579551
0.000572285
0.000561868
0.000548531
0.00053255
0.000512636
0.000486354
0.000534433
0.000568528
0.000597284
0.000620044
0.000638408
0.000652436
0.000662058
0.000666597
0.000663762
0.000651714
0.000647143
0.000645058
0.000640866
0.00063288
0.000620742
0.000604766
0.000585188
0.000561918
0.000532755
0.000495657
0.000549089
0.000592228
0.000628567
0.000656815
0.000680049
0.000699264
0.000714532
0.000725157
0.000729895
0.000722793
0.00071361
0.000706074
0.000695832
0.000682234
0.000665271
0.000644958
0.000621075
0.000592624
0.000556121
0.00050881
0.00032076
0.000284486
0.00024361
0.00023091
0.000239399
0.000257055
0.000258868
0.000268323
0.000275643
0.00027699
0.000272088
0.000263186
0.000252965
0.000241797
0.000229586
0.000218274
0.00020955
0.00020361
0.000203442
0.000227018
0.00040912
0.000514794
0.000486945
0.000476148
0.000494036
0.000553895
0.000663486
0.000792687
0.000931656
0.00100446
0.000997775
0.000925095
0.000806198
0.00068748
0.000589692
0.000545588
0.000473783
0.000386726
0.000377775
0.00034371
0.000457108
0.000639669
0.000644442
0.000581318
0.000532985
0.000531004
0.000601053
0.000818356
0.00101136
0.00114424
0.00116462
0.00108211
0.000929752
0.000753801
0.000537002
0.000471965
0.000467978
0.000490565
0.00054768
0.000420398
0.000479723
0.000674922
0.000704676
0.000655663
0.000573503
0.00052258
0.00051692
0.000578172
0.000815895
0.0010665
0.00109708
0.000980662
0.000756985
0.000533881
0.000446392
0.000452349
0.000495893
0.000567166
0.000605448
0.000445267
0.000497712
0.000715201
0.000762323
0.000724055
0.000628315
0.00054728
0.000501204
0.000491423
0.000532583
0.00062607
0.000678971
0.000629138
0.00052283
0.000442938
0.000430318
0.000461856
0.000525395
0.000614559
0.000639739
0.000460954
0.000513989
0.000754365
0.000823474
0.00081684
0.000754811
0.000648688
0.000577132
0.000530912
0.000509693
0.000513777
0.000526502
0.000523107
0.000503715
0.000487914
0.000495424
0.00052939
0.000614308
0.000674769
0.000672707
0.000473292
0.000530426
0.00078497
0.000873168
0.00091442
0.000923649
0.000884092
0.000798401
0.000719968
0.000661846
0.000629674
0.000627082
0.000635899
0.000650191
0.000664581
0.000686967
0.000723531
0.00074125
0.000735581
0.00069305
0.00048513
0.000547635
0.000802822
0.000901745
0.000984913
0.00106589
0.00111988
0.00113716
0.00111521
0.00106727
0.00101362
0.00100048
0.00101035
0.00101297
0.00100079
0.00096996
0.000919367
0.000851108
0.000779088
0.000701177
0.000498449
0.000568528
0.000776014
0.000883579
0.000971305
0.00104297
0.00109079
0.00111623
0.00111873
0.00109302
0.00104574
0.00101959
0.00102166
0.00102318
0.00100799
0.000971167
0.000916574
0.000846654
0.000772055
0.00069106
0.000515953
0.000592228
0.000640441
0.000682217
0.00071633
0.000745859
0.000771613
0.000793194
0.000808998
0.000816773
0.000811273
0.000796899
0.000785317
0.000770007
0.000750281
0.000726302
0.000698533
0.000667327
0.000632057
0.000589214
0.000536777
0.000249309
0.00024361
0.000237525
0.000245383
0.000259761
0.000278423
0.000281165
0.000293824
0.000302697
0.000304838
0.000299347
0.000287549
0.00027217
0.000255238
0.000238301
0.000225525
0.000217551
0.000210672
0.00020371
0.0002079
0.000363095
0.000486945
0.000518035
0.00054924
0.000609809
0.000717626
0.000846712
0.00102726
0.0011915
0.00126672
0.00123887
0.0011261
0.000962887
0.00080814
0.000693762
0.000648786
0.000579789
0.000435102
0.000384827
0.000324538
0.000429851
0.000644442
0.00067419
0.000644771
0.000630736
0.000680082
0.00082991
0.00109337
0.00133532
0.00147947
0.00147372
0.0013375
0.00112505
0.000889092
0.000671545
0.000578453
0.000545852
0.000535641
0.000559923
0.000409638
0.000454298
0.000704676
0.000778005
0.000740535
0.0006777
0.000650735
0.000694004
0.000854584
0.0011761
0.00140564
0.00142496
0.00125939
0.000980759
0.000701988
0.000568282
0.000549405
0.000578471
0.000634904
0.000652953
0.000437732
0.000481762
0.000762323
0.00085678
0.000836678
0.000744072
0.000666143
0.00063896
0.000683645
0.000824283
0.00106765
0.00117118
0.00102657
0.000779872
0.000592946
0.000533383
0.000553551
0.000619107
0.000708558
0.000701331
0.000457972
0.000510662
0.000823474
0.000941655
0.000944252
0.000856112
0.000743707
0.00067006
0.00064695
0.000676647
0.000751432
0.000801945
0.000752137
0.000644199
0.000559311
0.000540644
0.000581194
0.000676405
0.000775207
0.000747734
0.000475643
0.000539219
0.000873168
0.00101758
0.00106423
0.00102209
0.000931578
0.000846765
0.000794036
0.000774118
0.000779468
0.000787383
0.000769897
0.000727329
0.000682758
0.000668413
0.000702934
0.000780393
0.000844848
0.000782092
0.000493274
0.000566926
0.000901745
0.00107823
0.00120319
0.00127255
0.00125645
0.00122016
0.00118109
0.00113746
0.00110019
0.00109501
0.00110542
0.00109588
0.00106091
0.00101393
0.000979628
0.000966154
0.000909481
0.000800206
0.000513499
0.000597284
0.000883579
0.00111614
0.00132797
0.0014841
0.00157864
0.0016308
0.00162034
0.00155696
0.00148577
0.00148754
0.00153411
0.00152883
0.00148111
0.00139902
0.00128869
0.00113731
0.000964038
0.000790343
0.00053875
0.000628567
0.000682217
0.000728445
0.00076721
0.00080172
0.000832755
0.0008598
0.000880487
0.000891599
0.00088811
0.000868282
0.000853096
0.000833545
0.000808762
0.000778935
0.00074511
0.000708404
0.000668495
0.000621827
0.000565821
0.000210742
0.00023091
0.000245383
0.000261945
0.000283068
0.000289441
0.000300231
0.000314176
0.000324359
0.000326651
0.000319332
0.000302878
0.000280612
0.000256843
0.000235864
0.000226171
0.000224078
0.000214853
0.000202518
0.000192344
0.000332261
0.000476148
0.00054924
0.000622592
0.000725257
0.000869463
0.00102615
0.00122976
0.00137883
0.00142358
0.0013516
0.00118659
0.000984179
0.00082196
0.000718482
0.000685297
0.000651107
0.000489165
0.000392318
0.000300155
0.000390002
0.000581318
0.000644771
0.000666498
0.0007153
0.000844751
0.00107357
0.00136148
0.00158884
0.00168722
0.00161568
0.00141264
0.00115957
0.000927183
0.000746199
0.000646215
0.000589449
0.00053996
0.000517271
0.000386165
0.000419229
0.000655663
0.000740535
0.000742448
0.000728245
0.000759505
0.000882361
0.00115562
0.00148511
0.0016787
0.00163744
0.00140246
0.00107809
0.000793909
0.000645758
0.000605547
0.000609497
0.000635302
0.000637916
0.00041849
0.000456596
0.000724055
0.000836678
0.000839823
0.000789331
0.000751702
0.000776299
0.00090692
0.00117893
0.00147991
0.00153673
0.0013047
0.000964444
0.000706928
0.000611719
0.000613926
0.000663664
0.000728939
0.000706046
0.000445427
0.000502083
0.00081684
0.000944252
0.000962247
0.000901373
0.000821311
0.000782293
0.000817723
0.000947523
0.00114422
0.0012532
0.00110727
0.00085718
0.00067552
0.000614689
0.000642784
0.000726761
0.000815018
0.000772887
0.000472348
0.000543774
0.000914421
0.00106423
0.00111326
0.00107862
0.00100111
0.000943074
0.000937564
0.000990422
0.00107959
0.00113164
0.00106504
0.000916764
0.000784061
0.000718478
0.000735257
0.000819192
0.000903136
0.00083336
0.000499066
0.000581367
0.000984913
0.00120319
0.00134745
0.00137872
0.00134607
0.00131014
0.00128971
0.00127709
0.00127302
0.00128665
0.00128481
0.00124384
0.00116568
0.00107726
0.00102712
0.00103819
0.00101619
0.000878301
0.000526538
0.000620044
0.000971305
0.00132797
0.00165533
0.00178195
0.00183102
0.00186305
0.00185744
0.00179845
0.00171812
0.00171841
0.00177433
0.00180739
0.00177591
0.00167942
0.00156015
0.00143274
0.00116347
0.000876288
0.000558768
0.000656815
0.00071633
0.00076721
0.000810822
0.000851118
0.000888618
0.000922169
0.000948857
0.000965316
0.00096628
0.000937882
0.000916898
0.000892477
0.000862254
0.000826279
0.000786009
0.000743977
0.000699966
0.000649653
0.000589739
0.0002073
0.000239399
0.000259761
0.000283068
0.000292933
0.000301798
0.000318179
0.00033454
0.000346775
0.000349056
0.000337105
0.000311357
0.000279329
0.000248582
0.000230734
0.00022994
0.000235671
0.000223339
0.000206275
0.000187885
0.000299402
0.000494036
0.000609809
0.000725257
0.000873181
0.00102013
0.001227
0.00141826
0.00153111
0.00152273
0.00138504
0.00116902
0.000960156
0.000822885
0.000738468
0.000695081
0.000669283
0.000565078
0.000428861
0.000282128
0.000350878
0.000532985
0.000630736
0.0007153
0.000848425
0.00105845
0.00135045
0.00161597
0.00178742
0.0018062
0.00165379
0.00139033
0.0011278
0.000930473
0.000796168
0.000702106
0.00062485
0.000546891
0.000478509
0.000349825
0.000374826
0.000573503
0.0006777
0.000728245
0.000782928
0.000898969
0.00113079
0.00148478
0.00176747
0.00186391
0.00174164
0.00145033
0.00111264
0.00084856
0.000702198
0.000643969
0.000617294
0.000601974
0.000565901
0.000388674
0.000426289
0.000628315
0.000744072
0.000789331
0.000798395
0.000829001
0.00094104
0.00118372
0.0015423
0.00178466
0.00175321
0.00145356
0.00106597
0.000780965
0.000664447
0.000645354
0.000666103
0.000694144
0.000665532
0.000423606
0.00049108
0.000754811
0.000856112
0.000901373
0.000891825
0.000871886
0.000901582
0.00103245
0.00127936
0.00154933
0.00163847
0.00139685
0.00103707
0.000778623
0.000679972
0.000686226
0.000743285
0.00080001
0.000762614
0.000463987
0.000545841
0.000923649
0.00102209
0.00107862
0.00107875
0.00104867
0.00104388
0.00110683
0.00124899
0.00142181
0.00150429
0.00135895
0.00110335
0.000896525
0.000791312
0.000787184
0.000851692
0.000917937
0.000864794
0.000501715
0.000592359
0.00106589
0.00127255
0.00137872
0.00140306
0.00138797
0.00137992
0.00139237
0.00141572
0.00144681
0.0014754
0.0014438
0.00135549
0.00124236
0.00113206
0.00107576
0.00109038
0.00109596
0.000952429
0.000536892
0.000638408
0.00104297
0.0014841
0.00178195
0.00190923
0.00199998
0.00206144
0.00205739
0.00197386
0.00186436
0.00186278
0.00194784
0.00200804
0.00197773
0.00185655
0.00169136
0.00155454
0.00131632
0.000950262
0.000575376
0.000680049
0.000745859
0.00080172
0.000851118
0.00089892
0.000943849
0.000984423
0.00101786
0.00104106
0.00104841
0.00100932
0.000981103
0.000950641
0.000914514
0.000872377
0.000825466
0.000776729
0.000727926
0.000673644
0.00060935
0.000212734
0.000257055
0.000278423
0.000289441
0.000301798
0.000318792
0.000337657
0.000358109
0.000373603
0.000373887
0.000353166
0.000313947
0.000270478
0.000246806
0.000238973
0.000238714
0.000243209
0.000241994
0.000222919
0.000196072
0.000245979
0.000553895
0.000717626
0.000869463
0.00102013
0.00122007
0.00142159
0.00157373
0.00162734
0.00154347
0.00134586
0.00111117
0.000940441
0.0008388
0.000755348
0.000679104
0.000640738
0.000593753
0.000482862
0.000260583
0.000317177
0.000531004
0.000680082
0.000844751
0.00105845
0.00133432
0.00160676
0.00180188
0.00186862
0.00177754
0.00156585
0.00128305
0.00106508
0.000922648
0.000830359
0.000759797
0.000680479
0.000575989
0.000470516
0.00031607
0.000339094
0.00052258
0.000650735
0.000759505
0.000898969
0.00112091
0.00144729
0.00176021
0.00190467
0.00185805
0.00167925
0.00139529
0.00110569
0.000887869
0.00075697
0.000685992
0.000632743
0.000577477
0.000504311
0.000347191
0.000388997
0.00054728
0.000666143
0.000751702
0.000829001
0.000952698
0.00118128
0.00151804
0.00180034
0.00188518
0.00177255
0.00147771
0.00110655
0.000830216
0.000704033
0.00066325
0.000650322
0.000634713
0.000576376
0.000394953
0.00047831
0.000648688
0.000743707
0.000821311
0.000871886
0.000932617
0.00106667
0.00131236
0.00159372
0.00178308
0.00179635
0.00152462
0.00113396
0.000845809
0.000723789
0.000704738
0.000726046
0.000743506
0.000703999
0.000452023
0.000545217
0.000884092
0.000931578
0.00100111
0.00104867
0.00108445
0.00115959
0.00131562
0.00152505
0.00169637
0.00174889
0.0015308
0.00121066
0.000969893
0.000848014
0.000825061
0.000859128
0.000895645
0.000866406
0.000501343
0.000599854
0.00111988
0.00125645
0.00134607
0.00138797
0.0014143
0.00145732
0.00152384
0.0015952
0.00164433
0.00164848
0.00154424
0.00141399
0.00128317
0.00116789
0.00111045
0.00111983
0.00112776
0.00100656
0.000543379
0.000652436
0.00109079
0.00157864
0.00183102
0.00199998
0.00213008
0.00220159
0.00217848
0.00206633
0.00192423
0.00189392
0.0020061
0.00211473
0.00210788
0.00197494
0.00178232
0.00161212
0.00140319
0.000992051
0.000586884
0.000699264
0.000771613
0.000832755
0.000888618
0.000943849
0.000996123
0.00104421
0.00108622
0.0011197
0.00113734
0.00108424
0.00104476
0.00100603
0.000963112
0.000914355
0.000861012
0.000805917
0.000751812
0.000693525
0.000624824
0.000213318
0.000258868
0.000281165
0.000300231
0.000318179
0.000337657
0.000360579
0.000386243
0.000405441
0.00040122
0.000364993
0.000307446
0.000269814
0.00025358
0.0002474
0.000244058
0.000241398
0.000238606
0.000228682
0.000196934
0.000250716
0.000663486
0.000846712
0.00102615
0.001227
0.00142159
0.00157796
0.00166872
0.00165045
0.00148032
0.0012564
0.001051
0.000938429
0.000848295
0.000756397
0.000675495
0.000607256
0.000552659
0.000461386
0.000221572
0.000282406
0.000601053
0.00082991
0.00107357
0.00135045
0.00160676
0.0017889
0.00186665
0.00178911
0.00155112
0.00130495
0.00105991
0.000982705
0.000917293
0.000842444
0.000794441
0.000749959
0.000662686
0.000516659
0.000290428
0.000305885
0.00051692
0.000694004
0.000882361
0.00113079
0.00144729
0.00173772
0.00187514
0.0018263
0.00160326
0.00137457
0.00113593
0.00103877
0.000930009
0.000830162
0.000752359
0.000678257
0.000592778
0.000482464
0.000313988
0.000357594
0.000501204
0.00063896
0.000776299
0.00094104
0.00118128
0.00150378
0.00177215
0.00185557
0.00172327
0.00152286
0.00133963
0.00110345
0.000876032
0.000749143
0.00068835
0.000644398
0.000590836
0.000505308
0.000357169
0.000464927
0.000577132
0.00067006
0.000782293
0.000901582
0.00106667
0.00132184
0.00159617
0.00177504
0.00179402
0.00164749
0.00145758
0.00115732
0.000887846
0.000755658
0.000711133
0.000694568
0.000669502
0.000611262
0.000437241
0.000541641
0.000798401
0.000846765
0.000943074
0.00104388
0.00115959
0.00133954
0.0015753
0.00176082
0.00182477
0.00173322
0.00153894
0.00124082
0.00100421
0.000881576
0.000841507
0.000840587
0.000839981
0.000818133
0.000497544
0.00060365
0.00113716
0.00122016
0.00131014
0.00137992
0.00145732
0.00157172
0.00172767
0.00184755
0.00184488
0.00172663
0.00156534
0.00141461
0.00128823
0.00118232
0.00112664
0.00112507
0.00111977
0.00103598
0.000545823
0.000662058
0.00111623
0.0016308
0.00186305
0.00206144
0.00220159
0.00225421
0.002218
0.00214451
0.00202496
0.00188362
0.00194724
0.00210609
0.00214615
0.00203117
0.00183142
0.00163663
0.0014468
0.00100471
0.000593228
0.000714532
0.000793194
0.0008598
0.000922169
0.000984423
0.00104421
0.00110139
0.00115604
0.00120716
0.00124269
0.00117151
0.00111123
0.00105909
0.00100714
0.00095121
0.000891442
0.000830207
0.000770861
0.000708837
0.000636142
0.000216667
0.000268323
0.000293824
0.000314176
0.00033454
0.000358109
0.000386243
0.000417495
0.000441835
0.000431423
0.000368413
0.000304393
0.000274463
0.000260786
0.000253021
0.000246746
0.000240371
0.000231678
0.000215852
0.000190971
0.000259331
0.000792687
0.00102726
0.00122976
0.00141826
0.00157373
0.00166872
0.00170481
0.0016431
0.00131841
0.00109861
0.000984375
0.000936218
0.000864909
0.000772177
0.000689921
0.000619626
0.000544055
0.00042403
0.000211214
0.000268772
0.000818356
0.00109337
0.00136148
0.00161597
0.00180188
0.00186665
0.00185906
0.0016964
0.00128115
0.000997887
0.000803514
0.000896129
0.000930921
0.000862414
0.000792711
0.000738415
0.00067792
0.0005464
0.000250336
0.000281211
0.000578172
0.000854584
0.00115562
0.00148478
0.00176021
0.00187514
0.00188508
0.00177224
0.0014536
0.00113257
0.000833004
0.000932646
0.000984103
0.000927631
0.00085846
0.000772832
0.000653357
0.00049524
0.000282341
0.000331338
0.000491423
0.000683645
0.00090692
0.00118372
0.00151804
0.00177215
0.00188651
0.00192748
0.00173603
0.00138166
0.00102271
0.00104549
0.000944204
0.000824965
0.000741773
0.000667455
0.000580002
0.000466844
0.000327907
0.000450106
0.000530912
0.00064695
0.000817723
0.00103245
0.00131236
0.00159617
0.00181093
0.00202821
0.00199852
0.00161664
0.00117921
0.00110531
0.000928735
0.000795244
0.000725159
0.000673486
0.000613538
0.000543707
0.000423964
0.000535141
0.000719968
0.000794036
0.000937564
0.00110683
0.00131562
0.0015753
0.001828
0.00212088
0.00220302
0.00180855
0.0013482
0.00121023
0.00102316
0.000905647
0.000848364
0.000812719
0.00077436
0.000736939
0.000490402
0.00060319
0.00111521
0.00118109
0.00128971
0.00139237
0.00152384
0.00172767
0.00198274
0.00222736
0.00229342
0.00188502
0.00150864
0.00137192
0.00126213
0.00117638
0.00112587
0.00111048
0.00108525
0.00103398
0.000543623
0.000666597
0.00111873
0.00162034
0.00185744
0.00205739
0.00217848
0.002218
0.00224448
0.00235957
0.00239054
0.00206396
0.0018392
0.00196878
0.00207327
0.00201034
0.00182877
0.00162448
0.00143511
0.000988299
0.000594142
0.000725157
0.000808998
0.000880487
0.000948857
0.00101786
0.00108622
0.00115604
0.00123061
0.00131025
0.0013724
0.00128276
0.0011855
0.00111021
0.00104538
0.000981328
0.000915134
0.000848093
0.000783978
0.000718555
0.000642624
0.000220488
0.000275643
0.000302697
0.000324359
0.000346775
0.000373603
0.000405441
0.000441835
0.000465726
0.000453453
0.000359486
0.000296341
0.000279625
0.00026769
0.000258683
0.0002509
0.000242773
0.000232294
0.000216597
0.000191185
0.00027033
0.000931656
0.0011915
0.00137883
0.00153111
0.00162734
0.00165045
0.0016431
0.00155888
0.00143718
0.0010698
0.000884619
0.000931386
0.000901927
0.000808568
0.000717519
0.000634285
0.000547094
0.000432973
0.000212536
0.000287477
0.00101136
0.00133532
0.00158884
0.00178742
0.00186862
0.00178911
0.0016964
0.00173336
0.00181631
0.00134447
0.00082967
0.000836298
0.000966688
0.00090762
0.000821362
0.000732255
0.000627405
0.000488208
0.00022997
0.000266078
0.000815895
0.0011761
0.00148511
0.00176747
0.00190467
0.0018263
0.00177224
0.00199811
0.00224253
0.00170351
0.00100466
0.000853352
0.00102386
0.00098666
0.000915693
0.000841038
0.000728317
0.000542776
0.000259629
0.000309628
0.000532583
0.000824283
0.00117893
0.0015423
0.00180034
0.00185557
0.00192748
0.00230754
0.00265399
0.00202694
0.00119069
0.000903087
0.00103185
0.000951855
0.000841999
0.000728191
0.000600833
0.000456026
0.000317061
0.000432609
0.000509693
0.000676647
0.000947523
0.00127936
0.00159372
0.00177504
0.00202821
0.002572
0.00300268
0.00229713
0.00130896
0.00094066
0.000982381
0.000864844
0.000764281
0.000676575
0.000586153
0.000505821
0.000415336
0.000523312
0.000661846
0.000774118
0.000990422
0.00124899
0.00152505
0.00176082
0.00212088
0.0027954
0.00322984
0.00251331
0.00145667
0.00107983
0.00104827
0.000941252
0.000863257
0.000794237
0.000724431
0.000675062
0.000482666
0.000596093
0.00106727
0.00113746
0.00127709
0.00141572
0.0015952
0.00184755
0.00222736
0.00290075
0.00322246
0.00261782
0.00163358
0.00129958
0.0012215
0.00115985
0.00111651
0.00108644
0.0010382
0.000991962
0.000536713
0.000663762
0.00109302
0.00155696
0.00179845
0.00197386
0.00206633
0.00214451
0.00235957
0.002805
0.00300059
0.00257495
0.00192351
0.00176859
0.00189557
0.0019112
0.00177422
0.00157825
0.00138235
0.000952194
0.000588102
0.000729895
0.000816773
0.000891599
0.000965316
0.00104106
0.0011197
0.00120716
0.00131025
0.00142792
0.00150777
0.00141587
0.00127166
0.00116006
0.00107612
0.00100245
0.000929969
0.000857677
0.000789403
0.000721421
0.000642844
0.000221255
0.00027699
0.000304838
0.000326651
0.000349056
0.000373887
0.00040122
0.000431423
0.000453453
0.000458633
0.000347454
0.000302519
0.000283317
0.000272804
0.000264267
0.000256947
0.000249275
0.000239435
0.000224138
0.000196646
0.000275357
0.00100446
0.00126672
0.00142358
0.00152273
0.00154347
0.00148032
0.00131841
0.00143718
0.000954995
0.000677334
0.000963108
0.000890041
0.000929322
0.000845068
0.000749168
0.000657102
0.000565835
0.000447631
0.000221076
0.000296612
0.00114424
0.00147947
0.00168722
0.0018062
0.00177754
0.00155112
0.00128115
0.00181631
0.00133533
0.000977714
0.00124576
0.000823221
0.00100706
0.000954341
0.000860211
0.000756469
0.000638412
0.000485742
0.000244313
0.000282068
0.0010665
0.00140564
0.0016787
0.00186391
0.00185805
0.00160326
0.0014536
0.00224253
0.00164932
0.00126587
0.00155185
0.000850821
0.00105802
0.00102606
0.000928688
0.000818899
0.000691835
0.000522653
0.000267869
0.000298984
0.00062607
0.00106765
0.00147991
0.00178466
0.00188518
0.00172327
0.00173603
0.00265399
0.00191678
0.00156652
0.00185605
0.000936228
0.00110791
0.00107154
0.000948405
0.000804288
0.000640656
0.000470432
0.000326925
0.000422019
0.000513777
0.000751432
0.00114422
0.00154933
0.00178308
0.00179402
0.00199852
0.00300268
0.00214306
0.00187465
0.0020924
0.000957568
0.00105094
0.000981641
0.00083993
0.000706293
0.000583569
0.000495052
0.000413893
0.000512951
0.000629673
0.000779468
0.00107959
0.00142181
0.00169637
0.00182477
0.00220302
0.00322984
0.0023243
0.00215941
0.00223197
0.00103269
0.0010845
0.00100998
0.000902029
0.000796753
0.000701223
0.000650126
0.000478784
0.000585211
0.00101362
0.00110019
0.00127302
0.00144681
0.00164433
0.00184488
0.00229342
0.00322246
0.00246855
0.00238217
0.00225816
0.00124246
0.00120711
0.00116331
0.00112052
0.0010722
0.000998287
0.000937879
0.000530889
0.000651714
0.00104574
0.00148577
0.00171812
0.00186436
0.00192423
0.00202496
0.00239054
0.00300059
0.00260368
0.00251065
0.00224278
0.00168416
0.00171503
0.00179307
0.00170433
0.00152377
0.00132661
0.000904238
0.000580285
0.000722793
0.000811273
0.00088811
0.00096628
0.00104841
0.00113734
0.00124269
0.0013724
0.00150777
0.0014688
0.00146471
0.00135183
0.00120578
0.00109755
0.00101245
0.000933587
0.000856563
0.000785262
0.00071618
0.000637151
0.000219273
0.000272088
0.000299347
0.000319332
0.000337105
0.000353166
0.000364993
0.000368414
0.000359486
0.000347454
0.000309464
0.000292121
0.000274753
0.000269157
0.000264511
0.000260157
0.000254368
0.000245642
0.000231415
0.000203701
0.00027174
0.000997775
0.00123887
0.0013516
0.00138504
0.00134586
0.0012564
0.00109861
0.0010698
0.000677334
0.000584628
0.000927963
0.000906601
0.000929501
0.000856911
0.000763381
0.000664192
0.000568734
0.000453626
0.000229713
0.000293989
0.00116462
0.00147372
0.00161568
0.00165379
0.00156585
0.00130495
0.000997887
0.00134447
0.000977715
0.000895778
0.00118718
0.000929088
0.00105864
0.000989933
0.000892894
0.000781588
0.000653736
0.000494552
0.000256447
0.000282032
0.00109708
0.00142496
0.00163744
0.00174164
0.00167925
0.00137457
0.00113257
0.00170351
0.00126587
0.00123342
0.00142475
0.000962486
0.0011267
0.00105884
0.000952603
0.000832121
0.000688738
0.00050751
0.000289741
0.000302996
0.000678971
0.00117118
0.00153673
0.00175321
0.00177255
0.00152286
0.00138166
0.00202694
0.00156653
0.00160379
0.00168345
0.00106402
0.00120423
0.00111126
0.000966714
0.00081033
0.000646322
0.00048658
0.000344489
0.000425806
0.000526502
0.000801945
0.0012532
0.00163847
0.00179635
0.00164749
0.00161664
0.00229713
0.00187465
0.00198775
0.00194281
0.00121077
0.00127675
0.00113679
0.000937999
0.000744147
0.000593112
0.000504654
0.000420576
0.000514063
0.000627082
0.000787383
0.00113164
0.00150429
0.00174889
0.00173322
0.00180855
0.00251331
0.00215941
0.00232725
0.00212528
0.00131175
0.0012828
0.00114772
0.000983096
0.000827072
0.000707154
0.000664581
0.000482401
0.000583698
0.00100048
0.00109501
0.00128665
0.0014754
0.00164848
0.00172663
0.00188502
0.00261782
0.00238217
0.00257201
0.00215006
0.00143181
0.0013274
0.00124593
0.00117537
0.00109576
0.000990158
0.000898199
0.000533269
0.000647143
0.00101959
0.00148754
0.00171841
0.00186278
0.00189392
0.00188362
0.00206396
0.00257495
0.00251065
0.00264074
0.00213941
0.00173591
0.00174974
0.00180126
0.00172101
0.00154151
0.00133362
0.000881616
0.000583295
0.00071361
0.000796899
0.000868282
0.000937881
0.00100932
0.00108424
0.00117151
0.00128276
0.00141587
0.00146471
0.00150322
0.00133824
0.00119333
0.00108708
0.00100319
0.000927316
0.000854214
0.000786585
0.000719077
0.000641272
0.000216288
0.000263186
0.000287549
0.000302878
0.000311357
0.000313947
0.000307446
0.000304393
0.000296341
0.000302519
0.000292121
0.000273679
0.000265078
0.00025759
0.000255636
0.000255847
0.000253169
0.000246318
0.000234769
0.000209698
0.000263646
0.000925095
0.0011261
0.00118659
0.00116902
0.00111117
0.001051
0.000984375
0.000884619
0.000963108
0.000927963
0.000863429
0.000917364
0.000899145
0.000833386
0.000739442
0.000632945
0.000537302
0.000439099
0.000234468
0.000278136
0.00108211
0.0013375
0.00141264
0.00139033
0.00128305
0.00105991
0.000803514
0.00082967
0.00124576
0.00118718
0.000954063
0.00111308
0.00108499
0.0010045
0.00090473
0.000786706
0.000655143
0.000502015
0.000262629
0.000265044
0.000980662
0.00125939
0.00140246
0.00145033
0.00139529
0.00113593
0.000833004
0.00100466
0.00155185
0.00142475
0.00100915
0.00118739
0.00116312
0.00107378
0.0009668
0.000844142
0.000698881
0.000516733
0.00029996
0.000303815
0.000629138
0.00102657
0.0013047
0.00145356
0.00147771
0.00133963
0.00102271
0.00119069
0.00185605
0.00168345
0.00115732
0.00131427
0.00126435
0.00113458
0.00098093
0.000813577
0.000645587
0.00049648
0.000363028
0.000431379
0.000523107
0.000752137
0.00110727
0.00139685
0.00152462
0.00145758
0.00117921
0.00130896
0.0020924
0.00194281
0.0014079
0.0015153
0.00141518
0.00123051
0.0010162
0.000795717
0.000624631
0.000536772
0.000430751
0.000517405
0.0006359
0.000769897
0.00106504
0.00135895
0.0015308
0.00153894
0.0013482
0.00145667
0.00223197
0.00212528
0.00174948
0.00178449
0.00159798
0.0013677
0.00113516
0.000909021
0.00074302
0.000685219
0.00048923
0.000584411
0.00101035
0.00110542
0.00128481
0.0014438
0.00154424
0.00156534
0.00150864
0.00163358
0.00225816
0.00215006
0.00180924
0.0017876
0.0016065
0.00144977
0.00131799
0.00118178
0.00102458
0.000885166
0.000538752
0.000645058
0.00102166
0.00153411
0.00177433
0.00194784
0.0020061
0.00194724
0.0018392
0.00192351
0.00224278
0.00213941
0.00188593
0.00191633
0.00195937
0.00194471
0.00183375
0.00163503
0.00138083
0.000899567
0.000588944
0.000706074
0.000785317
0.000853096
0.000916898
0.000981103
0.00104476
0.00111123
0.0011855
0.00127166
0.00135183
0.00133824
0.00122813
0.00113298
0.0010531
0.000982564
0.000915632
0.000849462
0.000786224
0.000720547
0.000644243
0.000213269
0.000252965
0.00027217
0.000280612
0.000279329
0.000270478
0.000269814
0.000274463
0.000279625
0.000283317
0.000274753
0.000265078
0.00026084
0.000253291
0.000245347
0.000244543
0.000243834
0.000240321
0.000233581
0.000214364
0.000251031
0.000806198
0.000962888
0.00098418
0.000960156
0.000940441
0.000938429
0.000936218
0.000931386
0.000890041
0.000906601
0.000917364
0.000886678
0.000835053
0.000766915
0.000666311
0.000556498
0.000471442
0.000400087
0.000234855
0.000256778
0.000929752
0.00112505
0.00115957
0.0011278
0.00106508
0.000982705
0.000896129
0.000836298
0.000823221
0.000929088
0.00111308
0.00111813
0.00106828
0.000991513
0.000889447
0.000767823
0.000639475
0.000498549
0.000264907
0.000238824
0.000756985
0.000980759
0.00107809
0.00111264
0.00110569
0.00103877
0.000932646
0.000853352
0.000850821
0.000962486
0.00118739
0.00120251
0.00114726
0.00106729
0.000967402
0.000847902
0.000705733
0.000528082
0.00030015
0.000302677
0.00052283
0.000779872
0.000964444
0.00106597
0.00110655
0.00110345
0.00104549
0.000903087
0.000936228
0.00106402
0.00131427
0.00133436
0.00125295
0.00113379
0.000987521
0.000822825
0.000657125
0.000512168
0.000370693
0.000435498
0.000503715
0.000644199
0.00085718
0.00103707
0.00113396
0.00115732
0.00110531
0.00094066
0.000957568
0.00121077
0.0015153
0.00155397
0.0014463
0.00128142
0.00107624
0.000849988
0.000665148
0.000570742
0.000439475
0.000519354
0.000650191
0.000727329
0.000916764
0.00110335
0.00121066
0.00124082
0.00121023
0.00107983
0.00103269
0.00131175
0.00178449
0.00186739
0.00173778
0.00153907
0.00130222
0.00103904
0.000811495
0.000713698
0.000495826
0.000583486
0.00101297
0.00109588
0.00124384
0.00135549
0.00141399
0.00141461
0.00137192
0.00129958
0.00124245
0.00143181
0.0017876
0.00197271
0.00190191
0.00173252
0.00154588
0.00133638
0.00109871
0.000893523
0.000544087
0.000640866
0.00102318
0.00152883
0.00180739
0.00200804
0.00211473
0.00210609
0.00196878
0.00176859
0.00168416
0.00173591
0.00191633
0.00210684
0.00216931
0.00212376
0.00198985
0.00177317
0.00143003
0.000937771
0.000593712
0.000695832
0.000770007
0.000833545
0.000892477
0.000950641
0.00100603
0.00105909
0.00111021
0.00116006
0.00120578
0.00119333
0.00113298
0.00107226
0.00101365
0.000956563
0.000899336
0.000840508
0.000781276
0.000717864
0.000643668
0.000209206
0.000241797
0.000255238
0.000256843
0.000248582
0.000246806
0.00025358
0.000260786
0.00026769
0.000272804
0.000269157
0.00025759
0.000253291
0.000247755
0.000240893
0.000239496
0.000243082
0.00024189
0.000234782
0.000221556
0.000236127
0.00068748
0.00080814
0.000821961
0.000822885
0.0008388
0.000848295
0.000864909
0.000901927
0.000929322
0.000929501
0.000899145
0.000835053
0.000752433
0.000656675
0.000560192
0.000485978
0.000435711
0.000385433
0.000241732
0.000232505
0.000753801
0.000889093
0.000927183
0.000930473
0.000922648
0.000917293
0.000930921
0.000966688
0.00100706
0.00105864
0.00108499
0.00106828
0.001023
0.000948378
0.000844939
0.000731186
0.000619531
0.000491989
0.000272009
0.000234728
0.000533881
0.000701988
0.000793909
0.000848561
0.000887869
0.000930009
0.000984103
0.00102386
0.00105802
0.0011267
0.00116312
0.00114726
0.00110494
0.00103989
0.000952181
0.000841458
0.000706573
0.000537263
0.000298694
0.000307323
0.000442938
0.000592946
0.000706928
0.000780965
0.000830216
0.000876032
0.000944204
0.00103185
0.00110791
0.00120423
0.00126435
0.00125295
0.00119594
0.00110142
0.000976009
0.000828675
0.000673717
0.000529172
0.00037404
0.000438057
0.000487914
0.000559311
0.00067552
0.000778623
0.00084581
0.000887846
0.000928735
0.000982381
0.00105094
0.00127675
0.00141518
0.0014463
0.00139422
0.00127491
0.00110208
0.000897663
0.000713448
0.000600464
0.000445227
0.000518869
0.000664581
0.000682758
0.000784061
0.000896526
0.000969893
0.00100421
0.00102316
0.00104827
0.0010845
0.0012828
0.00159798
0.00173778
0.00171802
0.00159244
0.00138692
0.00113284
0.000894573
0.000746919
0.000500561
0.000579551
0.00100079
0.00106091
0.00116568
0.00124236
0.00128317
0.00128823
0.00126213
0.0012215
0.00120711
0.0013274
0.0016065
0.00190191
0.002009
0.00193351
0.00175216
0.00149665
0.00118008
0.000914102
0.00054762
0.00063288
0.00100799
0.00148111
0.00177591
0.00197773
0.00210788
0.00214615
0.00207327
0.00189557
0.00171503
0.00174974
0.00195937
0.00216931
0.00227131
0.00225049
0.00212555
0.00190588
0.00148591
0.000977918
0.000596064
0.000682234
0.000750281
0.000808762
0.000862254
0.000914514
0.000963112
0.00100714
0.00104538
0.00107612
0.00109755
0.00108708
0.0010531
0.00101365
0.000971451
0.000926879
0.000879225
0.0008274
0.000772226
0.000711379
0.000639716
0.000203072
0.000229586
0.000238301
0.000235864
0.000230734
0.000238973
0.0002474
0.000253021
0.000258683
0.000264267
0.000264511
0.000255636
0.000245347
0.000240893
0.000240631
0.000250381
0.000262177
0.00026313
0.000254359
0.0002397
0.000221737
0.000589692
0.000693762
0.000718482
0.000738468
0.000755348
0.000756397
0.000772177
0.000808568
0.000845068
0.000856911
0.000833386
0.000766915
0.000656675
0.000564578
0.000503768
0.000475787
0.000449212
0.000400075
0.000272532
0.000219007
0.000537002
0.000671545
0.000746199
0.000796168
0.000830359
0.000842444
0.000862414
0.00090762
0.000954341
0.000989933
0.0010045
0.000991513
0.000948378
0.000871214
0.000789996
0.000715829
0.000631535
0.000507154
0.000288938
0.000257981
0.000446392
0.000568282
0.000645758
0.000702198
0.00075697
0.000830162
0.000927631
0.00098666
0.00102606
0.00105884
0.00107378
0.00106729
0.00103989
0.000990999
0.000919326
0.00082903
0.000711846
0.000549774
0.000305073
0.000318447
0.000430318
0.000533383
0.000611719
0.000664447
0.000704033
0.000749143
0.000824965
0.000951855
0.00107154
0.00111126
0.00113458
0.00113379
0.00110142
0.00103675
0.000945244
0.000831063
0.000696549
0.000552007
0.000379842
0.000439759
0.000495424
0.000540644
0.000614689
0.000679972
0.000723789
0.000755658
0.000795244
0.000864844
0.000981641
0.00113679
0.00123051
0.00128142
0.00127491
0.00120674
0.0010856
0.00092734
0.000763031
0.000631684
0.000449818
0.000516025
0.000686967
0.000668413
0.000718478
0.000791312
0.000848014
0.000881576
0.000905647
0.000941252
0.00100998
0.00114772
0.0013677
0.00153907
0.00159244
0.00154165
0.00139352
0.00117831
0.000954669
0.00077535
0.000503018
0.000572285
0.00096996
0.00101393
0.00107726
0.00113206
0.00116789
0.00118232
0.00117638
0.00115985
0.00116331
0.00124593
0.00144977
0.00173252
0.00193351
0.00196219
0.00183423
0.00157803
0.00123124
0.00093042
0.000548123
0.000620742
0.000971167
0.00139902
0.00167942
0.00185655
0.00197494
0.00203117
0.00201034
0.0019112
0.00179307
0.00180126
0.00194471
0.00212376
0.00225049
0.00227346
0.00218185
0.00197211
0.00150882
0.00099994
0.000594514
0.000665271
0.000726302
0.000778935
0.000826279
0.000872377
0.000914355
0.00095121
0.000981328
0.00100245
0.00101245
0.00100319
0.000982564
0.000956563
0.000926879
0.0008933
0.000854601
0.000809294
0.000758622
0.000700842
0.000632252
0.000195398
0.000218274
0.000225525
0.000226171
0.00022994
0.000238714
0.000244058
0.000246746
0.0002509
0.000256947
0.000260157
0.000255848
0.000244543
0.000239496
0.000250381
0.000270564
0.000290295
0.000299218
0.000298122
0.00028588
0.000212219
0.000545588
0.000648786
0.000685297
0.000695081
0.000679104
0.000675495
0.000689921
0.000717519
0.000749169
0.000763381
0.000739442
0.000666311
0.000560192
0.000503768
0.000496281
0.000503586
0.000494242
0.000443551
0.000305811
0.000257428
0.000471965
0.000578453
0.000646215
0.000702106
0.000759797
0.000794441
0.000792711
0.000821362
0.000860211
0.000892894
0.00090473
0.000889447
0.000844939
0.000789996
0.000757514
0.00073141
0.000675228
0.000552664
0.00031284
0.000291572
0.000452349
0.000549405
0.000605547
0.000643969
0.000685992
0.000752359
0.00085846
0.000915693
0.000928688
0.000952603
0.0009668
0.000967402
0.000952181
0.000919326
0.000876271
0.000819565
0.000729049
0.000577624
0.00033015
0.00033774
0.000461856
0.000553551
0.000613926
0.000645354
0.00066325
0.00068835
0.000741773
0.000841999
0.000948405
0.000966714
0.000980931
0.000987521
0.000976009
0.000945244
0.000899111
0.000833121
0.000730992
0.000590104
0.000396084
0.000442554
0.00052939
0.000581194
0.000642784
0.000686226
0.000704738
0.000711133
0.000725159
0.000764281
0.00083993
0.000937999
0.0010162
0.00107624
0.00110208
0.0010856
0.00103093
0.00094019
0.000814912
0.000668644
0.000455972
0.000511533
0.000723531
0.000702934
0.000735257
0.000787184
0.000825061
0.000841507
0.000848364
0.000863257
0.000902029
0.000983096
0.00113516
0.00130222
0.00138692
0.00139352
0.0013156
0.00116989
0.000986514
0.000793694
0.000503476
0.000561868
0.000919367
0.000979628
0.00102712
0.00107576
0.00111045
0.00112664
0.00112587
0.00111651
0.00112052
0.00117537
0.00131799
0.00154588
0.00175216
0.00183423
0.00175744
0.00153881
0.00122602
0.000925102
0.000544747
0.000604766
0.000916574
0.00128869
0.00156015
0.00169136
0.00178232
0.00183142
0.00182877
0.00177422
0.00170433
0.00172101
0.00183375
0.00198985
0.00212555
0.00218185
0.00212309
0.00189948
0.00145612
0.000987015
0.000587652
0.000644958
0.000698533
0.00074511
0.000786009
0.000825466
0.000861012
0.000891442
0.000915134
0.000929969
0.000933587
0.000927316
0.000915632
0.000899336
0.000879225
0.000854601
0.000823593
0.000784565
0.000739231
0.000685388
0.000620659
0.000187571
0.00020955
0.000217551
0.000224078
0.000235671
0.000243209
0.000241398
0.000240371
0.000242773
0.000249275
0.000254368
0.000253169
0.000243834
0.000243082
0.000262177
0.000290295
0.000314706
0.000327803
0.000335377
0.000334649
0.000213619
0.000473783
0.000579789
0.000651107
0.000669284
0.000640738
0.000607256
0.000619626
0.000634285
0.000657102
0.000664192
0.000632945
0.000556499
0.000485978
0.000475787
0.000503586
0.000537332
0.000546809
0.000499172
0.000335232
0.000295897
0.000467978
0.000545852
0.000589449
0.00062485
0.000680479
0.000749959
0.000738415
0.000732255
0.000756469
0.000781588
0.000786706
0.000767823
0.000731186
0.000715829
0.00073141
0.00074509
0.000715606
0.000603465
0.000340947
0.000330361
0.000495893
0.000578471
0.000609497
0.000617294
0.000632743
0.000678257
0.000772832
0.000841038
0.000818899
0.000832121
0.000844143
0.000847902
0.000841458
0.00082903
0.000819565
0.000799875
0.000744173
0.000616393
0.000373927
0.000372143
0.000525395
0.000619106
0.000663664
0.000666103
0.000650322
0.000644398
0.000667455
0.000728191
0.000804288
0.00081033
0.000813577
0.000822825
0.000828675
0.000831063
0.000833121
0.000825251
0.000772008
0.000644387
0.000420366
0.00044906
0.000614308
0.000676405
0.000726761
0.000743285
0.000726046
0.000694568
0.000673486
0.000676575
0.000706293
0.000744147
0.000795716
0.000849988
0.000897663
0.00092734
0.00094019
0.000923838
0.000853345
0.000709556
0.000463799
0.000505896
0.00074125
0.000780393
0.000819192
0.000851692
0.000859128
0.000840587
0.000812719
0.000794237
0.000796753
0.000827072
0.000909021
0.00103904
0.00113284
0.00117831
0.00116989
0.00110433
0.000983024
0.000797865
0.000502045
0.000548531
0.000851108
0.000966154
0.00103819
0.00109038
0.00111983
0.00112507
0.00111048
0.00108644
0.0010722
0.00109576
0.00118178
0.00133638
0.00149665
0.00157803
0.00153881
0.00138653
0.00115729
0.000891276
0.000537145
0.000585188
0.000846654
0.00113731
0.00143274
0.00155454
0.00161212
0.00163663
0.00162448
0.00157825
0.00152377
0.00154151
0.00163503
0.00177317
0.00190588
0.00197211
0.00189948
0.00166997
0.00131399
0.000933864
0.000574629
0.000621075
0.000667327
0.000708404
0.000743977
0.000776729
0.000805917
0.000830207
0.000848092
0.000857677
0.000856563
0.000854214
0.000849462
0.000840508
0.0008274
0.000809294
0.000784565
0.0007527
0.000713133
0.000664061
0.000604021
0.00018387
0.00020361
0.000210672
0.000214853
0.000223339
0.000241994
0.000238606
0.000231678
0.000232294
0.000239435
0.000245642
0.000246318
0.000240321
0.00024189
0.00026313
0.000299218
0.000327803
0.000344943
0.000357336
0.000358605
0.000271077
0.000386726
0.000435102
0.000489166
0.000565078
0.000593753
0.000552659
0.000544055
0.000547094
0.000565835
0.000568734
0.000537302
0.000471442
0.000435711
0.000449212
0.000494242
0.000546809
0.000578089
0.000541011
0.000367504
0.000338728
0.000490564
0.000535641
0.00053996
0.000546891
0.000575989
0.000662686
0.00067792
0.000627405
0.000638412
0.000653736
0.000655144
0.000639475
0.000619532
0.000631535
0.000675228
0.000715606
0.000711188
0.000622586
0.000387255
0.000375385
0.000567166
0.000634904
0.000635302
0.000601974
0.000577477
0.000592778
0.000653357
0.000728317
0.000691835
0.000688738
0.000698881
0.000705733
0.000706573
0.000711846
0.000729049
0.000744173
0.000733257
0.000647881
0.000413675
0.000413004
0.000614558
0.000708558
0.000728939
0.000694144
0.000634713
0.000590836
0.000580002
0.000600833
0.000640656
0.000646322
0.000645587
0.000657125
0.000673717
0.000696549
0.000730992
0.000772008
0.000773991
0.000683266
0.000442498
0.000458833
0.000674769
0.000775207
0.000815018
0.00080001
0.000743506
0.000669502
0.000613538
0.000586153
0.000583569
0.000593112
0.000624631
0.000665148
0.000713448
0.000763031
0.000814912
0.000853345
0.000840541
0.000730685
0.000470721
0.000499717
0.000735581
0.000844848
0.000903136
0.000917937
0.000895645
0.000839981
0.00077436
0.000724431
0.000701223
0.000707154
0.00074302
0.000811495
0.000894572
0.000954669
0.000986514
0.000983024
0.000927604
0.000783608
0.000498034
0.00053255
0.000779088
0.000909481
0.00101619
0.00109596
0.00112776
0.00111977
0.00108525
0.0010382
0.000998287
0.000990158
0.00102458
0.00109871
0.00118008
0.00123124
0.00122602
0.00115729
0.0010306
0.000833759
0.000524966
0.000561918
0.000772055
0.000964038
0.00116347
0.00131632
0.00140319
0.0014468
0.00143511
0.00138235
0.00132661
0.00133362
0.00138083
0.00143003
0.00148591
0.00150882
0.00145612
0.00131399
0.00109624
0.000847265
0.00055516
0.000592624
0.000632057
0.000668495
0.000699966
0.000727926
0.000751812
0.000770861
0.000783978
0.000789403
0.000785262
0.000786585
0.000786224
0.000781276
0.000772226
0.000758622
0.000739231
0.000713133
0.0006794
0.000635714
0.000581047
0.000190169
0.000203442
0.00020371
0.000202518
0.000206275
0.000222919
0.000228682
0.000215852
0.000216597
0.000224138
0.000231415
0.000234769
0.000233581
0.000234782
0.000254359
0.000298122
0.000335377
0.000357336
0.000376082
0.000380748
0.000309471
0.000377775
0.000384827
0.000392318
0.000428861
0.000482862
0.000461386
0.00042403
0.000432973
0.000447631
0.000453626
0.000439099
0.000400087
0.000385433
0.000400075
0.000443551
0.000499172
0.000541011
0.000527043
0.00040136
0.000389019
0.00054768
0.000559923
0.000517271
0.000478509
0.000470516
0.000516659
0.0005464
0.000488208
0.000485742
0.000494552
0.000502016
0.000498549
0.00049199
0.000507154
0.000552664
0.000603465
0.000622586
0.000589598
0.000421937
0.00041823
0.000605448
0.000652953
0.000637916
0.000565901
0.000504311
0.000482464
0.00049524
0.000542776
0.000522653
0.00050751
0.000516733
0.000528082
0.000537263
0.000549774
0.000577624
0.000616393
0.000647881
0.000619768
0.000439758
0.000443599
0.000639739
0.000701331
0.000706046
0.000665532
0.000576376
0.000505308
0.000466844
0.000456026
0.000470432
0.00048658
0.00049648
0.000512168
0.000529172
0.000552007
0.000590104
0.000644387
0.000683266
0.000651196
0.000456376
0.000467858
0.000672707
0.000747734
0.000772887
0.000762614
0.000703999
0.000611262
0.000543707
0.000505821
0.000495052
0.000504654
0.000536772
0.000570742
0.000600464
0.000631684
0.000668644
0.000709556
0.000730685
0.000683785
0.000472495
0.000491741
0.00069305
0.000782092
0.00083336
0.000864794
0.000866406
0.000818133
0.000736939
0.000675062
0.000650126
0.000664581
0.000685219
0.000713698
0.000746919
0.00077535
0.000793694
0.000797865
0.000783608
0.000715242
0.000489116
0.000512636
0.000701178
0.000800206
0.000878301
0.000952429
0.00100656
0.00103598
0.00103398
0.000991962
0.000937879
0.000898199
0.000885166
0.000893523
0.000914102
0.00093042
0.000925102
0.000891276
0.000833759
0.000740313
0.000506902
0.000532755
0.00069106
0.000790343
0.000876288
0.000950262
0.000992051
0.00100471
0.000988299
0.000952194
0.000904238
0.000881616
0.000899567
0.000937771
0.000977917
0.000999939
0.000987015
0.000933864
0.000847265
0.000731379
0.000527783
0.000556121
0.000589214
0.000621827
0.000649653
0.000673644
0.000693525
0.000708837
0.000718555
0.000721421
0.00071618
0.000719077
0.000720547
0.000717864
0.000711379
0.000700842
0.000685388
0.000664061
0.000635714
0.000597413
0.000548574
0.000235116
0.000227018
0.0002079
0.000192344
0.000187885
0.000196072
0.000196934
0.000190971
0.000191185
0.000196646
0.000203701
0.000209698
0.000214364
0.000221556
0.0002397
0.00028588
0.000334649
0.000358605
0.000380748
0.00039761
0.000352825
0.00034371
0.000324538
0.000300155
0.000282128
0.000260583
0.000221572
0.000211214
0.000212536
0.000221076
0.000229713
0.000234468
0.000234855
0.000241732
0.000272532
0.000305811
0.000335232
0.000367504
0.00040136
0.000420717
0.000421191
0.000420398
0.000409638
0.000386165
0.000349825
0.00031607
0.000290428
0.000250336
0.00022997
0.000244313
0.000256447
0.000262629
0.000264907
0.000272009
0.000288938
0.00031284
0.000340947
0.000387255
0.000421937
0.000436458
0.00044402
0.000445267
0.000437732
0.00041849
0.000388674
0.000347191
0.000313988
0.000282341
0.000259629
0.000267869
0.000289741
0.00029996
0.00030015
0.000298694
0.000305073
0.00033015
0.000373927
0.000413675
0.000439758
0.000447241
0.000457796
0.000460954
0.000457972
0.000445427
0.000423606
0.000394953
0.000357169
0.000327907
0.000317061
0.000326925
0.000344489
0.000363028
0.000370693
0.00037404
0.000379842
0.000396084
0.000420366
0.000442498
0.000456376
0.000455962
0.000468269
0.000473292
0.000475643
0.000472348
0.000463987
0.000452023
0.000437241
0.000423964
0.000415336
0.000413893
0.000420576
0.000430751
0.000439475
0.000445227
0.000449818
0.000455972
0.000463799
0.000470721
0.000472495
0.000463932
0.000477766
0.00048513
0.000493274
0.000499066
0.000501715
0.000501343
0.000497544
0.000490402
0.000482666
0.000478784
0.000482401
0.000489229
0.000495826
0.000500561
0.000503017
0.000503476
0.000502045
0.000498034
0.000489116
0.000472116
0.000486354
0.000498449
0.000513499
0.000526538
0.000536892
0.000543379
0.000545823
0.000543623
0.000536713
0.000530889
0.000533269
0.000538752
0.000544087
0.00054762
0.000548123
0.000544747
0.000537145
0.000524966
0.000506902
0.000481142
0.000495657
0.000515953
0.00053875
0.000558768
0.000575376
0.000586884
0.000593228
0.000594142
0.000588102
0.000580285
0.000583295
0.000588944
0.000593712
0.000596064
0.000594514
0.000587652
0.000574629
0.00055516
0.000527783
0.000492127
0.00050881
0.000536777
0.000565821
0.000589739
0.00060935
0.000624824
0.000636142
0.000642624
0.000642844
0.000637151
0.000641272
0.000644243
0.000643668
0.000639716
0.000632252
0.000620659
0.000604021
0.000581047
0.000548574
0.000506078
)
;

boundaryField
{
    floor
    {
        type            nutkWallFunction;
        blending        stepwise;
        Cmu             0.09;
        kappa           0.41;
        E               9.8;
        value           nonuniform List<scalar> 
400
(
4.4198e-05
3.69392e-05
2.72595e-05
2.11087e-05
2.04678e-05
2.1309e-05
2.14266e-05
2.19583e-05
2.25162e-05
2.26378e-05
2.23561e-05
2.19332e-05
2.15127e-05
2.09072e-05
1.9955e-05
1.87549e-05
1.75582e-05
1.7034e-05
1.81724e-05
2.51244e-05
3.69392e-05
3.21461e-05
2.60466e-05
2.38205e-05
2.49727e-05
2.75095e-05
2.78773e-05
2.92796e-05
3.03235e-05
3.05099e-05
2.98007e-05
2.8519e-05
2.70827e-05
2.54875e-05
2.36872e-05
2.19874e-05
2.07487e-05
1.99325e-05
2.00546e-05
2.37622e-05
2.72595e-05
2.60466e-05
2.48083e-05
2.58238e-05
2.79429e-05
3.04876e-05
3.10598e-05
3.28394e-05
3.40767e-05
3.43555e-05
3.35558e-05
3.18628e-05
2.96947e-05
2.73053e-05
2.48671e-05
2.30046e-05
2.19561e-05
2.10066e-05
2.00639e-05
2.08844e-05
2.11087e-05
2.38205e-05
2.58238e-05
2.81829e-05
3.1181e-05
3.20899e-05
3.37233e-05
3.56484e-05
3.70264e-05
3.72945e-05
3.62249e-05
3.38917e-05
3.07801e-05
2.74536e-05
2.44732e-05
2.31224e-05
2.28904e-05
2.16189e-05
1.98609e-05
1.85183e-05
2.04678e-05
2.49727e-05
2.79429e-05
3.1181e-05
3.25299e-05
3.39324e-05
3.61854e-05
3.84038e-05
4.00128e-05
4.02439e-05
3.85338e-05
3.49423e-05
3.05014e-05
2.61955e-05
2.37459e-05
2.37354e-05
2.45885e-05
2.27472e-05
2.03589e-05
1.77747e-05
2.1309e-05
2.75095e-05
3.04876e-05
3.20899e-05
3.39324e-05
3.62686e-05
3.8824e-05
4.15279e-05
4.3501e-05
4.34466e-05
4.05634e-05
3.51478e-05
2.91282e-05
2.59448e-05
2.5005e-05
2.50444e-05
2.56265e-05
2.53649e-05
2.25834e-05
1.88336e-05
2.14266e-05
2.78773e-05
3.10598e-05
3.37233e-05
3.61854e-05
3.8824e-05
4.18715e-05
4.51861e-05
4.76055e-05
4.69612e-05
4.20857e-05
3.4021e-05
2.90334e-05
2.69993e-05
2.62476e-05
2.57913e-05
2.53812e-05
2.49433e-05
2.35266e-05
1.90921e-05
2.19583e-05
2.92796e-05
3.28394e-05
3.56484e-05
3.84038e-05
4.15279e-05
4.51861e-05
4.91952e-05
5.22874e-05
5.08035e-05
4.23182e-05
3.3566e-05
2.97724e-05
2.80562e-05
2.70246e-05
2.61431e-05
2.52257e-05
2.39746e-05
2.17497e-05
1.82703e-05
2.25162e-05
3.03235e-05
3.40767e-05
3.70264e-05
4.00128e-05
4.3501e-05
4.76055e-05
5.22874e-05
5.53583e-05
5.3666e-05
4.11334e-05
3.26731e-05
3.05599e-05
2.89982e-05
2.77626e-05
2.66758e-05
2.55358e-05
2.40732e-05
2.18941e-05
1.83311e-05
2.26378e-05
3.05099e-05
3.43555e-05
3.72945e-05
4.02439e-05
4.34466e-05
4.69612e-05
5.08035e-05
5.36659e-05
4.70443e-05
3.08552e-05
3.37168e-05
3.10975e-05
2.96484e-05
2.84553e-05
2.74321e-05
2.63624e-05
2.50013e-05
2.29019e-05
1.91047e-05
2.23561e-05
2.98007e-05
3.35557e-05
3.62249e-05
3.85338e-05
4.05633e-05
4.20857e-05
4.23182e-05
4.11334e-05
3.08552e-05
2.55963e-05
3.24991e-05
3.0068e-05
2.91287e-05
2.83912e-05
2.77452e-05
2.69215e-05
2.57183e-05
2.38009e-05
2.00453e-05
2.19332e-05
2.8519e-05
3.18628e-05
3.38917e-05
3.49423e-05
3.51478e-05
3.4021e-05
3.3566e-05
3.26731e-05
3.37168e-05
3.24991e-05
3.0244e-05
2.90285e-05
2.77861e-05
2.72351e-05
2.70494e-05
2.65897e-05
2.5636e-05
2.41413e-05
2.08321e-05
2.15127e-05
2.70827e-05
2.96947e-05
3.07801e-05
3.05014e-05
2.91282e-05
2.90334e-05
2.97724e-05
3.05599e-05
3.10975e-05
3.0068e-05
2.90285e-05
2.85117e-05
2.74005e-05
2.6071e-05
2.55857e-05
2.53274e-05
2.48738e-05
2.39988e-05
2.15383e-05
2.09072e-05
2.54875e-05
2.73053e-05
2.74536e-05
2.61955e-05
2.59448e-05
2.69993e-05
2.80562e-05
2.89982e-05
2.96484e-05
2.91287e-05
2.77861e-05
2.74005e-05
2.66783e-05
2.55869e-05
2.52696e-05
2.5911e-05
2.58291e-05
2.47517e-05
2.28047e-05
1.9955e-05
2.36872e-05
2.48671e-05
2.44732e-05
2.37458e-05
2.5005e-05
2.62476e-05
2.70246e-05
2.77626e-05
2.84553e-05
2.83912e-05
2.72351e-05
2.6071e-05
2.55869e-05
2.56012e-05
2.72608e-05
2.91212e-05
2.93948e-05
2.81649e-05
2.59504e-05
1.87549e-05
2.19874e-05
2.30045e-05
2.31224e-05
2.37354e-05
2.50444e-05
2.57913e-05
2.61431e-05
2.66758e-05
2.74321e-05
2.77452e-05
2.70494e-05
2.55857e-05
2.52696e-05
2.72608e-05
3.03852e-05
3.31379e-05
3.43859e-05
3.43567e-05
3.28244e-05
1.75582e-05
2.07487e-05
2.19561e-05
2.28904e-05
2.45885e-05
2.56265e-05
2.53812e-05
2.52257e-05
2.55358e-05
2.63624e-05
2.69215e-05
2.65897e-05
2.53274e-05
2.5911e-05
2.91212e-05
3.31379e-05
3.61255e-05
3.78135e-05
3.8758e-05
3.85945e-05
1.7034e-05
1.99325e-05
2.10066e-05
2.16189e-05
2.27472e-05
2.53649e-05
2.49433e-05
2.39746e-05
2.40732e-05
2.50013e-05
2.57183e-05
2.5636e-05
2.48738e-05
2.58291e-05
2.93948e-05
3.43859e-05
3.78135e-05
4.00096e-05
4.16083e-05
4.16572e-05
1.81724e-05
2.00546e-05
2.00639e-05
1.98609e-05
2.03589e-05
2.25834e-05
2.35266e-05
2.17497e-05
2.18941e-05
2.29019e-05
2.38009e-05
2.41413e-05
2.39988e-05
2.47517e-05
2.81649e-05
3.43567e-05
3.8758e-05
4.16083e-05
4.39572e-05
4.45215e-05
2.51244e-05
2.37622e-05
2.08844e-05
1.85183e-05
1.77747e-05
1.88336e-05
1.90921e-05
1.82703e-05
1.83311e-05
1.91047e-05
2.00453e-05
2.08321e-05
2.15383e-05
2.28047e-05
2.59504e-05
3.28244e-05
3.85945e-05
4.16572e-05
4.45215e-05
4.67122e-05
)
;
    }
    ceiling
    {
        type            nutkWallFunction;
        blending        stepwise;
        Cmu             0.09;
        kappa           0.41;
        E               9.8;
        value           nonuniform List<scalar> 
400
(
6.66036e-05
7.20655e-05
7.6609e-05
8.01028e-05
8.29488e-05
8.52807e-05
8.71153e-05
8.83759e-05
8.89202e-05
8.80365e-05
8.69072e-05
8.59609e-05
8.46892e-05
8.3009e-05
8.09157e-05
7.84064e-05
7.54471e-05
7.19012e-05
6.73112e-05
6.12944e-05
7.20655e-05
7.81029e-05
8.32702e-05
8.74433e-05
9.10204e-05
9.41132e-05
9.66815e-05
9.85432e-05
9.9439e-05
9.87508e-05
9.70132e-05
9.55838e-05
9.37076e-05
9.12971e-05
8.837e-05
8.49775e-05
8.11549e-05
7.68098e-05
7.14819e-05
6.48828e-05
7.6609e-05
8.32702e-05
8.89405e-05
9.36437e-05
9.77887e-05
0.000101486
0.00010468
0.000107103
0.000108383
0.000107935
0.000105568
0.000103716
0.00010134
9.8335e-05
9.47237e-05
9.06271e-05
8.61711e-05
8.12986e-05
7.5544e-05
6.85507e-05
8.01028e-05
8.74433e-05
9.36437e-05
9.8903e-05
0.000103711
0.000108148
0.000112089
0.000115206
0.000117112
0.000117196
0.000113835
0.000111308
0.000108363
0.000104727
0.000100403
9.55568e-05
9.04845e-05
8.51463e-05
7.89801e-05
7.154e-05
8.29488e-05
9.10204e-05
9.77887e-05
0.000103711
0.000109383
0.000114673
0.000119419
0.000123316
0.000126006
0.000126836
0.00012224
0.000118879
0.000115242
0.000110932
0.000105906
0.000100297
9.44462e-05
8.85511e-05
8.19273e-05
7.39757e-05
8.52807e-05
9.41132e-05
0.000101486
0.000108148
0.000114673
0.000120803
0.000126411
0.000131294
0.000135171
0.000137174
0.000130955
0.000126308
0.000121734
0.000116656
0.000110878
0.000104538
9.79545e-05
9.14428e-05
8.43561e-05
7.58873e-05
8.71153e-05
9.66815e-05
0.00010468
0.000112089
0.000119419
0.000126411
0.000133063
0.000139398
0.000145289
0.000149291
0.00014098
0.000133974
0.000127889
0.000121794
0.000115211
0.000108143
0.000100857
9.37373e-05
8.62163e-05
7.72783e-05
8.83759e-05
9.85432e-05
0.000107103
0.000115206
0.000123316
0.000131294
0.000139398
0.000148006
0.000157115
0.000164023
0.000153611
0.000142435
0.000133746
0.000126212
0.00011872
0.000110929
0.00010298
9.53046e-05
8.73859e-05
7.80669e-05
8.89202e-05
9.9439e-05
0.000108383
0.000117112
0.000126006
0.000135171
0.000145289
0.000157115
0.000170424
0.000179057
0.000168549
0.000152136
0.000139377
0.000129714
0.000121155
0.00011266
0.000104108
9.59436e-05
8.77112e-05
7.80648e-05
8.80365e-05
9.87508e-05
0.000107935
0.000117196
0.000126836
0.000137174
0.000149291
0.000164023
0.000179057
0.000173187
0.000173786
0.000160957
0.000144444
0.000132104
0.000122278
0.000113065
0.000103969
9.54504e-05
8.70845e-05
7.73738e-05
8.69072e-05
9.70132e-05
0.000105568
0.000113835
0.00012224
0.000130955
0.00014098
0.000153611
0.000168549
0.000173786
0.000177865
0.0001592
0.000142895
0.000130816
0.000121158
0.000112317
0.000103696
9.56204e-05
8.74401e-05
7.78725e-05
8.59609e-05
9.55838e-05
0.000103716
0.000111308
0.000118879
0.000126308
0.000133974
0.000142435
0.000152136
0.000160957
0.0001592
0.000146845
0.000136064
0.000126927
0.000118781
0.000110969
0.000103155
9.55897e-05
8.76234e-05
7.82342e-05
8.46892e-05
9.37076e-05
0.00010134
0.000108363
0.000115242
0.000121734
0.000127889
0.000133746
0.000139377
0.000144444
0.000142895
0.000136064
0.000129143
0.000122414
0.000115805
0.000109109
0.00010214
9.50306e-05
8.73194e-05
7.81722e-05
8.3009e-05
9.12971e-05
9.8335e-05
0.000104727
0.000110932
0.000116656
0.000121794
0.000126212
0.000129714
0.000132104
0.000130816
0.000126927
0.000122414
0.000117568
0.0001124
0.000106805
0.000100635
9.39831e-05
8.65563e-05
7.76959e-05
8.09157e-05
8.837e-05
9.47237e-05
0.000100403
0.000105906
0.000110878
0.000115211
0.00011872
0.000121155
0.000122278
0.000121158
0.000118781
0.000115805
0.0001124
0.000108503
0.000103935
9.84991e-05
9.2364e-05
8.52853e-05
7.67766e-05
7.84064e-05
8.49775e-05
9.06271e-05
9.55568e-05
0.000100297
0.000104538
0.000108143
0.000110929
0.00011266
0.000113065
0.000112317
0.000110969
0.000109109
0.000106805
0.000103935
0.000100243
9.55426e-05
9.00222e-05
8.3395e-05
7.53321e-05
7.54471e-05
8.11549e-05
8.61711e-05
9.04845e-05
9.44462e-05
9.79545e-05
0.000100857
0.00010298
0.000104108
0.000103969
0.000103696
0.000103155
0.00010214
0.000100635
9.84991e-05
9.55426e-05
9.16798e-05
8.68337e-05
8.07601e-05
7.32428e-05
7.19012e-05
7.68098e-05
8.12986e-05
8.51463e-05
8.85511e-05
9.14428e-05
9.37373e-05
9.53046e-05
9.59436e-05
9.54504e-05
9.56204e-05
9.55897e-05
9.50306e-05
9.39831e-05
9.2364e-05
9.00222e-05
8.68337e-05
8.26719e-05
7.72274e-05
7.03382e-05
6.73112e-05
7.14819e-05
7.5544e-05
7.89801e-05
8.19273e-05
8.43561e-05
8.62163e-05
8.73859e-05
8.77112e-05
8.70845e-05
8.74401e-05
8.76234e-05
8.73195e-05
8.65563e-05
8.52853e-05
8.3395e-05
8.07601e-05
7.72274e-05
7.24104e-05
6.62034e-05
6.12944e-05
6.48828e-05
6.85507e-05
7.154e-05
7.39757e-05
7.58873e-05
7.72783e-05
7.80669e-05
7.80648e-05
7.73738e-05
7.78725e-05
7.82342e-05
7.81722e-05
7.76959e-05
7.67766e-05
7.53321e-05
7.32429e-05
7.03382e-05
6.62034e-05
6.07445e-05
)
;
    }
    fixedWalls
    {
        type            nutkWallFunction;
        blending        stepwise;
        Cmu             0.09;
        kappa           0.41;
        E               9.8;
        value           nonuniform List<scalar> 
800
(
4.41865e-05
5.31074e-05
5.6919e-05
5.89349e-05
6.02561e-05
6.12912e-05
6.22848e-05
6.33701e-05
6.47369e-05
6.65978e-05
3.69267e-05
4.90501e-05
5.48257e-05
5.7748e-05
6.00692e-05
6.21617e-05
6.42642e-05
6.64528e-05
6.90981e-05
7.20608e-05
2.72462e-05
4.27856e-05
5.12163e-05
5.44821e-05
5.80609e-05
6.17884e-05
6.54165e-05
6.89136e-05
7.27284e-05
7.66052e-05
2.10947e-05
3.83081e-05
4.59791e-05
4.9919e-05
5.48891e-05
6.07345e-05
6.60088e-05
7.0731e-05
7.55676e-05
8.00997e-05
2.04535e-05
3.36933e-05
4.06926e-05
4.41065e-05
5.10661e-05
5.93625e-05
6.62707e-05
7.20935e-05
7.78322e-05
8.29463e-05
2.12943e-05
2.61912e-05
3.61185e-05
3.91541e-05
4.63783e-05
5.77453e-05
6.61815e-05
7.30059e-05
7.95401e-05
8.52787e-05
2.14119e-05
2.66051e-05
3.13263e-05
3.46253e-05
4.22427e-05
5.60167e-05
6.57054e-05
7.34533e-05
8.06843e-05
8.71137e-05
2.19436e-05
2.77879e-05
2.90185e-05
3.11853e-05
3.87387e-05
5.4093e-05
6.48414e-05
7.33562e-05
8.11964e-05
8.83746e-05
2.25017e-05
2.93428e-05
3.17295e-05
2.88628e-05
3.56157e-05
5.1808e-05
6.33246e-05
7.24341e-05
8.08119e-05
8.8919e-05
2.26234e-05
3.0079e-05
3.30974e-05
3.09395e-05
3.39182e-05
5.02834e-05
6.1937e-05
7.10353e-05
7.9304e-05
8.80351e-05
2.23417e-05
2.96104e-05
3.27888e-05
3.11009e-05
3.42529e-05
5.07095e-05
6.20553e-05
7.08385e-05
7.87392e-05
8.69056e-05
2.19189e-05
2.85144e-05
3.06103e-05
2.89012e-05
3.41875e-05
5.13442e-05
6.24391e-05
7.09088e-05
7.84659e-05
8.59591e-05
2.14983e-05
2.67457e-05
2.76497e-05
2.52982e-05
3.38116e-05
5.18064e-05
6.26472e-05
7.07724e-05
7.79283e-05
8.46872e-05
2.08927e-05
2.46426e-05
2.41968e-05
2.44524e-05
3.42607e-05
5.21004e-05
6.25592e-05
7.02623e-05
7.69227e-05
8.30066e-05
1.99403e-05
2.25734e-05
2.22225e-05
2.74719e-05
3.58353e-05
5.23211e-05
6.21875e-05
6.93391e-05
7.54045e-05
8.09128e-05
1.87398e-05
2.11814e-05
2.75139e-05
3.22063e-05
3.86146e-05
5.27117e-05
6.16196e-05
6.80228e-05
7.34092e-05
7.8403e-05
1.7543e-05
2.15112e-05
3.29892e-05
3.76209e-05
4.34922e-05
5.35935e-05
6.09123e-05
6.63389e-05
7.09604e-05
7.54431e-05
1.70187e-05
2.98322e-05
3.88988e-05
4.38617e-05
4.8911e-05
5.48741e-05
6.01287e-05
6.43144e-05
6.80359e-05
7.18965e-05
1.81573e-05
3.54438e-05
4.57636e-05
4.95454e-05
5.28659e-05
5.60265e-05
5.90982e-05
6.17731e-05
6.43413e-05
6.73055e-05
2.51102e-05
4.16501e-05
4.9965e-05
5.28957e-05
5.46766e-05
5.60399e-05
5.72712e-05
5.8385e-05
5.95926e-05
6.12876e-05
2.51102e-05
4.16501e-05
4.9965e-05
5.28957e-05
5.46766e-05
5.60399e-05
5.72712e-05
5.8385e-05
5.95926e-05
6.12876e-05
2.3748e-05
4.02461e-05
4.98308e-05
5.3049e-05
5.50909e-05
5.6702e-05
5.82461e-05
5.99758e-05
6.22269e-05
6.48767e-05
2.08701e-05
3.74357e-05
4.83727e-05
5.20454e-05
5.46953e-05
5.70074e-05
5.93047e-05
6.19141e-05
6.51327e-05
6.85453e-05
1.85039e-05
3.38481e-05
4.52749e-05
4.95098e-05
5.30564e-05
5.65805e-05
6.00467e-05
6.35738e-05
6.76626e-05
7.15352e-05
1.77601e-05
3.11824e-05
4.03918e-05
4.55895e-05
5.02171e-05
5.55039e-05
6.0385e-05
6.48878e-05
6.97506e-05
7.39714e-05
1.88189e-05
2.80968e-05
3.58059e-05
4.00376e-05
4.64627e-05
5.39603e-05
6.0332e-05
6.57024e-05
7.11852e-05
7.58834e-05
1.90768e-05
2.26096e-05
3.22676e-05
3.55346e-05
4.14205e-05
5.20263e-05
5.98323e-05
6.6e-05
7.19676e-05
7.72747e-05
1.82547e-05
2.11276e-05
2.6645e-05
3.12022e-05
3.75128e-05
5.02881e-05
5.8901e-05
6.56951e-05
7.20667e-05
7.80634e-05
1.83154e-05
2.136e-05
2.38624e-05
2.79843e-05
3.62159e-05
4.91745e-05
5.79089e-05
6.48131e-05
7.12858e-05
7.80613e-05
1.90889e-05
2.25378e-05
2.58502e-05
2.92879e-05
3.75018e-05
4.89746e-05
5.74036e-05
6.40733e-05
7.03132e-05
7.73702e-05
2.00296e-05
2.36452e-05
2.73853e-05
3.20043e-05
3.96732e-05
4.97757e-05
5.78235e-05
6.434e-05
7.06601e-05
7.7869e-05
2.08165e-05
2.42e-05
2.80929e-05
3.30957e-05
4.17797e-05
5.0983e-05
5.86397e-05
6.49976e-05
7.13417e-05
7.82308e-05
2.1523e-05
2.43018e-05
2.84121e-05
3.29675e-05
4.25871e-05
5.19997e-05
5.94257e-05
6.56361e-05
7.19196e-05
7.81688e-05
2.27898e-05
2.57962e-05
2.95746e-05
3.27884e-05
4.29433e-05
5.26766e-05
5.9984e-05
6.60502e-05
7.2198e-05
7.76924e-05
2.59359e-05
3.02158e-05
3.20888e-05
3.38682e-05
4.37763e-05
5.32767e-05
6.02742e-05
6.6089e-05
7.19881e-05
7.67729e-05
3.28107e-05
3.47263e-05
3.53045e-05
3.74061e-05
4.62001e-05
5.41267e-05
6.03335e-05
6.56519e-05
7.11163e-05
7.53281e-05
3.85817e-05
3.84467e-05
3.90952e-05
4.3385e-05
4.95096e-05
5.51847e-05
6.01598e-05
6.46855e-05
6.94714e-05
7.32384e-05
4.16449e-05
4.27532e-05
4.52673e-05
4.86847e-05
5.2435e-05
5.61112e-05
5.96543e-05
6.31298e-05
6.70053e-05
7.03332e-05
4.45098e-05
4.71735e-05
4.98214e-05
5.21179e-05
5.42647e-05
5.63561e-05
5.85112e-05
6.08145e-05
6.35114e-05
6.61976e-05
4.67009e-05
4.96946e-05
5.1718e-05
5.30989e-05
5.42186e-05
5.52487e-05
5.63119e-05
5.74884e-05
5.89212e-05
6.07375e-05
4.41865e-05
5.31074e-05
5.6919e-05
5.89349e-05
6.02561e-05
6.12912e-05
6.22848e-05
6.33701e-05
6.47369e-05
6.65978e-05
3.69267e-05
4.90501e-05
5.48257e-05
5.7748e-05
6.00692e-05
6.21617e-05
6.42642e-05
6.64528e-05
6.90981e-05
7.20608e-05
2.72462e-05
4.27856e-05
5.12163e-05
5.44821e-05
5.80609e-05
6.17884e-05
6.54165e-05
6.89136e-05
7.27284e-05
7.66052e-05
2.10947e-05
3.83081e-05
4.59791e-05
4.9919e-05
5.48891e-05
6.07345e-05
6.60088e-05
7.0731e-05
7.55676e-05
8.00997e-05
2.04535e-05
3.36933e-05
4.06926e-05
4.41065e-05
5.10661e-05
5.93625e-05
6.62707e-05
7.20935e-05
7.78322e-05
8.29463e-05
2.12943e-05
2.61912e-05
3.61185e-05
3.91541e-05
4.63783e-05
5.77453e-05
6.61815e-05
7.30059e-05
7.95401e-05
8.52787e-05
2.14119e-05
2.66051e-05
3.13263e-05
3.46253e-05
4.22427e-05
5.60167e-05
6.57054e-05
7.34533e-05
8.06843e-05
8.71137e-05
2.19436e-05
2.77879e-05
2.90185e-05
3.11853e-05
3.87387e-05
5.4093e-05
6.48414e-05
7.33562e-05
8.11964e-05
8.83746e-05
2.25017e-05
2.93428e-05
3.17295e-05
2.88628e-05
3.56157e-05
5.1808e-05
6.33246e-05
7.24341e-05
8.08119e-05
8.8919e-05
2.26234e-05
3.0079e-05
3.30974e-05
3.09395e-05
3.39182e-05
5.02834e-05
6.1937e-05
7.10353e-05
7.9304e-05
8.80351e-05
2.23417e-05
2.96104e-05
3.27888e-05
3.11009e-05
3.42529e-05
5.07095e-05
6.20553e-05
7.08385e-05
7.87392e-05
8.69056e-05
2.19189e-05
2.85144e-05
3.06103e-05
2.89012e-05
3.41875e-05
5.13442e-05
6.24391e-05
7.09088e-05
7.84659e-05
8.59591e-05
2.14983e-05
2.67457e-05
2.76497e-05
2.52982e-05
3.38116e-05
5.18064e-05
6.26472e-05
7.07724e-05
7.79283e-05
8.46871e-05
2.08927e-05
2.46426e-05
2.41968e-05
2.44524e-05
3.42607e-05
5.21004e-05
6.25592e-05
7.02623e-05
7.69227e-05
8.30066e-05
1.99403e-05
2.25734e-05
2.22225e-05
2.74719e-05
3.58353e-05
5.23211e-05
6.21875e-05
6.93391e-05
7.54045e-05
8.09128e-05
1.87398e-05
2.11814e-05
2.75139e-05
3.22063e-05
3.86146e-05
5.27117e-05
6.16196e-05
6.80228e-05
7.34092e-05
7.8403e-05
1.7543e-05
2.15112e-05
3.29892e-05
3.76209e-05
4.34922e-05
5.35935e-05
6.09123e-05
6.63389e-05
7.09604e-05
7.54431e-05
1.70187e-05
2.98322e-05
3.88988e-05
4.38617e-05
4.8911e-05
5.48741e-05
6.01287e-05
6.43144e-05
6.80359e-05
7.18965e-05
1.81573e-05
3.54438e-05
4.57636e-05
4.95454e-05
5.28659e-05
5.60265e-05
5.90982e-05
6.17731e-05
6.43413e-05
6.73055e-05
2.51102e-05
4.16501e-05
4.9965e-05
5.28957e-05
5.46766e-05
5.60399e-05
5.72712e-05
5.8385e-05
5.95926e-05
6.12876e-05
2.51102e-05
4.16501e-05
4.9965e-05
5.28957e-05
5.46766e-05
5.60399e-05
5.72712e-05
5.8385e-05
5.95926e-05
6.12876e-05
2.3748e-05
4.02461e-05
4.98308e-05
5.3049e-05
5.50909e-05
5.6702e-05
5.82461e-05
5.99758e-05
6.22269e-05
6.48767e-05
2.08701e-05
3.74357e-05
4.83727e-05
5.20454e-05
5.46953e-05
5.70074e-05
5.93047e-05
6.19141e-05
6.51327e-05
6.85453e-05
1.85039e-05
3.38481e-05
4.52749e-05
4.95098e-05
5.30564e-05
5.65805e-05
6.00467e-05
6.35738e-05
6.76626e-05
7.15352e-05
1.77601e-05
3.11824e-05
4.03918e-05
4.55895e-05
5.02171e-05
5.55039e-05
6.0385e-05
6.48878e-05
6.97506e-05
7.39714e-05
1.88189e-05
2.80968e-05
3.58059e-05
4.00376e-05
4.64627e-05
5.39603e-05
6.0332e-05
6.57024e-05
7.11852e-05
7.58834e-05
1.90768e-05
2.26096e-05
3.22676e-05
3.55346e-05
4.14205e-05
5.20263e-05
5.98323e-05
6.6e-05
7.19676e-05
7.72747e-05
1.82547e-05
2.11276e-05
2.6645e-05
3.12022e-05
3.75128e-05
5.02881e-05
5.8901e-05
6.56951e-05
7.20667e-05
7.80634e-05
1.83154e-05
2.136e-05
2.38624e-05
2.79843e-05
3.62159e-05
4.91745e-05
5.79089e-05
6.48131e-05
7.12858e-05
7.80613e-05
1.90889e-05
2.25378e-05
2.58502e-05
2.92879e-05
3.75018e-05
4.89746e-05
5.74036e-05
6.40733e-05
7.03132e-05
7.73702e-05
2.00296e-05
2.36452e-05
2.73853e-05
3.20043e-05
3.96732e-05
4.97757e-05
5.78234e-05
6.434e-05
7.06601e-05
7.7869e-05
2.08165e-05
2.42e-05
2.80929e-05
3.30957e-05
4.17796e-05
5.0983e-05
5.86397e-05
6.49976e-05
7.13417e-05
7.82308e-05
2.1523e-05
2.43018e-05
2.84121e-05
3.29675e-05
4.25871e-05
5.19997e-05
5.94257e-05
6.56361e-05
7.19196e-05
7.81688e-05
2.27898e-05
2.57962e-05
2.95746e-05
3.27884e-05
4.29433e-05
5.26766e-05
5.9984e-05
6.60502e-05
7.2198e-05
7.76924e-05
2.59359e-05
3.02158e-05
3.20888e-05
3.38682e-05
4.37763e-05
5.32767e-05
6.02741e-05
6.6089e-05
7.19881e-05
7.67729e-05
3.28107e-05
3.47263e-05
3.53045e-05
3.74061e-05
4.62001e-05
5.41267e-05
6.03335e-05
6.56519e-05
7.11163e-05
7.53281e-05
3.85817e-05
3.84467e-05
3.90952e-05
4.3385e-05
4.95096e-05
5.51846e-05
6.01598e-05
6.46855e-05
6.94714e-05
7.32384e-05
4.16449e-05
4.27532e-05
4.52673e-05
4.86847e-05
5.2435e-05
5.61112e-05
5.96543e-05
6.31298e-05
6.70053e-05
7.03332e-05
4.45098e-05
4.71735e-05
4.98214e-05
5.21179e-05
5.42647e-05
5.63561e-05
5.85112e-05
6.08145e-05
6.35114e-05
6.61976e-05
4.67009e-05
4.96946e-05
5.1718e-05
5.30989e-05
5.42186e-05
5.52487e-05
5.63119e-05
5.74884e-05
5.89212e-05
6.07375e-05
)
;
    }
}


// ************************************************************************* //
