/*--------------------------------*- C++ -*----------------------------------*\
| =========                 |                                                 |
| \\      /  F ield         | OpenFOAM: The Open Source CFD Toolbox           |
|  \\    /   O peration     | Version:  v2012                                 |
|   \\  /    A nd           | Website:  www.openfoam.com                      |
|    \\/     M anipulation  |                                                 |
\*---------------------------------------------------------------------------*/
FoamFile
{
    version     2.0;
    format      ascii;
    class       volScalarField;
    location    "800";
    object      T;
}
// * * * * * * * * * * * * * * * * * * * * * * * * * * * * * * * * * * * * * //

dimensions      [0 0 0 1 0 0 0];


internalField   nonuniform List<scalar> 
4000
(
300.554
300.52
300.47
300.449
300.456
300.471
300.474
300.477
300.475
300.472
300.469
300.466
300.465
300.466
300.466
300.466
300.464
300.463
300.465
300.486
300.579
300.572
300.548
300.533
300.524
300.512
300.516
300.521
300.522
300.521
300.519
300.516
300.512
300.509
300.509
300.51
300.514
300.527
300.542
300.56
300.578
300.58
300.579
300.57
300.556
300.549
300.543
300.534
300.536
300.537
300.536
300.535
300.534
300.533
300.535
300.54
300.547
300.558
300.573
300.573
300.574
300.578
300.58
300.58
300.573
300.565
300.558
300.555
300.55
300.547
300.546
300.546
300.546
300.547
300.55
300.555
300.563
300.572
300.574
300.57
300.57
300.574
300.578
300.579
300.579
300.576
300.573
300.57
300.566
300.562
300.561
300.56
300.561
300.562
300.564
300.567
300.572
300.574
300.572
300.566
300.565
300.57
300.574
300.576
300.578
300.578
300.578
300.578
300.577
300.577
300.576
300.576
300.575
300.575
300.574
300.574
300.573
300.571
300.568
300.561
300.56
300.565
300.569
300.572
300.574
300.575
300.576
300.576
300.576
300.576
300.576
300.575
300.574
300.574
300.572
300.571
300.569
300.567
300.562
300.556
300.554
300.559
300.563
300.566
300.568
300.57
300.571
300.572
300.572
300.572
300.572
300.571
300.57
300.569
300.567
300.566
300.563
300.56
300.556
300.55
300.548
300.552
300.556
300.559
300.561
300.563
300.565
300.566
300.566
300.567
300.566
300.565
300.564
300.563
300.561
300.559
300.556
300.553
300.548
300.542
300.538
300.542
300.545
300.548
300.551
300.553
300.555
300.557
300.558
300.558
300.558
300.557
300.555
300.553
300.551
300.548
300.545
300.541
300.537
300.533
300.52
300.488
300.456
300.449
300.456
300.469
300.474
300.477
300.477
300.475
300.472
300.469
300.468
300.467
300.467
300.466
300.464
300.462
300.462
300.474
300.572
300.558
300.541
300.53
300.523
300.514
300.517
300.521
300.522
300.521
300.519
300.516
300.513
300.511
300.51
300.511
300.515
300.524
300.537
300.552
300.58
300.579
300.577
300.566
300.555
300.548
300.543
300.537
300.538
300.538
300.536
300.535
300.534
300.533
300.535
300.54
300.546
300.558
300.572
300.574
300.578
300.579
300.579
300.578
300.571
300.563
300.557
300.554
300.55
300.547
300.547
300.546
300.546
300.547
300.55
300.555
300.562
300.571
300.573
300.571
300.574
300.576
300.578
300.578
300.576
300.572
300.567
300.564
300.561
300.558
300.556
300.555
300.556
300.557
300.56
300.564
300.569
300.573
300.571
300.567
300.57
300.572
300.575
300.576
300.576
300.574
300.572
300.57
300.569
300.567
300.567
300.566
300.566
300.567
300.567
300.569
300.571
300.571
300.568
300.562
300.565
300.568
300.571
300.573
300.573
300.573
300.573
300.572
300.571
300.57
300.57
300.57
300.57
300.569
300.569
300.569
300.569
300.567
300.563
300.557
300.559
300.563
300.567
300.569
300.57
300.571
300.571
300.571
300.57
300.57
300.569
300.569
300.569
300.568
300.568
300.567
300.565
300.563
300.558
300.551
300.552
300.557
300.561
300.563
300.566
300.567
300.568
300.569
300.57
300.57
300.57
300.569
300.568
300.566
300.565
300.563
300.56
300.556
300.551
300.545
300.542
300.545
300.548
300.552
300.555
300.558
300.561
300.563
300.564
300.565
300.564
300.562
300.56
300.558
300.555
300.551
300.548
300.544
300.539
300.535
300.47
300.456
300.45
300.453
300.461
300.472
300.475
300.478
300.478
300.477
300.474
300.471
300.468
300.467
300.467
300.465
300.463
300.46
300.457
300.456
300.548
300.541
300.533
300.527
300.521
300.514
300.519
300.522
300.523
300.522
300.519
300.516
300.514
300.512
300.511
300.511
300.514
300.521
300.529
300.54
300.579
300.577
300.571
300.561
300.551
300.546
300.542
300.539
300.539
300.538
300.537
300.536
300.534
300.534
300.535
300.539
300.545
300.555
300.568
300.574
300.58
300.579
300.579
300.575
300.568
300.562
300.556
300.553
300.55
300.548
300.547
300.547
300.546
300.547
300.55
300.554
300.561
300.569
300.573
300.572
300.578
300.578
300.578
300.577
300.574
300.569
300.564
300.561
300.558
300.555
300.554
300.553
300.554
300.555
300.558
300.562
300.568
300.572
300.571
300.569
300.574
300.575
300.575
300.575
300.574
300.571
300.568
300.565
300.563
300.562
300.561
300.56
300.56
300.561
300.563
300.566
300.569
300.57
300.568
300.564
300.569
300.571
300.572
300.572
300.572
300.571
300.569
300.567
300.565
300.564
300.564
300.564
300.564
300.564
300.565
300.566
300.568
300.567
300.564
300.56
300.563
300.567
300.569
300.569
300.569
300.568
300.567
300.566
300.565
300.564
300.564
300.564
300.564
300.564
300.564
300.565
300.565
300.563
300.56
300.554
300.556
300.561
300.564
300.566
300.567
300.568
300.568
300.568
300.568
300.568
300.568
300.568
300.567
300.566
300.565
300.564
300.562
300.559
300.554
300.548
300.545
300.548
300.552
300.556
300.559
300.563
300.566
300.569
300.571
300.572
300.57
300.568
300.566
300.563
300.559
300.555
300.551
300.547
300.542
300.538
300.449
300.449
300.453
300.46
300.47
300.474
300.477
300.479
300.479
300.477
300.475
300.472
300.469
300.468
300.467
300.466
300.464
300.459
300.453
300.445
300.533
300.53
300.527
300.522
300.516
300.517
300.522
300.524
300.523
300.522
300.519
300.517
300.514
300.513
300.513
300.513
300.515
300.518
300.523
300.528
300.57
300.566
300.561
300.553
300.548
300.545
300.54
300.54
300.54
300.539
300.537
300.536
300.535
300.534
300.535
300.538
300.542
300.55
300.561
300.572
300.58
300.578
300.575
300.57
300.564
300.559
300.555
300.552
300.549
300.548
300.548
300.547
300.546
300.547
300.549
300.553
300.559
300.567
300.573
300.574
300.579
300.578
300.577
300.575
300.571
300.567
300.562
300.559
300.556
300.554
300.553
300.553
300.553
300.554
300.557
300.561
300.566
300.571
300.572
300.571
300.576
300.576
300.575
300.574
300.572
300.569
300.565
300.562
300.56
300.558
300.557
300.557
300.557
300.558
300.56
300.564
300.568
300.569
300.569
300.567
300.572
300.573
300.572
300.572
300.57
300.568
300.566
300.563
300.562
300.56
300.56
300.56
300.56
300.56
300.562
300.564
300.566
300.567
300.565
300.562
300.566
300.569
300.569
300.568
300.567
300.566
300.564
300.563
300.562
300.561
300.561
300.561
300.561
300.561
300.561
300.562
300.563
300.563
300.561
300.557
300.559
300.563
300.566
300.567
300.567
300.567
300.567
300.568
300.567
300.567
300.567
300.567
300.566
300.565
300.564
300.563
300.562
300.56
300.556
300.55
300.548
300.552
300.556
300.559
300.563
300.567
300.571
300.575
300.578
300.579
300.577
300.575
300.572
300.568
300.564
300.559
300.554
300.55
300.545
300.54
300.456
300.456
300.461
300.47
300.474
300.476
300.479
300.48
300.48
300.479
300.476
300.473
300.47
300.469
300.469
300.469
300.469
300.462
300.455
300.444
300.524
300.523
300.521
300.516
300.516
300.521
300.524
300.525
300.524
300.522
300.519
300.517
300.515
300.515
300.516
300.515
300.514
300.517
300.52
300.522
300.556
300.555
300.551
300.548
300.545
300.542
300.54
300.541
300.54
300.539
300.537
300.536
300.536
300.535
300.535
300.537
300.54
300.545
300.552
300.561
300.573
300.571
300.568
300.564
300.56
300.556
300.553
300.551
300.549
300.548
300.547
300.547
300.546
300.547
300.548
300.551
300.556
300.562
300.568
300.573
300.579
300.576
300.574
300.571
300.568
300.564
300.56
300.557
300.555
300.553
300.553
300.552
300.552
300.554
300.556
300.559
300.564
300.569
300.571
300.572
300.578
300.576
300.574
300.572
300.569
300.566
300.563
300.56
300.558
300.556
300.556
300.555
300.556
300.557
300.559
300.562
300.566
300.569
300.569
300.569
300.574
300.573
300.572
300.57
300.568
300.566
300.563
300.561
300.559
300.558
300.557
300.557
300.558
300.558
300.56
300.562
300.565
300.566
300.566
300.564
300.568
300.57
300.569
300.567
300.566
300.564
300.563
300.561
300.56
300.559
300.559
300.559
300.559
300.559
300.559
300.561
300.562
300.563
300.563
300.559
300.561
300.566
300.567
300.567
300.567
300.567
300.568
300.568
300.569
300.568
300.567
300.567
300.567
300.565
300.564
300.562
300.562
300.561
300.558
300.552
300.551
300.555
300.559
300.563
300.568
300.573
300.578
300.582
300.586
300.589
300.585
300.582
300.578
300.574
300.569
300.563
300.558
300.553
300.548
300.543
300.471
300.469
300.472
300.474
300.476
300.479
300.48
300.482
300.482
300.48
300.477
300.473
300.471
300.471
300.473
300.475
300.476
300.472
300.465
300.456
300.512
300.514
300.514
300.517
300.521
300.524
300.525
300.525
300.524
300.522
300.519
300.518
300.517
300.519
300.52
300.519
300.516
300.515
300.516
300.519
300.549
300.548
300.546
300.545
300.542
300.54
300.541
300.541
300.54
300.539
300.537
300.537
300.537
300.537
300.537
300.538
300.54
300.541
300.545
300.55
300.565
300.563
300.562
300.559
300.556
300.554
300.551
300.55
300.549
300.548
300.547
300.546
300.546
300.546
300.547
300.549
300.553
300.557
300.562
300.566
300.576
300.572
300.569
300.567
300.564
300.561
300.558
300.556
300.554
300.552
300.552
300.552
300.552
300.553
300.554
300.557
300.561
300.565
300.569
300.572
300.578
300.574
300.571
300.569
300.566
300.563
300.561
300.558
300.556
300.555
300.554
300.554
300.555
300.556
300.558
300.561
300.564
300.567
300.569
300.57
300.575
300.573
300.571
300.568
300.566
300.564
300.561
300.559
300.557
300.556
300.556
300.556
300.556
300.557
300.558
300.561
300.564
300.566
300.566
300.566
300.57
300.571
300.568
300.566
300.564
300.563
300.561
300.56
300.559
300.558
300.557
300.558
300.558
300.558
300.558
300.56
300.561
300.562
300.563
300.56
300.563
300.567
300.568
300.567
300.567
300.568
300.569
300.57
300.571
300.571
300.57
300.569
300.568
300.566
300.564
300.563
300.562
300.562
300.559
300.554
300.553
300.558
300.563
300.567
300.573
300.579
300.584
300.59
300.596
300.6
300.596
300.591
300.586
300.58
300.574
300.567
300.561
300.556
300.551
300.545
300.474
300.474
300.475
300.477
300.479
300.48
300.482
300.484
300.484
300.482
300.478
300.474
300.474
300.475
300.478
300.48
300.48
300.48
300.478
300.475
300.516
300.517
300.519
300.522
300.524
300.525
300.526
300.526
300.524
300.522
300.52
300.52
300.522
300.523
300.524
300.524
300.523
300.52
300.516
300.514
300.543
300.543
300.542
300.54
300.54
300.541
300.541
300.541
300.539
300.538
300.538
300.539
300.54
300.54
300.54
300.54
300.54
300.541
300.543
300.546
300.558
300.557
300.556
300.555
300.553
300.551
300.55
300.549
300.548
300.547
300.547
300.547
300.547
300.547
300.547
300.548
300.55
300.553
300.556
300.559
300.573
300.567
300.564
300.562
300.56
300.558
300.556
300.554
300.552
300.552
300.551
300.551
300.551
300.552
300.553
300.555
300.558
300.561
300.564
300.568
300.578
300.572
300.568
300.565
300.563
300.561
300.559
300.556
300.555
300.554
300.553
300.553
300.554
300.555
300.556
300.559
300.561
300.564
300.568
300.57
300.576
300.573
300.569
300.566
300.563
300.561
300.559
300.557
300.556
300.555
300.554
300.555
300.555
300.556
300.557
300.559
300.562
300.564
300.566
300.567
300.571
300.571
300.567
300.564
300.563
300.561
300.56
300.559
300.559
300.559
300.558
300.557
300.557
300.557
300.558
300.559
300.56
300.562
300.564
300.562
300.565
300.568
300.568
300.567
300.568
300.569
300.571
300.573
300.575
300.579
300.577
300.572
300.57
300.567
300.565
300.563
300.562
300.562
300.561
300.556
300.555
300.561
300.566
300.571
300.578
300.584
300.592
300.599
300.607
300.616
300.609
300.602
300.594
300.587
300.579
300.572
300.565
300.559
300.553
300.547
300.477
300.477
300.478
300.479
300.48
300.482
300.484
300.485
300.486
300.483
300.478
300.475
300.477
300.48
300.482
300.484
300.485
300.484
300.482
300.48
300.521
300.521
300.522
300.524
300.525
300.525
300.526
300.526
300.524
300.523
300.522
300.523
300.527
300.528
300.529
300.529
300.528
300.528
300.526
300.523
300.534
300.537
300.539
300.54
300.541
300.541
300.541
300.54
300.539
300.54
300.541
300.543
300.544
300.544
300.544
300.543
300.543
300.542
300.542
300.544
300.555
300.554
300.553
300.552
300.551
300.55
300.549
300.548
300.547
300.55
300.55
300.55
300.55
300.549
300.549
300.549
300.55
300.552
300.553
300.554
300.57
300.564
300.561
300.559
300.557
300.556
300.554
300.552
300.552
300.555
300.555
300.552
300.551
300.552
300.552
300.554
300.555
300.558
300.561
300.565
300.578
300.57
300.565
300.562
300.56
300.558
300.556
300.554
300.554
300.558
300.557
300.553
300.553
300.554
300.555
300.557
300.559
300.562
300.566
300.57
300.576
300.572
300.567
300.563
300.561
300.559
300.557
300.556
300.556
300.561
300.559
300.554
300.554
300.555
300.556
300.558
300.56
300.563
300.566
300.567
300.572
300.571
300.566
300.563
300.561
300.56
300.559
300.559
300.563
300.571
300.568
300.558
300.556
300.557
300.557
300.558
300.559
300.561
300.564
300.562
300.566
300.569
300.568
300.568
300.568
300.57
300.573
300.577
300.585
300.598
300.593
300.578
300.572
300.568
300.565
300.563
300.562
300.562
300.561
300.557
300.557
300.563
300.569
300.575
300.582
300.59
300.599
300.61
300.622
300.638
300.627
300.615
300.604
300.593
300.584
300.575
300.568
300.561
300.555
300.548
300.475
300.477
300.478
300.479
300.48
300.482
300.484
300.486
300.487
300.495
300.485
300.477
300.481
300.484
300.486
300.488
300.489
300.489
300.489
300.487
300.522
300.522
300.523
300.523
300.524
300.524
300.524
300.524
300.526
300.547
300.539
300.531
300.532
300.532
300.532
300.531
300.531
300.531
300.53
300.53
300.536
300.538
300.539
300.54
300.54
300.54
300.539
300.539
300.542
300.565
300.559
300.55
300.548
300.548
300.547
300.547
300.546
300.545
300.544
300.544
300.55
300.55
300.55
300.549
300.549
300.549
300.548
300.547
300.551
300.578
300.577
300.559
300.553
300.552
300.552
300.552
300.552
300.552
300.553
300.554
300.566
300.561
300.558
300.556
300.555
300.554
300.552
300.552
300.558
300.588
300.593
300.562
300.554
300.553
300.553
300.554
300.556
300.558
300.561
300.565
300.577
300.569
300.563
300.56
300.558
300.556
300.555
300.554
300.563
300.595
300.601
300.561
300.553
300.553
300.555
300.556
300.558
300.561
300.565
300.57
300.576
300.571
300.565
300.562
300.559
300.557
300.556
300.556
300.569
300.604
300.605
300.56
300.554
300.554
300.556
300.557
300.559
300.562
300.566
300.567
300.572
300.57
300.565
300.562
300.56
300.559
300.559
300.563
300.581
300.619
300.614
300.564
300.556
300.556
300.556
300.557
300.559
300.561
300.564
300.563
300.566
300.57
300.568
300.567
300.569
300.571
300.575
300.585
300.605
300.642
300.632
300.591
300.575
300.569
300.565
300.563
300.562
300.562
300.562
300.557
300.558
300.564
300.571
300.578
300.586
300.596
300.607
300.622
300.643
300.673
300.655
300.631
300.614
300.6
300.588
300.578
300.57
300.562
300.556
300.549
300.472
300.475
300.477
300.477
300.479
300.48
300.482
300.483
300.495
301.18
301.083
300.49
300.485
300.487
300.488
300.49
300.491
300.492
300.493
300.493
300.521
300.521
300.522
300.522
300.522
300.522
300.522
300.523
300.547
300.981
300.926
300.551
300.538
300.536
300.535
300.533
300.532
300.531
300.532
300.532
300.537
300.538
300.538
300.539
300.539
300.539
300.538
300.54
300.565
300.893
300.86
300.568
300.552
300.551
300.55
300.549
300.547
300.546
300.546
300.547
300.547
300.547
300.548
300.548
300.548
300.548
300.547
300.55
300.578
300.845
300.82
300.576
300.557
300.555
300.555
300.555
300.554
300.554
300.555
300.557
300.562
300.558
300.555
300.554
300.553
300.552
300.552
300.555
300.588
300.815
300.788
300.579
300.558
300.556
300.556
300.557
300.558
300.559
300.563
300.568
300.577
300.567
300.562
300.558
300.556
300.555
300.554
300.558
300.595
300.793
300.76
300.579
300.556
300.554
300.555
300.557
300.559
300.562
300.566
300.57
300.576
300.57
300.564
300.56
300.558
300.556
300.555
300.561
300.604
300.775
300.737
300.579
300.555
300.554
300.555
300.557
300.559
300.562
300.566
300.567
300.572
300.57
300.564
300.561
300.559
300.558
300.559
300.571
300.619
300.76
300.721
300.582
300.557
300.555
300.556
300.557
300.558
300.561
300.564
300.563
300.567
300.57
300.568
300.567
300.568
300.571
300.579
300.598
300.642
300.748
300.711
300.615
300.582
300.569
300.565
300.562
300.561
300.562
300.562
300.557
300.558
300.565
300.572
300.579
300.589
300.6
300.616
300.638
300.673
300.736
300.703
300.654
300.625
300.606
300.592
300.58
300.571
300.563
300.556
300.549
300.469
300.472
300.474
300.475
300.476
300.477
300.478
300.478
300.485
301.083
301.107
300.503
300.491
300.489
300.489
300.49
300.491
300.493
300.495
300.497
300.519
300.519
300.519
300.519
300.519
300.519
300.52
300.522
300.539
300.926
300.958
300.552
300.54
300.539
300.537
300.534
300.531
300.53
300.53
300.533
300.536
300.536
300.537
300.537
300.537
300.537
300.538
300.541
300.559
300.86
300.873
300.567
300.554
300.553
300.552
300.55
300.548
300.546
300.545
300.547
300.546
300.547
300.547
300.548
300.547
300.547
300.547
300.55
300.577
300.82
300.812
300.573
300.558
300.557
300.557
300.557
300.556
300.555
300.555
300.559
300.561
300.556
300.554
300.553
300.553
300.552
300.551
300.555
300.593
300.788
300.766
300.575
300.558
300.557
300.558
300.559
300.559
300.561
300.564
300.569
300.576
300.567
300.561
300.557
300.556
300.554
300.553
300.557
300.601
300.76
300.729
300.574
300.557
300.556
300.557
300.558
300.56
300.563
300.567
300.57
300.576
300.57
300.564
300.56
300.557
300.556
300.554
300.559
300.605
300.737
300.701
300.573
300.556
300.555
300.556
300.558
300.56
300.563
300.566
300.567
300.572
300.569
300.564
300.561
300.559
300.557
300.558
300.568
300.614
300.721
300.684
300.575
300.557
300.555
300.555
300.556
300.558
300.561
300.564
300.563
300.566
300.57
300.568
300.567
300.567
300.57
300.577
300.593
300.632
300.711
300.674
300.604
300.578
300.569
300.565
300.562
300.561
300.562
300.562
300.557
300.558
300.564
300.57
300.577
300.585
300.596
300.609
300.627
300.655
300.703
300.671
300.637
300.615
300.599
300.588
300.578
300.57
300.562
300.556
300.549
300.466
300.469
300.471
300.472
300.473
300.473
300.474
300.475
300.477
300.49
300.503
300.499
300.498
300.493
300.49
300.488
300.488
300.489
300.492
300.497
300.516
300.516
300.516
300.517
300.517
300.518
300.52
300.523
300.531
300.551
300.552
300.54
300.54
300.54
300.537
300.533
300.529
300.526
300.527
300.53
300.535
300.535
300.536
300.536
300.536
300.537
300.539
300.543
300.55
300.568
300.567
300.555
300.554
300.554
300.553
300.551
300.548
300.545
300.544
300.546
300.546
300.546
300.547
300.547
300.547
300.546
300.547
300.55
300.559
300.576
300.573
300.559
300.558
300.558
300.558
300.558
300.557
300.555
300.555
300.558
300.56
300.555
300.553
300.553
300.552
300.552
300.551
300.552
300.562
300.579
300.575
300.56
300.558
300.559
300.559
300.56
300.561
300.561
300.564
300.569
300.576
300.566
300.56
300.557
300.555
300.554
300.553
300.553
300.561
300.579
300.574
300.559
300.557
300.558
300.559
300.56
300.562
300.564
300.567
300.57
300.575
300.57
300.564
300.56
300.557
300.556
300.555
300.554
300.56
300.579
300.573
300.558
300.556
300.556
300.557
300.559
300.561
300.563
300.566
300.567
300.571
300.569
300.564
300.561
300.559
300.558
300.557
300.558
300.564
300.582
300.575
300.56
300.556
300.556
300.556
300.557
300.558
300.561
300.564
300.563
300.565
300.569
300.568
300.567
300.567
300.569
300.572
300.578
300.591
300.615
300.604
300.583
300.573
300.568
300.565
300.563
300.562
300.563
300.562
300.557
300.557
300.562
300.568
300.575
300.582
300.591
300.602
300.615
300.631
300.654
300.637
300.619
300.605
300.594
300.584
300.575
300.568
300.561
300.555
300.549
300.465
300.468
300.468
300.469
300.47
300.471
300.474
300.477
300.481
300.485
300.491
300.498
300.501
300.498
300.492
300.487
300.484
300.485
300.487
300.494
300.512
300.513
300.514
300.514
300.515
300.517
300.522
300.527
300.532
300.538
300.54
300.54
300.54
300.539
300.536
300.531
300.525
300.522
300.521
300.526
300.534
300.534
300.534
300.535
300.536
300.537
300.54
300.544
300.548
300.552
300.554
300.554
300.555
300.554
300.553
300.551
300.548
300.544
300.543
300.544
300.546
300.546
300.546
300.546
300.546
300.546
300.547
300.55
300.553
300.557
300.558
300.558
300.559
300.559
300.559
300.559
300.558
300.556
300.555
300.556
300.561
300.556
300.554
300.553
300.552
300.552
300.551
300.551
300.554
300.558
300.558
300.558
300.559
300.56
300.561
300.561
300.562
300.562
300.564
300.568
300.575
300.566
300.56
300.557
300.556
300.555
300.554
300.553
300.553
300.556
300.557
300.557
300.558
300.559
300.56
300.561
300.563
300.565
300.568
300.57
300.574
300.57
300.564
300.56
300.558
300.556
300.555
300.554
300.554
300.555
300.556
300.556
300.557
300.558
300.558
300.56
300.562
300.564
300.566
300.567
300.57
300.569
300.564
300.561
300.559
300.558
300.557
300.556
300.556
300.557
300.557
300.556
300.557
300.557
300.557
300.557
300.559
300.561
300.564
300.562
300.564
300.568
300.567
300.566
300.567
300.568
300.57
300.572
300.575
300.582
300.578
300.573
300.57
300.567
300.565
300.563
300.562
300.563
300.562
300.556
300.555
300.56
300.566
300.572
300.578
300.586
300.594
300.604
300.614
300.625
300.615
300.605
300.596
300.587
300.579
300.572
300.566
300.56
300.554
300.548
300.466
300.467
300.467
300.468
300.469
300.471
300.475
300.48
300.484
300.487
300.489
300.493
300.498
300.5
300.495
300.489
300.489
300.489
300.488
300.49
300.509
300.511
300.512
300.513
300.515
300.519
300.523
300.528
300.532
300.536
300.539
300.54
300.539
300.537
300.533
300.528
300.525
300.523
300.523
300.524
300.533
300.533
300.534
300.534
300.535
300.537
300.54
300.544
300.548
300.551
300.553
300.554
300.554
300.554
300.553
300.55
300.547
300.545
300.544
300.544
300.547
300.547
300.547
300.547
300.547
300.546
300.547
300.549
300.552
300.555
300.557
300.558
300.559
300.56
300.56
300.56
300.559
300.557
300.556
300.556
300.562
300.557
300.555
300.554
300.554
300.553
300.552
300.552
300.553
300.556
300.557
300.559
300.56
300.561
300.562
300.563
300.563
300.564
300.565
300.568
300.575
300.567
300.561
300.558
300.557
300.556
300.555
300.554
300.553
300.554
300.556
300.558
300.559
300.56
300.561
300.562
300.563
300.565
300.568
300.569
300.574
300.569
300.564
300.56
300.558
300.557
300.556
300.555
300.554
300.554
300.555
300.556
300.558
300.558
300.559
300.56
300.562
300.564
300.566
300.566
300.569
300.568
300.564
300.561
300.559
300.558
300.557
300.557
300.556
300.555
300.555
300.556
300.557
300.557
300.558
300.558
300.559
300.562
300.564
300.561
300.563
300.566
300.566
300.565
300.565
300.566
300.567
300.568
300.569
300.569
300.569
300.568
300.567
300.566
300.565
300.563
300.563
300.562
300.561
300.555
300.553
300.558
300.563
300.568
300.574
300.58
300.587
300.593
300.6
300.606
300.599
300.594
300.587
300.581
300.574
300.568
300.563
300.557
300.552
300.546
300.466
300.467
300.467
300.467
300.469
300.473
300.478
300.482
300.486
300.488
300.489
300.49
300.492
300.495
300.495
300.498
300.505
300.507
300.505
300.5
300.509
300.51
300.511
300.513
300.516
300.52
300.524
300.529
300.532
300.535
300.537
300.537
300.536
300.533
300.53
300.53
300.533
300.535
300.535
300.534
300.535
300.535
300.535
300.535
300.535
300.537
300.54
300.544
300.547
300.55
300.552
300.553
300.553
300.553
300.551
300.55
300.551
300.552
300.551
300.55
300.55
300.55
300.55
300.549
300.548
300.547
300.547
300.549
300.552
300.555
300.557
300.558
300.559
300.56
300.561
300.561
300.562
300.561
300.56
300.558
300.564
300.56
300.558
300.557
300.556
300.554
300.553
300.552
300.553
300.556
300.558
300.559
300.561
300.562
300.563
300.564
300.565
300.566
300.566
300.568
300.574
300.567
300.563
300.56
300.559
300.558
300.556
300.555
300.555
300.555
300.557
300.559
300.56
300.561
300.562
300.563
300.564
300.566
300.568
300.569
300.572
300.569
300.565
300.562
300.56
300.558
300.557
300.556
300.556
300.555
300.556
300.557
300.558
300.559
300.56
300.561
300.562
300.564
300.566
300.565
300.567
300.568
300.564
300.561
300.559
300.558
300.558
300.557
300.556
300.556
300.555
300.556
300.557
300.558
300.558
300.559
300.56
300.562
300.563
300.56
300.561
300.565
300.565
300.564
300.564
300.564
300.565
300.565
300.565
300.565
300.565
300.565
300.565
300.565
300.564
300.563
300.563
300.562
300.559
300.554
300.551
300.555
300.559
300.564
300.569
300.574
300.579
300.584
300.588
300.592
300.588
300.584
300.579
300.574
300.569
300.564
300.559
300.554
300.55
300.544
300.466
300.466
300.465
300.466
300.469
300.475
300.48
300.484
300.488
300.49
300.49
300.488
300.487
300.489
300.498
300.512
300.525
300.533
300.536
300.533
300.51
300.511
300.511
300.513
300.515
300.519
300.524
300.529
300.531
300.533
300.534
300.533
300.531
300.528
300.53
300.537
300.545
300.551
300.554
300.554
300.54
300.54
300.539
300.538
300.537
300.538
300.54
300.543
300.547
300.549
300.55
300.551
300.551
300.55
300.55
300.554
300.558
300.561
300.563
300.562
300.555
300.555
300.554
300.553
300.551
300.549
300.548
300.549
300.552
300.555
300.557
300.558
300.559
300.56
300.561
300.563
300.565
300.567
300.566
300.566
300.567
300.564
300.562
300.561
300.559
300.557
300.555
300.554
300.554
300.557
300.559
300.56
300.561
300.563
300.564
300.566
300.567
300.568
300.569
300.57
300.574
300.569
300.566
300.564
300.562
300.561
300.559
300.557
300.556
300.557
300.558
300.56
300.561
300.562
300.563
300.564
300.566
300.567
300.568
300.568
300.571
300.569
300.566
300.564
300.562
300.561
300.559
300.558
300.557
300.557
300.558
300.559
300.56
300.56
300.561
300.562
300.563
300.564
300.565
300.564
300.566
300.567
300.565
300.562
300.561
300.56
300.559
300.558
300.557
300.557
300.556
300.557
300.557
300.558
300.559
300.56
300.561
300.562
300.562
300.558
300.559
300.563
300.564
300.563
300.562
300.563
300.563
300.563
300.563
300.562
300.562
300.563
300.563
300.563
300.563
300.563
300.562
300.561
300.558
300.552
300.548
300.551
300.555
300.559
300.563
300.567
300.572
300.575
300.578
300.58
300.578
300.575
300.572
300.568
300.564
300.56
300.556
300.551
300.547
300.542
300.464
300.464
300.463
300.464
300.469
300.476
300.48
300.485
300.489
300.491
300.491
300.488
300.484
300.489
300.505
300.525
300.539
300.547
300.552
300.555
300.514
300.515
300.514
300.515
300.514
300.516
300.523
300.528
300.531
300.532
300.531
300.529
300.525
300.525
300.533
300.545
300.555
300.563
300.567
300.568
300.547
300.546
300.545
300.542
300.54
300.54
300.54
300.543
300.546
300.547
300.548
300.548
300.548
300.547
300.551
300.558
300.565
300.569
300.571
300.571
300.563
300.562
300.561
300.559
300.556
300.553
300.55
300.55
300.552
300.554
300.556
300.557
300.558
300.559
300.562
300.565
300.569
300.571
300.571
300.572
300.572
300.569
300.568
300.566
300.564
300.561
300.558
300.555
300.556
300.558
300.559
300.561
300.562
300.563
300.565
300.567
300.569
300.569
300.57
300.57
300.573
300.571
300.569
300.568
300.566
300.564
300.561
300.559
300.558
300.559
300.56
300.562
300.563
300.563
300.564
300.566
300.566
300.567
300.567
300.567
300.569
300.569
300.568
300.566
300.565
300.564
300.562
300.56
300.559
300.559
300.56
300.561
300.562
300.562
300.562
300.563
300.564
300.564
300.564
300.562
300.563
300.565
300.565
300.563
300.562
300.561
300.56
300.559
300.559
300.558
300.558
300.558
300.559
300.559
300.56
300.561
300.562
300.562
300.56
300.556
300.556
300.56
300.562
300.562
300.562
300.562
300.562
300.562
300.562
300.561
300.561
300.562
300.562
300.563
300.563
300.562
300.561
300.559
300.555
300.55
300.545
300.548
300.551
300.554
300.558
300.561
300.565
300.568
300.57
300.571
300.57
300.568
300.566
300.563
300.559
300.556
300.552
300.548
300.544
300.54
300.463
300.462
300.46
300.459
300.462
300.472
300.48
300.484
300.489
300.492
300.493
300.489
300.485
300.489
300.507
300.533
300.547
300.555
300.56
300.564
300.527
300.524
300.521
300.518
300.517
300.515
300.52
300.528
300.531
300.531
300.53
300.526
300.522
300.523
300.535
300.551
300.563
300.571
300.574
300.575
300.558
300.558
300.555
300.55
300.545
300.541
300.541
300.542
300.545
300.546
300.546
300.545
300.544
300.545
300.552
300.561
300.569
300.573
300.574
300.575
300.572
300.571
300.569
300.567
300.562
300.557
300.553
300.552
300.552
300.554
300.555
300.555
300.556
300.557
300.561
300.567
300.571
300.572
300.572
300.572
300.574
300.573
300.572
300.571
300.569
300.565
300.561
300.558
300.558
300.559
300.561
300.561
300.562
300.564
300.566
300.568
300.569
300.57
300.569
300.569
300.571
300.571
300.57
300.569
300.569
300.567
300.564
300.562
300.561
300.562
300.563
300.564
300.565
300.565
300.566
300.567
300.567
300.567
300.566
300.564
300.567
300.567
300.567
300.567
300.566
300.566
300.564
300.563
300.562
300.562
300.563
300.563
300.564
300.564
300.564
300.564
300.564
300.564
300.562
300.559
300.56
300.563
300.563
300.563
300.563
300.562
300.562
300.561
300.561
300.561
300.561
300.561
300.561
300.562
300.562
300.562
300.562
300.561
300.558
300.554
300.553
300.556
300.559
300.56
300.561
300.562
300.562
300.562
300.562
300.562
300.562
300.563
300.563
300.562
300.562
300.561
300.559
300.556
300.552
300.547
300.541
300.544
300.547
300.55
300.553
300.556
300.559
300.561
300.562
300.563
300.562
300.561
300.56
300.557
300.554
300.551
300.548
300.544
300.54
300.537
300.465
300.462
300.457
300.453
300.455
300.465
300.478
300.482
300.489
300.493
300.495
300.492
300.487
300.488
300.505
300.536
300.552
300.56
300.566
300.569
300.542
300.537
300.529
300.523
300.52
300.516
300.516
300.526
300.53
300.532
300.53
300.527
300.521
300.523
300.535
300.554
300.567
300.574
300.576
300.576
300.573
300.572
300.568
300.561
300.552
300.545
300.543
300.542
300.544
300.546
300.545
300.544
300.543
300.544
300.551
300.563
300.571
300.574
300.574
300.574
300.574
300.573
300.573
300.573
300.568
300.562
300.556
300.553
300.553
300.555
300.555
300.555
300.555
300.556
300.56
300.566
300.571
300.572
300.571
300.57
300.572
300.571
300.571
300.572
300.571
300.569
300.564
300.561
300.561
300.563
300.564
300.564
300.564
300.565
300.566
300.569
300.57
300.569
300.567
300.566
300.568
300.568
300.568
300.569
300.569
300.569
300.568
300.566
300.565
300.566
300.567
300.567
300.568
300.568
300.568
300.568
300.567
300.566
300.563
300.561
300.562
300.563
300.564
300.565
300.566
300.566
300.566
300.566
300.566
300.566
300.566
300.566
300.566
300.566
300.566
300.565
300.564
300.562
300.559
300.556
300.556
300.558
300.56
300.561
300.563
300.563
300.564
300.564
300.564
300.564
300.564
300.564
300.564
300.564
300.563
300.562
300.56
300.558
300.554
300.55
300.548
300.551
300.554
300.556
300.558
300.559
300.561
300.561
300.562
300.562
300.562
300.562
300.562
300.561
300.559
300.558
300.555
300.552
300.548
300.543
300.537
300.539
300.542
300.545
300.548
300.551
300.553
300.555
300.556
300.556
300.556
300.555
300.554
300.552
300.55
300.547
300.544
300.54
300.537
300.533
300.486
300.474
300.456
300.445
300.444
300.456
300.475
300.48
300.487
300.493
300.497
300.497
300.494
300.49
300.5
300.533
300.555
300.564
300.569
300.57
300.56
300.552
300.54
300.528
300.522
300.519
300.514
300.523
300.53
300.532
300.533
300.53
300.526
300.524
300.534
300.554
300.568
300.575
300.576
300.574
300.573
300.574
300.574
300.572
300.561
300.55
300.546
300.544
300.544
300.547
300.547
300.546
300.544
300.544
300.55
300.562
300.571
300.575
300.574
300.571
300.57
300.571
300.572
300.574
300.573
300.566
300.559
300.554
300.554
300.557
300.559
300.558
300.556
300.556
300.558
300.566
300.572
300.572
300.57
300.566
300.566
300.567
300.569
300.571
300.572
300.572
300.568
300.565
300.565
300.568
300.569
300.569
300.568
300.568
300.568
300.57
300.57
300.569
300.566
300.561
300.561
300.562
300.564
300.567
300.569
300.57
300.57
300.57
300.57
300.57
300.57
300.57
300.57
300.569
300.569
300.568
300.567
300.564
300.561
300.556
300.556
300.557
300.56
300.562
300.564
300.566
300.567
300.567
300.567
300.567
300.567
300.567
300.567
300.566
300.565
300.564
300.562
300.559
300.556
300.551
300.55
300.551
300.554
300.557
300.559
300.56
300.562
300.562
300.563
300.563
300.563
300.563
300.562
300.561
300.56
300.558
300.556
300.554
300.55
300.545
300.542
300.545
300.548
300.55
300.552
300.554
300.556
300.557
300.557
300.557
300.557
300.557
300.556
300.555
300.554
300.552
300.55
300.547
300.543
300.539
300.533
300.535
300.538
300.54
300.543
300.545
300.547
300.548
300.549
300.549
300.549
300.549
300.548
300.546
300.544
300.542
300.54
300.537
300.533
300.53
)
;

boundaryField
{
    floor
    {
        type            fixedValue;
        value           nonuniform List<scalar> 
400
(
300
300
300
300
300
300
300
300
300
300
300
300
300
300
300
300
300
300
300
300
300
300
300
300
300
300
300
300
300
300
300
300
300
300
300
300
300
300
300
300
300
300
300
300
300
300
300
300
300
300
300
300
300
300
300
300
300
300
300
300
300
300
300
300
300
300
300
300
300
300
300
300
300
300
300
300
300
300
300
300
300
300
300
300
300
300
300
300
300
300
300
300
300
300
300
300
300
300
300
300
300
300
300
300
300
300
300
300
300
300
300
300
300
300
300
300
300
300
300
300
300
300
300
300
300
300
300
300
300
300
300
300
300
300
300
300
300
300
300
300
300
300
300
300
300
300
300
300
300
300
300
300
300
300
300
300
300
300
300
300
300
300
300
300
300
300
300
300
300
300
300
300
300
300
300
300
300
300
300
300
300
300
300
300
300
300
300
300
300
600
600
300
300
300
300
300
300
300
300
300
300
300
300
300
300
300
300
300
300
600
600
300
300
300
300
300
300
300
300
300
300
300
300
300
300
300
300
300
300
300
300
300
300
300
300
300
300
300
300
300
300
300
300
300
300
300
300
300
300
300
300
300
300
300
300
300
300
300
300
300
300
300
300
300
300
300
300
300
300
300
300
300
300
300
300
300
300
300
300
300
300
300
300
300
300
300
300
300
300
300
300
300
300
300
300
300
300
300
300
300
300
300
300
300
300
300
300
300
300
300
300
300
300
300
300
300
300
300
300
300
300
300
300
300
300
300
300
300
300
300
300
300
300
300
300
300
300
300
300
300
300
300
300
300
300
300
300
300
300
300
300
300
300
300
300
300
300
300
300
300
300
300
300
300
300
300
300
300
300
300
300
300
300
300
300
300
300
300
300
300
300
300
300
300
300
300
300
300
300
300
300
300
300
300
300
300
300
300
300
300
)
;
    }
    ceiling
    {
        type            lumpedMassWallTemperature;
        refValue        uniform 300.01;
        refGradient     uniform 0;
        valueFraction   uniform 1;
        value           uniform 300.01;
        kappaMethod     fluidThermo;
        kappa           none;
        alphaAni        none;
        alpha           none;
        Cp              4100;
        mass            1000;
    }
    fixedWalls
    {
        type            zeroGradient;
    }
}


// ************************************************************************* //
