/*--------------------------------*- C++ -*----------------------------------*\
| =========                 |                                                 |
| \\      /  F ield         | OpenFOAM: The Open Source CFD Toolbox           |
|  \\    /   O peration     | Version:  v2012                                 |
|   \\  /    A nd           | Website:  www.openfoam.com                      |
|    \\/     M anipulation  |                                                 |
\*---------------------------------------------------------------------------*/
FoamFile
{
    version     2.0;
    format      ascii;
    class       labelList;
    location    "constant/heater/polyMesh";
    object      faceRegionAddressing;
}
// * * * * * * * * * * * * * * * * * * * * * * * * * * * * * * * * * * * * * //


2256
(
631
632
633
635
636
637
638
640
641
642
643
646
647
648
649
1893
1894
1895
1896
1899
1900
1902
1903
1904
1905
1907
1908
1909
1910
1911
1912
1913
1914
1916
3275
3277
3278
3279
3281
3282
3284
3285
3286
3287
3289
3290
3291
3292
3293
3295
3296
3297
3298
4639
4641
4642
4643
4645
4646
4648
4649
4650
4651
4653
4654
4655
4656
4657
4659
4660
4661
4662
5321
5322
5323
5326
5327
5328
5329
5330
5331
5332
5334
5335
5336
5337
5338
5429
5431
5432
5433
5435
5436
5437
5438
5439
5440
5442
5443
5444
5445
5446
5447
5448
5449
5451
5541
5542
5543
5545
5547
5549
5550
5551
5552
5554
5555
5556
5557
5558
5559
5560
5561
5562
5564
5690
5691
5692
5693
5696
5698
5699
5700
5701
5703
5704
5705
5706
5707
5708
5709
5710
5711
5713
5861
5862
5863
5864
5866
5867
5868
5869
5871
5872
5873
5874
5875
5877
5879
5880
5881
5882
5883
6027
6028
6029
6030
6031
6033
6034
6035
6036
6037
6038
6039
6040
6041
6042
6043
6044
6045
6046
6047
6048
6049
6050
6708
6709
6710
6711
6713
6714
6715
6716
6717
6718
6719
6720
6721
6722
6723
6724
6725
6726
6727
6816
6817
6818
6819
6820
6822
6823
6824
6825
6826
6827
6828
6829
6830
6831
6832
6833
6834
6835
6836
6837
6838
6839
6929
6930
6931
6932
6933
6935
6936
6937
6938
6939
6940
6941
6942
6943
6944
6945
6946
6947
6948
6949
6950
6951
6952
7078
7079
7080
7081
7082
7084
7085
7086
7087
7088
7089
7090
7091
7092
7093
7094
7095
7096
7097
7098
7099
7100
7101
7248
7249
7250
7251
7252
7254
7255
7256
7257
7258
7259
7260
7261
7262
7263
7264
7265
7266
7267
7268
7269
7270
7271
7415
7416
7417
7418
7419
7421
7422
7423
7424
7425
7426
7427
7428
7429
7430
7431
7432
7433
7434
7435
7436
7437
7438
8803
8805
8806
8807
8809
8810
8811
8812
8813
8815
8816
8817
8818
8819
8821
8823
8824
8825
8826
10209
10210
10211
10212
10215
10216
10218
10219
10220
10221
10223
10224
10225
10226
10227
10228
10229
10230
10232
11519
11520
11521
11522
11525
11526
11528
11529
11530
11531
11533
11534
11535
11536
11537
11539
11540
11541
11542
12709
12711
12712
12713
12715
12716
12717
12718
12719
12722
12723
12724
12725
12726
12727
12729
12730
12731
12732
13551
13552
13554
13555
13556
13557
13559
13560
13562
13563
13564
13566
13567
13569
13570
13572
13573
13575
13576
13577
13578
13580
13581
13583
13584
13586
13587
13589
13590
13592
13593
13594
13596
13597
13598
13599
13601
13602
13604
13605
13607
13608
13610
13611
13613
13614
13615
13616
13617
13618
13621
13622
13623
13625
13626
13627
13630
13983
13984
13986
13987
13989
13991
13992
13993
13996
13997
13999
14000
14001
14004
14006
14007
14008
14010
14011
14012
14013
14016
14017
14019
14020
14021
14024
14025
14027
14028
14136
14137
14138
14139
14141
14143
14144
14145
14147
14148
14149
14150
14151
14154
14156
14157
14158
14159
14160
14161
14162
14165
14166
14167
14168
14169
14171
14172
14174
14175
14328
14329
14330
14331
14333
14335
14336
14337
14339
14340
14341
14342
14343
14346
14348
14349
14350
14351
14352
14353
14354
14357
14358
14359
14360
14361
14363
14364
14366
14367
14391
14392
14393
14394
14396
14397
14398
14399
14400
14402
14403
14404
14405
14406
14408
14409
14410
14411
14412
14413
14415
14416
14418
14419
14420
14422
14423
14424
14425
14426
14427
14428
14429
14430
14431
14432
14433
14434
14435
14436
14437
14439
14440
14442
14443
14446
14447
14448
14449
14451
14452
14453
14454
14455
14457
14458
14460
14461
14463
14464
14465
14468
14469
14470
14471
14472
14474
14475
14476
14477
14478
14479
14481
14482
14484
14485
14486
14489
14490
14492
14493
14494
14495
14497
14498
14499
14500
14501
14502
14503
14505
14506
14507
14508
14509
14511
14512
14514
14515
14516
14519
14520
14521
14522
14523
14525
14526
14527
14528
14529
14530
14532
14533
14535
14536
14539
14540
14542
14543
14544
14546
14547
14548
14549
14550
14551
14553
14554
14555
14556
14557
14559
14560
14562
14563
14564
14567
14568
14569
14570
14571
14573
14574
14575
14576
14577
14578
14580
14581
14582
14583
14585
14586
14587
14588
14589
14591
14592
14593
14594
14595
14596
14598
14599
14600
14601
14602
14604
14605
14606
14608
14609
14610
14612
14613
14614
14615
14616
14617
14618
14619
14620
14621
14622
14623
14624
14625
14626
14628
14629
14630
14632
14633
14634
14636
14637
14638
14639
14640
14641
14642
14643
14644
14645
14646
14647
14648
14649
14650
14651
14652
14653
14654
14656
14657
14658
14659
14661
14662
14663
14664
14665
14688
14689
14690
14691
14693
14694
14696
14697
14699
14700
14701
14702
14703
14706
14707
14709
14710
14711
14712
14713
14714
14717
14718
14719
14720
14721
14723
14724
14725
14727
14751
14752
14753
14754
14756
14757
14758
14759
14760
14762
14764
14765
14767
14770
14771
14772
14773
14774
14775
14776
14777
14778
14780
14781
14782
14783
14786
14788
14789
14791
14814
14815
14816
14817
14818
14820
14822
14823
14824
14825
14827
14828
14829
14830
14831
14833
14836
14837
14838
14839
14840
14841
14842
14843
14844
14847
14848
14849
14850
14851
14852
14853
14855
14856
14857
14859
15168
15169
15170
15171
15173
15174
15176
15177
15179
15180
15181
15182
15184
15186
15188
15189
15190
15191
15193
15194
15195
15196
15197
15198
15200
15201
15203
15204
15206
15207
15209
15210
15212
15213
15214
15215
15217
15218
15219
15220
15221
15222
15224
15225
15227
15228
15230
15231
15233
15234
15236
15237
15238
15239
15240
15241
15244
15245
15246
15247
15249
15250
15252
15294
15295
15297
15298
15300
15302
15303
15304
15307
15308
15310
15311
15313
15316
15317
15318
15319
15321
15322
15323
15324
15327
15328
15330
15331
15332
15335
15336
15338
15339
15405
15406
15408
15409
15411
15413
15414
15415
15418
15419
15421
15422
15424
15427
15428
15429
15430
15431
15432
15433
15434
15437
15438
15439
15440
15441
15443
15444
15446
15447
15900
15901
15903
15904
15905
15906
15908
15909
15911
15912
15914
15916
15918
15919
15920
15922
15923
15924
15925
15926
15928
15929
15930
15932
15933
15935
15937
15939
15940
15941
15942
15943
15944
15945
15946
15947
15949
15950
15951
15952
15953
15955
15957
15958
15959
15960
15961
15964
15965
15966
15968
16440
16441
16442
16443
16444
16445
16446
16447
16448
16450
16451
16452
16453
16454
16455
16456
16458
16459
16461
16462
16463
16464
16465
16466
16467
16468
16470
16471
16472
16473
16474
16475
16477
16512
16513
16514
16515
16516
16517
16518
16519
16520
16521
16522
16523
16524
16525
16526
16527
16528
16529
16530
16531
16532
16533
16534
16535
16537
16538
16539
16540
16541
16542
16544
16545
16546
16547
16549
16550
16551
16552
16553
16554
16556
16557
16558
16559
16560
16562
16563
16564
16565
16567
16568
16569
16570
16571
16572
16573
16574
16575
16576
16578
16579
16580
16581
16582
16583
16585
16586
16587
16588
16590
16591
16592
16593
16595
16596
16597
16598
16599
16601
16602
16603
16604
16606
16607
16608
16609
16610
16611
16612
16613
16614
16616
16617
16618
16619
16621
16622
16623
16624
16626
16627
16628
16629
16631
16632
16633
16634
16636
16637
16638
16640
16641
16642
16643
16644
16645
16646
16648
16649
16650
16651
16653
16654
16656
16657
16658
16659
16660
16661
16662
16664
16665
16666
16667
16668
16669
16670
16672
16674
16675
16676
16677
16678
16679
16681
16682
16683
16684
16685
16686
16824
16825
16826
16827
16828
16829
16830
16831
16832
16833
16834
16835
16836
16837
16838
16839
16840
16841
16843
16844
16845
16846
16848
16849
18327
18328
18329
18330
18331
18332
18334
18335
18336
18337
18338
18339
18341
18342
18344
18345
18346
18347
18348
18349
18351
18352
18353
18354
18355
18357
18359
19671
19672
19673
19674
19675
19676
19678
19679
19680
19681
19682
19683
19685
19686
19688
19689
19690
19691
19692
19693
19695
19696
19697
19698
19699
19701
19703
21144
21145
21146
21147
21148
21149
21151
21152
21153
21154
21155
21157
21159
21160
21161
21162
21163
21165
21166
21167
21168
21813
21814
21815
21816
21817
21818
21819
21820
21821
21822
21823
21824
21864
21865
21866
21867
21868
21869
21870
21871
21872
21873
21874
21875
21876
21877
21878
21879
21880
21881
21882
21883
21884
21885
21886
21887
21888
21889
21890
21891
21892
21893
21894
21895
21896
21897
21898
21899
21900
21901
21902
21903
21904
21905
21906
21907
21908
21945
21946
21947
21948
21949
21950
21951
21952
21953
21954
21955
21956
21957
21958
21959
21960
21961
21962
21963
21964
21965
21966
21967
21968
21969
21970
21971
21972
21973
21974
21975
21976
21977
22014
22015
22016
22017
22018
22019
22020
22021
22022
22023
22024
22025
22026
22027
22028
22029
22030
22031
22032
22033
22034
22035
22036
22037
22038
22039
22040
23397
23398
23399
23400
23401
23402
23403
23404
23405
23406
23407
23409
23410
23412
23413
23415
23416
23417
23418
23419
23420
23421
23422
23423
23425
23426
23428
23460
23461
23462
23463
23464
23465
23466
23467
23468
23469
23470
23472
23473
23475
23476
23478
23479
23480
23481
23482
23483
23484
23485
23486
23488
23489
23491
23523
23524
23525
23526
23527
23528
23529
23530
23531
23532
23533
23535
23536
23538
23539
23541
23542
23543
23544
23545
23546
23547
23548
23549
23551
23552
23554
23799
23800
23801
23802
23803
23804
23805
23806
23807
23808
23810
23812
23814
23815
23816
23817
23818
23819
23820
23821
23823
27057
27058
27059
27060
27061
27062
27064
27065
27066
27067
27068
27069
27071
27072
27074
27075
27076
27077
27078
27079
27081
27082
27083
27084
27085
27087
27089
28395
28396
28397
28398
28399
28400
28402
28403
28404
28405
28406
28408
28410
28411
28412
28413
28414
28416
28417
28418
28419
30619
30620
30629
30630
30639
30640
30649
30650
30788
30789
30790
30791
30792
30793
30803
30804
30805
30809
30810
30811
30812
30813
30814
30818
30819
30820
30827
30828
30829
30836
30837
30838
30992
31002
31012
31022
31196
31197
31198
31199
31200
31201
31202
31203
31204
31208
31209
31210
31562
31572
31582
31592
31778
31779
31780
31784
31785
31786
31793
31794
31795
31799
31800
31801
-779
-784
-789
-794
-2072
-2080
-2085
-2090
-3454
-3462
-3467
-3472
-4818
-4826
-4831
-4836
-6206
-6212
-6218
-6224
-7594
-7601
-7606
-7612
-8983
-8988
-8994
-9000
-10389
-10396
-10401
-10406
-11699
-11706
-11711
-11716
-12889
-12894
-12900
-12906
13558
13568
13571
13579
13588
13591
13600
13609
13612
13620
13628
13631
13990
14002
14005
14014
14026
14029
14142
14152
14155
14163
14173
14176
14334
14344
14347
14355
14365
14368
14695
14704
14708
14715
14726
14728
14821
14832
14835
14845
14858
14860
15175
15183
15187
15199
15208
15211
15223
15232
15235
15242
15251
15253
15301
15312
15315
15325
15337
15340
15412
15423
15426
15435
15445
15448
15907
15915
15917
15927
15936
15938
15948
15954
15956
15963
15969
15971
16449
16457
16460
16469
16476
16478
16663
16671
16673
16680
16687
16688
18333
18340
18343
18350
18356
18358
19677
19684
19687
19694
19700
19702
21150
21156
21158
21164
21169
21170
27063
27070
27073
27080
27086
27088
28401
28407
28409
28415
28420
28421
-650
-1918
-3299
-4663
-6051
-7439
-8827
-10233
-11543
-12734
13619
13624
13629
14015
14023
14030
14164
14170
14177
14356
14362
14369
14716
14722
14729
14846
14854
14861
15243
15248
15254
15326
15334
15341
15436
15442
15449
15962
15967
15970
630
1898
3280
4644
6032
7420
8808
10214
11524
12710
-13536
-13542
-13548
13988
13995
14003
14140
14146
14153
14332
14338
14345
14692
14698
14705
14819
14826
14834
15172
15178
15185
15299
15306
15314
15410
15417
15425
-15887
-15894
-15898
634
639
644
645
1897
1901
1906
1915
3276
3283
3288
3294
4640
4647
4652
4658
5320
5324
5325
5333
5339
-5340
5428
5430
5434
5441
5450
-5452
5544
5546
5548
5553
5563
-5565
5694
5695
5697
5702
5712
-5714
5860
5865
5870
5876
5878
-5884
6712
-6728
6821
-6840
6934
-6953
7083
-7102
7253
-7272
-8096
-8105
-8110
-8111
-8208
-8212
-8217
-8226
-8321
-8324
-8329
-8339
-8470
-8473
-8478
-8488
-8640
-8643
-8648
-8658
8804
8814
8820
8822
10213
10217
10222
10231
11523
11527
11532
11538
12714
12720
12721
12728
-13263
-13272
-13275
13553
13561
13565
13574
13582
13585
13595
13603
13606
13985
13994
13998
14009
14018
14022
-14075
-14085
-14088
-14099
-14109
-14112
-14212
-14215
-14219
-14231
-14234
-14237
-14251
-14254
-14258
-14266
-14273
-14277
-14278
-14280
-14281
-14290
-14297
-14301
-14302
-14304
-14305
14395
14401
14407
14414
14417
14421
14438
14441
14444
14445
14450
14456
14459
14462
14466
14467
14473
14480
14483
14487
14488
14491
14496
14504
14510
14513
14517
14518
14524
14531
14534
14537
14538
14541
14545
14552
14558
14561
14565
14566
14572
14579
14584
14590
14597
14603
14607
14611
14627
14631
14635
14655
14660
14666
14755
14761
14763
14766
14768
14769
14779
14784
14785
14787
14790
14792
-14924
-14927
-14930
-14942
-14945
-14948
-14975
-14978
-14982
-14996
-14999
-15003
-15017
-15020
-15024
-15038
-15041
-15045
-15059
-15062
-15066
-15080
-15083
-15087
-15101
-15104
-15107
-15108
-15117
-15120
-15125
-15128
-15131
-15132
-15141
-15144
15192
15202
15205
15216
15226
15229
15296
15305
15309
15320
15329
15333
-15368
-15378
-15381
15407
15416
15420
-15477
-15485
-15488
-15495
-15501
-15503
15902
15910
15913
15921
15931
15934
16536
16543
16548
16555
16561
16566
16577
16584
16589
16594
16600
16605
16615
16620
16625
16630
16635
16639
16647
16652
16655
16842
16847
16850
-17844
-17851
-17854
-17862
-17869
-17872
-19203
-19210
-19213
-19220
-19226
-19228
-20339
-20342
-20345
-20355
-20358
-20360
-20372
-20375
-20378
-20388
-20391
-20393
-20420
-20423
-20426
-20436
-20439
-20441
-20679
-20685
-20687
-20693
-20698
-20699
-21850
-21856
-21861
23408
23411
23414
23424
23427
23429
23471
23474
23477
23487
23490
23492
23534
23537
23540
23550
23553
23555
23809
23811
23813
23822
23824
23825
-26571
-26578
-26581
-26589
-26596
-26599
-27984
-27991
-27994
-28001
-28006
-28007
)


// ************************************************************************* //
