/*--------------------------------*- C++ -*----------------------------------*\
| =========                 |                                                 |
| \\      /  F ield         | OpenFOAM: The Open Source CFD Toolbox           |
|  \\    /   O peration     | Version:  v2012                                 |
|   \\  /    A nd           | Website:  www.openfoam.com                      |
|    \\/     M anipulation  |                                                 |
\*---------------------------------------------------------------------------*/
FoamFile
{
    version     2.0;
    format      ascii;
    class       faceList;
    location    "constant/heater/polyMesh";
    object      faces;
}
// * * * * * * * * * * * * * * * * * * * * * * * * * * * * * * * * * * * * * //


2256
(
4(572 225 775 185)
4(775 226 576 185)
4(576 227 572 185)
4(1 230 577 229)
4(573 228 776 186)
4(776 229 577 186)
4(577 230 573 186)
4(2 233 580 232)
4(574 231 777 187)
4(777 232 580 187)
4(580 233 574 187)
4(3 236 583 235)
4(575 234 778 188)
4(778 235 583 188)
4(583 236 575 188)
4(10 249 579 248)
4(589 248 579 189)
4(579 249 591 189)
4(591 250 589 189)
4(11 252 582 251)
4(11 253 592 252)
4(945 251 582 865)
4(582 252 592 865)
4(592 253 945 865)
4(12 255 585 254)
4(12 891 947 255)
4(946 254 585 866)
4(585 255 947 866)
4(947 891 946 866)
4(13 257 588 256)
4(590 256 588 190)
4(588 257 595 190)
4(595 258 590 190)
4(13 258 595 257)
4(20 270 594 269)
4(599 269 594 191)
4(594 270 601 191)
4(601 271 599 191)
4(21 273 602 272)
4(21 272 949 893)
4(952 893 949 867)
4(949 272 602 867)
4(602 273 952 867)
4(22 895 951 894)
4(22 896 954 895)
4(953 894 951 868)
4(951 895 954 868)
4(954 896 953 868)
4(23 275 598 274)
4(600 274 598 192)
4(598 275 605 192)
4(605 276 600 192)
4(23 276 605 275)
4(30 286 604 285)
4(619 285 604 193)
4(604 286 625 193)
4(625 287 619 193)
4(31 289 626 288)
4(31 288 956 900)
4(965 900 956 869)
4(956 288 626 869)
4(626 289 965 869)
4(32 902 958 901)
4(32 903 967 902)
4(966 901 958 870)
4(958 902 967 870)
4(967 903 966 870)
4(33 291 608 290)
4(623 290 608 194)
4(608 291 629 194)
4(629 292 623 194)
4(33 292 629 291)
4(770 301 609 195)
4(609 302 633 195)
4(633 303 770 195)
4(41 306 634 305)
4(1016 304 610 871)
4(610 305 634 871)
4(634 306 1016 871)
4(772 307 611 196)
4(611 308 637 196)
4(637 309 772 196)
4(42 309 637 308)
4(43 312 638 311)
4(773 310 612 197)
4(612 311 638 197)
4(638 312 773 197)
4(45 315 635 317)
4(635 315 613 872)
4(613 316 971 872)
4(971 317 635 872)
4(46 318 970 320)
4(46 320 972 319)
4(970 318 959 873)
4(959 319 972 873)
4(972 320 970 873)
4(47 321 639 322)
4(47 322 973 907)
4(639 321 960 874)
4(960 907 973 874)
4(973 322 639 874)
4(48 323 642 325)
4(642 323 614 198)
4(614 324 645 198)
4(645 325 642 198)
4(48 325 645 324)
4(644 328 615 199)
4(615 329 649 199)
4(649 330 644 199)
4(50 328 644 330)
4(51 332 650 331)
4(51 908 974 332)
4(974 908 961 875)
4(961 331 650 875)
4(650 332 974 875)
4(52 909 976 911)
4(52 911 978 910)
4(976 909 962 876)
4(962 910 978 876)
4(978 911 976 876)
4(53 333 647 335)
4(647 333 616 200)
4(616 334 653 200)
4(653 335 647 200)
4(53 335 653 334)
4(55 338 651 340)
4(651 338 617 201)
4(617 339 657 201)
4(657 340 651 201)
4(56 342 658 341)
4(56 912 979 342)
4(979 912 963 877)
4(963 341 658 877)
4(658 342 979 877)
4(57 913 981 915)
4(57 915 983 914)
4(981 913 964 878)
4(964 914 983 878)
4(983 915 981 878)
4(58 343 655 345)
4(655 343 618 202)
4(618 344 662 202)
4(662 345 655 202)
4(58 345 662 344)
4(60 348 659 350)
4(659 348 620 203)
4(620 349 667 203)
4(667 350 659 203)
4(61 353 668 352)
4(661 351 621 204)
4(621 352 668 204)
4(668 353 661 204)
4(61 351 661 353)
4(62 356 671 355)
4(663 354 622 205)
4(622 355 671 205)
4(671 356 663 205)
4(62 354 663 356)
4(63 357 665 359)
4(63 359 674 358)
4(665 357 624 206)
4(624 358 674 206)
4(674 359 665 206)
4(65 363 628 362)
4(65 362 669 364)
4(669 362 628 207)
4(628 363 680 207)
4(680 364 669 207)
4(66 365 672 367)
4(66 367 681 366)
4(672 365 822 783)
4(822 366 681 783)
4(681 367 672 783)
4(66 366 822 365)
4(67 368 675 369)
4(67 369 826 795)
4(675 368 823 784)
4(823 795 826 784)
4(826 369 675 784)
4(67 795 823 368)
4(68 371 632 370)
4(68 370 678 372)
4(678 370 632 208)
4(632 371 684 208)
4(684 372 678 208)
4(68 372 684 371)
4(75 382 636 381)
4(771 381 636 209)
4(636 382 688 209)
4(688 383 771 209)
4(76 385 689 384)
4(858 799 824 785)
4(824 384 689 785)
4(689 385 858 785)
4(76 384 824 799)
4(77 387 640 386)
4(77 800 831 387)
4(864 386 640 859)
4(640 387 831 859)
4(831 800 864 859)
4(78 389 643 388)
4(774 388 643 210)
4(643 389 693 210)
4(693 390 774 210)
4(78 390 693 389)
4(80 393 690 394)
4(690 393 825 786)
4(825 801 833 786)
4(833 394 690 786)
4(80 801 825 393)
4(81 802 832 395)
4(81 395 834 803)
4(81 803 975 802)
4(832 802 975 879)
4(975 803 834 879)
4(834 395 832 879)
4(82 396 861 804)
4(82 916 977 396)
4(82 804 986 916)
4(861 396 977 880)
4(977 916 986 880)
4(986 804 861 880)
4(83 398 648 397)
4(83 397 696 399)
4(696 397 648 860)
4(648 398 862 860)
4(862 399 696 860)
4(83 399 862 398)
4(85 403 652 402)
4(85 402 835 805)
4(835 402 652 787)
4(652 403 837 787)
4(837 805 835 787)
4(86 806 838 404)
4(86 404 980 917)
4(86 917 987 806)
4(987 917 980 881)
4(980 404 838 881)
4(838 806 987 881)
4(87 919 982 918)
4(87 918 989 920)
4(87 920 991 919)
4(989 918 982 882)
4(982 919 991 882)
4(991 920 989 882)
4(88 406 656 405)
4(836 405 656 788)
4(656 406 840 788)
4(840 807 836 788)
4(88 405 836 807)
4(88 807 840 406)
4(90 409 660 408)
4(90 408 839 809)
4(839 408 660 789)
4(660 409 843 789)
4(843 809 839 789)
4(91 810 844 410)
4(91 410 984 921)
4(91 921 992 810)
4(992 921 984 883)
4(984 410 844 883)
4(844 810 992 883)
4(92 923 985 922)
4(92 922 994 924)
4(92 924 996 923)
4(994 922 985 884)
4(985 923 996 884)
4(996 924 994 884)
4(93 412 666 411)
4(93 411 842 811)
4(842 411 666 790)
4(666 412 846 790)
4(846 811 842 790)
4(93 811 846 412)
4(95 415 670 414)
4(95 414 845 813)
4(845 414 670 791)
4(670 415 849 791)
4(849 813 845 791)
4(96 417 673 416)
4(96 814 850 417)
4(96 416 997 814)
4(997 416 673 885)
4(673 417 850 885)
4(850 814 997 885)
4(97 419 676 418)
4(97 418 999 925)
4(97 925 1001 419)
4(999 418 676 886)
4(676 419 1001 886)
4(1001 925 999 886)
4(98 421 679 420)
4(98 420 848 815)
4(848 420 679 792)
4(679 421 852 792)
4(852 815 848 792)
4(98 815 852 421)
4(100 424 683 423)
4(704 423 683 211)
4(683 424 708 211)
4(708 425 704 211)
4(100 423 704 425)
4(101 428 709 427)
4(101 427 828 426)
4(851 426 828 793)
4(828 427 709 793)
4(709 428 851 793)
4(101 426 851 428)
4(102 817 830 429)
4(102 818 855 817)
4(853 429 830 794)
4(830 817 855 794)
4(855 818 853 794)
4(102 429 853 818)
4(103 431 687 430)
4(706 430 687 212)
4(687 431 713 212)
4(713 432 706 212)
4(103 430 706 432)
4(103 432 713 431)
4(135 477 711 476)
4(718 476 711 213)
4(711 477 722 213)
4(722 478 718 213)
4(136 481 723 480)
4(719 479 712 214)
4(712 480 723 214)
4(723 481 719 214)
4(136 480 712 479)
4(137 484 726 483)
4(720 482 714 215)
4(714 483 726 215)
4(726 484 720 215)
4(137 483 714 482)
4(138 486 717 485)
4(138 487 729 486)
4(721 485 717 216)
4(717 486 729 216)
4(729 487 721 216)
4(145 500 725 499)
4(735 499 725 217)
4(725 500 737 217)
4(737 501 735 217)
4(146 503 728 502)
4(146 504 738 503)
4(1004 502 728 887)
4(728 503 738 887)
4(738 504 1004 887)
4(147 506 731 505)
4(147 936 1006 506)
4(1005 505 731 888)
4(731 506 1006 888)
4(1006 936 1005 888)
4(148 508 734 507)
4(736 507 734 218)
4(734 508 741 218)
4(741 509 736 218)
4(148 509 741 508)
4(155 521 740 520)
4(745 520 740 219)
4(740 521 747 219)
4(747 522 745 219)
4(156 524 748 523)
4(156 523 1008 938)
4(1011 938 1008 889)
4(1008 523 748 889)
4(748 524 1011 889)
4(157 940 1010 939)
4(157 941 1013 940)
4(1012 939 1010 890)
4(1010 940 1013 890)
4(1013 941 1012 890)
4(158 526 744 525)
4(746 525 744 220)
4(744 526 752 220)
4(752 527 746 220)
4(158 527 752 526)
4(165 537 750 536)
4(757 536 750 221)
4(750 537 761 221)
4(761 538 757 221)
4(166 541 762 540)
4(758 539 751 222)
4(751 540 762 222)
4(762 541 758 222)
4(166 540 751 539)
4(167 544 764 543)
4(759 542 753 223)
4(753 543 764 223)
4(764 544 759 223)
4(167 543 753 542)
4(168 546 756 545)
4(168 547 766 546)
4(760 545 756 224)
4(756 546 766 224)
4(766 547 760 224)
4(775 185 577 229)
4(577 185 572 230)
4(775 239 578 185)
4(578 240 576 185)
4(578 185 577 242)
4(6 242 577 229)
4(579 248 572 185)
4(579 185 576 249)
4(579 252 577 185)
4(11 230 577 252)
4(11 252 579 248)
4(579 185 578 261)
4(15 249 579 261)
4(16 252 577 242)
4(16 261 579 252)
4(776 186 580 232)
4(580 186 573 233)
4(776 241 581 186)
4(581 242 577 186)
4(581 186 580 244)
4(7 244 580 232)
4(582 251 573 186)
4(582 186 577 252)
4(582 255 580 186)
4(12 233 580 255)
4(12 255 582 251)
4(582 186 581 263)
4(16 252 582 263)
4(17 255 580 244)
4(17 263 582 255)
4(777 187 583 235)
4(583 187 574 236)
4(777 243 584 187)
4(584 244 580 187)
4(584 187 583 246)
4(8 246 583 235)
4(585 254 574 187)
4(585 187 580 255)
4(585 257 583 187)
4(13 236 583 257)
4(13 257 585 254)
4(585 187 584 265)
4(17 255 585 265)
4(18 257 583 246)
4(18 265 585 257)
4(778 188 586 237)
4(586 188 575 238)
4(778 245 587 188)
4(587 246 583 188)
4(587 188 586 247)
4(588 256 575 188)
4(588 188 583 257)
4(588 259 586 188)
4(14 259 588 256)
4(588 188 587 266)
4(18 257 588 266)
4(19 266 588 259)
4(592 252 579 189)
4(592 189 589 253)
4(593 189 579 261)
4(593 262 591 189)
4(593 189 592 264)
4(16 264 592 252)
4(594 269 589 189)
4(594 189 591 270)
4(594 272 592 189)
4(21 272 594 269)
4(21 253 592 272)
4(594 189 593 279)
4(25 270 594 279)
4(26 279 594 272)
4(26 272 592 264)
4(596 259 588 190)
4(596 190 590 260)
4(597 190 588 266)
4(597 267 595 190)
4(18 257 595 267)
4(597 190 596 268)
4(598 274 590 190)
4(598 190 595 275)
4(23 275 595 258)
4(598 277 596 190)
4(24 277 598 274)
4(598 190 597 282)
4(28 275 598 282)
4(28 267 595 275)
4(29 282 598 277)
4(602 272 594 191)
4(602 191 599 273)
4(603 191 594 279)
4(603 280 601 191)
4(603 191 602 281)
4(26 281 602 272)
4(604 285 599 191)
4(604 191 601 286)
4(604 288 602 191)
4(31 288 604 285)
4(31 273 602 288)
4(604 191 603 295)
4(35 286 604 295)
4(36 295 604 288)
4(36 288 602 281)
4(606 277 598 192)
4(606 192 600 278)
4(607 192 598 282)
4(607 283 605 192)
4(28 275 605 283)
4(607 192 606 284)
4(608 290 600 192)
4(608 192 605 291)
4(33 291 605 276)
4(608 293 606 192)
4(34 293 608 290)
4(608 192 607 298)
4(38 291 608 298)
4(38 283 605 291)
4(39 298 608 293)
4(626 288 604 193)
4(626 193 619 289)
4(627 193 604 295)
4(627 296 625 193)
4(627 193 626 297)
4(36 297 626 288)
4(628 362 619 193)
4(628 193 625 363)
4(628 366 626 193)
4(66 366 628 362)
4(66 289 626 366)
4(628 193 627 375)
4(70 363 628 375)
4(71 375 628 366)
4(71 366 626 297)
4(630 293 608 194)
4(630 194 623 294)
4(631 194 608 298)
4(631 299 629 194)
4(38 291 629 299)
4(631 194 630 300)
4(632 370 623 194)
4(632 194 629 371)
4(68 371 629 292)
4(632 373 630 194)
4(69 373 632 370)
4(632 194 631 378)
4(73 371 632 378)
4(73 299 629 371)
4(74 378 632 373)
4(634 305 609 195)
4(770 306 634 195)
4(635 195 609 315)
4(635 317 633 195)
4(635 195 634 320)
4(46 320 634 305)
4(46 315 635 320)
4(770 195 636 381)
4(636 195 633 382)
4(636 384 634 195)
4(76 384 636 381)
4(76 306 634 384)
4(636 195 635 393)
4(80 382 636 393)
4(80 393 635 317)
4(81 393 636 384)
4(81 384 634 320)
4(81 320 635 393)
4(638 311 611 196)
4(772 312 638 196)
4(639 196 611 321)
4(639 322 637 196)
4(47 308 637 322)
4(639 196 638 325)
4(48 325 638 311)
4(48 321 639 325)
4(772 196 640 386)
4(640 196 637 387)
4(77 387 637 309)
4(640 389 638 196)
4(78 312 638 389)
4(78 389 640 386)
4(640 196 639 396)
4(82 387 640 396)
4(82 322 637 387)
4(82 396 639 322)
4(83 389 638 325)
4(83 396 640 389)
4(83 325 639 396)
4(641 313 612 197)
4(773 314 641 197)
4(642 197 612 323)
4(642 325 638 197)
4(642 197 641 327)
4(49 323 642 327)
4(773 197 643 388)
4(643 197 638 389)
4(643 391 641 197)
4(79 391 643 388)
4(643 197 642 397)
4(83 397 642 325)
4(83 389 643 397)
4(84 327 642 397)
4(84 397 643 391)
4(646 326 614 198)
4(646 198 642 327)
4(647 198 614 333)
4(647 335 645 198)
4(53 324 645 335)
4(647 198 646 337)
4(54 333 647 337)
4(648 397 642 198)
4(648 198 645 398)
4(83 398 645 325)
4(648 400 646 198)
4(84 400 648 397)
4(648 198 647 405)
4(88 405 647 335)
4(88 398 648 405)
4(88 335 645 398)
4(89 337 647 405)
4(89 405 648 400)
4(650 331 615 199)
4(650 199 644 332)
4(51 332 644 328)
4(651 199 615 338)
4(651 340 649 199)
4(651 199 650 342)
4(56 338 651 342)
4(56 342 650 331)
4(652 402 644 199)
4(652 199 649 403)
4(85 330 644 402)
4(652 404 650 199)
4(86 404 652 402)
4(86 402 644 332)
4(86 332 650 404)
4(652 199 651 408)
4(90 408 651 340)
4(90 403 652 408)
4(91 342 651 408)
4(91 408 652 404)
4(91 404 650 342)
4(654 336 616 200)
4(654 200 647 337)
4(655 200 616 343)
4(655 345 653 200)
4(58 334 653 345)
4(655 200 654 347)
4(59 343 655 347)
4(656 405 647 200)
4(656 200 653 406)
4(88 406 653 335)
4(656 407 654 200)
4(89 407 656 405)
4(656 200 655 411)
4(93 411 655 345)
4(93 406 656 411)
4(93 345 653 406)
4(94 347 655 411)
4(94 411 656 407)
4(658 341 617 201)
4(658 201 651 342)
4(659 201 617 348)
4(659 350 657 201)
4(659 201 658 353)
4(61 348 659 353)
4(61 353 658 341)
4(660 408 651 201)
4(660 201 657 409)
4(660 410 658 201)
4(91 410 660 408)
4(91 342 658 410)
4(660 201 659 414)
4(95 414 659 350)
4(95 409 660 414)
4(96 353 659 414)
4(96 414 660 410)
4(96 410 658 353)
4(664 346 618 202)
4(664 202 655 347)
4(665 202 618 357)
4(665 359 662 202)
4(63 344 662 359)
4(665 202 664 361)
4(64 357 665 361)
4(666 411 655 202)
4(666 202 662 412)
4(93 412 662 345)
4(666 413 664 202)
4(94 413 666 411)
4(666 202 665 420)
4(98 420 665 359)
4(98 412 666 420)
4(98 359 662 412)
4(99 361 665 420)
4(99 420 666 413)
4(668 352 620 203)
4(668 203 659 353)
4(669 203 620 362)
4(669 364 667 203)
4(669 203 668 367)
4(66 367 668 352)
4(66 362 669 367)
4(670 414 659 203)
4(670 203 667 415)
4(670 417 668 203)
4(96 353 668 417)
4(96 417 670 414)
4(670 203 669 423)
4(100 423 669 364)
4(100 415 670 423)
4(101 417 668 367)
4(101 367 669 423)
4(101 423 670 417)
4(671 355 621 204)
4(671 204 661 356)
4(62 356 661 351)
4(672 204 621 365)
4(672 367 668 204)
4(672 204 671 369)
4(67 369 671 355)
4(67 365 672 369)
4(673 416 661 204)
4(673 204 668 417)
4(96 353 661 416)
4(673 419 671 204)
4(97 356 671 419)
4(97 416 661 356)
4(97 419 673 416)
4(673 204 672 426)
4(101 426 672 367)
4(101 417 673 426)
4(102 419 671 369)
4(102 369 672 426)
4(102 426 673 419)
4(674 358 622 205)
4(674 205 663 359)
4(63 359 663 354)
4(675 205 622 368)
4(675 369 671 205)
4(675 205 674 372)
4(68 372 674 358)
4(68 368 675 372)
4(676 418 663 205)
4(676 205 671 419)
4(97 356 663 418)
4(676 421 674 205)
4(98 359 674 421)
4(98 418 663 359)
4(98 421 676 418)
4(676 205 675 429)
4(102 429 675 369)
4(102 419 676 429)
4(103 421 674 372)
4(103 372 675 429)
4(103 429 676 421)
4(677 360 624 206)
4(677 206 665 361)
4(678 206 624 370)
4(678 372 674 206)
4(678 206 677 374)
4(69 370 678 374)
4(679 420 665 206)
4(679 206 674 421)
4(679 422 677 206)
4(99 422 679 420)
4(679 206 678 430)
4(103 430 678 372)
4(103 421 679 430)
4(104 374 678 430)
4(104 430 679 422)
4(681 366 628 207)
4(681 207 669 367)
4(682 207 628 375)
4(682 376 680 207)
4(682 207 681 377)
4(71 377 681 366)
4(683 423 669 207)
4(683 207 680 424)
4(683 427 681 207)
4(101 427 683 423)
4(101 367 681 427)
4(683 207 682 435)
4(105 424 683 435)
4(106 435 683 427)
4(106 427 681 377)
4(685 373 632 208)
4(685 208 678 374)
4(686 208 632 378)
4(686 379 684 208)
4(73 371 684 379)
4(686 208 685 380)
4(687 430 678 208)
4(687 208 684 431)
4(103 431 684 372)
4(687 433 685 208)
4(104 433 687 430)
4(687 208 686 438)
4(108 431 687 438)
4(108 379 684 431)
4(109 438 687 433)
4(689 384 636 209)
4(771 385 689 209)
4(690 209 636 393)
4(690 394 688 209)
4(690 209 689 395)
4(81 395 689 384)
4(81 393 690 395)
4(771 209 691 441)
4(691 209 688 442)
4(691 444 689 209)
4(111 385 689 444)
4(691 209 690 450)
4(115 450 690 394)
4(116 444 689 395)
4(116 395 690 450)
4(695 391 643 210)
4(774 392 695 210)
4(696 210 643 397)
4(696 399 693 210)
4(83 389 693 399)
4(696 210 695 401)
4(84 397 696 401)
4(774 210 697 447)
4(697 210 693 448)
4(113 448 693 390)
4(697 449 695 210)
4(697 210 696 455)
4(118 399 693 448)
4(118 455 696 399)
4(119 401 696 455)
4(709 427 683 211)
4(709 211 704 428)
4(101 428 704 423)
4(710 211 683 435)
4(710 436 708 211)
4(710 211 709 437)
4(106 437 709 427)
4(711 476 704 211)
4(711 211 708 477)
4(135 425 704 476)
4(711 480 709 211)
4(136 480 711 476)
4(136 476 704 428)
4(136 428 709 480)
4(711 211 710 490)
4(140 477 711 490)
4(141 490 711 480)
4(141 480 709 437)
4(715 433 687 212)
4(715 212 706 434)
4(104 434 706 430)
4(716 212 687 438)
4(716 439 713 212)
4(108 431 713 439)
4(716 212 715 440)
4(717 485 706 212)
4(717 212 713 486)
4(138 432 706 485)
4(138 486 713 432)
4(717 488 715 212)
4(139 488 717 485)
4(139 485 706 434)
4(717 212 716 496)
4(143 486 717 496)
4(143 439 713 486)
4(144 496 717 488)
4(723 480 711 213)
4(723 213 718 481)
4(724 213 711 490)
4(724 491 722 213)
4(724 213 723 493)
4(141 493 723 480)
4(725 499 718 213)
4(725 213 722 500)
4(725 503 723 213)
4(146 481 723 503)
4(146 503 725 499)
4(725 213 724 512)
4(150 500 725 512)
4(151 503 723 493)
4(151 512 725 503)
4(726 483 712 214)
4(726 214 719 484)
4(137 479 712 483)
4(727 214 712 492)
4(727 493 723 214)
4(141 492 712 480)
4(727 214 726 495)
4(142 495 726 483)
4(142 483 712 492)
4(728 502 719 214)
4(728 214 723 503)
4(728 506 726 214)
4(147 484 726 506)
4(147 506 728 502)
4(728 214 727 514)
4(151 503 728 514)
4(152 506 726 495)
4(152 514 728 506)
4(729 486 714 215)
4(729 215 720 487)
4(138 482 714 486)
4(730 215 714 494)
4(730 495 726 215)
4(142 494 714 483)
4(730 215 729 497)
4(143 497 729 486)
4(143 486 714 494)
4(731 505 720 215)
4(731 215 726 506)
4(731 508 729 215)
4(148 487 729 508)
4(148 508 731 505)
4(731 215 730 516)
4(152 506 731 516)
4(153 508 729 497)
4(153 516 731 508)
4(732 488 717 216)
4(732 216 721 489)
4(733 216 717 496)
4(733 497 729 216)
4(733 216 732 498)
4(734 507 721 216)
4(734 216 729 508)
4(734 510 732 216)
4(149 510 734 507)
4(734 216 733 517)
4(153 508 734 517)
4(154 517 734 510)
4(738 503 725 217)
4(738 217 735 504)
4(739 217 725 512)
4(739 513 737 217)
4(739 217 738 515)
4(151 515 738 503)
4(740 520 735 217)
4(740 217 737 521)
4(740 523 738 217)
4(156 523 740 520)
4(156 504 738 523)
4(740 217 739 530)
4(160 521 740 530)
4(161 530 740 523)
4(161 523 738 515)
4(742 510 734 218)
4(742 218 736 511)
4(743 218 734 517)
4(743 518 741 218)
4(153 508 741 518)
4(743 218 742 519)
4(744 525 736 218)
4(744 218 741 526)
4(158 526 741 509)
4(744 528 742 218)
4(159 528 744 525)
4(744 218 743 533)
4(163 526 744 533)
4(163 518 741 526)
4(164 533 744 528)
4(748 523 740 219)
4(748 219 745 524)
4(749 219 740 530)
4(749 531 747 219)
4(749 219 748 532)
4(161 532 748 523)
4(750 536 745 219)
4(750 219 747 537)
4(750 540 748 219)
4(166 540 750 536)
4(166 524 748 540)
4(750 219 749 550)
4(170 537 750 550)
4(171 550 750 540)
4(171 540 748 532)
4(754 528 744 220)
4(754 220 746 529)
4(755 220 744 533)
4(755 534 752 220)
4(163 526 752 534)
4(755 220 754 535)
4(756 545 746 220)
4(756 220 752 546)
4(168 546 752 527)
4(756 548 754 220)
4(169 548 756 545)
4(756 220 755 556)
4(173 546 756 556)
4(173 534 752 546)
4(174 556 756 548)
4(762 540 750 221)
4(762 221 757 541)
4(763 221 750 550)
4(763 551 761 221)
4(763 221 762 553)
4(171 553 762 540)
4(779 559 757 221)
4(779 221 761 560)
4(779 562 762 221)
4(176 541 762 562)
4(779 221 763 568)
4(181 562 762 553)
4(764 543 751 222)
4(764 222 758 544)
4(167 539 751 543)
4(765 222 751 552)
4(765 553 762 222)
4(171 552 751 540)
4(765 222 764 555)
4(172 555 764 543)
4(172 543 751 552)
4(780 561 758 222)
4(780 222 762 562)
4(780 564 764 222)
4(177 544 764 564)
4(780 222 765 569)
4(182 564 764 555)
4(766 546 753 223)
4(766 223 759 547)
4(168 542 753 546)
4(767 223 753 554)
4(767 555 764 223)
4(172 554 753 543)
4(767 223 766 557)
4(173 557 766 546)
4(173 546 753 554)
4(781 563 759 223)
4(781 223 764 564)
4(781 566 766 223)
4(178 547 766 566)
4(781 223 767 570)
4(183 566 766 557)
4(768 548 756 224)
4(768 224 760 549)
4(769 224 756 556)
4(769 557 766 224)
4(769 224 768 558)
4(782 565 760 224)
4(782 224 766 566)
4(782 567 768 224)
4(782 224 769 571)
4(826 795 822 783)
4(672 369 826 783)
4(67 365 822 795)
4(827 783 822 796)
4(827 377 681 783)
4(71 796 822 366)
4(827 783 826 798)
4(72 798 826 795)
4(72 795 822 796)
4(828 426 672 783)
4(681 427 828 783)
4(828 817 826 783)
4(102 369 826 817)
4(102 817 828 426)
4(828 783 827 819)
4(106 427 828 819)
4(107 817 826 798)
4(107 819 828 817)
4(684 371 823 784)
4(684 784 675 372)
4(68 368 823 371)
4(829 784 823 797)
4(829 798 826 784)
4(72 797 823 795)
4(684 379 829 784)
4(73 371 823 797)
4(830 429 675 784)
4(830 784 826 817)
4(830 431 684 784)
4(103 431 830 429)
4(830 784 829 820)
4(107 817 830 820)
4(108 820 830 431)
4(831 387 824 785)
4(858 800 831 785)
4(77 799 824 387)
4(832 785 824 802)
4(832 395 689 785)
4(81 802 824 384)
4(832 785 831 804)
4(82 804 831 387)
4(82 387 824 802)
4(82 802 832 804)
4(858 785 692 443)
4(692 785 689 444)
4(692 446 831 785)
4(112 800 831 446)
4(832 452 692 785)
4(116 452 832 395)
4(117 446 831 804)
4(117 804 832 452)
4(834 803 825 786)
4(690 395 834 786)
4(81 393 825 803)
4(835 786 825 402)
4(835 805 833 786)
4(85 402 825 801)
4(835 786 834 806)
4(86 402 835 806)
4(86 803 825 402)
4(86 806 834 803)
4(690 786 698 450)
4(698 786 833 451)
4(698 453 834 786)
4(116 395 834 453)
4(835 458 698 786)
4(120 458 835 805)
4(121 806 835 458)
4(121 453 834 806)
4(838 404 652 787)
4(838 787 835 806)
4(652 408 839 787)
4(839 809 837 787)
4(839 787 838 810)
4(91 408 839 810)
4(91 810 838 404)
4(700 458 835 787)
4(700 787 837 459)
4(700 460 838 787)
4(121 806 838 460)
4(839 464 700 787)
4(125 464 839 809)
4(126 810 839 464)
4(126 460 838 810)
4(841 407 656 788)
4(841 788 836 808)
4(89 808 836 405)
4(656 411 842 788)
4(842 811 840 788)
4(93 406 840 811)
4(842 788 841 812)
4(94 411 842 812)
4(701 461 836 788)
4(701 788 840 462)
4(123 807 836 461)
4(123 462 840 807)
4(701 463 841 788)
4(124 461 836 808)
4(842 467 701 788)
4(128 467 842 811)
4(128 811 840 462)
4(129 812 842 467)
4(844 410 660 789)
4(844 789 839 810)
4(660 414 845 789)
4(845 813 843 789)
4(845 789 844 814)
4(96 414 845 814)
4(96 814 844 410)
4(702 464 839 789)
4(702 789 843 465)
4(702 466 844 789)
4(126 810 844 466)
4(845 470 702 789)
4(130 470 845 813)
4(131 814 845 470)
4(131 466 844 814)
4(847 413 666 790)
4(847 790 842 812)
4(666 420 848 790)
4(848 815 846 790)
4(98 412 846 815)
4(848 790 847 816)
4(99 420 848 816)
4(703 467 842 790)
4(703 790 846 468)
4(128 468 846 811)
4(703 469 847 790)
4(848 473 703 790)
4(133 473 848 815)
4(133 815 846 468)
4(134 816 848 473)
4(850 417 670 791)
4(850 791 845 814)
4(704 791 670 423)
4(704 425 849 791)
4(850 428 704 791)
4(101 428 850 417)
4(705 470 845 791)
4(705 791 849 471)
4(705 472 850 791)
4(131 814 850 472)
4(704 476 705 791)
4(136 472 850 428)
4(854 422 679 792)
4(854 792 848 816)
4(706 792 679 430)
4(706 432 852 792)
4(103 421 852 432)
4(854 434 706 792)
4(707 473 848 792)
4(707 792 852 474)
4(133 474 852 815)
4(707 475 854 792)
4(706 485 707 792)
4(138 432 852 474)
4(855 817 828 793)
4(855 793 851 818)
4(102 818 851 426)
4(856 793 828 819)
4(856 437 709 793)
4(856 793 855 821)
4(107 821 855 817)
4(712 479 851 793)
4(712 793 709 480)
4(136 428 851 479)
4(712 483 855 793)
4(137 818 855 483)
4(137 479 851 818)
4(856 492 712 793)
4(142 483 855 821)
4(713 431 830 794)
4(713 794 853 432)
4(103 432 853 429)
4(857 794 830 820)
4(857 821 855 794)
4(713 439 857 794)
4(714 482 853 794)
4(714 794 855 483)
4(137 818 853 482)
4(714 486 713 794)
4(138 482 853 432)
4(857 494 714 794)
4(640 859 693 389)
4(864 390 693 859)
4(640 396 861 859)
4(861 804 831 859)
4(693 399 861 859)
4(83 396 861 399)
4(864 859 694 445)
4(831 446 694 859)
4(694 448 693 859)
4(861 454 694 859)
4(117 454 861 804)
4(118 399 861 454)
4(863 400 648 860)
4(696 401 863 860)
4(836 860 648 405)
4(836 807 862 860)
4(88 398 862 807)
4(863 808 836 860)
4(696 860 699 455)
4(699 860 862 456)
4(118 456 862 399)
4(699 457 863 860)
4(836 461 699 860)
4(123 807 862 456)
4(947 255 582 865)
4(947 865 945 891)
4(582 263 948 865)
4(948 264 592 865)
4(948 865 947 892)
4(17 892 947 255)
4(949 893 945 865)
4(592 272 949 865)
4(949 895 947 865)
4(22 891 947 895)
4(22 895 949 893)
4(949 865 948 897)
4(26 272 949 897)
4(27 895 947 892)
4(27 897 949 895)
4(585 866 595 257)
4(595 866 946 258)
4(585 265 950 866)
4(950 892 947 866)
4(595 267 950 866)
4(951 894 946 866)
4(951 866 947 895)
4(951 275 595 866)
4(23 275 951 894)
4(951 866 950 898)
4(27 895 951 898)
4(28 898 951 275)
4(954 895 949 867)
4(954 867 952 896)
4(955 867 949 897)
4(955 281 602 867)
4(955 867 954 899)
4(27 899 954 895)
4(956 900 952 867)
4(602 288 956 867)
4(956 902 954 867)
4(32 896 954 902)
4(32 902 956 900)
4(956 867 955 904)
4(36 288 956 904)
4(37 902 954 899)
4(37 904 956 902)
4(605 275 951 868)
4(605 868 953 276)
4(957 868 951 898)
4(957 899 954 868)
4(605 283 957 868)
4(958 901 953 868)
4(958 868 954 902)
4(958 291 605 868)
4(33 291 958 901)
4(958 868 957 905)
4(37 902 958 905)
4(38 905 958 291)
4(967 902 956 869)
4(967 869 965 903)
4(968 869 956 904)
4(968 297 626 869)
4(968 869 967 906)
4(37 906 967 902)
4(822 365 965 869)
4(822 869 626 366)
4(822 795 967 869)
4(67 903 967 795)
4(968 796 822 869)
4(72 795 967 906)
4(629 291 958 870)
4(629 870 966 292)
4(969 870 958 905)
4(969 906 967 870)
4(629 299 969 870)
4(823 368 966 870)
4(823 870 967 795)
4(823 371 629 870)
4(969 797 823 870)
4(610 871 637 308)
4(1016 309 637 871)
4(610 318 970 871)
4(970 320 634 871)
4(637 322 970 871)
4(47 318 970 322)
4(1016 871 824 799)
4(824 871 634 384)
4(824 387 637 871)
4(970 802 824 871)
4(81 802 970 320)
4(82 322 970 802)
4(972 319 613 872)
4(635 320 972 872)
4(644 872 613 328)
4(644 330 971 872)
4(972 332 644 872)
4(51 332 972 319)
4(635 872 825 393)
4(825 872 971 801)
4(825 803 972 872)
4(81 320 972 803)
4(644 402 825 872)
4(86 803 972 332)
4(973 907 959 873)
4(973 873 970 322)
4(974 873 959 908)
4(974 332 972 873)
4(974 873 973 911)
4(52 911 973 907)
4(52 908 974 911)
4(975 802 970 873)
4(975 873 972 803)
4(975 916 973 873)
4(82 322 973 916)
4(82 916 975 802)
4(975 873 974 917)
4(86 917 974 332)
4(86 803 975 917)
4(87 916 973 911)
4(87 911 974 917)
4(87 917 975 916)
4(645 324 960 874)
4(645 874 639 325)
4(976 874 960 909)
4(976 911 973 874)
4(645 335 976 874)
4(53 909 976 335)
4(977 396 639 874)
4(977 874 973 916)
4(977 398 645 874)
4(83 398 977 396)
4(977 874 976 918)
4(87 918 976 911)
4(87 916 977 918)
4(88 335 976 918)
4(88 918 977 398)
4(978 910 961 875)
4(978 875 974 911)
4(979 875 961 912)
4(979 342 650 875)
4(979 875 978 915)
4(57 915 978 910)
4(57 912 979 915)
4(980 917 974 875)
4(650 404 980 875)
4(980 919 978 875)
4(87 911 978 919)
4(87 919 980 917)
4(980 875 979 921)
4(91 921 979 342)
4(91 404 980 921)
4(92 919 978 915)
4(92 915 979 921)
4(92 921 980 919)
4(653 334 962 876)
4(653 876 976 335)
4(981 876 962 913)
4(981 915 978 876)
4(653 345 981 876)
4(58 913 981 345)
4(982 918 976 876)
4(982 876 978 919)
4(982 406 653 876)
4(88 406 982 918)
4(982 876 981 922)
4(92 922 981 915)
4(92 919 982 922)
4(93 345 981 922)
4(93 922 982 406)
4(983 914 963 877)
4(983 877 979 915)
4(661 877 963 351)
4(658 877 661 353)
4(983 356 661 877)
4(62 356 983 914)
4(984 921 979 877)
4(658 410 984 877)
4(984 923 983 877)
4(92 915 983 923)
4(92 923 984 921)
4(661 416 984 877)
4(96 410 984 416)
4(97 923 983 356)
4(97 416 984 923)
4(662 344 964 878)
4(662 878 981 345)
4(663 878 964 354)
4(663 356 983 878)
4(662 359 663 878)
4(985 922 981 878)
4(985 878 983 923)
4(985 412 662 878)
4(93 412 985 922)
4(663 418 985 878)
4(97 923 985 418)
4(98 418 985 412)
4(986 916 975 879)
4(832 804 986 879)
4(987 879 975 917)
4(987 806 834 879)
4(987 879 986 920)
4(87 920 986 916)
4(87 917 987 920)
4(988 452 832 879)
4(834 453 988 879)
4(988 926 986 879)
4(117 804 986 926)
4(988 879 987 927)
4(121 927 987 806)
4(122 926 986 920)
4(122 920 987 927)
4(862 398 977 880)
4(862 880 861 399)
4(989 880 977 918)
4(989 920 986 880)
4(862 807 989 880)
4(88 918 989 807)
4(990 454 861 880)
4(990 880 986 926)
4(990 456 862 880)
4(990 880 989 928)
4(122 928 989 920)
4(123 807 989 928)
4(991 919 980 881)
4(991 881 987 920)
4(992 881 980 921)
4(992 810 838 881)
4(992 881 991 924)
4(92 924 991 919)
4(92 921 992 924)
4(993 927 987 881)
4(838 460 993 881)
4(993 929 991 881)
4(122 920 991 929)
4(993 881 992 930)
4(126 930 992 810)
4(127 929 991 924)
4(127 924 992 930)
4(840 406 982 882)
4(840 882 989 807)
4(994 882 982 922)
4(994 924 991 882)
4(840 811 994 882)
4(93 922 994 811)
4(995 928 989 882)
4(995 882 991 929)
4(995 462 840 882)
4(995 882 994 931)
4(127 931 994 924)
4(128 811 994 931)
4(996 923 984 883)
4(996 883 992 924)
4(997 883 984 416)
4(997 814 844 883)
4(997 883 996 925)
4(97 925 996 923)
4(97 416 997 925)
4(998 930 992 883)
4(844 466 998 883)
4(998 932 996 883)
4(127 924 996 932)
4(998 883 997 933)
4(131 933 997 814)
4(132 932 996 925)
4(132 925 997 933)
4(846 412 985 884)
4(846 884 994 811)
4(999 884 985 418)
4(999 925 996 884)
4(846 815 999 884)
4(98 418 999 815)
4(1000 931 994 884)
4(1000 884 996 932)
4(1000 468 846 884)
4(1000 884 999 934)
4(132 934 999 925)
4(133 815 999 934)
4(1001 419 673 885)
4(1001 885 997 925)
4(851 885 673 426)
4(850 885 851 428)
4(1001 818 851 885)
4(102 818 1001 419)
4(1002 933 997 885)
4(850 472 1002 885)
4(1002 935 1001 885)
4(132 925 1001 935)
4(851 479 1002 885)
4(137 935 1001 818)
4(676 886 852 421)
4(852 886 999 815)
4(853 886 676 429)
4(853 818 1001 886)
4(852 432 853 886)
4(1003 934 999 886)
4(1003 886 1001 935)
4(1003 474 852 886)
4(853 482 1003 886)
4(1006 506 728 887)
4(1006 887 1004 936)
4(728 514 1007 887)
4(1007 515 738 887)
4(1007 887 1006 937)
4(152 937 1006 506)
4(1008 938 1004 887)
4(738 523 1008 887)
4(1008 940 1006 887)
4(157 936 1006 940)
4(157 940 1008 938)
4(1008 887 1007 942)
4(161 523 1008 942)
4(162 940 1006 937)
4(162 942 1008 940)
4(731 888 741 508)
4(741 888 1005 509)
4(731 516 1009 888)
4(1009 937 1006 888)
4(741 518 1009 888)
4(1010 939 1005 888)
4(1010 888 1006 940)
4(1010 526 741 888)
4(158 526 1010 939)
4(1010 888 1009 943)
4(162 940 1010 943)
4(163 943 1010 526)
4(1013 940 1008 889)
4(1013 889 1011 941)
4(1014 889 1008 942)
4(1014 532 748 889)
4(1014 889 1013 944)
4(162 944 1013 940)
4(751 539 1011 889)
4(751 889 748 540)
4(751 543 1013 889)
4(167 941 1013 543)
4(1014 552 751 889)
4(172 543 1013 944)
4(752 526 1010 890)
4(752 890 1012 527)
4(1015 890 1010 943)
4(1015 944 1013 890)
4(752 534 1015 890)
4(753 542 1012 890)
4(753 890 1013 543)
4(753 546 752 890)
4(1015 554 753 890)
4(40 301 770 303)
4(75 381 771 383)
4(41 304 1016 306)
4(76 799 858 385)
4(42 307 772 309)
4(77 386 864 800)
4(43 310 773 312)
4(78 388 774 390)
4(41 306 770 301)
4(76 381 770 306)
4(75 303 770 381)
4(76 385 771 381)
4(111 441 771 385)
4(110 383 771 441)
4(43 312 772 307)
4(78 386 772 312)
4(77 309 772 386)
4(44 314 773 310)
4(79 388 773 314)
4(78 312 773 388)
4(79 392 774 388)
4(114 447 774 392)
4(113 390 774 447)
4(77 800 858 799)
4(112 443 858 800)
4(111 385 858 443)
4(78 390 864 386)
4(113 445 864 390)
4(112 800 864 445)
4(42 309 1016 304)
4(77 799 1016 309)
4(76 306 1016 799)
4(0 226 775 225)
4(1 229 776 228)
4(2 232 777 231)
4(3 235 778 234)
4(5 239 775 226)
4(6 229 775 239)
4(1 225 775 229)
4(6 241 776 229)
4(7 232 776 241)
4(2 228 776 232)
4(7 243 777 232)
4(8 235 777 243)
4(3 231 777 235)
4(8 245 778 235)
4(9 237 778 245)
4(4 234 778 237)
4(175 559 779 560)
4(176 561 780 562)
4(177 563 781 564)
4(178 565 782 566)
4(176 562 779 559)
4(181 568 779 562)
4(180 560 779 568)
4(177 564 780 561)
4(182 569 780 564)
4(181 562 780 569)
4(178 566 781 563)
4(183 570 781 566)
4(182 564 781 570)
4(179 567 782 565)
4(184 571 782 567)
4(183 566 782 571)
4(5 240 578 239)
4(6 242 581 241)
4(7 244 584 243)
4(8 246 587 245)
4(15 262 593 261)
4(16 264 948 263)
4(17 892 950 265)
4(18 267 597 266)
4(25 280 603 279)
4(26 281 955 897)
4(27 899 957 898)
4(28 283 607 282)
4(35 296 627 295)
4(36 297 968 904)
4(37 906 969 905)
4(38 299 631 298)
4(70 376 682 375)
4(71 377 827 796)
4(72 798 829 797)
4(73 379 686 378)
4(105 436 710 435)
4(106 437 856 819)
4(107 821 857 820)
4(108 439 716 438)
4(140 491 724 490)
4(141 493 727 492)
4(142 495 730 494)
4(143 497 733 496)
4(150 513 739 512)
4(151 515 1007 514)
4(152 937 1009 516)
4(153 518 743 517)
4(160 531 749 530)
4(161 532 1014 942)
4(162 944 1015 943)
4(163 534 755 533)
4(170 551 763 550)
4(171 553 765 552)
4(172 555 767 554)
4(173 557 769 556)
4(6 239 578 242)
4(15 261 578 240)
4(16 242 578 261)
4(7 241 581 244)
4(16 263 581 242)
4(17 244 581 263)
4(8 243 584 246)
4(17 265 584 244)
4(18 246 584 265)
4(9 245 587 247)
4(18 266 587 246)
4(19 247 587 266)
4(16 261 593 264)
4(25 279 593 262)
4(26 264 593 279)
4(19 266 597 268)
4(28 282 597 267)
4(29 268 597 282)
4(26 279 603 281)
4(35 295 603 280)
4(36 281 603 295)
4(29 282 607 284)
4(38 298 607 283)
4(39 284 607 298)
4(36 295 627 297)
4(70 375 627 296)
4(71 297 627 375)
4(39 298 631 300)
4(73 378 631 299)
4(74 300 631 378)
4(71 375 682 377)
4(105 435 682 376)
4(106 377 682 435)
4(74 378 686 380)
4(108 438 686 379)
4(109 380 686 438)
4(106 435 710 437)
4(140 490 710 436)
4(141 437 710 490)
4(109 438 716 440)
4(143 496 716 439)
4(144 440 716 496)
4(141 490 724 493)
4(150 512 724 491)
4(151 493 724 512)
4(142 492 727 495)
4(151 514 727 493)
4(152 495 727 514)
4(143 494 730 497)
4(152 516 730 495)
4(153 497 730 516)
4(144 496 733 498)
4(153 517 733 497)
4(154 498 733 517)
4(151 512 739 515)
4(160 530 739 513)
4(161 515 739 530)
4(154 517 743 519)
4(163 533 743 518)
4(164 519 743 533)
4(161 530 749 532)
4(170 550 749 531)
4(171 532 749 550)
4(164 533 755 535)
4(173 556 755 534)
4(174 535 755 556)
4(171 550 763 553)
4(180 568 763 551)
4(181 553 763 568)
4(172 552 765 555)
4(181 569 765 553)
4(182 555 765 569)
4(173 554 767 557)
4(182 570 767 555)
4(183 557 767 570)
4(174 556 769 558)
4(183 571 769 557)
4(184 558 769 571)
4(72 796 827 798)
4(106 819 827 377)
4(107 798 827 819)
4(73 797 829 379)
4(107 820 829 798)
4(108 379 829 820)
4(107 819 856 821)
4(141 492 856 437)
4(142 821 856 492)
4(108 820 857 439)
4(142 494 857 821)
4(143 439 857 494)
4(17 263 948 892)
4(26 897 948 264)
4(27 892 948 897)
4(18 265 950 267)
4(27 898 950 892)
4(28 267 950 898)
4(27 897 955 899)
4(36 904 955 281)
4(37 899 955 904)
4(28 898 957 283)
4(37 905 957 899)
4(38 283 957 905)
4(37 904 968 906)
4(71 796 968 297)
4(72 906 968 796)
4(38 905 969 299)
4(72 797 969 906)
4(73 299 969 797)
4(152 514 1007 937)
4(161 942 1007 515)
4(162 937 1007 942)
4(153 516 1009 518)
4(162 943 1009 937)
4(163 518 1009 943)
4(162 942 1014 944)
4(171 552 1014 532)
4(172 944 1014 552)
4(163 943 1015 534)
4(172 554 1015 944)
4(173 534 1015 554)
4(4 237 586 238)
4(14 259 596 260)
4(24 277 606 278)
4(34 293 630 294)
4(69 373 685 374)
4(104 433 715 434)
4(139 488 732 489)
4(149 510 742 511)
4(159 528 754 529)
4(169 548 768 549)
4(9 247 586 237)
4(14 238 586 259)
4(19 259 586 247)
4(19 268 596 259)
4(24 260 596 277)
4(29 277 596 268)
4(29 284 606 277)
4(34 278 606 293)
4(39 293 606 284)
4(39 300 630 293)
4(69 294 630 373)
4(74 373 630 300)
4(74 380 685 373)
4(104 374 685 433)
4(109 433 685 380)
4(109 440 715 433)
4(139 434 715 488)
4(144 488 715 440)
4(144 498 732 488)
4(149 489 732 510)
4(154 510 732 498)
4(154 519 742 510)
4(159 511 742 528)
4(164 528 742 519)
4(164 535 754 528)
4(169 529 754 548)
4(174 548 754 535)
4(174 558 768 548)
4(179 549 768 567)
4(184 567 768 558)
4(0 227 576 226)
4(10 250 591 249)
4(20 271 601 270)
4(30 287 625 286)
4(65 364 680 363)
4(100 425 708 424)
4(135 478 722 477)
4(145 501 737 500)
4(155 522 747 521)
4(165 538 761 537)
4(5 226 576 240)
4(10 249 576 227)
4(15 240 576 249)
4(15 249 591 262)
4(20 270 591 250)
4(25 262 591 270)
4(25 270 601 280)
4(30 286 601 271)
4(35 280 601 286)
4(35 286 625 296)
4(65 363 625 287)
4(70 296 625 363)
4(70 363 680 376)
4(100 424 680 364)
4(105 376 680 424)
4(105 424 708 436)
4(135 477 708 425)
4(140 436 708 477)
4(140 477 722 491)
4(145 500 722 478)
4(150 491 722 500)
4(150 500 737 513)
4(155 521 737 501)
4(160 513 737 521)
4(160 521 747 531)
4(165 537 747 522)
4(170 531 747 537)
4(170 537 761 551)
4(175 560 761 538)
4(180 551 761 560)
4(0 225 572 227)
4(1 228 573 230)
4(2 231 574 233)
4(3 234 575 236)
4(10 248 589 250)
4(11 251 945 253)
4(12 254 946 891)
4(13 256 590 258)
4(20 269 599 271)
4(21 893 952 273)
4(22 894 953 896)
4(23 274 600 276)
4(30 285 619 287)
4(31 900 965 289)
4(32 901 966 903)
4(33 290 623 292)
4(40 302 609 301)
4(40 303 633 302)
4(41 305 610 304)
4(42 308 611 307)
4(43 311 612 310)
4(44 313 641 314)
4(45 316 613 315)
4(45 317 971 316)
4(46 319 959 318)
4(47 907 960 321)
4(48 324 614 323)
4(49 326 646 327)
4(50 329 615 328)
4(50 330 649 329)
4(51 331 961 908)
4(52 910 962 909)
4(53 334 616 333)
4(54 336 654 337)
4(55 339 617 338)
4(55 340 657 339)
4(56 341 963 912)
4(57 914 964 913)
4(58 344 618 343)
4(59 346 664 347)
4(60 349 620 348)
4(60 350 667 349)
4(61 352 621 351)
4(62 355 622 354)
4(63 358 624 357)
4(64 360 677 361)
4(75 383 688 382)
4(79 391 695 392)
4(80 394 833 801)
4(84 400 863 401)
4(85 805 837 403)
4(89 407 841 808)
4(90 809 843 409)
4(94 413 847 812)
4(95 813 849 415)
4(99 422 854 816)
4(110 441 691 442)
4(111 443 692 444)
4(112 445 694 446)
4(113 447 697 448)
4(115 450 698 451)
4(116 452 988 453)
4(117 454 990 926)
4(118 455 699 456)
4(120 458 700 459)
4(121 927 993 460)
4(122 928 995 929)
4(123 461 701 462)
4(125 464 702 465)
4(126 930 998 466)
4(127 931 1000 932)
4(128 467 703 468)
4(130 470 705 471)
4(131 933 1002 472)
4(132 934 1003 935)
4(133 473 707 474)
4(135 476 718 478)
4(136 479 719 481)
4(137 482 720 484)
4(138 485 721 487)
4(145 499 735 501)
4(146 502 1004 504)
4(147 505 1005 936)
4(148 507 736 509)
4(155 520 745 522)
4(156 938 1011 524)
4(157 939 1012 941)
4(158 525 746 527)
4(165 536 757 538)
4(166 539 758 541)
4(167 542 759 544)
4(168 545 760 547)
4(4 238 575 234)
4(13 236 575 256)
4(14 256 575 238)
4(1 230 572 225)
4(10 227 572 248)
4(11 248 572 230)
4(2 233 573 228)
4(11 230 573 251)
4(12 251 573 233)
4(3 236 574 231)
4(12 233 574 254)
4(13 254 574 236)
4(11 253 589 248)
4(20 250 589 269)
4(21 269 589 253)
4(14 260 590 256)
4(23 258 590 274)
4(24 274 590 260)
4(21 273 599 269)
4(30 271 599 285)
4(31 285 599 273)
4(24 278 600 274)
4(33 276 600 290)
4(34 290 600 278)
4(41 301 609 305)
4(45 315 609 302)
4(46 305 609 315)
4(42 304 610 308)
4(46 318 610 305)
4(47 308 610 318)
4(46 315 613 319)
4(50 328 613 316)
4(51 319 613 328)
4(31 289 619 285)
4(61 348 620 352)
4(65 287 619 362)
4(65 362 620 349)
4(66 362 619 289)
4(66 352 620 362)
4(34 294 623 290)
4(64 357 624 360)
4(68 292 623 370)
4(68 370 624 358)
4(69 370 623 294)
4(69 360 624 370)
4(45 302 633 317)
4(75 382 633 303)
4(80 317 633 382)
4(43 307 611 311)
4(47 321 611 308)
4(48 311 611 321)
4(44 310 612 313)
4(48 323 612 311)
4(49 313 612 323)
4(49 327 641 313)
4(79 314 641 391)
4(84 391 641 327)
4(49 323 614 326)
4(53 333 614 324)
4(54 326 614 333)
4(54 337 646 326)
4(84 327 646 400)
4(89 400 646 337)
4(51 328 615 331)
4(55 338 615 329)
4(55 329 649 340)
4(56 331 615 338)
4(85 403 649 330)
4(90 340 649 403)
4(54 333 616 336)
4(58 343 616 334)
4(59 336 616 343)
4(59 347 654 336)
4(89 337 654 407)
4(94 407 654 347)
4(56 338 617 341)
4(60 348 617 339)
4(60 339 657 350)
4(61 341 617 348)
4(90 409 657 340)
4(95 350 657 409)
4(59 343 618 346)
4(63 357 618 344)
4(64 346 618 357)
4(64 361 664 346)
4(94 347 664 413)
4(99 413 664 361)
4(65 349 667 364)
4(95 415 667 350)
4(100 364 667 415)
4(62 351 621 355)
4(66 365 621 352)
4(67 355 621 365)
4(63 354 622 358)
4(67 368 622 355)
4(68 358 622 368)
4(69 374 677 360)
4(99 361 677 422)
4(104 422 677 374)
4(80 382 688 394)
4(110 442 688 383)
4(111 444 691 441)
4(115 442 691 450)
4(115 394 688 442)
4(116 450 691 444)
4(84 401 695 391)
4(114 449 697 447)
4(114 392 695 449)
4(118 448 697 455)
4(119 455 697 449)
4(119 449 695 401)
4(112 446 692 443)
4(116 444 692 452)
4(117 452 692 446)
4(113 448 694 445)
4(117 446 694 454)
4(118 454 694 448)
4(116 453 698 450)
4(120 451 698 458)
4(121 458 698 453)
4(119 457 699 455)
4(123 456 699 461)
4(124 461 699 457)
4(121 460 700 458)
4(125 459 700 464)
4(126 464 700 460)
4(124 463 701 461)
4(128 462 701 467)
4(129 467 701 463)
4(126 466 702 464)
4(130 465 702 470)
4(131 470 702 466)
4(129 469 703 467)
4(133 468 703 473)
4(134 473 703 469)
4(131 472 705 470)
4(135 471 705 476)
4(136 481 718 476)
4(136 476 705 472)
4(145 478 718 499)
4(146 499 718 481)
4(134 475 707 473)
4(138 474 707 485)
4(139 489 721 485)
4(139 485 707 475)
4(148 487 721 507)
4(149 507 721 489)
4(137 484 719 479)
4(146 481 719 502)
4(147 502 719 484)
4(138 487 720 482)
4(147 484 720 505)
4(148 505 720 487)
4(146 504 735 499)
4(155 501 735 520)
4(156 520 735 504)
4(149 511 736 507)
4(158 509 736 525)
4(159 525 736 511)
4(159 529 746 525)
4(168 527 746 545)
4(169 545 746 529)
4(156 524 745 520)
4(165 522 745 536)
4(166 536 745 524)
4(168 547 759 542)
4(177 544 759 563)
4(178 563 759 547)
4(169 549 760 545)
4(178 547 760 565)
4(179 565 760 549)
4(166 541 757 536)
4(175 538 757 559)
4(176 559 757 541)
4(167 544 758 539)
4(176 541 758 561)
4(177 561 758 544)
4(85 801 833 805)
4(115 451 833 394)
4(120 805 833 451)
4(90 403 837 809)
4(120 459 837 805)
4(125 809 837 459)
4(94 812 841 407)
4(124 808 841 463)
4(129 463 841 812)
4(95 409 843 813)
4(125 465 843 809)
4(130 813 843 465)
4(99 816 847 413)
4(129 812 847 469)
4(134 469 847 816)
4(100 415 849 425)
4(130 471 849 813)
4(135 425 849 471)
4(104 434 854 422)
4(134 816 854 475)
4(139 475 854 434)
4(89 808 863 400)
4(119 401 863 457)
4(124 457 863 808)
4(12 891 945 251)
4(21 253 945 893)
4(22 893 945 891)
4(13 258 946 254)
4(22 891 946 894)
4(23 894 946 258)
4(22 896 952 893)
4(31 273 952 900)
4(32 900 952 896)
4(23 276 953 894)
4(32 896 953 901)
4(33 901 953 276)
4(47 318 959 907)
4(51 908 959 319)
4(52 907 959 908)
4(48 321 960 324)
4(52 909 960 907)
4(53 324 960 909)
4(52 908 961 910)
4(56 912 961 331)
4(57 910 961 912)
4(53 909 962 334)
4(57 913 962 910)
4(58 334 962 913)
4(57 912 963 914)
4(61 351 963 341)
4(62 914 963 351)
4(58 913 964 344)
4(62 354 964 914)
4(63 344 964 354)
4(32 903 965 900)
4(66 289 965 365)
4(67 365 965 903)
4(33 292 966 901)
4(67 903 966 368)
4(68 368 966 292)
4(50 316 971 330)
4(80 801 971 317)
4(85 330 971 801)
4(117 926 988 452)
4(121 453 988 927)
4(122 927 988 926)
4(118 456 990 454)
4(122 926 990 928)
4(123 928 990 456)
4(122 929 993 927)
4(126 460 993 930)
4(127 930 993 929)
4(123 462 995 928)
4(127 929 995 931)
4(128 931 995 462)
4(127 932 998 930)
4(131 466 998 933)
4(132 933 998 932)
4(128 468 1000 931)
4(132 932 1000 934)
4(133 934 1000 468)
4(132 935 1002 933)
4(136 472 1002 479)
4(137 479 1002 935)
4(133 474 1003 934)
4(137 935 1003 482)
4(138 482 1003 474)
4(147 936 1004 502)
4(156 504 1004 938)
4(157 938 1004 936)
4(148 509 1005 505)
4(157 936 1005 939)
4(158 939 1005 509)
4(157 941 1011 938)
4(166 524 1011 539)
4(167 539 1011 941)
4(158 527 1012 939)
4(167 941 1012 542)
4(168 542 1012 527)
)


// ************************************************************************* //
