/*--------------------------------*- C++ -*----------------------------------*\
| =========                 |                                                 |
| \\      /  F ield         | OpenFOAM: The Open Source CFD Toolbox           |
|  \\    /   O peration     | Version:  v2012                                 |
|   \\  /    A nd           | Website:  www.openfoam.com                      |
|    \\/     M anipulation  |                                                 |
\*---------------------------------------------------------------------------*/
FoamFile
{
    version     2.0;
    format      ascii;
    class       labelList;
    note        "nPoints:1017  nCells:640  nFaces:2256  nInternalFaces:1584";
    location    "constant/heater/polyMesh";
    object      neighbour;
}
// * * * * * * * * * * * * * * * * * * * * * * * * * * * * * * * * * * * * * //


1584
(
80
81
83
80
87
88
90
87
94
95
97
94
101
102
104
83
108
109
111
90
108
458
459
461
97
458
465
466
468
104
115
116
118
465
111
122
123
125
122
461
472
473
475
468
472
479
480
482
118
129
130
132
479
125
136
137
139
136
475
486
487
489
482
486
493
494
496
132
143
144
146
493
150
151
153
150
500
501
503
157
158
160
500
157
164
165
167
151
507
508
510
501
507
514
515
517
158
514
521
522
524
165
171
172
174
521
178
179
181
508
178
515
528
529
531
522
528
535
536
538
172
185
186
188
535
179
192
193
195
192
529
542
543
545
536
542
549
550
552
186
199
200
202
549
193
206
207
209
206
213
214
216
543
213
220
221
223
550
200
220
227
228
230
139
207
234
235
237
214
234
360
361
363
489
221
360
367
368
370
496
146
228
241
242
244
367
153
248
249
251
248
374
375
377
503
160
374
444
445
447
167
255
256
258
444
249
381
382
384
510
375
381
517
556
557
559
445
524
556
563
564
566
174
256
451
452
454
563
181
382
388
389
391
388
531
557
570
571
573
538
564
570
577
578
580
188
395
396
398
452
577
195
389
402
403
405
402
545
571
584
585
587
552
578
584
591
592
594
202
396
409
410
412
591
209
403
416
417
419
216
416
585
598
599
601
223
592
598
605
606
608
230
410
423
424
426
605
237
262
263
265
417
262
363
430
431
433
599
370
430
437
438
440
606
244
269
270
272
424
437
265
276
277
279
276
283
284
286
433
283
290
291
293
440
272
290
297
298
300
279
304
305
307
286
304
612
613
615
293
612
619
620
622
300
311
312
314
619
307
318
319
321
318
615
626
627
629
622
626
633
634
636
314
325
326
328
633
321
332
333
335
332
339
340
342
629
339
346
347
349
636
328
346
353
354
356
82
84
82
85
86
88
84
85
86
90
108
86
109
92
110
89
91
89
92
93
95
91
92
93
97
458
93
459
99
460
96
98
96
99
100
102
98
99
100
104
465
100
466
106
467
103
105
103
106
107
105
106
107
115
107
116
117
110
112
110
113
114
459
112
113
114
122
461
114
123
124
463
117
119
117
120
467
121
119
120
469
121
129
121
130
471
131
124
126
124
127
128
473
126
127
128
136
475
128
137
138
477
131
133
131
134
481
135
133
134
483
135
143
135
144
485
145
138
140
138
141
142
487
140
141
142
234
489
142
235
236
491
145
147
145
148
495
149
147
148
497
149
241
149
242
499
243
152
154
152
155
156
501
507
154
155
156
248
503
156
249
510
250
505
511
159
161
159
162
502
163
165
521
161
162
504
163
167
444
163
445
506
524
169
446
525
166
168
166
169
170
171
168
169
170
255
170
174
256
175
257
173
175
173
176
523
177
185
175
176
525
177
451
177
188
452
527
189
453
180
182
509
180
183
184
192
529
182
183
512
184
388
513
531
184
195
389
196
390
533
187
189
187
190
537
191
199
189
190
539
191
395
191
202
396
541
203
397
194
196
194
197
198
206
543
196
197
198
402
545
198
209
403
210
404
547
201
203
201
204
551
205
227
203
204
553
205
409
205
230
410
555
231
411
208
210
208
211
212
214
234
210
211
212
216
416
212
237
417
218
238
418
215
217
544
215
218
219
221
360
217
218
547
219
223
548
598
219
363
599
225
364
600
222
224
551
222
225
226
228
367
224
225
554
226
230
555
605
226
370
606
232
371
607
229
231
229
232
233
241
231
232
233
423
233
244
424
245
425
236
238
236
239
240
361
238
239
240
262
363
240
263
264
365
243
245
243
246
369
247
245
246
371
247
269
247
270
373
271
250
252
250
253
254
375
381
252
253
254
377
254
384
379
385
257
259
257
260
446
261
451
259
260
448
261
261
450
454
455
264
266
418
264
267
268
431
266
267
421
268
276
422
433
268
277
278
435
271
273
425
271
274
439
275
273
274
428
441
275
297
429
275
298
443
299
278
280
278
281
282
284
280
281
282
286
304
282
305
288
306
285
287
434
285
288
435
289
291
436
287
288
289
293
612
289
613
295
614
292
294
441
292
295
442
296
298
443
294
295
296
300
619
296
620
302
621
299
301
299
302
303
301
302
303
311
303
312
313
306
308
306
309
310
613
308
309
310
318
615
310
319
320
617
313
315
313
316
621
317
315
316
623
317
325
317
326
625
327
320
322
320
323
324
627
322
323
324
332
629
324
333
334
631
327
329
327
330
635
331
329
330
637
331
353
331
354
639
355
334
336
334
337
338
340
336
337
338
342
338
344
341
343
630
341
344
631
345
347
632
343
344
345
349
345
351
348
350
637
348
351
638
352
354
639
350
351
352
356
352
358
355
357
355
358
359
357
358
359
359
362
364
490
362
365
491
366
368
492
364
365
366
370
430
366
431
372
432
369
371
497
369
372
498
373
499
371
372
373
437
373
438
439
376
378
504
376
379
505
380
445
506
556
378
379
380
447
380
559
449
560
383
385
511
383
386
512
387
388
513
557
385
386
387
559
387
391
392
561
390
392
390
393
394
402
571
392
393
394
573
394
405
406
575
397
399
453
397
400
579
401
409
399
400
456
581
401
457
401
412
583
413
404
406
404
407
408
416
585
406
407
408
587
408
419
420
589
411
413
411
414
593
415
423
413
414
595
415
415
426
597
427
418
420
418
421
422
599
420
421
422
601
422
603
425
427
425
428
607
429
427
428
609
429
429
611
432
434
600
432
435
436
438
434
435
603
436
440
604
436
442
439
441
607
439
442
443
441
442
610
443
611
443
446
448
446
449
450
563
448
449
450
450
566
567
453
455
453
456
565
457
455
456
567
457
457
569
460
462
460
463
464
466
462
463
464
468
472
464
473
470
474
467
469
467
470
471
469
470
471
479
471
480
481
474
476
474
477
478
480
476
477
478
482
486
478
487
484
488
481
483
481
484
485
483
484
485
493
485
494
495
488
490
488
491
492
494
490
491
492
496
492
498
495
497
495
498
499
497
498
499
499
502
504
502
505
506
514
504
505
506
506
517
518
509
511
509
512
513
515
511
512
513
517
513
519
516
518
516
519
520
522
528
518
519
520
524
556
520
531
557
526
532
558
523
525
523
526
527
535
525
526
527
563
527
538
564
539
565
530
532
530
533
534
536
542
532
533
534
538
570
534
545
571
540
546
572
537
539
537
540
541
549
539
540
541
577
541
552
578
553
579
544
546
544
547
548
550
546
547
548
552
584
548
585
554
586
551
553
551
554
555
553
554
555
591
555
592
593
558
560
558
561
562
564
570
560
561
562
566
562
573
568
574
565
567
565
568
569
577
567
568
569
569
580
581
572
574
572
575
576
578
584
574
575
576
580
576
587
582
588
579
581
579
582
583
591
581
582
583
583
594
595
586
588
586
589
590
592
598
588
589
590
594
590
601
596
602
593
595
593
596
597
605
595
596
597
597
608
609
600
602
600
603
604
606
602
603
604
608
604
610
607
609
607
610
611
609
610
611
611
614
616
614
617
618
620
616
617
618
622
626
618
627
624
628
621
623
621
624
625
623
624
625
633
625
634
635
628
630
628
631
632
634
630
631
632
636
632
638
635
637
635
638
639
637
638
639
639
)


// ************************************************************************* //
