/*--------------------------------*- C++ -*----------------------------------*\
| =========                 |                                                 |
| \\      /  F ield         | OpenFOAM: The Open Source CFD Toolbox           |
|  \\    /   O peration     | Version:  v2012                                 |
|   \\  /    A nd           | Website:  www.openfoam.com                      |
|    \\/     M anipulation  |                                                 |
\*---------------------------------------------------------------------------*/
FoamFile
{
    version     2.0;
    format      ascii;
    class       labelList;
    note        "nPoints:1017  nCells:640  nFaces:2256  nInternalFaces:1584";
    location    "constant/heater/polyMesh";
    object      owner;
}
// * * * * * * * * * * * * * * * * * * * * * * * * * * * * * * * * * * * * * //


2256
(
0
0
0
1
1
1
1
2
2
2
2
3
3
3
3
4
4
4
4
5
5
5
5
5
6
6
6
6
6
7
7
7
7
7
8
8
8
8
9
9
9
9
9
10
10
10
10
10
11
11
11
11
11
12
12
12
12
13
13
13
13
13
14
14
14
14
14
15
15
15
15
15
16
16
16
17
17
17
17
18
18
18
18
19
19
19
19
20
20
20
20
21
21
21
21
21
22
22
22
22
22
23
23
23
23
23
24
24
24
24
25
25
25
25
25
26
26
26
26
26
27
27
27
27
27
28
28
28
28
29
29
29
29
29
30
30
30
30
30
31
31
31
31
31
32
32
32
32
33
33
33
33
33
34
34
34
34
34
35
35
35
35
35
36
36
36
36
36
37
37
37
37
37
37
38
38
38
38
38
38
39
39
39
39
39
39
40
40
40
40
41
41
41
41
41
42
42
42
42
42
43
43
43
43
43
44
44
44
44
44
45
45
45
45
45
45
46
46
46
46
46
46
47
47
47
47
47
47
48
48
48
48
48
49
49
49
49
49
49
50
50
50
50
50
50
51
51
51
51
51
51
52
52
52
52
52
53
53
53
53
53
53
54
54
54
54
54
54
55
55
55
55
55
55
56
56
56
56
56
57
57
57
57
57
57
58
58
58
58
58
58
59
59
59
59
59
59
60
60
60
60
60
61
61
61
61
61
61
62
62
62
62
62
62
63
63
63
63
63
63
64
64
64
64
65
65
65
65
65
66
66
66
66
66
67
67
67
67
67
68
68
68
68
69
69
69
69
69
70
70
70
70
70
71
71
71
71
71
72
72
72
72
73
73
73
73
73
74
74
74
74
74
75
75
75
75
75
76
76
76
76
77
77
77
77
77
78
78
78
78
78
79
79
79
79
79
80
80
81
81
82
82
83
83
84
84
84
85
85
86
86
87
87
88
88
89
89
90
90
91
91
91
92
92
93
93
94
94
95
95
96
96
97
97
98
98
98
99
99
100
100
101
101
102
102
103
104
104
105
105
106
106
107
108
108
109
109
110
110
111
111
112
112
112
113
113
114
114
115
115
116
116
116
117
118
118
118
119
119
120
120
120
121
122
122
123
123
124
124
125
125
126
126
126
127
127
128
128
129
129
130
130
130
131
132
132
132
133
133
134
134
134
135
136
136
137
137
138
138
139
139
140
140
140
141
141
142
142
143
143
144
144
144
145
146
146
146
147
147
148
148
148
149
150
150
151
151
152
152
152
153
153
154
154
154
155
155
155
156
156
156
157
157
158
158
158
159
159
159
160
160
160
161
161
161
162
162
162
162
163
163
163
164
164
165
165
166
166
167
167
168
168
169
169
169
170
170
171
171
172
172
172
173
173
174
174
174
175
175
176
176
176
176
177
177
178
178
178
179
179
180
180
180
181
181
181
182
182
182
182
183
183
183
184
184
184
185
185
186
186
186
187
187
188
188
188
189
189
190
190
190
190
191
191
192
192
193
193
194
194
194
195
195
196
196
196
197
197
197
198
198
198
199
199
200
200
200
201
201
202
202
202
203
203
204
204
204
204
205
205
206
206
207
207
208
208
208
209
209
210
210
210
211
211
211
212
212
212
213
213
213
214
214
215
215
215
216
216
216
217
217
217
217
218
218
218
219
219
219
220
220
220
221
221
222
222
222
223
223
223
224
224
224
224
225
225
225
226
226
226
227
227
228
228
229
229
230
230
231
231
232
232
232
233
233
234
234
235
235
236
236
237
237
238
238
238
239
239
240
240
241
241
242
242
242
243
244
244
244
245
245
246
246
246
247
248
248
249
249
250
250
250
251
251
252
252
253
253
254
254
255
255
256
256
256
257
257
258
258
258
259
260
260
260
261
262
262
262
263
263
264
264
265
265
265
266
266
266
266
267
267
268
268
269
269
269
270
270
270
271
272
272
272
272
273
273
273
274
274
274
275
276
276
277
277
278
278
279
279
280
280
280
281
281
282
282
283
283
283
284
284
284
285
285
285
286
286
287
287
287
288
288
289
289
290
290
290
291
291
291
292
292
292
293
293
294
294
294
295
295
296
296
297
297
298
298
299
300
300
301
301
302
302
303
304
304
305
305
306
306
307
307
308
308
308
309
309
310
310
311
311
312
312
312
313
314
314
314
315
315
316
316
316
317
318
318
319
319
320
320
321
321
322
322
322
323
323
324
324
325
325
326
326
326
327
328
328
328
329
329
330
330
330
331
332
332
333
333
334
334
335
335
336
336
337
338
339
339
339
340
340
340
341
341
341
342
342
343
343
344
345
346
346
346
347
347
347
348
348
348
349
349
350
350
351
352
353
353
354
354
355
356
356
357
358
360
360
360
361
361
361
362
362
362
363
363
364
364
364
365
365
366
366
367
367
367
368
368
368
369
369
370
370
371
371
372
372
373
374
374
374
375
375
375
376
376
376
376
377
377
378
378
379
379
380
380
381
381
381
382
382
382
383
383
383
383
384
384
385
385
386
386
387
387
388
388
389
389
390
390
390
391
391
392
392
393
393
394
394
395
395
395
396
396
396
397
397
398
398
398
398
399
399
400
400
400
401
402
402
403
403
404
404
404
405
405
406
406
407
407
408
408
409
409
410
410
410
411
411
412
412
412
413
414
414
414
415
416
416
417
417
418
418
419
419
420
420
421
422
423
423
424
424
424
425
426
426
426
427
428
428
430
430
430
431
431
432
432
433
433
433
434
434
434
435
436
437
437
437
438
438
439
440
440
440
441
441
442
444
444
445
445
446
446
447
447
448
449
449
450
451
451
452
452
452
453
454
454
454
455
456
456
458
458
459
459
460
460
461
461
462
462
462
463
463
464
464
465
465
466
466
467
468
468
469
469
470
470
471
472
472
473
473
474
474
475
475
476
476
476
477
477
478
478
479
479
480
480
481
482
482
483
483
484
484
485
486
486
487
487
488
488
489
489
490
490
491
492
493
493
494
494
495
496
496
497
498
500
500
501
501
502
502
503
503
504
505
505
506
507
507
508
508
509
509
510
510
511
511
512
513
514
514
515
515
516
516
516
517
517
518
518
518
519
519
519
520
520
520
521
521
522
522
523
523
524
524
525
525
526
526
526
527
527
528
528
529
529
530
530
530
531
531
532
532
532
533
533
533
534
534
534
535
535
536
536
537
537
538
538
539
539
540
540
540
541
541
542
542
543
543
544
544
545
545
546
546
546
547
547
548
548
549
549
550
550
551
552
552
553
553
554
554
555
556
556
557
557
558
558
558
559
559
560
560
561
561
562
562
563
563
564
564
565
565
566
566
567
568
568
569
570
570
571
571
572
572
572
573
573
574
574
575
575
576
576
577
577
578
578
579
579
580
580
581
582
582
583
584
584
585
585
586
586
586
587
587
588
588
589
589
590
590
591
591
592
592
593
593
594
594
595
596
596
597
598
598
599
599
600
600
601
601
602
602
603
604
605
605
606
606
607
608
608
609
610
612
612
613
613
614
614
615
615
616
616
616
617
617
618
618
619
619
620
620
621
622
622
623
623
624
624
625
626
626
627
627
628
628
629
629
630
630
631
632
633
633
634
634
635
636
636
637
638
16
40
17
41
18
42
19
43
150
154
153
248
252
251
157
161
160
164
168
167
255
259
258
374
378
377
444
448
447
500
504
503
0
1
2
3
81
82
80
88
89
87
95
96
94
102
103
101
335
342
349
356
336
338
337
343
345
344
350
352
351
357
359
358
81
88
95
102
109
459
466
116
123
473
480
130
137
487
494
144
235
361
368
242
263
431
438
270
277
284
291
298
305
613
620
312
319
627
634
326
333
340
347
354
82
85
86
89
92
93
96
99
100
103
106
107
110
113
114
117
120
121
124
127
128
131
134
135
138
141
142
145
148
149
236
239
240
243
246
247
264
267
268
271
274
275
278
281
282
285
288
289
292
295
296
299
302
303
306
309
310
313
316
317
320
323
324
327
330
331
334
337
338
341
344
345
348
351
352
355
358
359
362
365
366
369
372
373
432
435
436
439
442
443
460
463
464
467
470
471
474
477
478
481
484
485
488
491
492
495
498
499
614
617
618
621
624
625
628
631
632
635
638
639
101
115
129
143
241
269
297
311
325
353
103
105
107
117
119
121
131
133
135
145
147
149
243
245
247
271
273
275
299
301
303
313
315
317
327
329
331
355
357
359
0
4
8
12
36
60
64
68
72
76
81
83
85
109
111
113
123
125
127
137
139
141
235
237
239
263
265
267
277
279
281
305
307
309
319
321
323
333
335
337
0
1
2
3
4
5
6
7
8
9
10
11
12
13
14
15
16
16
17
18
19
164
20
20
21
22
23
171
24
24
25
26
27
185
28
28
29
30
31
199
32
32
33
34
35
227
40
255
44
451
48
395
52
409
56
423
251
377
447
258
384
559
566
454
391
573
580
398
405
587
594
412
419
601
608
426
64
65
66
67
68
69
70
71
72
73
74
75
76
77
78
79
101
104
105
80
83
84
87
90
91
94
97
98
108
111
112
115
118
119
122
125
126
129
132
133
150
151
152
500
501
502
507
508
509
136
206
139
207
140
208
143
227
146
228
147
229
151
153
155
157
158
159
164
165
166
166
168
170
171
172
173
173
175
177
178
179
179
180
181
183
185
186
187
187
189
191
192
193
193
194
195
197
199
200
201
201
203
205
207
209
211
213
214
215
220
221
222
229
231
233
249
251
252
253
253
254
257
259
259
260
261
261
378
379
380
448
449
450
385
386
387
455
456
457
392
393
394
399
400
401
406
407
408
413
414
415
420
421
276
422
279
280
427
428
297
429
300
301
283
286
287
290
293
294
304
307
308
311
314
315
325
328
329
318
321
322
346
349
350
353
356
357
332
335
336
339
342
343
382
384
386
389
391
393
397
399
401
403
405
407
411
413
415
417
419
421
425
427
429
453
455
457
458
461
462
465
468
469
472
475
476
479
482
483
514
515
516
521
522
523
528
529
530
535
536
537
542
543
544
549
550
551
486
489
490
493
496
497
508
510
512
560
561
562
567
568
569
574
575
576
581
582
583
588
589
590
595
596
597
602
603
604
609
610
611
612
615
616
619
622
623
626
629
630
633
636
637
)


// ************************************************************************* //
