/*--------------------------------*- C++ -*----------------------------------*\
| =========                 |                                                 |
| \\      /  F ield         | OpenFOAM: The Open Source CFD Toolbox           |
|  \\    /   O peration     | Version:  v2012                                 |
|   \\  /    A nd           | Website:  www.openfoam.com                      |
|    \\/     M anipulation  |                                                 |
\*---------------------------------------------------------------------------*/
FoamFile
{
    version     2.0;
    format      ascii;
    class       vectorField;
    location    "constant/heater/polyMesh";
    object      points;
}
// * * * * * * * * * * * * * * * * * * * * * * * * * * * * * * * * * * * * * //


1017
(
(-0.0133333 0 -0.05)
(-0.006666656 0 -0.05)
(0 0 -0.05)
(0.006666656 0 -0.05)
(0.0133333 0 -0.05)
(-0.0133333 0.008 -0.05)
(-0.006666656 0.008 -0.05)
(0 0.008 -0.05)
(0.006666656 0.008 -0.05)
(0.0133333 0.008 -0.05)
(-0.0133333 0 -0.03999988)
(-0.006674598 0 -0.0399901)
(-1.05276e-06 0 -0.03999035)
(0.006662919 0 -0.03999298)
(0.0133333 0 -0.03999988)
(-0.0133333 0.008 -0.03999988)
(-0.00667551 0.008 -0.03999857)
(-2.306603e-06 0.008 -0.03999956)
(0.006658265 0.008 -0.03999919)
(0.0133333 0.008 -0.03999988)
(-0.0133333 0 -0.03)
(-0.006680075 0 -0.02994258)
(-1.988602e-06 0 -0.02992465)
(0.006669563 0 -0.02994022)
(0.0133333 0 -0.03)
(-0.0133333 0.008 -0.03)
(-0.006666565 0.008 -0.02999816)
(-1.508968e-06 0.008 -0.02999949)
(0.006662583 0.008 -0.02999949)
(0.0133333 0.008 -0.03)
(-0.0133333 0 -0.02000489)
(-0.006673333 0 -0.01972963)
(2.046597e-06 0 -0.01965742)
(0.006672025 0 -0.01972034)
(0.0133333 0 -0.02000489)
(-0.0133333 0.008 -0.01999928)
(-0.006671618 0.008 -0.02000128)
(-8.493847e-07 0.008 -0.01999996)
(0.006672312 0.008 -0.01999942)
(0.0133333 0.008 -0.01999928)
(-0.0133333 -0.04 -0.01)
(-0.00664396 -0.04 -0.01)
(-8.673617e-19 -0.04 -0.01)
(0.00664396 -0.04 -0.01)
(0.0133333 -0.04 -0.01)
(-0.0133333 -0.03199971 -0.01)
(-0.006868368 -0.0319932 -0.01)
(4.727526e-06 -0.03199769 -0.01)
(0.006883155 -0.0320011 -0.01)
(0.0133333 -0.03199971 -0.01)
(-0.0133333 -0.024 -0.01)
(-0.006932334 -0.02399335 -0.01)
(-2.73893e-08 -0.02398945 -0.01)
(0.006930494 -0.02398853 -0.01)
(0.0133333 -0.024 -0.01)
(-0.0133333 -0.016 -0.01)
(-0.006952044 -0.0159502 -0.01)
(-5.598624e-06 -0.01592316 -0.01)
(0.00692261 -0.01593603 -0.01)
(0.0133333 -0.016 -0.01)
(-0.0133333 -0.008002243 -0.01)
(-0.006898363 -0.007721466 -0.01)
(-1.138374e-06 -0.007650396 -0.01)
(0.00687528 -0.007704586 -0.01)
(0.0133333 -0.008002243 -0.01)
(-0.0133333 0 -0.01)
(-0.006664735 0 -0.01)
(0 0 -0.01)
(0.006664735 0 -0.01)
(0.0133333 0 -0.01)
(-0.0133333 0.008 -0.009998012)
(-0.006683593 0.008 -0.00999991)
(-1.660325e-06 0.008 -0.00999979)
(0.006673366 0.008 -0.009998166)
(0.0133333 0.008 -0.009998012)
(-0.0133333 -0.04 0)
(-0.00674921 -0.04 -7.328395e-06)
(-1.786111e-06 -0.04 -1.242187e-06)
(0.006744292 -0.04 4.727661e-07)
(0.0133333 -0.04 0)
(-0.0133333 -0.03199724 -5.051692e-05)
(-0.006831732 -0.03199438 -1.626469e-05)
(-2.495811e-06 -0.03199667 -1.614545e-06)
(0.006821916 -0.03200074 -9.159233e-07)
(0.0133333 -0.03200165 -8.769669e-06)
(-0.0133333 -0.023999 -5.879471e-06)
(-0.006851419 -0.02398597 2.61595e-06)
(8.540092e-07 -0.02398079 3.352646e-07)
(0.006852301 -0.02399213 5.313539e-07)
(0.0133333 -0.02400991 8.88803e-06)
(-0.0133333 -0.01598926 8.402314e-05)
(-0.006844345 -0.01593896 2.956974e-05)
(1.279011e-06 -0.01590066 1.745844e-06)
(0.006847859 -0.01594022 -1.426151e-05)
(0.0133333 -0.01601138 -5.817485e-05)
(-0.0133333 -0.008000705 5.747184e-05)
(-0.00679179 -0.007789602 2.271926e-05)
(-1.681415e-06 -0.007667201 1.175079e-06)
(0.006783841 -0.007783624 -1.271162e-05)
(0.0133333 -0.007991865 -4.082233e-05)
(-0.0133333 0 0)
(-0.006592036 0.0003841477 3.392385e-06)
(-2.106916e-06 0.0004869082 2.495903e-07)
(0.00658546 0.0003841118 -1.990124e-06)
(0.0133333 0 0)
(-0.0133333 0.008 0)
(-0.006679096 0.008 2.512108e-06)
(-1.734607e-06 0.008 3.900466e-07)
(0.006670911 0.008 5.059382e-07)
(0.0133333 0.008 0)
(-0.0133333 -0.04 0.01)
(-0.00664396 -0.04 0.01)
(0 -0.04 0.01)
(0.00664396 -0.04 0.01)
(0.0133333 -0.04 0.01)
(-0.0133333 -0.03199971 0.01)
(-0.006953055 -0.03199415 0.01)
(-9.172927e-06 -0.03199956 0.01)
(0.006887351 -0.03200549 0.01)
(0.0133333 -0.03199971 0.01)
(-0.0133333 -0.024 0.01)
(-0.006922699 -0.02398485 0.01)
(4.259185e-06 -0.02399444 0.01)
(0.00692174 -0.02400311 0.01)
(0.0133333 -0.024 0.01)
(-0.0133333 -0.016 0.01)
(-0.006907691 -0.01594003 0.01)
(8.848526e-06 -0.01592949 0.01)
(0.006946274 -0.01594696 0.01)
(0.0133333 -0.016 0.01)
(-0.0133333 -0.008002243 0.01)
(-0.006888969 -0.007733801 0.01)
(2.374837e-06 -0.007683485 0.01)
(0.006877622 -0.00772271 0.01)
(0.0133333 -0.008002243 0.01)
(-0.0133333 0 0.01)
(-0.006664735 0 0.01)
(0 0 0.01)
(0.006664735 0 0.01)
(0.0133333 0 0.01)
(-0.0133333 0.008 0.009998012)
(-0.006661131 0.008 0.01000035)
(-2.061732e-06 0.008 0.01)
(0.006660028 0.008 0.009998268)
(0.0133333 0.008 0.009998012)
(-0.0133333 0 0.02000489)
(-0.006670332 0 0.01967975)
(-1.342074e-06 0 0.01961386)
(0.006642249 0 0.01968684)
(0.0133333 0 0.02000489)
(-0.0133333 0.008 0.01999928)
(-0.006681376 0.008 0.02000132)
(-2.782067e-06 0.008 0.01999985)
(0.006654566 0.008 0.01999489)
(0.0133333 0.008 0.01999928)
(-0.0133333 0 0.03)
(-0.006682296 0 0.02993451)
(-3.107668e-06 0 0.02991676)
(0.006658137 0 0.02993344)
(0.0133333 0 0.03)
(-0.0133333 0.008 0.03)
(-0.006661123 0.008 0.03000011)
(-1.424549e-06 0.008 0.02999995)
(0.006661828 0.008 0.0299995)
(0.0133333 0.008 0.03)
(-0.0133333 0 0.03999988)
(-0.006678612 0 0.03999262)
(-1.498756e-06 0 0.03999039)
(0.006670726 0 0.03999291)
(0.0133333 0 0.03999988)
(-0.0133333 0.008 0.03999988)
(-0.006671878 0.008 0.03999912)
(-2.102633e-06 0.008 0.04000007)
(0.006653115 0.008 0.04000007)
(0.0133333 0.008 0.03999988)
(-0.0133333 0 0.05)
(-0.006666656 0 0.05)
(0 0 0.05)
(0.006666656 0 0.05)
(0.0133333 0 0.05)
(-0.0133333 0.008 0.05)
(-0.006666656 0.008 0.05)
(0 0.008 0.05)
(0.006666656 0.008 0.05)
(0.0133333 0.008 0.05)
(-0.01000792 0.003993518 -0.04499445)
(-0.003335857 0.00399993 -0.04499757)
(0.003331437 0.004000314 -0.04499787)
(0.009986684 0.004015869 -0.04499471)
(-0.01001136 0.004000516 -0.03499235)
(0.01000139 0.004010618 -0.03499065)
(-0.01001251 0.00400171 -0.02496444)
(0.0100061 0.00401054 -0.0249642)
(-0.01000069 0.004129179 -0.01483961)
(0.01000128 0.004123345 -0.01484279)
(-0.01022609 -0.0359961 -0.005282536)
(0.003398723 -0.03599822 -0.005016403)
(0.01023158 -0.03599426 -0.005255133)
(0.01029897 -0.02799656 -0.005330429)
(-0.01031249 -0.01998816 -0.005285093)
(0.01029848 -0.01998337 -0.005340157)
(-0.0102947 -0.01195187 -0.005233865)
(0.01028134 -0.01194465 -0.00533564)
(-0.01009197 -0.003805952 -0.005068811)
(-0.003390626 -0.003450948 -0.004712665)
(0.003379648 -0.003444311 -0.004715093)
(0.01007471 -0.003793297 -0.00507705)
(-0.009932044 0.004288583 -0.004904614)
(0.009932473 0.004276055 -0.004903153)
(-0.01025313 -0.03598911 0.005213705)
(0.01021513 -0.03600564 0.005267503)
(-0.00993569 0.004289049 0.00490174)
(0.009927601 0.004265018 0.004898694)
(-0.0100095 0.004143319 0.01481688)
(-0.003335813 0.004158191 0.01464999)
(0.003321597 0.004158057 0.01466718)
(0.009990599 0.00413914 0.01482206)
(-0.01000135 0.004004276 0.02495878)
(0.00998052 0.00400981 0.02495916)
(-0.01000783 0.004012998 0.03499378)
(0.009984142 0.0040081 0.03499257)
(-0.01001442 0.003996746 0.0450022)
(-0.003335865 0.003999949 0.04499873)
(0.003330895 0.00400013 0.04499867)
(0.009992264 0.004004762 0.0450024)
(-0.009999995 0 -0.05)
(-0.0133333 0.004 -0.05)
(-0.0133333 0 -0.04499924)
(-0.003333333 0 -0.05)
(-0.00666751 0.003999797 -0.05)
(-0.006674259 0 -0.04499711)
(0.003333333 0 -0.05)
(-3.129044e-07 0.004000018 -0.05)
(-1.306352e-06 0 -0.04499747)
(0.009999995 0 -0.05)
(0.006665708 0.004000563 -0.05)
(0.006664187 0 -0.04499687)
(0.0133333 0.004 -0.05)
(0.0133333 0 -0.04499924)
(-0.009999995 0.008 -0.05)
(-0.0133333 0.008 -0.04499924)
(-0.003333333 0.008 -0.05)
(-0.006669791 0.008 -0.0449956)
(0.003333333 0.008 -0.05)
(-1.358894e-06 0.008 -0.04499928)
(0.009999995 0.008 -0.05)
(0.006658721 0.008 -0.04499966)
(0.0133333 0.008 -0.04499924)
(-0.01001414 0 -0.03998859)
(-0.0133333 0.004024354 -0.03999042)
(-0.0133333 0 -0.035)
(-0.003337781 0 -0.03999055)
(-0.006674257 0.004000649 -0.03999329)
(-0.006672077 0 -0.03497767)
(0.003333012 0 -0.03999062)
(-1.905081e-06 0.004000086 -0.03999355)
(0.009986058 0 -0.03999331)
(0.006661261 0.004001903 -0.03999426)
(0.006670121 0 -0.03497778)
(0.0133333 0.00403256 -0.03999078)
(0.0133333 0 -0.035)
(-0.01002368 0.008 -0.03999543)
(-0.0133333 0.008 -0.035)
(-0.003335915 0.008 -0.03999873)
(-0.006673706 0.008 -0.03499908)
(0.003333245 0.008 -0.03999853)
(0.009972319 0.008 -0.03998774)
(0.006661061 0.008 -0.03499841)
(0.0133333 0.008 -0.035)
(-0.01001665 0 -0.02997058)
(-0.0133333 0.004016115 -0.0300006)
(-0.0133333 0 -0.025)
(-0.006673606 0.004001105 -0.02996779)
(-0.006686764 0 -0.02486011)
(0.01000606 0 -0.02996258)
(0.006666288 0.004002569 -0.02996706)
(0.006671314 0 -0.02485603)
(0.0133333 0.00404242 -0.02999735)
(0.0133333 0 -0.025)
(-0.01000619 0.008 -0.02999795)
(-0.0133333 0.008 -0.025)
(-0.006671228 0.008 -0.02499969)
(0.009981402 0.008 -0.03000199)
(0.006670555 0.008 -0.02499968)
(0.0133333 0.008 -0.025)
(-0.01000728 0 -0.01982311)
(-0.0133333 0.003986779 -0.0200005)
(-0.0133333 0 -0.01503608)
(-0.006670624 0.004030742 -0.0198494)
(-0.006664557 0 -0.01476684)
(0.0100119 0 -0.01982848)
(0.00667152 0.004030884 -0.01984609)
(0.006676848 0 -0.0147243)
(0.0133333 0.003988369 -0.019997)
(0.0133333 0 -0.01503608)
(-0.009982734 0.008 -0.02000523)
(-0.0133333 0.008 -0.01499778)
(-0.006663348 0.008 -0.01500053)
(0.01002776 0.008 -0.02000205)
(0.006666675 0.008 -0.01500063)
(0.0133333 0.008 -0.01499778)
(-0.009760055 -0.04 -0.01)
(-0.0133333 -0.03599774 -0.01)
(-0.0133333 -0.04 -0.004640075)
(-0.003333333 -0.04 -0.01)
(-0.006802264 -0.03599724 -0.01)
(-0.006730886 -0.04 -0.005053084)
(0.003333333 -0.04 -0.01)
(2.348185e-06 -0.03599828 -0.01)
(-1.851027e-08 -0.04 -0.005005958)
(0.009760055 -0.04 -0.01)
(0.006803823 -0.03599638 -0.01)
(0.006730562 -0.04 -0.005049574)
(0.0133333 -0.03599774 -0.01)
(0.0133333 -0.04 -0.004640075)
(-0.01021533 -0.03199036 -0.01)
(-0.0133333 -0.028 -0.01)
(-0.0133333 -0.03199372 -0.005244281)
(-0.003416714 -0.03199714 -0.01)
(-0.006914192 -0.02799091 -0.01)
(-0.006858635 -0.03199388 -0.005093223)
(0.003434533 -0.03199819 -0.01)
(2.953091e-06 -0.03199665 -0.00500858)
(0.01018873 -0.03199614 -0.01)
(0.006945362 -0.02799035 -0.01)
(0.006864868 -0.03199901 -0.005087793)
(0.0133333 -0.028 -0.01)
(0.0133333 -0.03200927 -0.005252922)
(-0.01033888 -0.02399293 -0.01)
(-0.0133333 -0.02 -0.01)
(-0.0133333 -0.02399631 -0.005238054)
(-0.006967848 -0.01998546 -0.01)
(-0.006907348 -0.02398795 -0.005090093)
(0.01032321 -0.02399947 -0.01)
(0.006917884 -0.01997298 -0.01)
(0.006905048 -0.02398724 -0.005092302)
(0.0133333 -0.02 -0.01)
(0.0133333 -0.02399575 -0.005241405)
(-0.01030071 -0.01596786 -0.01)
(-0.0133333 -0.012 -0.01)
(-0.0133333 -0.01599762 -0.005129172)
(-0.006942887 -0.01185909 -0.01)
(-0.006913328 -0.01593888 -0.005069969)
(0.01026752 -0.01596146 -0.01)
(0.006916857 -0.01185542 -0.01)
(0.006896281 -0.01593205 -0.005094724)
(0.0133333 -0.012 -0.01)
(0.0133333 -0.01599211 -0.005276996)
(-0.01029055 -0.007828139 -0.01)
(-0.0133333 -0.00402211 -0.01)
(-0.0133333 -0.008008473 -0.005072149)
(-0.003432028 -0.007666486 -0.01)
(-0.006818638 -0.003668815 -0.01)
(-0.006856731 -0.007736716 -0.004999897)
(0.003430762 -0.007668639 -0.01)
(-1.538998e-06 -0.003591907 -0.01)
(-2.603192e-06 -0.007635698 -0.004928295)
(0.01021514 -0.007813654 -0.01)
(0.006801674 -0.003613812 -0.01)
(0.006840004 -0.007724557 -0.005018777)
(0.0133333 -0.00402211 -0.01)
(0.0133333 -0.007991604 -0.005180738)
(-0.009981106 0 -0.01)
(-0.0133333 0.004081272 -0.009991303)
(-0.0133333 0 -0.004963508)
(-0.003333333 0 -0.01)
(-0.006669535 0.004418592 -0.009498539)
(-0.006636238 0.0006431853 -0.004362414)
(0.003333333 0 -0.01)
(-1.490495e-06 0.0007401455 -0.004270632)
(0.009981106 0 -0.01)
(0.006665678 0.004417412 -0.009497096)
(0.006631405 0.000646397 -0.004364276)
(0.0133333 0.004069592 -0.009990153)
(0.0133333 0 -0.004963508)
(-0.01005076 0.008 -0.009999434)
(-0.0133333 0.008 -0.004999462)
(-0.006681333 0.008 -0.005004747)
(0.01002901 0.008 -0.009997714)
(0.006670129 0.008 -0.004999218)
(0.0133333 0.008 -0.004999462)
(-0.0100956 -0.04 -8.675489e-06)
(-0.0133333 -0.03602295 -4.663786e-05)
(-0.0133333 -0.04 0.004640075)
(-0.006794483 -0.0359986 -1.501013e-05)
(-0.006736747 -0.04 0.005044994)
(0.003371518 -0.04 -2.436326e-07)
(-2.781182e-06 -0.03599872 -1.602149e-06)
(0.01009269 -0.04 9.257159e-07)
(0.006784833 -0.03600049 7.951544e-07)
(0.006728602 -0.04 0.005050289)
(0.0133333 -0.03599799 5.138101e-06)
(0.0133333 -0.04 0.004640075)
(-0.01015301 -0.03199468 -3.681795e-05)
(-0.0133333 -0.03197678 0.005088641)
(-0.006904731 -0.03199214 0.005072825)
(0.003421358 -0.03199836 -6.257085e-07)
(0.01014413 -0.03200244 -3.701609e-06)
(0.006845835 -0.02799901 1.09948e-06)
(0.006866699 -0.03200414 0.005085947)
(0.0133333 -0.02801033 4.150219e-06)
(0.0133333 -0.0320004 0.005205209)
(-0.01016069 -0.0239937 1.783625e-06)
(-0.0133333 -0.02000803 5.564937e-05)
(-0.006849959 -0.01997209 1.957813e-05)
(0.01016184 -0.02400384 4.377347e-06)
(0.006853476 -0.01997313 -6.166076e-06)
(0.0133333 -0.01999129 -1.30871e-05)
(-0.01015245 -0.01597579 6.336338e-05)
(-0.0133333 -0.01200372 0.0001088375)
(-0.006831355 -0.011881 3.301579e-05)
(0.01015715 -0.01598364 -3.548318e-05)
(0.00683061 -0.01187898 -1.470394e-05)
(0.0133333 -0.01200322 -4.99079e-05)
(-0.01010416 -0.007925667 4.630995e-05)
(-0.0133333 -0.004000255 1.795819e-05)
(-0.003410713 -0.007697855 7.778629e-06)
(-0.006702666 -0.003677274 1.069999e-05)
(0.00340508 -0.007694617 -3.677532e-06)
(-2.697851e-06 -0.003520769 4.481711e-07)
(0.01009804 -0.007919351 -2.876375e-05)
(0.006691097 -0.003670559 -5.893463e-06)
(0.0133333 -0.003986979 -9.485395e-06)
(-0.009676927 0.0001994404 3.827571e-06)
(-0.0133333 0.004136308 -2.28456e-06)
(-0.0133333 0 0.004963508)
(-0.003327726 0.0004664454 1.449021e-06)
(-0.006644222 0.004172081 1.241802e-06)
(-0.006635888 0.00063835 0.004365733)
(0.003322356 0.0004668815 -7.296685e-07)
(0.009672663 0.0001963053 -2.35844e-06)
(0.006637367 0.004168075 -3.78724e-07)
(0.006628677 0.0006368948 0.00436193)
(0.0133333 0.004083059 4.419339e-08)
(0.0133333 0 0.004963508)
(-0.01000352 0.008 6.165893e-06)
(-0.0133333 0.008 0.004999462)
(-0.006676625 0.008 0.005001854)
(0.009982911 0.008 1.129531e-06)
(0.006669153 0.008 0.004999445)
(0.0133333 0.008 0.004999462)
(-0.009760055 -0.04 0.01)
(-0.0133333 -0.03599774 0.01)
(-0.003333333 -0.04 0.01)
(-0.006841976 -0.03599183 0.01)
(0.003333333 -0.04 0.01)
(-7.426596e-06 -0.03600007 0.01)
(0.009760055 -0.04 0.01)
(0.006791893 -0.03601065 0.01)
(0.0133333 -0.03599774 0.01)
(-0.01044765 -0.03195646 0.01)
(-0.0133333 -0.028 0.01)
(-0.003458863 -0.03199767 0.01)
(-0.006957578 -0.02799507 0.01)
(0.003429043 -0.03200091 0.01)
(0.01028054 -0.03201337 0.01)
(0.006945863 -0.02800872 0.01)
(0.0133333 -0.028 0.01)
(-0.01028834 -0.0239944 0.01)
(-0.0133333 -0.02 0.01)
(-0.006894928 -0.01997968 0.01)
(0.01032337 -0.02404048 0.01)
(0.00694517 -0.01998158 0.01)
(0.0133333 -0.02 0.01)
(-0.01018552 -0.01597693 0.01)
(-0.0133333 -0.012 0.01)
(-0.006900483 -0.0118625 0.01)
(0.01027999 -0.01596607 0.01)
(0.006931262 -0.01186325 0.01)
(0.0133333 -0.012 0.01)
(-0.01025942 -0.007821437 0.01)
(-0.0133333 -0.00402211 0.01)
(-0.006822333 -0.003713036 0.01)
(0.01023174 -0.007818511 0.01)
(0.006767564 -0.003704167 0.01)
(0.0133333 -0.00402211 0.01)
(-0.009981106 0 0.01)
(-0.0133333 0.00412431 0.00998905)
(-0.0133333 0 0.01503608)
(-0.003333333 0 0.01)
(-0.006661543 0.004420347 0.009494039)
(-0.006687799 0 0.01466238)
(0.003333333 0 0.01)
(-1.47133e-06 0.004420601 0.009453612)
(5.325969e-06 0 0.01459693)
(0.009981106 0 0.01)
(0.006656309 0.004418847 0.009493292)
(0.006628694 0 0.01465495)
(0.0133333 0.004108232 0.009985737)
(0.0133333 0 0.01503608)
(-0.009966018 0.008 0.01000263)
(-0.0133333 0.008 0.01499778)
(-0.003335277 0.008 0.01000036)
(-0.006678047 0.008 0.01500105)
(0.003332033 0.008 0.009999748)
(-2.16996e-06 0.008 0.01499991)
(0.009960216 0.008 0.01000172)
(0.006665875 0.008 0.01499976)
(0.0133333 0.008 0.01499778)
(-0.009986648 0 0.01979125)
(-0.0133333 0.004019563 0.01999587)
(-0.0133333 0 0.025)
(-0.003332003 0 0.01963587)
(-0.006673482 0.004032301 0.0198276)
(-0.006671762 0 0.02483778)
(0.003325267 0 0.01965366)
(-2.80257e-06 0.004033272 0.01978883)
(0.009954669 0 0.01980147)
(0.006651384 0.004032931 0.01982918)
(0.006652939 0 0.02484081)
(0.0133333 0.004034864 0.01999874)
(0.0133333 0 0.025)
(-0.01001269 0.008 0.01999735)
(-0.0133333 0.008 0.025)
(-0.003338609 0.008 0.02000015)
(-0.006673456 0.008 0.02500127)
(0.003330422 0.008 0.01999895)
(0.01000333 0.008 0.02000065)
(0.006666413 0.008 0.02499712)
(0.0133333 0.008 0.025)
(-0.01004258 0 0.02996138)
(-0.0133333 0.004008939 0.02999745)
(-0.0133333 0 0.035)
(-0.006670909 0.004001391 0.02996387)
(-0.006678121 0 0.03497559)
(0.009972964 0 0.02995812)
(0.006659046 0.004000937 0.02996358)
(0.006664046 0 0.0349754)
(0.0133333 0.003987228 0.02999344)
(0.0133333 0 0.035)
(-0.00996706 0.008 0.02999561)
(-0.0133333 0.008 0.035)
(-0.006653544 0.008 0.03499896)
(0.00999283 0.008 0.03000326)
(0.006648304 0.008 0.03500413)
(0.0133333 0.008 0.035)
(-0.01004842 0 0.03999297)
(-0.0133333 0.003978921 0.04000074)
(-0.0133333 0 0.04499924)
(-0.003338009 0 0.03999144)
(-0.00667459 0.003999656 0.03999529)
(-0.006673102 0 0.0450002)
(0.003335456 0 0.03999093)
(-2.253694e-06 0.004000053 0.03999382)
(-5.550719e-07 0 0.04499767)
(0.01000496 0 0.0399976)
(0.006660836 0.004001338 0.039996)
(0.006670915 0 0.04499772)
(0.0133333 0.004026296 0.04000326)
(0.0133333 0 0.04499924)
(-0.01001298 0.008 0.04000225)
(-0.0133333 0.008 0.04499924)
(-0.003336819 0.008 0.03999954)
(-0.006669331 0.008 0.04500119)
(0.003326719 0.008 0.04000047)
(-2.230134e-06 0.008 0.04499957)
(0.009952968 0.008 0.04000576)
(0.006654671 0.008 0.04500089)
(0.0133333 0.008 0.04499924)
(-0.009999995 0 0.05)
(-0.0133333 0.004 0.05)
(-0.003333333 0 0.05)
(-0.006667677 0.003999883 0.05)
(0.003333333 0 0.05)
(-3.391408e-07 0.004000003 0.05)
(0.009999995 0 0.05)
(0.00666596 0.004000194 0.05)
(0.0133333 0.004 0.05)
(-0.009999995 0.008 0.05)
(-0.003333333 0.008 0.05)
(0.003333333 0.008 0.05)
(0.009999995 0.008 0.05)
(-0.01002646 0 -0.04499502)
(-0.00333657 0 -0.04499719)
(0.003332626 0 -0.04499734)
(0.009969583 0 -0.04499376)
(-0.0133333 0.003973416 -0.04498645)
(-0.006671737 0.00399926 -0.04499633)
(-0.01000166 0.008 -0.04499788)
(-0.01001092 0.004005674 -0.0399921)
(-1.49619e-06 0.004000047 -0.04499786)
(-0.003334785 0.008 -0.04499911)
(-0.0033371 0.0040001 -0.03999343)
(0.006661342 0.004002242 -0.04499752)
(0.003330787 0.008 -0.04499951)
(0.003331971 0.004000295 -0.03999355)
(0.0133333 0.004054226 -0.04499117)
(0.009976308 0.008 -0.04499438)
(0.009989428 0.004011238 -0.0399915)
(-0.00999648 0 -0.03498979)
(0.01001618 0 -0.03498594)
(-0.0133333 0.003997628 -0.03499513)
(-0.006673499 0.004000188 -0.03498652)
(-0.01004362 0.008 -0.03499756)
(-0.0100082 0.004004507 -0.02998567)
(0.006665465 0.004001839 -0.03498618)
(0.0133333 0.004028908 -0.03499354)
(0.009996622 0.008 -0.03499685)
(0.009998183 0.00401323 -0.02998368)
(-0.01005569 0 -0.02491642)
(0.00999747 0 -0.02491222)
(-0.0133333 0.003995709 -0.0250007)
(-0.006676485 0.00400429 -0.0249265)
(-0.009994079 0.008 -0.02499597)
(-0.009999114 0.004019492 -0.01992367)
(0.00667031 0.004005596 -0.02492506)
(0.0133333 0.004025045 -0.02499826)
(0.01002456 0.008 -0.02500393)
(0.01000922 0.004020228 -0.01992326)
(-0.01013744 -0.03600351 -0.01)
(-0.003389635 -0.03599665 -0.01)
(0.003395738 -0.03599753 -0.01)
(0.01017162 -0.03598925 -0.01)
(-0.01028419 -0.02798371 -0.01)
(0.01034762 -0.02799228 -0.01)
(-0.010381 -0.019985 -0.01)
(0.01032827 -0.01997344 -0.01)
(-0.01034448 -0.01192474 -0.01)
(0.01030649 -0.01191157 -0.01)
(-0.01002467 0 -0.01478758)
(-0.01021326 -0.003769512 -0.01)
(-0.003409459 -0.003622668 -0.01)
(0.003391895 -0.003615239 -0.01)
(0.01002221 0 -0.01480774)
(0.01015683 -0.003772447 -0.01)
(-0.0133333 0.004017435 -0.01498751)
(-0.006665453 0.004153993 -0.0147234)
(-0.009999599 0.008 -0.01500292)
(-0.009995201 0.004382642 -0.009678471)
(0.006669863 0.004153186 -0.01471471)
(0.0133333 0.003996982 -0.01498532)
(0.01000144 0.008 -0.01500418)
(0.009989908 0.00437762 -0.009677725)
(-0.0133333 -0.03598421 -0.00511444)
(-0.006809487 -0.03599724 -0.005079334)
(-0.01026125 -0.03199285 -0.005343085)
(-0.01012972 -0.03600482 -3.315995e-05)
(1.29898e-06 -0.03599821 -0.005007429)
(0.006810993 -0.03599772 -0.005071933)
(0.003429992 -0.03199745 -0.005019653)
(0.003396346 -0.03599961 -2.85568e-07)
(0.0133333 -0.03598597 -0.005047216)
(0.01025813 -0.03200119 -0.005333545)
(0.01012251 -0.03599993 3.128771e-06)
(-0.01030303 -0.02399227 -0.00533687)
(0.006903394 -0.02799353 -0.005090358)
(0.0133333 -0.02799537 -0.005206937)
(0.01029938 -0.02399509 -0.005341414)
(0.01015794 -0.02800537 3.546544e-06)
(-0.0133333 -0.01999675 -0.005105828)
(-0.006921497 -0.01997485 -0.005077511)
(-0.01029598 -0.01597563 -0.005276758)
(-0.01015769 -0.0199918 4.265227e-05)
(0.006900457 -0.01996914 -0.005093315)
(0.0133333 -0.01999192 -0.005221475)
(0.01028505 -0.01597134 -0.005357201)
(0.01016276 -0.01999019 -1.202235e-05)
(-0.0133333 -0.01200815 -0.005012991)
(-0.006900478 -0.01186396 -0.005052174)
(-0.01024782 -0.007897996 -0.005216087)
(-0.01014545 -0.01196005 7.488741e-05)
(-0.003425723 -0.007658943 -0.004937413)
(0.006884004 -0.01185837 -0.005080503)
(0.003418345 -0.007656136 -0.004942891)
(0.0133333 -0.01200278 -0.00523117)
(0.01022579 -0.007885283 -0.005275322)
(0.0101458 -0.01195932 -3.308863e-05)
(-0.0133333 -0.004002853 -0.0051101)
(-0.006766691 -0.003550684 -0.0047896)
(-0.009772838 0.0003534916 -0.004685154)
(-0.009958063 -0.003873843 1.808827e-05)
(-2.971521e-06 -0.003420492 -0.004700857)
(-0.003338054 0.0007239476 -0.004282346)
(-0.003372181 -0.003558475 4.146867e-06)
(0.006752864 -0.003528063 -0.004796042)
(0.003334073 0.000725499 -0.004283144)
(0.003363231 -0.00355549 -1.961304e-06)
(0.0133333 -0.00397523 -0.005097208)
(0.009769486 0.0003533731 -0.004686944)
(0.00994996 -0.003867967 -1.018745e-05)
(-0.0133333 0.004152176 -0.004998215)
(-0.006655513 0.004232713 -0.00481697)
(-0.01002347 0.008 -0.005006455)
(-0.009900555 0.004251721 1.202237e-06)
(0.006649491 0.004230417 -0.004815204)
(0.0133333 0.004119504 -0.005001136)
(0.01003539 0.008 -0.004997079)
(0.009893291 0.004231596 -5.594213e-07)
(-0.0133333 -0.03598394 0.00496015)
(-0.006835411 -0.03599436 0.005060224)
(-0.01032031 -0.03198039 0.00526914)
(-0.01021785 -0.03597886 0.01)
(-0.00340852 -0.03599977 0.01)
(0.006803966 -0.03600507 0.005073373)
(0.003387488 -0.03600262 0.01)
(0.0133333 -0.03600657 0.005088712)
(0.01027366 -0.03200596 0.005321171)
(0.01008554 -0.03600726 0.01)
(-0.01038412 -0.02799516 0.01)
(0.0102994 -0.02801078 0.01)
(-0.01019066 -0.0199787 0.01)
(0.01035715 -0.02000183 0.01)
(-0.01023163 -0.01191165 0.01)
(0.01031552 -0.01191102 0.01)
(-0.00977349 0.0003532679 0.004689652)
(-0.01022428 -0.003763019 0.01)
(0.009767996 0.0003476343 0.004683614)
(0.01014362 -0.003777036 0.01)
(-0.0133333 0.004150064 0.004991998)
(-0.00665322 0.004232273 0.004815675)
(-0.01004791 0.008 0.005000514)
(-0.009975846 0.004395486 0.00967597)
(-0.003333656 0.004420698 0.009458707)
(0.006646621 0.004227651 0.004813592)
(0.00332953 0.004420439 0.009460369)
(0.0133333 0.004079742 0.004990466)
(0.0100265 0.008 0.00499523)
(0.009971191 0.004388333 0.00967488)
(-0.01002624 0 0.01471162)
(-0.00333394 0 0.01461101)
(0.003302413 0 0.01467628)
(0.009983878 0 0.01474533)
(-0.0133333 0.004062047 0.01498123)
(-0.006676262 0.004156108 0.01468926)
(-0.01004194 0.008 0.01500292)
(-0.01000119 0.00402999 0.01990877)
(-1.493811e-06 0.004158411 0.01464286)
(-0.003335562 0.008 0.01500022)
(-0.003336124 0.004033113 0.01979778)
(0.006650755 0.004155628 0.01468996)
(0.003331405 0.008 0.01499928)
(0.003326208 0.004033191 0.0198044)
(0.0133333 0.004046807 0.01498016)
(0.01001811 0.008 0.01499387)
(0.009986004 0.004034033 0.01991311)
(-0.01000482 0 0.02490468)
(0.009968255 0 0.02491199)
(-0.0133333 0.004000749 0.02500163)
(-0.006671536 0.004004852 0.02491628)
(-0.009996467 0.008 0.02499397)
(-0.01000349 0.00400438 0.02998149)
(0.006657264 0.004005525 0.02491634)
(0.0133333 0.004021784 0.02499543)
(0.009957275 0.008 0.02499415)
(0.009988323 0.003998512 0.02998127)
(-0.01003442 0 0.03498833)
(0.009983229 0 0.03498507)
(-0.0133333 0.004049034 0.0349988)
(-0.006668924 0.004001546 0.03498578)
(-0.009990735 0.008 0.03500047)
(-0.01001634 0.003995426 0.03999838)
(-0.00333735 0.004000003 0.03999419)
(0.006657255 0.004001255 0.034987)
(0.003330502 0.004000213 0.03999438)
(0.0133333 0.004027975 0.03499521)
(0.009958696 0.008 0.03500112)
(0.009988038 0.004008508 0.04000073)
(-0.01003066 0 0.04499971)
(-0.00333599 0 0.04499845)
(0.003333153 0 0.04499866)
(0.01001072 0 0.04500558)
(-0.0133333 0.003989443 0.04500081)
(-0.00667216 0.003999517 0.04499994)
(-0.01002491 0.008 0.0450071)
(-1.638156e-06 0.004000004 0.04499826)
(-0.003335013 0.008 0.04500005)
(0.006662644 0.004000779 0.0449993)
(0.003328323 0.008 0.04499982)
(0.0133333 0.004014557 0.04500198)
(0.009960655 0.008 0.04499989)
(-0.01013994 -0.04 -0.005134318)
(-0.01014474 -0.04 0.005120413)
(0.003360098 -0.04 -0.005012453)
(0.0101403 -0.04 -0.005128342)
(0.01013762 -0.04 0.00513058)
(-0.01000099 0.003999225 -0.05)
(-0.003333813 0.003999966 -0.05)
(0.003332918 0.004000121 -0.05)
(0.009998351 0.004001891 -0.05)
(-0.01000177 0.003999611 0.05)
(-0.003333839 0.003999976 0.05)
(0.003332881 0.004000043 0.05)
(0.009999016 0.004000577 0.05)
(-0.003334181 0.004226408 -0.004787579)
(0.003330665 0.004226137 -0.004787649)
(-0.003410982 -0.03599829 0.005013016)
(-0.01031446 -0.02799364 0.005317584)
(-0.01026385 -0.01998673 0.005375244)
(0.01030734 -0.02000088 0.005322481)
(-0.01026325 -0.01194595 0.005376459)
(0.0102849 -0.01194886 0.005293055)
(-0.01009296 -0.003804064 0.005095018)
(0.01007112 -0.003814932 0.005063674)
(-0.003333045 0.004225059 0.004787442)
(0.00332905 0.004224201 0.004786816)
(-8.80755e-08 0.004420815 -0.009456999)
(-0.003339131 0.008 -0.01000011)
(0.003335847 0.008 -0.009999686)
(-1.746612e-06 0.008 -0.00499978)
(-0.003375653 -0.04 -3.39423e-06)
(-2.359379e-06 -0.04 0.005004728)
(-0.0133333 -0.02799627 -2.989733e-05)
(-0.003427784 -0.03199542 -5.34794e-06)
(-0.00684844 -0.02799154 -9.585109e-06)
(-7.889099e-06 -0.03199822 0.005006939)
(-0.0133333 -0.0239889 0.005222003)
(-0.006899669 -0.02398525 0.005092558)
(0.006904018 -0.02399937 0.005094623)
(0.0133333 -0.02403062 0.005296542)
(-0.0133333 -0.01598657 0.005326208)
(-0.006882218 -0.0159359 0.005104145)
(0.006908547 -0.01594073 0.005079628)
(0.0133333 -0.01601254 0.005144906)
(-0.0133333 -0.008006453 0.005228561)
(-0.006847811 -0.007747748 0.005026248)
(0.006840546 -0.007742504 0.005003656)
(0.0133333 -0.008003804 0.005053168)
(-1.9159e-06 0.00416228 1.4977e-07)
(-1.301886e-06 0.0007303906 0.004271038)
(-0.003338454 0.008 8.145854e-07)
(0.003333376 0.008 4.051626e-07)
(-1.069113e-06 0.008 0.005000254)
(-0.003335237 0.00442067 -0.009461515)
(0.003334096 0.004420462 -0.009463454)
(-0.003403297 -0.03599808 -5.208121e-06)
(-0.01016078 -0.02799365 -2.225296e-05)
(-1.508586e-06 0.004227221 -0.004782119)
(-0.003338849 0.008 -0.004999936)
(-0.003331398 0.004161604 5.821256e-07)
(0.003335888 0.008 -0.004999591)
(0.003326576 0.00416091 -1.181243e-07)
(-6.732166e-06 -0.0359996 0.005005811)
(-0.003447559 -0.03199621 0.005015802)
(-0.0133333 -0.02799995 0.005203341)
(-0.006915652 -0.02799244 0.005084733)
(-0.0102892 -0.02399056 0.005339116)
(0.01029936 -0.02401967 0.005360077)
(-0.0133333 -0.01999885 0.005308258)
(-0.006883689 -0.01997234 0.005101853)
(-0.01025915 -0.01597281 0.00538704)
(0.006913077 -0.01997841 0.005086902)
(0.0133333 -0.02001176 0.005195017)
(0.0102908 -0.01598234 0.005297921)
(-0.0133333 -0.01199856 0.005319469)
(-0.006874712 -0.01186679 0.00509185)
(-0.01023674 -0.007896077 0.005300605)
(0.006891675 -0.01186689 0.005065882)
(0.0133333 -0.01200507 0.00517425)
(0.01022933 -0.007895147 0.005219726)
(-0.0133333 -0.003994379 0.005137693)
(-0.00676622 -0.003573212 0.00480099)
(-0.003337315 0.000714129 0.004283548)
(0.00674107 -0.00357077 0.004789869)
(0.003332754 0.0007137961 0.004282194)
(0.0133333 -0.004021688 0.005089273)
(-1.531087e-06 0.004225628 0.004781764)
(-0.003337292 0.008 0.005000504)
(0.003334618 0.008 0.004999593)
(-0.003364175 -0.04 0.00501041)
(0.003393068 -0.03600151 0.005016171)
(0.01029087 -0.0280117 0.005342643)
(0.003425665 -0.03200034 0.00501896)
(0.006901636 -0.02800454 0.005092831)
(0.0133333 -0.02801622 0.005240608)
(0.00335841 -0.04 0.005012241)
(-0.00333741 0.00400014 -0.03498362)
(0.003332051 0.004000321 -0.03498362)
(-0.003337639 0.004004861 -0.02490747)
(0.003334255 0.004005049 -0.02490848)
(-0.00333171 0.004157817 -0.01466547)
(0.003337656 0.00415768 -0.01468462)
(-0.003395805 -0.03599747 -0.005018491)
(-0.01028582 -0.02798771 -0.005362658)
(-0.003442808 -0.02799219 -0.005021867)
(0.00344927 -0.02799367 -0.005020481)
(-0.003459541 -0.01996261 -0.005016401)
(0.003451511 -0.01996135 -0.005020684)
(-0.003449324 -0.01181804 -0.004997865)
(0.003438666 -0.01181518 -0.005005371)
(-0.003455492 -0.02799366 0.005018701)
(0.003445856 -0.0279976 0.005020663)
(-0.003442508 -0.01996457 0.005023225)
(0.003458635 -0.01996782 0.005019158)
(-0.00343391 -0.01182864 0.005008757)
(0.003444721 -0.01182674 0.005001532)
(-0.0033878 -0.003499558 0.004716817)
(0.003375408 -0.003499622 0.004713478)
(-0.003335768 0.004004966 0.02489831)
(0.003327373 0.004005038 0.02489964)
(-0.003336215 0.004000263 0.03498268)
(0.003329986 0.004000299 0.03498272)
(-1.206426e-06 0 -0.03497195)
(-2.04069e-06 0.008 -0.03499889)
(-0.003340264 0 -0.02992887)
(0.003333778 0 -0.02992853)
(-1.911372e-06 0.004000797 -0.02995714)
(-9.505326e-07 0 -0.02482022)
(-0.003334985 0.008 -0.02999919)
(0.003330266 0.008 -0.02999922)
(-9.27452e-07 0.008 -0.02499963)
(-0.003336534 0 -0.0196635)
(0.003336185 0 -0.01968196)
(8.924139e-07 0.004033134 -0.01980751)
(2.099788e-05 0 -0.01465851)
(-0.00333499 0.008 -0.02000008)
(0.003333424 0.008 -0.01999956)
(-9.698484e-07 0.008 -0.01499988)
(3.762973e-06 -0.02799613 -0.01)
(-0.003461154 -0.02398847 -0.01)
(0.003461031 -0.02398887 -0.01)
(-4.847958e-06 -0.01997126 -0.01)
(-7.456549e-08 -0.02398298 -0.005008266)
(-0.00346615 -0.01592809 -0.01)
(0.003452964 -0.01592543 -0.01)
(-4.429192e-06 -0.01181959 -0.01)
(-4.129444e-06 -0.01590543 -0.005003985)
(-8.319254e-07 -0.02799208 -8.237662e-07)
(-0.00344292 -0.02398149 1.313869e-06)
(0.003444473 -0.0239842 -4.392779e-08)
(1.487707e-06 -0.01995444 1.320468e-06)
(2.641812e-06 -0.02398664 0.005008633)
(-0.003438924 -0.01591061 9.884447e-06)
(0.003441838 -0.01591053 -3.679199e-06)
(2.48065e-08 -0.01180611 1.784789e-06)
(7.129994e-06 -0.01591128 0.005005757)
(4.202563e-07 -0.007661284 0.004929415)
(-5.143554e-06 -0.02799766 0.01)
(-0.003450465 -0.02399206 0.01)
(0.003460504 -0.02399704 0.01)
(8.212134e-06 -0.01997617 0.01)
(-0.003439434 -0.01593186 0.01)
(0.003463244 -0.01593405 0.01)
(6.49786e-06 -0.01183131 0.01)
(-0.003433369 -0.007709602 0.01)
(0.003424156 -0.007698067 0.01)
(3.908848e-06 -0.003658174 0.01)
(-2.315434e-06 0 0.0248028)
(-2.354519e-06 0.008 0.02499953)
(-0.003339604 0 0.02991932)
(0.003327375 0 0.0299207)
(-2.677738e-06 0.004000797 0.02995293)
(-2.106783e-06 0 0.03496964)
(-0.003331818 0.008 0.02999985)
(0.003331194 0.008 0.0299993)
(-2.191342e-06 0.008 0.03500011)
(-0.003337222 0 -0.03497348)
(0.003334106 0 -0.03497294)
(-1.945618e-06 0.004000175 -0.03498271)
(-0.003337346 0.008 -0.03499892)
(-0.003337634 0.004000798 -0.02995948)
(0.003330184 0.008 -0.03499956)
(0.003332316 0.004001009 -0.02995943)
(-0.003340385 0 -0.02482688)
(0.003335163 0 -0.02482872)
(-1.022949e-06 0.004004972 -0.02490315)
(-0.003334891 0.008 -0.02499971)
(-0.003335282 0.004032833 -0.01981263)
(0.003333307 0.008 -0.02499955)
(0.003335408 0.004032861 -0.01981934)
(-0.00344665 -0.02799519 -0.01)
(0.003456161 -0.02799656 -0.01)
(-0.003465595 -0.01997277 -0.01)
(0.003456724 -0.01997211 -0.01)
(-0.003459459 -0.01183014 -0.01)
(0.003445252 -0.01182667 -0.01)
(-0.003326308 0 -0.01463695)
(0.003345372 0 -0.01471314)
(5.875601e-06 0.00415825 -0.01466512)
(-0.003335455 0.008 -0.01499982)
(0.003332754 0.008 -0.01499997)
(-0.003421976 -0.03199574 -0.005021427)
(-0.0133333 -0.02798286 -0.005296121)
(-0.006890523 -0.02799067 -0.005096904)
(2.468835e-06 -0.02799294 -0.005008773)
(-0.003454265 -0.02398366 -0.005019897)
(-0.003440043 -0.02799127 -2.987017e-06)
(0.003453789 -0.02398399 -0.005020791)
(0.003437983 -0.02799446 -2.180821e-08)
(-3.134324e-06 -0.01995896 -0.005007096)
(-0.003457828 -0.01591359 -0.005011933)
(-0.003442314 -0.0199587 6.571858e-06)
(0.003447562 -0.01591114 -0.005018691)
(0.003445537 -0.01995965 -1.712819e-06)
(-3.908323e-06 -0.01180317 -0.004990491)
(-0.00343103 -0.01182541 1.064578e-05)
(0.003430453 -0.01182366 -4.120046e-06)
(-3.873197e-06 -0.02799497 0.005007961)
(-0.003448792 -0.02398541 0.00502117)
(-0.003463108 -0.02799705 0.01)
(0.003454422 -0.02399038 0.005021022)
(0.003450704 -0.02799867 0.01)
(6.517641e-06 -0.0199631 0.00500847)
(-0.003438551 -0.01591702 0.005021891)
(-0.003445038 -0.01997593 0.01)
(0.003456165 -0.01591861 0.005015302)
(0.00346469 -0.01998011 0.01)
(4.721141e-06 -0.01181463 0.004992322)
(-0.003421715 -0.00768629 0.00494526)
(-0.00343727 -0.01184324 0.01)
(0.003417084 -0.007681295 0.004939155)
(0.003453481 -0.01183923 0.01)
(-1.018007e-06 -0.003461445 0.00470154)
(-0.00340382 -0.003731858 0.01)
(0.003383976 -0.003736461 0.01)
(-0.003335678 0 0.02480917)
(0.003325215 0 0.02481204)
(-2.881278e-06 0.004004989 0.02489372)
(-0.003334258 0.008 0.02500035)
(-0.003336038 0.004000863 0.029955)
(0.003329552 0.008 0.0249993)
(0.003328878 0.004000821 0.02995532)
(-0.003338474 0 0.03497126)
(0.003334412 0 0.03497052)
(-2.456666e-06 0.004000165 0.03498176)
(-0.00333404 0.008 0.03499994)
(0.003328201 0.008 0.03500004)
(-0.003360181 -0.04 -0.005013795)
)


// ************************************************************************* //
