/*--------------------------------*- C++ -*----------------------------------*\
| =========                 |                                                 |
| \\      /  F ield         | OpenFOAM: The Open Source CFD Toolbox           |
|  \\    /   O peration     | Version:  v2012                                 |
|   \\  /    A nd           | Website:  www.openfoam.com                      |
|    \\/     M anipulation  |                                                 |
\*---------------------------------------------------------------------------*/
FoamFile
{
    version     2.0;
    format      ascii;
    class       volScalarField;
    location    "1000";
    object      nut;
}
// * * * * * * * * * * * * * * * * * * * * * * * * * * * * * * * * * * * * * //

dimensions      [0 2 -1 0 0 0 0];


internalField   nonuniform List<scalar> 
4000
(
0.000233393
0.000196842
0.000188246
0.000183128
0.000173276
0.000169497
0.000168554
0.000170599
0.000174195
0.000177384
0.000178441
0.000176215
0.000171626
0.00016661
0.000162935
0.000162999
0.000170285
0.000174986
0.000214656
0.000284743
0.000368337
0.000340015
0.000291926
0.000232987
0.000205305
0.00020833
0.000212317
0.000216394
0.000217834
0.000218552
0.0002157
0.000208463
0.000199377
0.000191216
0.000189711
0.000187946
0.000229295
0.000294589
0.000344064
0.000379141
0.000408854
0.000392617
0.000361871
0.000317255
0.000271664
0.000224026
0.000216467
0.000225405
0.000230633
0.00023607
0.000231294
0.000218436
0.000205383
0.000194529
0.000223584
0.000272303
0.000308431
0.000349096
0.000384732
0.000411995
0.000428707
0.000420269
0.000395991
0.0003605
0.000317295
0.000281765
0.000250554
0.000223946
0.000222234
0.000240228
0.000234902
0.000212061
0.000207275
0.000233632
0.000261012
0.000295392
0.000336255
0.000376294
0.000411193
0.00042991
0.000442006
0.000442019
0.000429126
0.000406776
0.000382996
0.000363788
0.000346215
0.000327197
0.000304149
0.000282964
0.000277877
0.000284653
0.000297207
0.000315354
0.000338358
0.000361513
0.000387319
0.000413956
0.0004352
0.000442375
0.000452874
0.000461981
0.000462555
0.000458843
0.000454366
0.000449351
0.000442286
0.000431923
0.000417615
0.000400982
0.000396714
0.000403172
0.000411436
0.000420203
0.000428911
0.000437371
0.00044563
0.000453513
0.000458191
0.00045296
0.000463583
0.000482003
0.000495174
0.000504579
0.000511596
0.000515294
0.000514697
0.000509423
0.000499215
0.000484124
0.000477317
0.000482204
0.000487453
0.000491617
0.000494102
0.000494369
0.000492268
0.000487861
0.000479571
0.000462786
0.000475164
0.000502709
0.000526103
0.00054445
0.000558792
0.000568606
0.000573374
0.000572062
0.000563811
0.000547874
0.000538852
0.000543537
0.000547267
0.000548251
0.000545965
0.000540332
0.00053112
0.00051817
0.000499806
0.000472897
0.000489066
0.000526884
0.000558948
0.000584567
0.000605222
0.000620469
0.000629737
0.00063178
0.000624951
0.000607671
0.000596108
0.000601233
0.000603604
0.000601616
0.000595213
0.000584511
0.000569293
0.000549266
0.000522172
0.000485277
0.000507188
0.000555319
0.000595215
0.000625926
0.000650456
0.000669594
0.000683183
0.000690383
0.000689436
0.000677529
0.000663845
0.000666416
0.000663901
0.000656547
0.000644869
0.000629097
0.000608958
0.000583222
0.000548204
0.000501479
0.000196842
0.000200921
0.000208639
0.000216393
0.000213608
0.000208183
0.000206448
0.000208377
0.000211712
0.000213231
0.000211421
0.000205952
0.000199021
0.000193874
0.000190952
0.000197845
0.000206323
0.000198351
0.000227279
0.000277025
0.000340015
0.000376795
0.000351783
0.000392081
0.000502198
0.000548617
0.000642964
0.000718548
0.000759656
0.000767232
0.000737398
0.000678346
0.000605725
0.000522266
0.000449592
0.000442796
0.000402178
0.000411192
0.000459157
0.000377727
0.000392617
0.00052142
0.000494569
0.000445105
0.000439878
0.000477826
0.00062217
0.000722278
0.000823308
0.000874905
0.00083686
0.000730098
0.000607507
0.000498792
0.000440316
0.000445414
0.000458074
0.000505163
0.000533961
0.000413018
0.000420269
0.000566161
0.00057701
0.000511751
0.000449159
0.000423154
0.000439854
0.00052706
0.000733548
0.000840877
0.0007936
0.000628909
0.000458702
0.000397755
0.000398331
0.00042391
0.000469286
0.000536305
0.000567183
0.000433365
0.000442019
0.000590425
0.000620492
0.000581924
0.000502609
0.00044358
0.00040856
0.000396313
0.000426049
0.000510979
0.000556257
0.000463162
0.000387031
0.000385523
0.000411397
0.000448316
0.000510322
0.000582976
0.000603173
0.000448943
0.000461981
0.000616448
0.000659835
0.000654187
0.000610032
0.000538833
0.000483816
0.000444661
0.000421884
0.000425048
0.000436036
0.000422765
0.000415121
0.000433385
0.000469051
0.000530964
0.000595963
0.000644188
0.000636821
0.000463292
0.000482003
0.000643367
0.000698385
0.000733017
0.000751989
0.000735601
0.000681268
0.000610823
0.000541329
0.000509972
0.000504544
0.000510092
0.000526742
0.000570096
0.000633753
0.000683841
0.000703952
0.000698107
0.000661192
0.000478559
0.000502709
0.00067029
0.000735478
0.00080145
0.000878675
0.00093366
0.000949203
0.000939018
0.000902016
0.000835068
0.000807956
0.000825914
0.000854271
0.000872894
0.000872387
0.00084329
0.000791708
0.000737376
0.000676211
0.000496518
0.000526884
0.000681302
0.000760927
0.000835272
0.000907163
0.000959606
0.000990973
0.000991701
0.000949932
0.000875234
0.000841805
0.000862868
0.000889864
0.000902075
0.000893356
0.000864864
0.000814859
0.0007543
0.000681924
0.00051782
0.000555319
0.000605869
0.00064932
0.000684646
0.000714677
0.000739716
0.000758822
0.000770284
0.000771506
0.000759831
0.000742044
0.000742528
0.000736897
0.000725304
0.000708617
0.000687623
0.000662484
0.000632063
0.000592632
0.000542272
0.000188246
0.000208639
0.000223129
0.000233188
0.000231184
0.000227856
0.000227618
0.000229832
0.000232442
0.000232547
0.000228717
0.000221204
0.000212852
0.000207623
0.000205796
0.000213447
0.000223926
0.000209694
0.000215383
0.000252213
0.000291926
0.000351783
0.000409174
0.000503027
0.000600759
0.000675039
0.000796957
0.000896607
0.000955143
0.000965605
0.000921304
0.000832967
0.0007244
0.00061685
0.000537614
0.000523025
0.000475236
0.000444659
0.00046498
0.000366043
0.000361871
0.000494569
0.000496522
0.000505222
0.000553173
0.000642963
0.000789452
0.000927785
0.00105423
0.00110616
0.00104059
0.000885197
0.000716561
0.000600115
0.000548365
0.000535782
0.000528739
0.000554621
0.000564114
0.000404961
0.000395991
0.00057701
0.000602523
0.000554993
0.000529231
0.00054435
0.000619894
0.000774865
0.000964447
0.0010594
0.000981405
0.000771224
0.000591859
0.00051275
0.000496222
0.000508483
0.000544552
0.000603915
0.000609496
0.000429268
0.000429126
0.000620492
0.00067084
0.000629948
0.000560156
0.000517428
0.000508186
0.000540837
0.00066125
0.000845385
0.000882525
0.000669545
0.000512393
0.000474272
0.000482677
0.000513518
0.000576226
0.000657518
0.000656753
0.000450107
0.000462555
0.000659835
0.00071943
0.000701029
0.000629077
0.000557343
0.000508485
0.0004837
0.000496612
0.000558106
0.00060044
0.00053705
0.000469403
0.000465953
0.000493797
0.000548103
0.000636437
0.000724159
0.000703613
0.000470908
0.000495174
0.000698385
0.000769221
0.000779599
0.000736624
0.000680734
0.000626458
0.000579189
0.00054569
0.000540909
0.000551358
0.000541841
0.000531118
0.000550324
0.000591789
0.000647468
0.000732581
0.000789287
0.00074268
0.000493381
0.000526103
0.000735478
0.00083117
0.000897149
0.000929972
0.000929384
0.000919291
0.000895945
0.000847384
0.000789271
0.000766183
0.000783366
0.000811633
0.000840138
0.00086205
0.000879996
0.000888384
0.000857856
0.000774746
0.000518086
0.000558948
0.000760927
0.00093134
0.00110576
0.00125493
0.00135142
0.00141173
0.00141831
0.0013267
0.00119276
0.00114662
0.00120402
0.0012686
0.00129843
0.00127643
0.00121929
0.00110553
0.000953118
0.000787266
0.00054734
0.000595215
0.00064932
0.000695224
0.000733579
0.000767588
0.000797369
0.000821245
0.000836823
0.000840597
0.000828987
0.000807143
0.000805877
0.000797266
0.000781817
0.000760829
0.000735695
0.000706944
0.000673285
0.000630892
0.000577139
0.000183128
0.000216393
0.000233188
0.00023972
0.000239486
0.000240113
0.000242537
0.000245959
0.000248335
0.000247119
0.000240814
0.000230692
0.000220934
0.000215873
0.000214845
0.000220467
0.000233178
0.000219253
0.000206233
0.000215372
0.000232987
0.000392081
0.000503027
0.000598963
0.000682409
0.00078743
0.000916363
0.00101531
0.00107178
0.00107317
0.00100901
0.000895634
0.000772462
0.000663824
0.000580976
0.000554448
0.000516466
0.000447334
0.000423314
0.000341447
0.000317255
0.000445105
0.000505222
0.000573646
0.000667899
0.000787852
0.000936343
0.00108379
0.00120504
0.00123135
0.00113094
0.000946339
0.000765469
0.000653859
0.00060694
0.000584525
0.000556127
0.000547292
0.000542016
0.000384439
0.0003605
0.000511751
0.000554993
0.000566423
0.000596549
0.000666709
0.000794418
0.000968504
0.00113617
0.00120103
0.00108054
0.000844651
0.000663837
0.000586203
0.000559771
0.000557329
0.000576465
0.000614692
0.000602862
0.000412515
0.000406776
0.000581924
0.000629948
0.000614598
0.000590949
0.000591275
0.0006263
0.00072089
0.000907641
0.00109456
0.00104021
0.000791295
0.000606649
0.000548535
0.000543523
0.000564624
0.000615528
0.000679586
0.0006649
0.000440663
0.000458843
0.000654187
0.000701029
0.000683269
0.000635897
0.00059471
0.000574904
0.000585907
0.000654211
0.000787287
0.000857069
0.000719109
0.000581034
0.000541612
0.000550889
0.000591045
0.000669613
0.00075362
0.000730598
0.000470543
0.000504579
0.000733017
0.000779599
0.000769202
0.000729929
0.000686639
0.000653863
0.000635933
0.000642784
0.000688493
0.000739399
0.00070831
0.000642951
0.00062204
0.000632741
0.000671792
0.000756371
0.000836985
0.000793798
0.000501882
0.00054445
0.00080145
0.000897149
0.000947238
0.000958518
0.000953117
0.000947167
0.000933386
0.000901738
0.000864377
0.000861967
0.000882838
0.000900733
0.000915036
0.000921931
0.00093368
0.000965659
0.000956425
0.000850237
0.000534119
0.000584567
0.000835272
0.00110576
0.00138164
0.00149213
0.00156773
0.00162227
0.0016134
0.00151963
0.00137446
0.00133048
0.0014061
0.00148096
0.00151245
0.00149768
0.00145809
0.00139231
0.00115468
0.000875997
0.000570153
0.000625926
0.000684646
0.000733579
0.000775184
0.000813681
0.000849161
0.000878762
0.000899515
0.000908342
0.000901313
0.000875021
0.00086852
0.000854768
0.000834083
0.000807802
0.000777359
0.000744415
0.000707163
0.000661252
0.000603403
0.000173276
0.000213608
0.000231184
0.000239486
0.000244501
0.000249557
0.000255112
0.000260433
0.000263456
0.000261012
0.000251293
0.000237593
0.000226718
0.000222306
0.000221501
0.000224524
0.000234883
0.000228651
0.000205638
0.000193702
0.000205305
0.000502198
0.000600759
0.000682409
0.000784862
0.00090764
0.00102588
0.00111355
0.00115889
0.00114696
0.00105963
0.00092893
0.000802593
0.000701424
0.000622193
0.000570047
0.000539864
0.000459012
0.000389449
0.000306276
0.000271664
0.000439878
0.000553173
0.000667899
0.000793212
0.000927783
0.00108134
0.00122805
0.00132144
0.00130691
0.00117627
0.000979039
0.000799708
0.000693188
0.000644663
0.000613725
0.000569048
0.000520109
0.00047907
0.0003539
0.000317295
0.00044916
0.000529231
0.000596549
0.000683329
0.000806093
0.00096425
0.00113772
0.00127816
0.00128774
0.00113428
0.000892925
0.000712237
0.000636937
0.000603148
0.000581353
0.000572756
0.000574945
0.00055379
0.0003841
0.000382996
0.000502609
0.000560156
0.000590949
0.000621345
0.000671646
0.000758376
0.000913079
0.00112154
0.00124751
0.00113129
0.000865576
0.000670679
0.000599955
0.000582688
0.00058844
0.000616799
0.000654569
0.000633059
0.000422915
0.000454366
0.000610032
0.000629077
0.000635897
0.000632809
0.0006354
0.000656667
0.000716682
0.000848046
0.00102543
0.00107488
0.000872964
0.000680712
0.000609458
0.00060123
0.000625574
0.000681513
0.00074238
0.000724028
0.000465161
0.000511596
0.000751989
0.000736624
0.000729929
0.000720886
0.000710493
0.000707045
0.000720935
0.000773733
0.000880742
0.000969875
0.000895359
0.000767491
0.000706435
0.000693508
0.000715197
0.000777648
0.000845126
0.000817517
0.000505558
0.000558792
0.000878675
0.000929972
0.000958518
0.00097162
0.000976955
0.000983097
0.000980301
0.000962232
0.000949061
0.000975601
0.000996099
0.000994189
0.000987914
0.000977338
0.000979081
0.00101281
0.00101743
0.000898283
0.000544949
0.000605222
0.000907163
0.00125493
0.00149213
0.0016247
0.00174537
0.00181743
0.00179533
0.00166786
0.00149196
0.00145492
0.00156361
0.00166729
0.00170517
0.00167281
0.00159773
0.00152615
0.00129526
0.000940874
0.000586988
0.000650456
0.000714677
0.000767588
0.000813681
0.000858948
0.000900811
0.000936471
0.00096357
0.000979475
0.000980182
0.000948126
0.000934057
0.000913459
0.00088647
0.000854072
0.000817366
0.000778072
0.000736014
0.00068604
0.000623629
0.000169497
0.000208183
0.000227856
0.000240113
0.000249557
0.000258469
0.000267338
0.000275547
0.000280562
0.000276866
0.000262199
0.000243892
0.000232366
0.000228155
0.000227118
0.000228362
0.000233222
0.000232542
0.000214073
0.000188735
0.00020833
0.000548617
0.000675039
0.00078743
0.00090764
0.00102469
0.00112329
0.00119252
0.00122079
0.00119049
0.00108559
0.000945648
0.000831983
0.000741587
0.000670325
0.000604523
0.000552251
0.000483721
0.000387824
0.000272395
0.000224027
0.000477826
0.000642963
0.000787852
0.000927783
0.00107526
0.00122133
0.00133322
0.00136342
0.0012967
0.0011615
0.000990745
0.000838171
0.00073943
0.000684018
0.000642494
0.00058818
0.000511478
0.000429159
0.00031417
0.000281765
0.000423154
0.00054435
0.000666709
0.000806093
0.000962016
0.00112271
0.0012709
0.00132693
0.00125726
0.00110977
0.000916302
0.000760317
0.000685735
0.000646064
0.000604721
0.000562908
0.00052398
0.000472154
0.000348586
0.000363788
0.00044358
0.000517428
0.000591275
0.000671646
0.000771901
0.000914587
0.00109951
0.0012503
0.00125303
0.0011244
0.000901722
0.000721053
0.000641392
0.000608951
0.000591953
0.00058601
0.00058424
0.000559022
0.000401536
0.000449351
0.000538833
0.000557343
0.00059471
0.0006354
0.000682845
0.000752227
0.000868789
0.00103461
0.00116174
0.0011657
0.000955855
0.000747204
0.000655163
0.000629666
0.000632613
0.000655763
0.000683196
0.000677734
0.000456609
0.000515294
0.000735601
0.000680734
0.000686639
0.000710493
0.000733797
0.000761519
0.000813975
0.000919575
0.00105522
0.00113941
0.00101771
0.000846403
0.000761099
0.000734805
0.000740821
0.000773661
0.000812548
0.000811241
0.000505364
0.000568606
0.00093366
0.000929384
0.000953117
0.000976955
0.00100085
0.00102172
0.00102946
0.00102948
0.00104817
0.00109106
0.00108081
0.0010513
0.00103143
0.00101123
0.0010037
0.00102633
0.00103796
0.000924611
0.000550904
0.000620469
0.000959606
0.00135142
0.00156773
0.00174537
0.00188782
0.00194464
0.00188405
0.00171827
0.00152765
0.0014881
0.00162226
0.00176374
0.00182509
0.00179149
0.00169263
0.00157679
0.00137921
0.000978879
0.000598018
0.000669594
0.000739716
0.000797369
0.000849161
0.000900811
0.000948667
0.00099101
0.00102656
0.00105349
0.00106704
0.00102663
0.00100062
0.000970161
0.000935198
0.000895921
0.0008529
0.00080717
0.000759888
0.000705713
0.000638713
0.000168554
0.000206448
0.000227618
0.000242537
0.000255112
0.000267338
0.000280046
0.000292808
0.000302082
0.000297808
0.000275121
0.000250113
0.000238424
0.000233243
0.000231308
0.000231259
0.000232671
0.000231191
0.000217866
0.000191905
0.000212317
0.000642964
0.000796957
0.000916363
0.00102588
0.00112329
0.00119986
0.00124996
0.00125962
0.00119728
0.00108502
0.000956639
0.000863031
0.000786969
0.000722863
0.00065769
0.000586994
0.000509362
0.000407036
0.000234869
0.000216467
0.00062217
0.000789452
0.000936343
0.00108134
0.00122133
0.00132777
0.00137377
0.00132602
0.0011691
0.00105725
0.000974743
0.000884158
0.000806806
0.000741948
0.000683426
0.000620873
0.000532276
0.000417128
0.000278115
0.000250554
0.000439854
0.000619894
0.000794418
0.00096425
0.00112271
0.00125605
0.0013142
0.00124324
0.00107107
0.00095311
0.000896797
0.000818657
0.000756409
0.000706647
0.000650911
0.000577748
0.000498397
0.000414815
0.000309985
0.000346215
0.00040856
0.000508186
0.0006263
0.000758376
0.000914587
0.00108851
0.00121861
0.00121427
0.00108574
0.000952212
0.000879991
0.000776679
0.00069755
0.000644947
0.000600165
0.000556525
0.000513354
0.000466751
0.000378459
0.000442286
0.000483816
0.000508485
0.000574904
0.000656667
0.000752227
0.000877028
0.00102686
0.0011209
0.00112355
0.00104601
0.000942581
0.000792342
0.000693197
0.000647107
0.000622367
0.000607501
0.000598577
0.000596919
0.000445671
0.000514697
0.000681268
0.000626458
0.000653863
0.000707045
0.000761519
0.000828051
0.000935862
0.00106457
0.00113358
0.00113873
0.00104587
0.00088429
0.000789837
0.000752844
0.000740265
0.000739631
0.000746253
0.000774318
0.00050143
0.000573374
0.000949203
0.000919291
0.000947167
0.000983097
0.00102172
0.00105513
0.0010883
0.00114943
0.00119836
0.00118
0.00111235
0.00106102
0.00103886
0.00101813
0.00100368
0.00100881
0.00100514
0.000924351
0.000551611
0.000629737
0.000990973
0.00141173
0.00162227
0.00181743
0.00194464
0.00195929
0.00186569
0.00173286
0.00162044
0.00151741
0.00159292
0.00175473
0.00185573
0.0018398
0.00173239
0.00158492
0.00139818
0.00097931
0.000602529
0.000683183
0.000758822
0.000821245
0.000878762
0.000936471
0.00099101
0.00104213
0.00109044
0.00113571
0.00117144
0.00111838
0.00107112
0.00102524
0.000979513
0.0009321
0.000882215
0.000830149
0.000777667
0.000719739
0.000648766
0.000170599
0.000208377
0.000229832
0.000245959
0.000260433
0.000275547
0.000292808
0.000312113
0.000327944
0.00032429
0.000287941
0.000257222
0.000244378
0.000236868
0.000232962
0.000231326
0.000230832
0.000228076
0.00021601
0.000188813
0.000216394
0.000718548
0.000896607
0.00101531
0.00111355
0.00119252
0.00124996
0.00128688
0.00127192
0.00110695
0.00097791
0.000945564
0.000888576
0.000828668
0.000770219
0.000708688
0.000636958
0.000548602
0.000428992
0.000206464
0.000225405
0.000722278
0.000927785
0.00108379
0.00122805
0.00133322
0.00137377
0.00136697
0.00127311
0.000956221
0.000794527
0.0008709
0.000896397
0.0008732
0.000812878
0.000739581
0.000657894
0.000561246
0.000426966
0.000237783
0.000223946
0.00052706
0.000774865
0.000968504
0.00113772
0.0012709
0.0013142
0.00128838
0.00119789
0.000992394
0.00076116
0.000762953
0.000816155
0.000834483
0.000786044
0.000717426
0.000628153
0.0005123
0.000389072
0.000276638
0.000327197
0.000396313
0.000540837
0.000720889
0.000913079
0.00109951
0.00121861
0.00122694
0.00125055
0.00117028
0.000864493
0.000744617
0.000800581
0.000787468
0.000714769
0.000634029
0.000552662
0.000472629
0.000407644
0.000357161
0.000431923
0.000444661
0.0004837
0.000585907
0.000716682
0.000868789
0.00102686
0.00111961
0.00128131
0.00137445
0.00102161
0.000791364
0.000806541
0.000749831
0.000678778
0.000618228
0.00056341
0.000518502
0.000503902
0.000432976
0.000509423
0.000610823
0.000579188
0.000635933
0.000720935
0.000813975
0.000935862
0.00108217
0.00130055
0.00152382
0.0011909
0.000940366
0.0008959
0.000818333
0.000765624
0.000727753
0.000691851
0.000668066
0.000711191
0.000493986
0.000572062
0.000939018
0.000895945
0.000933386
0.000980301
0.00102946
0.0010883
0.00120916
0.00143293
0.00165818
0.00134497
0.00109973
0.00103907
0.00101621
0.000999722
0.00097987
0.000966241
0.000943331
0.0008985
0.000547247
0.00063178
0.000991701
0.00141831
0.0016134
0.00179533
0.00188405
0.00186569
0.001815
0.00186955
0.00199957
0.00174299
0.0015468
0.0016306
0.00176813
0.00179575
0.00170711
0.00154806
0.00136934
0.000950245
0.000600799
0.000690383
0.000770284
0.000836823
0.000899515
0.00096357
0.00102656
0.00109044
0.0011586
0.00123279
0.00130277
0.00123253
0.00114941
0.00107881
0.00101764
0.000960243
0.000903126
0.000845061
0.000788096
0.00072701
0.000653131
0.000174195
0.000211712
0.000232442
0.000248335
0.000263456
0.000280562
0.000302082
0.000327944
0.000347974
0.000350705
0.000300883
0.000264451
0.000251208
0.000239447
0.000232211
0.000228271
0.000226068
0.000222436
0.000211105
0.000184019
0.000217834
0.000759656
0.000955143
0.00107178
0.00115889
0.00122079
0.00125962
0.00127192
0.00118851
0.00114535
0.000913381
0.000820945
0.000892554
0.000860323
0.000803786
0.000742839
0.000674112
0.00058578
0.00045628
0.000186912
0.000230633
0.000823308
0.00105423
0.00120504
0.00132144
0.00136342
0.00132602
0.00127311
0.00121812
0.0014358
0.00109742
0.000671947
0.000770909
0.000877628
0.000845292
0.000773271
0.000689871
0.000584805
0.000438189
0.000200533
0.000222234
0.000733548
0.000964447
0.00113617
0.00127816
0.00132693
0.00124324
0.00119789
0.00137532
0.00180419
0.00140173
0.000693997
0.00064374
0.000823752
0.000813992
0.000746064
0.000664755
0.000551143
0.000397824
0.000247342
0.000304149
0.000426049
0.00066125
0.000907641
0.00112153
0.0012503
0.00121427
0.00125055
0.00162402
0.00220171
0.00176302
0.00085174
0.000654656
0.000822808
0.000796594
0.000692722
0.000573602
0.000458777
0.000373299
0.000337612
0.000417615
0.000421884
0.000496612
0.000654211
0.000848046
0.00103461
0.0011209
0.00128131
0.0018583
0.00256081
0.00208448
0.000999831
0.000700966
0.000810393
0.000743595
0.00063944
0.000539487
0.000462271
0.000442106
0.000419033
0.000499215
0.000541328
0.00054569
0.000642784
0.000773733
0.000919575
0.00106457
0.00130055
0.00202658
0.00282012
0.00231004
0.00114635
0.00082901
0.000862477
0.000796689
0.000721804
0.0006456
0.000591685
0.000627593
0.000482906
0.000563811
0.000902016
0.000847384
0.000901737
0.000962232
0.00102948
0.00114943
0.00143293
0.0021825
0.00292118
0.00242907
0.00131001
0.000998965
0.000976132
0.000959506
0.00093399
0.000902338
0.000860282
0.000847574
0.000537181
0.000624951
0.000949932
0.0013267
0.00151963
0.00166786
0.00171827
0.00173286
0.00186955
0.00232366
0.00276435
0.00237145
0.00170871
0.00146898
0.00155321
0.00163565
0.00159445
0.00144847
0.00126833
0.00088881
0.000591507
0.000689436
0.000771506
0.000840597
0.000908342
0.000979475
0.00105349
0.00113571
0.00123279
0.00134749
0.00145296
0.00136586
0.00123827
0.00113095
0.00104698
0.000976821
0.000911941
0.000848314
0.000787584
0.000724673
0.000649695
0.000177384
0.000213231
0.000232547
0.000247119
0.000261012
0.000276866
0.000297808
0.00032429
0.000350705
0.000361951
0.000303699
0.000277966
0.000258847
0.000241958
0.000230737
0.000224156
0.000220221
0.000215629
0.000204733
0.00017937
0.000218552
0.000767232
0.000965605
0.00107317
0.00114696
0.00119049
0.00119728
0.00110695
0.00114535
0.000750109
0.000564035
0.000795761
0.000767937
0.000845732
0.000807727
0.000753694
0.000689747
0.000609327
0.000483837
0.000176702
0.00023607
0.000874905
0.00110616
0.00123135
0.00130691
0.0012967
0.0011691
0.000956221
0.0014358
0.00108877
0.000819004
0.000994123
0.000581911
0.000814341
0.00081859
0.000751608
0.000669062
0.000569676
0.000431013
0.000177354
0.000240228
0.000840877
0.0010594
0.00120103
0.00128774
0.00125726
0.00107108
0.000992395
0.00180419
0.00141015
0.001073
0.00125078
0.000537312
0.000742757
0.000764237
0.000693178
0.000611115
0.000515581
0.000386451
0.000215337
0.000282964
0.000510979
0.000845385
0.00109456
0.00124751
0.00125303
0.00108574
0.00117028
0.00220171
0.00172996
0.0013415
0.00151463
0.000592844
0.000749636
0.000782696
0.000694511
0.000581285
0.000453084
0.000350226
0.000319934
0.000400982
0.000425047
0.000558106
0.000787287
0.00102543
0.00116174
0.00112355
0.00137445
0.00256081
0.0020423
0.00162129
0.00177074
0.000695801
0.00077639
0.000796626
0.000672648
0.000535823
0.000430651
0.000406754
0.000404963
0.000484124
0.000509973
0.000540909
0.000688493
0.000880742
0.00105522
0.00113358
0.00152382
0.00282012
0.00232072
0.00188814
0.00197263
0.000826487
0.000851942
0.000839747
0.000726215
0.000606115
0.000527078
0.000556645
0.000467009
0.000547874
0.000835068
0.000789271
0.000864377
0.000949061
0.00104817
0.00119836
0.00165819
0.00292118
0.00252909
0.00210223
0.00207987
0.000969896
0.000923539
0.000910262
0.000871937
0.000821583
0.000768645
0.000793419
0.000518352
0.000607671
0.000875234
0.00119276
0.00137446
0.00149196
0.00152765
0.00162044
0.00199957
0.00276435
0.00266799
0.0022496
0.00208683
0.00142889
0.00130853
0.0014066
0.00141329
0.00128962
0.00111777
0.000792739
0.000569923
0.000677529
0.000759831
0.000828987
0.000901313
0.000980182
0.00106704
0.00117144
0.00130277
0.00145296
0.00149578
0.00140714
0.00132217
0.00117725
0.00106337
0.000977386
0.000904117
0.000835022
0.000771392
0.000708541
0.000633308
0.000178441
0.000211421
0.000228717
0.000240814
0.000251293
0.000262199
0.000275121
0.000287941
0.000300883
0.000303699
0.000269631
0.000258133
0.000248053
0.00023617
0.00022611
0.000219731
0.000215063
0.000209945
0.000199261
0.000174687
0.0002157
0.000737398
0.000921304
0.00100901
0.00105963
0.00108559
0.00108502
0.00097791
0.000913381
0.000564035
0.000457688
0.000693388
0.00070036
0.00078543
0.000758754
0.000717775
0.000669223
0.000603056
0.000492862
0.000173598
0.000231294
0.00083686
0.00104059
0.00113094
0.00117628
0.0011615
0.00105725
0.000794528
0.00109742
0.000819004
0.000673515
0.000837801
0.000567772
0.000781441
0.000763253
0.000701491
0.000624959
0.000529873
0.000399651
0.000182897
0.000234902
0.0007936
0.000981406
0.00108054
0.00113428
0.00110977
0.00095311
0.00076116
0.00140173
0.001073
0.000896799
0.00100486
0.000505955
0.00072029
0.000694144
0.000624847
0.000549724
0.000462246
0.000350691
0.000206943
0.000277877
0.000556257
0.000882526
0.00104021
0.00113129
0.0011244
0.000952212
0.000864493
0.00176302
0.0013415
0.00113887
0.00118334
0.00052221
0.000739899
0.000717821
0.000632361
0.000536499
0.000431304
0.000339223
0.000310508
0.000396714
0.000436036
0.00060044
0.00085707
0.00107488
0.0011657
0.00104601
0.00102161
0.00208448
0.00162129
0.00139968
0.00137924
0.000592764
0.000797751
0.000772009
0.000649992
0.000520374
0.000417182
0.000395155
0.000399772
0.000477317
0.000504545
0.000551358
0.000739399
0.000969875
0.00113941
0.00113873
0.0011909
0.00231004
0.00188814
0.00165959
0.0015554
0.000730298
0.000889981
0.000852572
0.00071946
0.000579377
0.000494491
0.000526573
0.000459872
0.000538852
0.000807956
0.000766183
0.000861967
0.000975601
0.00109106
0.00118
0.00134497
0.00242907
0.00210223
0.00187979
0.00166998
0.000897226
0.000938072
0.000908617
0.000843477
0.00077289
0.000718084
0.000774294
0.000508651
0.000596108
0.000841805
0.00114662
0.00133048
0.00145492
0.00148809
0.00151741
0.001743
0.00237145
0.0022496
0.00200905
0.00178722
0.00130896
0.00129005
0.00138433
0.00135734
0.00121596
0.00104582
0.000750602
0.000556586
0.000663845
0.000742044
0.000807143
0.000875021
0.000948126
0.00102663
0.00111838
0.00123253
0.00136586
0.00140714
0.00137269
0.00125956
0.00112713
0.00102581
0.000947067
0.00087738
0.000810561
0.000749371
0.000689266
0.000617429
0.000176215
0.000205952
0.000221204
0.000230692
0.000237593
0.000243892
0.000250113
0.000257222
0.000264452
0.000277966
0.000258133
0.000236952
0.000226354
0.000219549
0.000215871
0.000212703
0.00020962
0.000205214
0.000195324
0.000170717
0.000208463
0.000678346
0.000832968
0.000895634
0.00092893
0.000945649
0.000956639
0.000945565
0.000820945
0.000795761
0.000693388
0.000629171
0.000737909
0.000734786
0.00071299
0.000678093
0.000631844
0.000575738
0.00048253
0.000174255
0.000218436
0.000730098
0.000885198
0.00094634
0.000979039
0.000990745
0.000974743
0.0008709
0.000671947
0.000994123
0.000837801
0.000540137
0.000738394
0.000752574
0.000711621
0.000658661
0.000592741
0.000510466
0.000396103
0.000205918
0.000212061
0.000628909
0.000771224
0.000844652
0.000892925
0.000916302
0.000896797
0.000762954
0.000693997
0.00125078
0.00100486
0.000512581
0.000687898
0.000697117
0.000644593
0.000589299
0.000529294
0.000456044
0.00035975
0.000232251
0.000284653
0.000463163
0.000669545
0.000791295
0.000865576
0.000901722
0.000879991
0.000744617
0.000851741
0.00151463
0.00118334
0.000540171
0.000702982
0.000729639
0.000666988
0.000597177
0.000521034
0.00043632
0.000356841
0.000316067
0.000403172
0.000422765
0.00053705
0.000719109
0.000872964
0.000955855
0.000942581
0.000791364
0.000999832
0.00177074
0.00137924
0.000622865
0.000771114
0.000822927
0.000739008
0.00063353
0.000524485
0.000433236
0.00040952
0.000403999
0.000482204
0.000510092
0.000541841
0.00070831
0.000895359
0.00101771
0.00104587
0.000940366
0.00114635
0.00197263
0.0015554
0.000780079
0.000903355
0.000947992
0.000861919
0.000738572
0.000602951
0.000513424
0.000545682
0.000464094
0.000543537
0.000825914
0.000783366
0.000882838
0.000996099
0.00108081
0.00111235
0.00109973
0.00131001
0.00207987
0.00166998
0.000974421
0.00102612
0.00103802
0.000992296
0.000912035
0.000818428
0.00074775
0.000791077
0.000514055
0.000601233
0.000862868
0.00120402
0.0014061
0.00156361
0.00162226
0.00159292
0.0015468
0.00170871
0.00208683
0.00178722
0.00138043
0.00141248
0.00155835
0.00158493
0.00148696
0.00130433
0.00111469
0.000786596
0.000563802
0.000666416
0.000742528
0.000805877
0.00086852
0.000934057
0.00100062
0.00107112
0.00114941
0.00123827
0.00132217
0.00125956
0.0011575
0.00107167
0.00100046
0.000936093
0.000873769
0.000811782
0.000753763
0.000694536
0.000623773
0.000171626
0.000199021
0.000212852
0.000220934
0.000226718
0.000232366
0.000238424
0.000244378
0.000251208
0.000258847
0.000248053
0.000226354
0.000216268
0.00021093
0.000207791
0.000206058
0.000205072
0.000201665
0.000192613
0.000168627
0.000199377
0.000605725
0.000724401
0.000772463
0.000802593
0.000831983
0.000863031
0.000888577
0.000892554
0.000767937
0.00070036
0.000737909
0.000723299
0.000703508
0.000688979
0.000664233
0.00061759
0.000557105
0.000467457
0.000176975
0.000205383
0.000607507
0.000716562
0.000765469
0.000799708
0.000838172
0.000884158
0.000896398
0.000770909
0.000581911
0.000567772
0.000738394
0.00074529
0.000708068
0.00067028
0.00062671
0.000573416
0.000503545
0.000401955
0.000231085
0.000207275
0.000458702
0.00059186
0.000663837
0.000712237
0.000760317
0.000818657
0.000816155
0.00064374
0.000537312
0.000505955
0.000687898
0.000697519
0.000655096
0.000615832
0.000576746
0.000530574
0.000469181
0.000383362
0.000262853
0.000297207
0.000387031
0.000512393
0.000606649
0.000670679
0.000721053
0.000776679
0.000800581
0.000654656
0.000592844
0.00052221
0.000702982
0.000735236
0.000689717
0.000643326
0.000594438
0.000536147
0.000466019
0.000394253
0.000333297
0.000411436
0.000415121
0.000469402
0.000581034
0.000680712
0.000747204
0.000792342
0.000806541
0.000700966
0.000695801
0.000592764
0.000771114
0.000843527
0.000796422
0.000730335
0.000651641
0.000562461
0.000479325
0.000445163
0.000412653
0.000487453
0.000526742
0.000531118
0.000642951
0.000767491
0.000846403
0.00088429
0.0008959
0.00082901
0.000826487
0.000730298
0.000903355
0.000992457
0.000963229
0.000898032
0.000799185
0.000676007
0.000579173
0.000604845
0.000471109
0.000547267
0.000854271
0.000811633
0.000900733
0.000994189
0.0010513
0.00106102
0.00103907
0.000998965
0.000969896
0.000897226
0.00102612
0.00110898
0.00112642
0.00109735
0.00102672
0.000930035
0.00083383
0.000825731
0.000520652
0.000603604
0.000889864
0.0012686
0.00148096
0.00166729
0.00176374
0.00175473
0.0016306
0.00146898
0.00142889
0.00130896
0.00141248
0.00164916
0.0017626
0.00173827
0.00161523
0.00142214
0.00121955
0.000841038
0.000570188
0.000663901
0.000736897
0.000797266
0.000854768
0.000913459
0.000970161
0.00102524
0.00107881
0.00113095
0.00117725
0.00112713
0.00107167
0.00101953
0.00096793
0.000915196
0.00086083
0.000804757
0.000750755
0.00069381
0.000625333
0.00016661
0.000193874
0.000207623
0.000215873
0.000222306
0.000228155
0.000233243
0.000236868
0.000239447
0.000241958
0.00023617
0.000219549
0.00021093
0.000207277
0.000207492
0.000206631
0.00020618
0.000203121
0.000193633
0.000169287
0.000191216
0.000522266
0.00061685
0.000663824
0.000701424
0.000741587
0.000786969
0.000828668
0.000860323
0.000845732
0.00078543
0.000734786
0.000703508
0.000681479
0.000668783
0.00065824
0.000627109
0.000564468
0.000461824
0.000184055
0.000194529
0.000498792
0.000600115
0.000653859
0.000693188
0.00073943
0.000806806
0.0008732
0.000877628
0.000814341
0.000781441
0.000752574
0.000708068
0.000669783
0.000636293
0.000602701
0.000562327
0.000503804
0.000412339
0.000257303
0.000233632
0.000397755
0.00051275
0.000586203
0.000636937
0.000685735
0.000756409
0.000834483
0.000823752
0.000742757
0.00072029
0.000697117
0.000655096
0.000625222
0.000601702
0.000576928
0.000543949
0.000493793
0.000416136
0.000296011
0.000315354
0.000385523
0.000474272
0.000548535
0.000599955
0.000641392
0.00069755
0.000787468
0.000822808
0.000749636
0.000739899
0.000729639
0.000689717
0.000660776
0.000637174
0.000608613
0.000567161
0.000509339
0.000440684
0.000354005
0.000420203
0.000433385
0.000465953
0.000541612
0.000609458
0.000655163
0.000693197
0.000749831
0.000810393
0.00077639
0.000797751
0.000822927
0.000796422
0.000768295
0.000734749
0.000686067
0.000619637
0.000546905
0.000501711
0.000423333
0.000491617
0.000570096
0.000550325
0.00062204
0.000706435
0.000761099
0.000789837
0.000818333
0.000862477
0.000851942
0.000889981
0.000947992
0.000963229
0.000960875
0.000932347
0.000867351
0.00076844
0.000672992
0.000681019
0.000478113
0.000548251
0.000872894
0.000840138
0.000915036
0.000987914
0.00103143
0.00103886
0.00101621
0.000976132
0.000923539
0.000938072
0.00103802
0.00112642
0.00117473
0.00117732
0.00113444
0.00105287
0.000941773
0.000860952
0.000525398
0.000601616
0.000902075
0.00129843
0.00151245
0.00170517
0.00182509
0.00185573
0.00176813
0.00155321
0.00130853
0.00129005
0.00155835
0.0017626
0.001833
0.00180041
0.00169055
0.0015157
0.00130482
0.000888483
0.000572989
0.000656547
0.000725304
0.000781817
0.000834083
0.00088647
0.000935198
0.000979513
0.00101764
0.00104698
0.00106337
0.00102581
0.00100046
0.00096793
0.000929317
0.000886301
0.000839869
0.000790322
0.000740771
0.000687006
0.000621827
0.000162935
0.000190952
0.000205796
0.000214845
0.000221501
0.000227118
0.000231308
0.000232962
0.000232211
0.000230737
0.00022611
0.000215871
0.000207791
0.000207492
0.00021224
0.000215609
0.000215347
0.000209025
0.000198114
0.000173648
0.000189711
0.000449592
0.000537614
0.000580976
0.000622194
0.000670326
0.000722863
0.000770219
0.000803786
0.000807727
0.000758754
0.00071299
0.00068898
0.000668784
0.000648299
0.000633833
0.000614584
0.000557885
0.000445035
0.000207475
0.000223584
0.000440316
0.000548365
0.00060694
0.000644663
0.000684019
0.000741948
0.000812878
0.000845292
0.00081859
0.000763253
0.000711621
0.00067028
0.000636293
0.00060836
0.0005822
0.000551171
0.00050434
0.000425704
0.00028588
0.000261012
0.000398331
0.000496222
0.000559771
0.000603148
0.000646064
0.000706647
0.000786044
0.000813992
0.000764237
0.000694144
0.000644593
0.000615832
0.000601702
0.000593197
0.000584033
0.000566692
0.000529593
0.000458659
0.000328751
0.000338358
0.000411397
0.000482677
0.000543523
0.000582688
0.000608951
0.000644947
0.000714769
0.000796594
0.000782697
0.000717821
0.000666988
0.000643326
0.000637174
0.000635905
0.000629017
0.000607225
0.000564029
0.000498394
0.000375399
0.000428911
0.000469051
0.000493797
0.000550889
0.00060123
0.000629666
0.000647107
0.000678778
0.000743595
0.000796626
0.000772009
0.000739008
0.000730335
0.000734749
0.000735873
0.00072122
0.000684316
0.000630881
0.000581613
0.000434264
0.000494102
0.000633753
0.000591789
0.000632741
0.000693508
0.000734805
0.000752844
0.000765624
0.000796689
0.000839747
0.000852572
0.000861919
0.000898031
0.000932347
0.000943674
0.000919031
0.000855159
0.000774038
0.000738719
0.000483679
0.000545965
0.000872387
0.00086205
0.000921931
0.000977338
0.00101123
0.00101813
0.000999722
0.000959506
0.000910262
0.000908618
0.000992296
0.00109735
0.00117732
0.00121688
0.00121036
0.00115421
0.00103757
0.000884086
0.000527365
0.000595213
0.000893356
0.00127643
0.00149768
0.00167281
0.00179149
0.0018398
0.00179575
0.00163565
0.0014066
0.00138433
0.00158493
0.00173827
0.00180041
0.00178884
0.00171272
0.00157196
0.00133771
0.000916143
0.000571805
0.000644869
0.000708617
0.000760829
0.000807802
0.000854072
0.000895921
0.0009321
0.000960243
0.000976821
0.000977386
0.000947067
0.000936093
0.000915196
0.000886301
0.000851882
0.000813158
0.000770357
0.000725646
0.000675335
0.00061402
0.000162999
0.000197845
0.000213447
0.000220467
0.000224524
0.000228362
0.000231259
0.000231326
0.000228271
0.000224156
0.000219732
0.000212703
0.000206058
0.000206631
0.000215609
0.000224639
0.000226959
0.00021532
0.000202437
0.000180303
0.000187946
0.000442796
0.000523025
0.000554448
0.000570047
0.000604523
0.00065769
0.000708688
0.000742839
0.000753694
0.000717775
0.000678093
0.000664233
0.00065824
0.000633833
0.000593829
0.000551485
0.000496367
0.000398376
0.000231635
0.000272303
0.000445414
0.000535782
0.000584525
0.000613725
0.000642494
0.000683426
0.000739581
0.000773271
0.000751609
0.000701492
0.000658661
0.00062671
0.000602701
0.0005822
0.000561654
0.000539993
0.000510031
0.000449893
0.000316738
0.000295392
0.00042391
0.000508483
0.000557329
0.000581353
0.000604721
0.000650911
0.000717426
0.000746064
0.000693178
0.000624847
0.000589299
0.000576746
0.000576928
0.000584033
0.000593357
0.000596307
0.000576322
0.000512035
0.000358578
0.000361513
0.000448316
0.000513517
0.000564624
0.00058844
0.000591953
0.000600165
0.000634029
0.000692722
0.000694511
0.000632361
0.000597177
0.000594438
0.000608613
0.000629017
0.00064629
0.000648882
0.000624458
0.000559528
0.000396038
0.000437371
0.000530964
0.000548103
0.000591045
0.000625574
0.000632613
0.000622367
0.000618228
0.00063944
0.000672648
0.000649992
0.00063353
0.000651641
0.000686067
0.00072122
0.000743596
0.000741518
0.000711479
0.000650186
0.000444142
0.000494369
0.000683841
0.000647468
0.000671792
0.000715197
0.000740821
0.000740265
0.000727752
0.000721804
0.000726215
0.00071946
0.000738572
0.000799185
0.000867351
0.000919031
0.000937499
0.000912307
0.000852198
0.000773451
0.00048684
0.000540332
0.00084329
0.000879996
0.00093368
0.000979081
0.0010037
0.00100368
0.00097987
0.00093399
0.000871937
0.000843477
0.000912035
0.00102672
0.00113444
0.00121036
0.0012407
0.00120799
0.00107618
0.000882967
0.000525544
0.000584511
0.000864864
0.00121929
0.00145809
0.00159773
0.00169263
0.00173239
0.00170711
0.00159445
0.00141329
0.00135734
0.00148696
0.00161523
0.00169055
0.00171272
0.00167987
0.00158193
0.00130454
0.000909121
0.000565651
0.000629097
0.000687623
0.000735695
0.000777359
0.000817366
0.0008529
0.000882215
0.000903126
0.000911941
0.000904117
0.00087738
0.000873769
0.00086083
0.000839869
0.000813158
0.000781692
0.00074557
0.000705849
0.000659231
0.000602116
0.000170285
0.000206323
0.000223926
0.000233178
0.000234883
0.000233223
0.000232671
0.000230832
0.000226068
0.000220221
0.000215063
0.00020962
0.000205072
0.00020618
0.000215347
0.000226959
0.000226072
0.000214498
0.000204206
0.000187417
0.000229295
0.000402178
0.000475236
0.000516466
0.000539864
0.000552251
0.000586994
0.000636958
0.000674112
0.000689747
0.000669224
0.000631844
0.00061759
0.000627109
0.000614584
0.000551486
0.000493628
0.000433638
0.000360051
0.00025609
0.000308431
0.000458074
0.000528739
0.000556127
0.000569048
0.00058818
0.000620873
0.000657894
0.000689871
0.000669062
0.000624959
0.000592741
0.000573416
0.000562328
0.000551171
0.000539993
0.000536649
0.000533588
0.000496426
0.000349126
0.000336255
0.000469286
0.000544552
0.000576465
0.000572756
0.000562908
0.000577748
0.000628153
0.000664755
0.000611115
0.000549724
0.000529294
0.000530574
0.000543949
0.000566692
0.000596307
0.000623679
0.000623254
0.000561487
0.000383581
0.000387319
0.000510322
0.000576226
0.000615528
0.000616799
0.00058601
0.000556525
0.000552662
0.000573602
0.000581285
0.000536499
0.000521034
0.000536147
0.000567161
0.000607225
0.000648882
0.000679172
0.00067387
0.000607659
0.000415437
0.00044563
0.000595963
0.000636437
0.000669613
0.000681513
0.000655763
0.000607501
0.00056341
0.000539487
0.000535823
0.000520374
0.000524485
0.000562461
0.000619636
0.000684316
0.000741518
0.000773864
0.000765297
0.000687922
0.000452212
0.000492268
0.000703952
0.000732581
0.000756371
0.000777648
0.000773661
0.000739631
0.000691851
0.0006456
0.000606115
0.000579377
0.00060295
0.000676007
0.00076844
0.000855159
0.000912307
0.000917445
0.000885591
0.000777254
0.0004869
0.00053112
0.000791708
0.000888384
0.000965659
0.00101281
0.00102633
0.00100881
0.000966241
0.000902339
0.000821583
0.00077289
0.000818428
0.000930035
0.00105287
0.00115421
0.00120799
0.00117947
0.0010364
0.000851321
0.000519312
0.000569293
0.000814858
0.00110553
0.00139231
0.00152615
0.00157679
0.00158492
0.00154806
0.00144847
0.00128962
0.00121596
0.00130433
0.00142214
0.0015157
0.00157196
0.00158193
0.00148769
0.00119802
0.00086671
0.000554011
0.000608958
0.000662484
0.000706944
0.000744415
0.000778072
0.00080717
0.000830149
0.000845061
0.000848314
0.000835022
0.000810561
0.000811782
0.000804757
0.000790322
0.000770357
0.00074557
0.00071602
0.000681246
0.000638457
0.000585668
0.000174986
0.000198351
0.000209694
0.000219253
0.000228651
0.000232542
0.000231191
0.000228076
0.000222436
0.00021563
0.000209945
0.000205214
0.000201665
0.000203121
0.000209025
0.00021532
0.000214498
0.000209762
0.00020614
0.000199653
0.000294589
0.000411192
0.000444659
0.000447334
0.000459012
0.000483721
0.000509362
0.000548602
0.000585781
0.000609327
0.000603056
0.000575738
0.000557105
0.000564468
0.000557885
0.000496367
0.000433638
0.000383367
0.000347811
0.000284261
0.000349096
0.000505163
0.000554621
0.000547292
0.000520109
0.000511478
0.000532276
0.000561246
0.000584805
0.000569676
0.000529873
0.000510466
0.000503545
0.000503804
0.00050434
0.000510031
0.000533588
0.000563639
0.000548829
0.000377619
0.000376294
0.000536305
0.000603914
0.000614692
0.000574945
0.00052398
0.000498397
0.0005123
0.000551143
0.000515581
0.000462246
0.000456044
0.000469181
0.000493793
0.000529593
0.000576322
0.000623254
0.000637549
0.000589915
0.000405529
0.000413956
0.000582976
0.000657518
0.000679586
0.000654569
0.00058424
0.000513354
0.000472629
0.000458777
0.000453084
0.000431304
0.00043632
0.000466019
0.000509339
0.000564029
0.000624458
0.00067387
0.000687367
0.00063062
0.00043161
0.000453513
0.000644188
0.000724159
0.00075362
0.00074238
0.000683196
0.000598577
0.000518502
0.000462271
0.000430651
0.000417182
0.000433236
0.000479325
0.000546905
0.000630881
0.000711479
0.000765297
0.000766917
0.000690176
0.000457609
0.000487861
0.000698107
0.000789287
0.000836985
0.000845126
0.000812548
0.000746253
0.000668066
0.000591685
0.000527078
0.000494491
0.000513424
0.000579173
0.000672992
0.000774038
0.000852198
0.000885591
0.000854814
0.000748119
0.000483312
0.00051817
0.000737376
0.000857856
0.000956425
0.00101743
0.00103796
0.00100514
0.000943331
0.000860282
0.000768645
0.000718084
0.00074775
0.00083383
0.000941773
0.00103757
0.00107618
0.0010364
0.00094209
0.000791565
0.000508404
0.000549266
0.0007543
0.000953118
0.00115468
0.00129526
0.00137921
0.00139818
0.00136934
0.00126833
0.00111777
0.00104582
0.00111469
0.00121955
0.00130482
0.00133771
0.00130454
0.00119802
0.00101255
0.000794647
0.00053642
0.000583222
0.000632063
0.000673285
0.000707163
0.000736014
0.000759888
0.000777667
0.000788096
0.000787584
0.000771392
0.000749371
0.000753763
0.000750755
0.000740771
0.000725646
0.000705849
0.000681246
0.000650878
0.000611965
0.000563475
0.000214656
0.000227279
0.000215383
0.000206233
0.000205638
0.000214073
0.000217866
0.00021601
0.000211105
0.000204733
0.000199261
0.000195324
0.000192613
0.000193633
0.000198114
0.000202437
0.000204206
0.00020614
0.000217444
0.000242105
0.000344064
0.000459157
0.00046498
0.000423313
0.000389449
0.000387824
0.000407036
0.000428993
0.00045628
0.000483837
0.000492863
0.000482531
0.000467457
0.000461824
0.000445035
0.000398376
0.000360051
0.000347811
0.000356876
0.000322049
0.000384732
0.000533961
0.000564114
0.000542016
0.00047907
0.000429159
0.000417128
0.000426966
0.000438189
0.000431013
0.000399651
0.000396103
0.000401955
0.000412339
0.000425704
0.000449893
0.000496426
0.000548829
0.000558369
0.000396398
0.000411193
0.000567183
0.000609496
0.000602862
0.00055379
0.000472154
0.000414815
0.000389073
0.000397824
0.000386451
0.000350691
0.00035975
0.000383362
0.000416136
0.000458659
0.000512035
0.000561487
0.000589915
0.000570516
0.000421776
0.0004352
0.000603173
0.000656753
0.0006649
0.000633058
0.000559022
0.000466751
0.000407644
0.000373299
0.000350226
0.000339223
0.000356841
0.000394253
0.000440684
0.000498394
0.000559528
0.000607659
0.000630619
0.000599847
0.00044111
0.000458191
0.000636821
0.000703613
0.000730598
0.000724028
0.000677734
0.000596919
0.000503902
0.000442106
0.000406754
0.000395155
0.00040952
0.000445163
0.000501711
0.000581613
0.000650186
0.000687922
0.000690176
0.000639438
0.000458028
0.000479571
0.000661192
0.00074268
0.000793798
0.000817517
0.00081124
0.000774318
0.000711192
0.000627593
0.000556645
0.000526573
0.000545682
0.000604845
0.000681019
0.000738719
0.000773451
0.000777254
0.000748119
0.000677331
0.000474408
0.000499806
0.00067621
0.000774746
0.000850237
0.000898283
0.000924611
0.000924351
0.0008985
0.000847574
0.000793419
0.000774294
0.000791077
0.000825731
0.000860952
0.000884086
0.000882967
0.000851321
0.000791565
0.000706163
0.000491289
0.000522172
0.000681924
0.000787266
0.000875997
0.000940874
0.000978879
0.00097931
0.000950245
0.00088881
0.000792739
0.000750602
0.000786596
0.000841038
0.000888482
0.000916143
0.000909121
0.00086671
0.000794647
0.000695595
0.000511207
0.000548204
0.000592632
0.000630892
0.000661252
0.00068604
0.000705713
0.000719739
0.00072701
0.000724673
0.000708541
0.000689266
0.000694536
0.00069381
0.000687006
0.000675335
0.000659231
0.000638457
0.000611965
0.000576679
0.000532326
0.000284743
0.000277025
0.000252213
0.000215372
0.000193702
0.000188735
0.000191905
0.000188813
0.000184019
0.00017937
0.000174687
0.000170717
0.000168627
0.000169287
0.000173648
0.000180303
0.000187417
0.000199653
0.000242105
0.000297546
0.000379141
0.000377727
0.000366043
0.000341447
0.000306276
0.000272395
0.000234869
0.000206464
0.000186912
0.000176702
0.000173598
0.000174255
0.000176975
0.000184055
0.000207475
0.000231635
0.00025609
0.000284261
0.000322049
0.000371649
0.000411995
0.000413018
0.000404961
0.000384439
0.0003539
0.00031417
0.000278115
0.000237783
0.000200533
0.000177354
0.000182897
0.000205918
0.000231085
0.000257303
0.00028588
0.000316738
0.000349126
0.000377619
0.000396398
0.000409475
0.00042991
0.000433365
0.000429268
0.000412515
0.0003841
0.000348586
0.000309985
0.000276638
0.000247342
0.000215337
0.000206943
0.000232251
0.000262853
0.000296011
0.000328751
0.000358578
0.000383581
0.000405529
0.000421776
0.000428227
0.000442375
0.000448943
0.000450107
0.000440663
0.000422915
0.000401536
0.000378459
0.000357161
0.000337612
0.000319934
0.000310508
0.000316067
0.000333297
0.000354005
0.000375399
0.000396038
0.000415437
0.00043161
0.00044111
0.000440208
0.00045296
0.000463292
0.000470908
0.000470543
0.000465161
0.000456609
0.000445671
0.000432976
0.000419033
0.000404963
0.000399772
0.000403999
0.000412653
0.000423332
0.000434264
0.000444142
0.000452212
0.000457609
0.000458028
0.00044941
0.000462786
0.000478559
0.000493381
0.000501882
0.000505558
0.000505364
0.00050143
0.000493986
0.000482906
0.000467009
0.000459872
0.000464094
0.000471109
0.000478113
0.000483679
0.00048684
0.0004869
0.000483312
0.000474408
0.000458057
0.000472897
0.000496518
0.000518086
0.000534119
0.000544949
0.000550904
0.000551612
0.000547247
0.000537181
0.000518352
0.000508651
0.000514055
0.000520652
0.000525398
0.000527365
0.000525544
0.000519312
0.000508404
0.000491289
0.000467118
0.000485277
0.00051782
0.00054734
0.000570153
0.000586988
0.000598018
0.000602529
0.000600799
0.000591507
0.000569923
0.000556586
0.000563802
0.000570188
0.000572989
0.000571805
0.000565651
0.000554011
0.00053642
0.000511207
0.000477924
0.000501479
0.000542272
0.000577139
0.000603403
0.000623629
0.000638713
0.000648766
0.000653131
0.000649695
0.000633308
0.000617429
0.000623773
0.000625333
0.000621827
0.00061402
0.000602116
0.000585668
0.000563475
0.000532326
0.000491892
)
;

boundaryField
{
    floor
    {
        type            nutkWallFunction;
        blending        stepwise;
        Cmu             0.09;
        kappa           0.41;
        E               9.8;
        value           nonuniform List<scalar> 
400
(
2.3259e-05
1.86816e-05
1.77722e-05
1.69264e-05
1.55238e-05
1.49831e-05
1.48664e-05
1.52257e-05
1.58207e-05
1.63361e-05
1.65111e-05
1.61718e-05
1.54756e-05
1.47119e-05
1.41427e-05
1.41001e-05
1.50738e-05
1.5907e-05
2.08633e-05
3.03688e-05
1.86816e-05
1.964e-05
2.06873e-05
2.17509e-05
2.13495e-05
2.05871e-05
2.03468e-05
2.06951e-05
2.1255e-05
2.15359e-05
2.1318e-05
2.05404e-05
1.95239e-05
1.87498e-05
1.82944e-05
1.9144e-05
2.04281e-05
1.93729e-05
2.28457e-05
2.94111e-05
1.77722e-05
2.06873e-05
2.27084e-05
2.41224e-05
2.38613e-05
2.33816e-05
2.33597e-05
2.37299e-05
2.41726e-05
2.42526e-05
2.3762e-05
2.27192e-05
2.15188e-05
2.07407e-05
2.0444e-05
2.13705e-05
2.29296e-05
2.10541e-05
2.14619e-05
2.61135e-05
1.69264e-05
2.17509e-05
2.41224e-05
2.50502e-05
2.50238e-05
2.51034e-05
2.54684e-05
2.59984e-05
2.63913e-05
2.6279e-05
2.54507e-05
2.40595e-05
2.267e-05
2.19245e-05
2.17329e-05
2.24013e-05
2.41619e-05
2.24149e-05
2.02729e-05
2.10764e-05
1.55238e-05
2.13495e-05
2.38613e-05
2.50238e-05
2.5719e-05
2.64423e-05
2.72541e-05
2.80427e-05
2.8507e-05
2.82042e-05
2.69108e-05
2.50338e-05
2.35156e-05
2.28492e-05
2.26787e-05
2.30171e-05
2.43575e-05
2.3665e-05
2.03842e-05
1.82779e-05
1.49831e-05
2.05871e-05
2.33816e-05
2.51034e-05
2.64423e-05
2.7721e-05
2.90025e-05
3.01893e-05
3.09104e-05
3.04007e-05
2.84304e-05
2.59305e-05
2.43558e-05
2.37025e-05
2.34911e-05
2.35984e-05
2.41915e-05
2.4119e-05
2.16274e-05
1.78909e-05
1.48664e-05
2.03468e-05
2.33597e-05
2.54684e-05
2.72541e-05
2.90025e-05
3.08251e-05
3.26451e-05
3.39346e-05
3.33004e-05
3.01927e-05
2.68662e-05
2.5233e-05
2.44515e-05
2.41087e-05
2.4039e-05
2.41833e-05
2.3958e-05
2.20955e-05
1.83044e-05
1.52257e-05
2.06951e-05
2.37299e-05
2.59984e-05
2.80427e-05
3.01893e-05
3.26451e-05
3.5366e-05
3.75318e-05
3.69381e-05
3.19812e-05
2.79099e-05
2.60854e-05
2.49766e-05
2.43574e-05
2.40688e-05
2.396e-05
2.35559e-05
2.18386e-05
1.78508e-05
1.58207e-05
2.1255e-05
2.41726e-05
2.63913e-05
2.8507e-05
3.09104e-05
3.39346e-05
3.75318e-05
4.02409e-05
4.05888e-05
3.38199e-05
2.89542e-05
2.70283e-05
2.53131e-05
2.42339e-05
2.36286e-05
2.32878e-05
2.27642e-05
2.11402e-05
1.71585e-05
1.63361e-05
2.15359e-05
2.42526e-05
2.6279e-05
2.82042e-05
3.04007e-05
3.33004e-05
3.69381e-05
4.05888e-05
3.36974e-05
2.50326e-05
3.0707e-05
2.79866e-05
2.55662e-05
2.3944e-05
2.29883e-05
2.24235e-05
2.17709e-05
2.02064e-05
1.64824e-05
1.65111e-05
2.1318e-05
2.3762e-05
2.54507e-05
2.69108e-05
2.84304e-05
3.01927e-05
3.19812e-05
3.38199e-05
2.50326e-05
1.97104e-05
2.77838e-05
2.63736e-05
2.46579e-05
2.32016e-05
2.2279e-05
2.16226e-05
2.09087e-05
1.93923e-05
1.58043e-05
1.61718e-05
2.05404e-05
2.27192e-05
2.40595e-05
2.50338e-05
2.59305e-05
2.68662e-05
2.79099e-05
2.89542e-05
3.0707e-05
2.77838e-05
2.47714e-05
2.32736e-05
2.22955e-05
2.1727e-05
2.12588e-05
2.08197e-05
2.01973e-05
1.8787e-05
1.52321e-05
1.54756e-05
1.95239e-05
2.15188e-05
2.267e-05
2.35156e-05
2.43558e-05
2.5233e-05
2.60854e-05
2.70283e-05
2.79866e-05
2.63736e-05
2.32736e-05
2.18886e-05
2.11368e-05
2.06425e-05
2.03815e-05
2.02652e-05
1.97714e-05
1.84316e-05
1.49458e-05
1.47119e-05
1.87498e-05
2.07407e-05
2.19245e-05
2.28492e-05
2.37025e-05
2.44515e-05
2.49766e-05
2.53131e-05
2.55662e-05
2.46579e-05
2.22955e-05
2.11368e-05
2.06622e-05
2.0749e-05
2.05857e-05
2.04956e-05
2.00473e-05
1.86558e-05
1.5086e-05
1.41427e-05
1.82944e-05
2.0444e-05
2.17329e-05
2.26787e-05
2.34911e-05
2.41087e-05
2.43574e-05
2.42339e-05
2.3944e-05
2.32016e-05
2.1727e-05
2.06425e-05
2.0749e-05
2.14772e-05
2.19769e-05
2.19206e-05
2.09315e-05
1.93428e-05
1.5775e-05
1.41001e-05
1.9144e-05
2.13705e-05
2.24013e-05
2.30171e-05
2.35984e-05
2.4039e-05
2.40687e-05
2.36286e-05
2.29882e-05
2.2279e-05
2.12588e-05
2.03815e-05
2.05857e-05
2.19769e-05
2.32142e-05
2.35235e-05
2.18601e-05
1.99672e-05
1.6771e-05
1.50738e-05
2.04281e-05
2.29296e-05
2.41619e-05
2.43575e-05
2.41915e-05
2.41833e-05
2.396e-05
2.32878e-05
2.24234e-05
2.16226e-05
2.08197e-05
2.02652e-05
2.04956e-05
2.19206e-05
2.35235e-05
2.33806e-05
2.1632e-05
2.01981e-05
1.78174e-05
1.5907e-05
1.93729e-05
2.10541e-05
2.24149e-05
2.3665e-05
2.4119e-05
2.3958e-05
2.35559e-05
2.27642e-05
2.17709e-05
2.09087e-05
2.01973e-05
1.97714e-05
2.00473e-05
2.09315e-05
2.18601e-05
2.1632e-05
2.09568e-05
2.0527e-05
1.97084e-05
2.08633e-05
2.28457e-05
2.14619e-05
2.02729e-05
2.03842e-05
2.16274e-05
2.20955e-05
2.18386e-05
2.11402e-05
2.02064e-05
1.93923e-05
1.8787e-05
1.84316e-05
1.86558e-05
1.93428e-05
1.99672e-05
2.01981e-05
2.0527e-05
2.23859e-05
2.61704e-05
3.03688e-05
2.94111e-05
2.61135e-05
2.10764e-05
1.82779e-05
1.78909e-05
1.83044e-05
1.78508e-05
1.71585e-05
1.64824e-05
1.58043e-05
1.52321e-05
1.49458e-05
1.5086e-05
1.5775e-05
1.6771e-05
1.78174e-05
1.97084e-05
2.61704e-05
3.37044e-05
)
;
    }
    ceiling
    {
        type            nutkWallFunction;
        blending        stepwise;
        Cmu             0.09;
        kappa           0.41;
        E               9.8;
        value           nonuniform List<scalar> 
400
(
6.05274e-05
6.66565e-05
7.17042e-05
7.55773e-05
7.86676e-05
8.10807e-05
8.28015e-05
8.37288e-05
8.36433e-05
8.21835e-05
8.05182e-05
8.08332e-05
8.05243e-05
7.96143e-05
7.81627e-05
7.61923e-05
7.36618e-05
7.04076e-05
6.59475e-05
5.99213e-05
6.66565e-05
7.30318e-05
7.84764e-05
8.28862e-05
8.66273e-05
8.97442e-05
9.21261e-05
9.35677e-05
9.37521e-05
9.23496e-05
9.02026e-05
9.0254e-05
8.95665e-05
8.81493e-05
8.61008e-05
8.35071e-05
8.03786e-05
7.65646e-05
7.15822e-05
6.51434e-05
7.17042e-05
7.84764e-05
8.41817e-05
8.89284e-05
9.31279e-05
9.67991e-05
9.97431e-05
0.000101672
0.000102166
0.000100795
9.81778e-05
9.80104e-05
9.69668e-05
9.50966e-05
9.25451e-05
8.94659e-05
8.59142e-05
8.17234e-05
7.64064e-05
6.95925e-05
7.55773e-05
8.28862e-05
8.89284e-05
9.40389e-05
9.87569e-05
0.000103095
0.000106708
0.00010924
0.000110334
0.000109522
0.000106404
0.000105608
0.000103953
0.000101468
9.82975e-05
9.45956e-05
9.05517e-05
8.59401e-05
8.02166e-05
7.29314e-05
7.86676e-05
8.66273e-05
9.31279e-05
9.87569e-05
0.000104265
0.000109339
0.000113646
0.000116909
0.000118826
0.000118936
0.000115175
0.000113482
0.000111021
0.000107799
0.000103914
9.94777e-05
9.46844e-05
8.95086e-05
8.33118e-05
7.5493e-05
8.10807e-05
8.97442e-05
9.67991e-05
0.000103095
0.000109339
0.000115095
0.00012016
0.000124388
0.000127578
0.000129191
0.000124502
0.00012141
0.000117795
0.000113643
0.000108958
0.000103786
9.82371e-05
9.24476e-05
8.57584e-05
7.73982e-05
8.28015e-05
9.21261e-05
9.97431e-05
0.000106708
0.000113646
0.00012016
0.000126222
0.000131909
0.000137208
0.000141382
0.000135289
0.000129736
0.000124328
0.000118923
0.000113291
0.000107319
0.000101028
9.46271e-05
8.74971e-05
7.86662e-05
8.37288e-05
9.35677e-05
0.000101672
0.00010924
0.000116909
0.000124388
0.000131909
0.000139868
0.00014847
0.000156539
0.000148558
0.000138902
0.00013064
0.000123441
0.000116644
0.000109824
0.000102825
9.58941e-05
8.83924e-05
7.92167e-05
8.36433e-05
9.37521e-05
0.000102166
0.000110334
0.000118826
0.000127578
0.000137208
0.00014847
0.000161649
0.00017365
0.000163865
0.000149207
0.000136746
0.000126904
0.000118609
0.000110869
0.000103202
9.58171e-05
8.80964e-05
7.87875e-05
8.21835e-05
9.23496e-05
0.000100795
0.000109522
0.000118936
0.000129191
0.000141382
0.000156539
0.00017365
0.00017847
0.000168651
0.000158845
0.000142129
0.000128829
0.000118667
0.000109915
0.000101572
9.3816e-05
8.60929e-05
7.67353e-05
8.05182e-05
9.02026e-05
9.81778e-05
0.000106404
0.000115175
0.000124502
0.000135289
0.000148558
0.000163865
0.000168651
0.000164341
0.000151556
0.000136232
0.000124343
0.000114994
0.000106631
9.85284e-05
9.10444e-05
8.36603e-05
7.47341e-05
8.08332e-05
9.0254e-05
9.80104e-05
0.000105608
0.000113482
0.00012141
0.000129736
0.000138902
0.000149207
0.000158845
0.000151556
0.000139765
0.000129739
0.000121346
0.000113696
0.000106223
9.87171e-05
9.16292e-05
8.43533e-05
7.55635e-05
8.05243e-05
8.95665e-05
9.69668e-05
0.000103953
0.000111021
0.000117795
0.000124328
0.00013064
0.000136746
0.000142129
0.000136232
0.000129739
0.000123599
0.000117493
0.000111216
0.000104694
9.79038e-05
9.13014e-05
8.42964e-05
7.57807e-05
7.96143e-05
8.81493e-05
9.50966e-05
0.000101468
0.000107799
0.000113643
0.000118923
0.000123441
0.000126904
0.000128829
0.000124343
0.000121346
0.000117493
0.000112909
0.000107776
0.000102195
9.6186e-05
9.01203e-05
8.34875e-05
7.53609e-05
7.81627e-05
8.61008e-05
9.25451e-05
9.82975e-05
0.000103914
0.000108958
0.000113291
0.000116644
0.000118609
0.000118667
0.000114994
0.000113696
0.000111216
0.000107776
0.000103656
9.89867e-05
9.378e-05
8.82905e-05
8.20635e-05
7.43936e-05
7.61923e-05
8.35071e-05
8.94659e-05
9.45956e-05
9.94777e-05
0.000103786
0.000107319
0.000109824
0.000110869
0.000109915
0.000106631
0.000106223
0.000104694
0.000102195
9.89867e-05
9.51756e-05
9.07614e-05
8.58652e-05
8.00726e-05
7.28998e-05
7.36618e-05
8.03786e-05
8.59142e-05
9.05517e-05
9.46844e-05
9.82371e-05
0.000101028
0.000102825
0.000103202
0.000101572
9.85284e-05
9.87171e-05
9.79038e-05
9.6186e-05
9.378e-05
9.07614e-05
8.71294e-05
8.2822e-05
7.74796e-05
7.08181e-05
7.04076e-05
7.65646e-05
8.17234e-05
8.59401e-05
8.95086e-05
9.24476e-05
9.46271e-05
9.5894e-05
9.58171e-05
9.3816e-05
9.10444e-05
9.16292e-05
9.13014e-05
9.01203e-05
8.82905e-05
8.58652e-05
8.2822e-05
7.90357e-05
7.41463e-05
6.79895e-05
6.59475e-05
7.15822e-05
7.64064e-05
8.02166e-05
8.33118e-05
8.57584e-05
8.74971e-05
8.83924e-05
8.80964e-05
8.60929e-05
8.36603e-05
8.43533e-05
8.42964e-05
8.34875e-05
8.20635e-05
8.00726e-05
7.74796e-05
7.41463e-05
6.96729e-05
6.39924e-05
5.99213e-05
6.51434e-05
6.95925e-05
7.29314e-05
7.5493e-05
7.73982e-05
7.86662e-05
7.92167e-05
7.87875e-05
7.67353e-05
7.47341e-05
7.55635e-05
7.57807e-05
7.53609e-05
7.43936e-05
7.28998e-05
7.08181e-05
6.79895e-05
6.39924e-05
5.87535e-05
)
;
    }
    fixedWalls
    {
        type            nutkWallFunction;
        blending        stepwise;
        Cmu             0.09;
        kappa           0.41;
        E               9.8;
        value           nonuniform List<scalar> 
800
(
2.3245e-05
4.21936e-05
4.77503e-05
5.0373e-05
5.21107e-05
5.3521e-05
5.49061e-05
5.64016e-05
5.81927e-05
6.05204e-05
1.86669e-05
3.83724e-05
4.56063e-05
4.92569e-05
5.20973e-05
5.46858e-05
5.72707e-05
5.99336e-05
6.30264e-05
6.66507e-05
1.77571e-05
3.17992e-05
4.15173e-05
4.60516e-05
5.0396e-05
5.47471e-05
5.89625e-05
6.29296e-05
6.71092e-05
7.16995e-05
1.69109e-05
2.38097e-05
3.54561e-05
4.13104e-05
4.74307e-05
5.42546e-05
6.01791e-05
6.52837e-05
7.03673e-05
7.55734e-05
1.55079e-05
2.03713e-05
2.92577e-05
3.54481e-05
4.42413e-05
5.36711e-05
6.10999e-05
6.71321e-05
7.29959e-05
7.86642e-05
1.49671e-05
2.08023e-05
2.28822e-05
3.05893e-05
4.16526e-05
5.30429e-05
6.16065e-05
6.84089e-05
7.49445e-05
8.10779e-05
1.48503e-05
2.13752e-05
2.1942e-05
2.64107e-05
3.93258e-05
5.217e-05
6.15713e-05
6.90547e-05
7.61485e-05
8.2799e-05
1.52096e-05
2.1965e-05
2.3272e-05
2.2828e-05
3.68138e-05
5.08553e-05
6.09321e-05
6.89285e-05
7.64488e-05
8.37265e-05
1.58046e-05
2.21776e-05
2.39928e-05
2.27725e-05
3.37071e-05
4.89793e-05
5.96465e-05
6.79162e-05
7.56359e-05
8.3641e-05
1.632e-05
2.23014e-05
2.47623e-05
2.53135e-05
3.08324e-05
4.67918e-05
5.76965e-05
6.58961e-05
7.34767e-05
8.21809e-05
1.6495e-05
2.19022e-05
2.40905e-05
2.45585e-05
3.02023e-05
4.62892e-05
5.68702e-05
6.47867e-05
7.20525e-05
8.05152e-05
1.61555e-05
2.0833e-05
2.22296e-05
2.13081e-05
3.11724e-05
4.71529e-05
5.74977e-05
6.53717e-05
7.26824e-05
8.08303e-05
1.54592e-05
1.9486e-05
2.03171e-05
2.05488e-05
3.29213e-05
4.82633e-05
5.81831e-05
6.58485e-05
7.29818e-05
8.05213e-05
1.46953e-05
1.82666e-05
1.87132e-05
2.42641e-05
3.54312e-05
4.94313e-05
5.87274e-05
6.59786e-05
7.27382e-05
7.96111e-05
1.41261e-05
1.80158e-05
2.26569e-05
2.81176e-05
3.85482e-05
5.05759e-05
5.9048e-05
6.56902e-05
7.1937e-05
7.81593e-05
1.40835e-05
1.77373e-05
2.94847e-05
3.27729e-05
4.16392e-05
5.16709e-05
5.90737e-05
6.49685e-05
7.05834e-05
7.61884e-05
1.50574e-05
2.29498e-05
3.44523e-05
3.82299e-05
4.503e-05
5.27216e-05
5.87861e-05
6.3782e-05
6.86479e-05
7.36574e-05
1.5891e-05
3.21269e-05
3.98576e-05
4.35056e-05
4.85044e-05
5.37148e-05
5.81928e-05
6.21061e-05
6.60873e-05
7.04026e-05
2.08483e-05
3.89483e-05
4.45553e-05
4.80801e-05
5.12625e-05
5.42915e-05
5.70908e-05
5.97197e-05
6.26027e-05
6.59416e-05
3.0355e-05
4.36942e-05
4.81473e-05
5.05338e-05
5.21842e-05
5.35824e-05
5.48755e-05
5.6196e-05
5.78107e-05
5.99141e-05
3.03551e-05
4.36942e-05
4.81473e-05
5.05338e-05
5.21842e-05
5.35824e-05
5.48755e-05
5.6196e-05
5.78107e-05
5.99141e-05
2.93973e-05
4.35372e-05
4.8304e-05
5.09937e-05
5.30344e-05
5.49053e-05
5.68913e-05
5.92298e-05
6.19877e-05
6.51373e-05
2.60995e-05
4.20285e-05
4.73111e-05
5.05259e-05
5.32462e-05
5.5941e-05
5.88415e-05
6.20246e-05
6.57807e-05
6.95873e-05
2.10619e-05
3.8794e-05
4.46687e-05
4.84125e-05
5.2091e-05
5.59426e-05
5.99702e-05
6.41035e-05
6.87036e-05
7.29269e-05
1.8263e-05
3.40438e-05
4.06462e-05
4.47318e-05
4.98177e-05
5.52745e-05
6.04674e-05
6.55047e-05
7.08515e-05
7.5489e-05
1.78757e-05
2.93078e-05
3.53567e-05
4.00374e-05
4.70165e-05
5.41827e-05
6.04604e-05
6.62792e-05
7.22597e-05
7.73946e-05
1.82889e-05
2.41681e-05
3.03845e-05
3.48952e-05
4.3973e-05
5.27689e-05
5.99656e-05
6.63819e-05
7.28429e-05
7.86628e-05
1.78349e-05
2.03282e-05
2.47447e-05
3.03497e-05
4.11251e-05
5.11024e-05
5.90064e-05
6.5829e-05
7.26275e-05
7.92134e-05
1.71425e-05
1.75718e-05
1.95987e-05
2.62253e-05
3.84293e-05
4.92494e-05
5.75711e-05
6.45457e-05
7.14534e-05
7.87842e-05
1.64663e-05
1.60995e-05
1.62784e-05
2.15733e-05
3.58792e-05
4.73357e-05
5.55015e-05
6.21475e-05
6.87307e-05
7.67315e-05
1.57881e-05
1.56737e-05
1.71311e-05
2.05454e-05
3.44567e-05
4.66695e-05
5.46033e-05
6.09295e-05
6.70526e-05
7.47299e-05
1.52158e-05
1.57906e-05
2.03528e-05
2.41658e-05
3.53239e-05
4.72847e-05
5.51879e-05
6.16515e-05
6.7998e-05
7.55595e-05
1.49295e-05
1.61969e-05
2.38e-05
2.83497e-05
3.78918e-05
4.84787e-05
5.61255e-05
6.25166e-05
6.88313e-05
7.57767e-05
1.50697e-05
1.72235e-05
2.73864e-05
3.29273e-05
4.07671e-05
4.99164e-05
5.70503e-05
6.31401e-05
6.92079e-05
7.53568e-05
1.57588e-05
2.0542e-05
3.12834e-05
3.73638e-05
4.36341e-05
5.13567e-05
5.77745e-05
6.33989e-05
6.90709e-05
7.43893e-05
1.6755e-05
2.39464e-05
3.54306e-05
4.13197e-05
4.63323e-05
5.2628e-05
5.81702e-05
6.31578e-05
6.82871e-05
7.28952e-05
1.78016e-05
2.7366e-05
3.97499e-05
4.45696e-05
4.88259e-05
5.36374e-05
5.81474e-05
6.23353e-05
6.67893e-05
7.08131e-05
1.96929e-05
3.11974e-05
4.35826e-05
4.74026e-05
5.08619e-05
5.42846e-05
5.76388e-05
6.0898e-05
6.45153e-05
6.79839e-05
2.61555e-05
3.64347e-05
4.61613e-05
4.95131e-05
5.2058e-05
5.42864e-05
5.64376e-05
5.86492e-05
6.12467e-05
6.39861e-05
3.36903e-05
4.30517e-05
4.78991e-05
5.03373e-05
5.19101e-05
5.3127e-05
5.4276e-05
5.54807e-05
5.69112e-05
5.87461e-05
2.3245e-05
4.21936e-05
4.77503e-05
5.0373e-05
5.21107e-05
5.3521e-05
5.49061e-05
5.64016e-05
5.81927e-05
6.05204e-05
1.86669e-05
3.83724e-05
4.56063e-05
4.92569e-05
5.20973e-05
5.46858e-05
5.72707e-05
5.99336e-05
6.30264e-05
6.66507e-05
1.77571e-05
3.17992e-05
4.15173e-05
4.60516e-05
5.0396e-05
5.47471e-05
5.89625e-05
6.29296e-05
6.71092e-05
7.16995e-05
1.69109e-05
2.38097e-05
3.54561e-05
4.13104e-05
4.74307e-05
5.42546e-05
6.01791e-05
6.52837e-05
7.03673e-05
7.55734e-05
1.55079e-05
2.03713e-05
2.92577e-05
3.54481e-05
4.42413e-05
5.36711e-05
6.10999e-05
6.71321e-05
7.29959e-05
7.86642e-05
1.49671e-05
2.08023e-05
2.28822e-05
3.05893e-05
4.16526e-05
5.30429e-05
6.16065e-05
6.84089e-05
7.49445e-05
8.10779e-05
1.48503e-05
2.13752e-05
2.1942e-05
2.64107e-05
3.93258e-05
5.217e-05
6.15713e-05
6.90547e-05
7.61485e-05
8.2799e-05
1.52096e-05
2.1965e-05
2.3272e-05
2.2828e-05
3.68138e-05
5.08553e-05
6.09321e-05
6.89285e-05
7.64488e-05
8.37265e-05
1.58046e-05
2.21776e-05
2.39928e-05
2.27725e-05
3.37071e-05
4.89793e-05
5.96465e-05
6.79162e-05
7.56359e-05
8.3641e-05
1.632e-05
2.23014e-05
2.47623e-05
2.53135e-05
3.08324e-05
4.67918e-05
5.76965e-05
6.58961e-05
7.34767e-05
8.21809e-05
1.6495e-05
2.19022e-05
2.40905e-05
2.45585e-05
3.02023e-05
4.62892e-05
5.68702e-05
6.47867e-05
7.20525e-05
8.05152e-05
1.61555e-05
2.0833e-05
2.22296e-05
2.13081e-05
3.11724e-05
4.71529e-05
5.74977e-05
6.53717e-05
7.26824e-05
8.08303e-05
1.54592e-05
1.9486e-05
2.03171e-05
2.05488e-05
3.29213e-05
4.82633e-05
5.81831e-05
6.58485e-05
7.29818e-05
8.05213e-05
1.46953e-05
1.82666e-05
1.87132e-05
2.42641e-05
3.54312e-05
4.94313e-05
5.87274e-05
6.59786e-05
7.27382e-05
7.96111e-05
1.41261e-05
1.80158e-05
2.26569e-05
2.81176e-05
3.85482e-05
5.05759e-05
5.9048e-05
6.56902e-05
7.1937e-05
7.81593e-05
1.40835e-05
1.77373e-05
2.94847e-05
3.27729e-05
4.16392e-05
5.16709e-05
5.90737e-05
6.49685e-05
7.05834e-05
7.61884e-05
1.50574e-05
2.29498e-05
3.44523e-05
3.82299e-05
4.503e-05
5.27216e-05
5.87861e-05
6.3782e-05
6.86479e-05
7.36574e-05
1.5891e-05
3.21269e-05
3.98576e-05
4.35056e-05
4.85044e-05
5.37148e-05
5.81928e-05
6.21061e-05
6.60873e-05
7.04026e-05
2.08483e-05
3.89483e-05
4.45553e-05
4.80801e-05
5.12625e-05
5.42915e-05
5.70908e-05
5.97197e-05
6.26027e-05
6.59416e-05
3.03551e-05
4.36942e-05
4.81473e-05
5.05338e-05
5.21842e-05
5.35824e-05
5.48755e-05
5.6196e-05
5.78107e-05
5.99141e-05
3.0355e-05
4.36942e-05
4.81473e-05
5.05338e-05
5.21842e-05
5.35824e-05
5.48755e-05
5.6196e-05
5.78107e-05
5.99141e-05
2.93973e-05
4.35372e-05
4.8304e-05
5.09937e-05
5.30344e-05
5.49053e-05
5.68913e-05
5.92298e-05
6.19877e-05
6.51373e-05
2.60995e-05
4.20285e-05
4.73111e-05
5.05259e-05
5.32462e-05
5.5941e-05
5.88415e-05
6.20246e-05
6.57807e-05
6.95873e-05
2.10619e-05
3.8794e-05
4.46687e-05
4.84125e-05
5.2091e-05
5.59426e-05
5.99702e-05
6.41035e-05
6.87036e-05
7.29269e-05
1.8263e-05
3.40438e-05
4.06462e-05
4.47318e-05
4.98177e-05
5.52745e-05
6.04674e-05
6.55047e-05
7.08515e-05
7.5489e-05
1.78757e-05
2.93078e-05
3.53567e-05
4.00374e-05
4.70165e-05
5.41827e-05
6.04604e-05
6.62792e-05
7.22597e-05
7.73946e-05
1.82889e-05
2.41681e-05
3.03846e-05
3.48952e-05
4.3973e-05
5.27689e-05
5.99656e-05
6.63819e-05
7.28429e-05
7.86628e-05
1.78349e-05
2.03282e-05
2.47447e-05
3.03497e-05
4.11251e-05
5.11024e-05
5.90064e-05
6.5829e-05
7.26275e-05
7.92134e-05
1.71425e-05
1.75718e-05
1.95987e-05
2.62253e-05
3.84293e-05
4.92494e-05
5.75711e-05
6.45458e-05
7.14534e-05
7.87842e-05
1.64663e-05
1.60995e-05
1.62784e-05
2.15733e-05
3.58792e-05
4.73357e-05
5.55015e-05
6.21475e-05
6.87307e-05
7.67315e-05
1.57881e-05
1.56737e-05
1.71311e-05
2.05454e-05
3.44567e-05
4.66695e-05
5.46032e-05
6.09295e-05
6.70526e-05
7.47299e-05
1.52159e-05
1.57906e-05
2.03528e-05
2.41658e-05
3.53239e-05
4.72846e-05
5.51879e-05
6.16515e-05
6.7998e-05
7.55595e-05
1.49295e-05
1.61969e-05
2.38e-05
2.83497e-05
3.78918e-05
4.84787e-05
5.61255e-05
6.25166e-05
6.88313e-05
7.57767e-05
1.50697e-05
1.72235e-05
2.73864e-05
3.29273e-05
4.07671e-05
4.99164e-05
5.70503e-05
6.31401e-05
6.92079e-05
7.53568e-05
1.57588e-05
2.0542e-05
3.12834e-05
3.73638e-05
4.36341e-05
5.13567e-05
5.77745e-05
6.33989e-05
6.90709e-05
7.43893e-05
1.6755e-05
2.39464e-05
3.54306e-05
4.13197e-05
4.63323e-05
5.2628e-05
5.81702e-05
6.31578e-05
6.82871e-05
7.28952e-05
1.78016e-05
2.7366e-05
3.97499e-05
4.45696e-05
4.88259e-05
5.36374e-05
5.81474e-05
6.23353e-05
6.67893e-05
7.08131e-05
1.96929e-05
3.11974e-05
4.35826e-05
4.74025e-05
5.08619e-05
5.42846e-05
5.76388e-05
6.0898e-05
6.45153e-05
6.79839e-05
2.61555e-05
3.64347e-05
4.61613e-05
4.95131e-05
5.2058e-05
5.42864e-05
5.64376e-05
5.86492e-05
6.12467e-05
6.39861e-05
3.36903e-05
4.30517e-05
4.78991e-05
5.03373e-05
5.19101e-05
5.3127e-05
5.4276e-05
5.54807e-05
5.69112e-05
5.87461e-05
)
;
    }
}


// ************************************************************************* //
