/*--------------------------------*- C++ -*----------------------------------*\
| =========                 |                                                 |
| \\      /  F ield         | OpenFOAM: The Open Source CFD Toolbox           |
|  \\    /   O peration     | Version:  v2012                                 |
|   \\  /    A nd           | Website:  www.openfoam.com                      |
|    \\/     M anipulation  |                                                 |
\*---------------------------------------------------------------------------*/
FoamFile
{
    version     2.0;
    format      ascii;
    class       volScalarField;
    location    "1000";
    object      T;
}
// * * * * * * * * * * * * * * * * * * * * * * * * * * * * * * * * * * * * * //

dimensions      [0 0 0 1 0 0 0];


internalField   nonuniform List<scalar> 
4000
(
300.465
300.456
300.462
300.469
300.469
300.47
300.472
300.475
300.48
300.483
300.486
300.487
300.486
300.485
300.483
300.483
300.483
300.475
300.479
300.511
300.568
300.56
300.537
300.517
300.52
300.525
300.528
300.53
300.532
300.533
300.534
300.535
300.534
300.534
300.533
300.528
300.53
300.55
300.569
300.574
300.573
300.575
300.574
300.562
300.549
300.541
300.543
300.545
300.547
300.548
300.549
300.549
300.549
300.547
300.549
300.558
300.566
300.575
300.576
300.574
300.569
300.572
300.575
300.574
300.565
300.558
300.554
300.552
300.553
300.555
300.555
300.555
300.556
300.559
300.563
300.568
300.575
300.576
300.574
300.57
300.564
300.568
300.572
300.574
300.573
300.572
300.57
300.569
300.567
300.565
300.565
300.567
300.568
300.571
300.573
300.574
300.575
300.574
300.571
300.565
300.559
300.563
300.567
300.57
300.572
300.573
300.573
300.574
300.574
300.573
300.573
300.574
300.574
300.574
300.573
300.573
300.572
300.57
300.566
300.56
300.553
300.558
300.562
300.565
300.567
300.569
300.57
300.571
300.571
300.571
300.571
300.571
300.571
300.571
300.57
300.569
300.567
300.565
300.56
300.555
300.548
300.552
300.557
300.56
300.562
300.564
300.566
300.567
300.567
300.567
300.567
300.567
300.567
300.566
300.565
300.564
300.562
300.559
300.555
300.549
300.542
300.546
300.55
300.553
300.556
300.558
300.56
300.561
300.562
300.562
300.562
300.562
300.562
300.561
300.56
300.558
300.555
300.552
300.548
300.543
300.533
300.537
300.541
300.544
300.547
300.55
300.552
300.554
300.554
300.554
300.554
300.555
300.554
300.553
300.551
300.548
300.546
300.542
300.538
300.534
300.456
300.46
300.466
300.471
300.473
300.475
300.477
300.479
300.482
300.485
300.486
300.487
300.487
300.486
300.484
300.483
300.482
300.475
300.478
300.504
300.56
300.548
300.527
300.515
300.518
300.524
300.527
300.53
300.531
300.533
300.533
300.534
300.534
300.534
300.532
300.527
300.531
300.55
300.567
300.574
300.575
300.575
300.571
300.559
300.548
300.541
300.542
300.545
300.546
300.548
300.548
300.549
300.548
300.547
300.55
300.558
300.566
300.574
300.576
300.574
300.572
300.573
300.574
300.571
300.563
300.557
300.553
300.551
300.553
300.554
300.555
300.555
300.556
300.559
300.562
300.567
300.573
300.576
300.574
300.571
300.568
300.57
300.572
300.573
300.571
300.567
300.564
300.562
300.56
300.56
300.56
300.561
300.563
300.566
300.569
300.572
300.574
300.574
300.571
300.566
300.563
300.565
300.568
300.57
300.571
300.57
300.569
300.568
300.567
300.567
300.567
300.567
300.568
300.569
300.571
300.572
300.572
300.57
300.567
300.562
300.558
300.561
300.564
300.567
300.568
300.569
300.569
300.569
300.569
300.568
300.568
300.569
300.569
300.569
300.569
300.569
300.569
300.566
300.562
300.557
300.552
300.556
300.56
300.563
300.565
300.566
300.567
300.568
300.567
300.567
300.567
300.567
300.567
300.567
300.567
300.566
300.565
300.562
300.558
300.552
300.546
300.55
300.555
300.558
300.561
300.563
300.565
300.566
300.567
300.567
300.567
300.567
300.567
300.566
300.565
300.563
300.56
300.557
300.552
300.546
300.537
300.54
300.544
300.548
300.552
300.555
300.558
300.56
300.562
300.561
300.562
300.562
300.561
300.559
300.556
300.553
300.55
300.546
300.542
300.538
300.462
300.466
300.47
300.473
300.475
300.478
300.48
300.482
300.484
300.485
300.486
300.487
300.487
300.487
300.485
300.484
300.483
300.475
300.471
300.487
300.537
300.527
300.516
300.513
300.519
300.525
300.528
300.53
300.532
300.533
300.533
300.534
300.534
300.534
300.532
300.527
300.53
300.547
300.564
300.572
300.574
300.571
300.563
300.554
300.544
300.54
300.542
300.545
300.547
300.548
300.549
300.549
300.549
300.548
300.551
300.558
300.565
300.573
300.576
300.576
300.575
300.574
300.573
300.567
300.56
300.555
300.552
300.551
300.553
300.555
300.556
300.556
300.556
300.558
300.562
300.567
300.572
300.575
300.575
300.573
300.572
300.572
300.573
300.572
300.568
300.564
300.561
300.559
300.558
300.558
300.559
300.56
300.561
300.563
300.566
300.57
300.573
300.573
300.572
300.569
300.567
300.568
300.569
300.57
300.57
300.567
300.565
300.564
300.562
300.562
300.562
300.563
300.564
300.566
300.568
300.57
300.571
300.57
300.568
300.565
300.562
300.564
300.566
300.567
300.568
300.567
300.566
300.565
300.565
300.564
300.564
300.565
300.565
300.566
300.567
300.568
300.568
300.567
300.564
300.561
300.557
300.56
300.563
300.564
300.565
300.565
300.564
300.564
300.564
300.563
300.563
300.564
300.564
300.564
300.565
300.565
300.565
300.564
300.561
300.556
300.55
300.555
300.559
300.562
300.564
300.565
300.566
300.567
300.567
300.566
300.566
300.567
300.567
300.566
300.566
300.565
300.563
300.56
300.556
300.55
300.541
300.544
300.549
300.553
300.557
300.561
300.564
300.567
300.568
300.568
300.569
300.569
300.567
300.565
300.562
300.558
300.554
300.55
300.546
300.541
300.469
300.471
300.473
300.475
300.478
300.48
300.482
300.484
300.485
300.485
300.486
300.486
300.487
300.487
300.486
300.485
300.485
300.478
300.468
300.465
300.517
300.515
300.513
300.517
300.523
300.527
300.529
300.531
300.532
300.533
300.533
300.534
300.535
300.535
300.533
300.529
300.527
300.54
300.556
300.567
300.562
300.559
300.554
300.546
300.541
300.54
300.543
300.546
300.548
300.549
300.55
300.55
300.549
300.548
300.55
300.556
300.563
300.57
300.575
300.577
300.574
300.571
300.567
300.562
300.556
300.552
300.551
300.552
300.554
300.556
300.557
300.557
300.557
300.558
300.561
300.566
300.571
300.574
300.575
300.575
300.574
300.573
300.572
300.569
300.565
300.561
300.558
300.557
300.557
300.558
300.56
300.56
300.561
300.563
300.565
300.569
300.572
300.573
300.572
300.572
300.57
300.57
300.57
300.57
300.568
300.565
300.562
300.561
300.56
300.56
300.56
300.561
300.562
300.564
300.566
300.569
300.57
300.57
300.569
300.568
300.565
300.567
300.567
300.567
300.567
300.565
300.564
300.562
300.562
300.561
300.561
300.562
300.563
300.564
300.565
300.567
300.568
300.567
300.566
300.564
300.56
300.563
300.564
300.564
300.564
300.563
300.563
300.562
300.561
300.561
300.561
300.561
300.562
300.562
300.563
300.564
300.564
300.564
300.563
300.559
300.553
300.558
300.562
300.563
300.564
300.565
300.566
300.567
300.567
300.566
300.566
300.566
300.566
300.566
300.565
300.564
300.564
300.562
300.559
300.554
300.544
300.548
300.553
300.557
300.562
300.566
300.57
300.573
300.576
300.576
300.576
300.576
300.574
300.571
300.567
300.563
300.558
300.554
300.549
300.545
300.469
300.473
300.475
300.478
300.48
300.482
300.484
300.485
300.486
300.485
300.485
300.486
300.488
300.488
300.488
300.487
300.486
300.482
300.47
300.458
300.52
300.518
300.519
300.523
300.526
300.528
300.531
300.532
300.533
300.533
300.534
300.535
300.536
300.536
300.535
300.532
300.527
300.532
300.544
300.554
300.549
300.548
300.544
300.541
300.54
300.542
300.545
300.547
300.548
300.55
300.55
300.551
300.55
300.549
300.549
300.554
300.56
300.566
300.571
300.575
300.565
300.563
300.56
300.556
300.553
300.551
300.551
300.553
300.555
300.557
300.557
300.557
300.557
300.558
300.56
300.564
300.568
300.573
300.575
300.576
300.573
300.571
300.568
300.565
300.561
300.559
300.557
300.556
300.557
300.559
300.56
300.56
300.561
300.562
300.564
300.567
300.571
300.572
300.573
300.573
300.572
300.571
300.57
300.568
300.565
300.563
300.56
300.559
300.559
300.559
300.56
300.561
300.561
300.563
300.565
300.567
300.569
300.57
300.57
300.57
300.567
300.568
300.568
300.567
300.565
300.563
300.562
300.561
300.56
300.56
300.56
300.561
300.561
300.562
300.564
300.565
300.567
300.567
300.567
300.566
300.562
300.565
300.565
300.564
300.563
300.562
300.561
300.561
300.56
300.56
300.559
300.56
300.561
300.561
300.562
300.562
300.563
300.564
300.565
300.562
300.556
300.561
300.564
300.564
300.564
300.565
300.567
300.568
300.568
300.567
300.567
300.568
300.567
300.567
300.565
300.564
300.564
300.563
300.561
300.556
300.547
300.552
300.557
300.562
300.567
300.572
300.576
300.581
300.584
300.585
300.585
300.584
300.581
300.577
300.572
300.567
300.562
300.557
300.553
300.547
300.47
300.475
300.478
300.48
300.482
300.484
300.486
300.487
300.487
300.486
300.486
300.487
300.488
300.489
300.489
300.488
300.488
300.486
300.479
300.464
300.525
300.524
300.525
300.527
300.528
300.53
300.532
300.533
300.534
300.534
300.535
300.536
300.537
300.537
300.537
300.535
300.531
300.528
300.534
300.541
300.541
300.541
300.54
300.54
300.542
300.544
300.546
300.548
300.549
300.551
300.551
300.552
300.552
300.551
300.55
300.551
300.555
300.561
300.565
300.568
300.558
300.557
300.555
300.552
300.551
300.551
300.552
300.554
300.556
300.557
300.558
300.558
300.557
300.557
300.559
300.561
300.565
300.569
300.572
300.574
300.572
300.567
300.564
300.561
300.559
300.557
300.556
300.556
300.558
300.559
300.56
300.56
300.56
300.561
300.563
300.565
300.568
300.571
300.572
300.574
300.573
300.57
300.567
300.565
300.563
300.56
300.559
300.558
300.558
300.559
300.56
300.56
300.561
300.562
300.564
300.566
300.568
300.569
300.57
300.571
300.569
300.569
300.567
300.565
300.563
300.562
300.56
300.56
300.559
300.559
300.559
300.56
300.561
300.561
300.563
300.564
300.566
300.567
300.568
300.568
300.564
300.566
300.565
300.563
300.562
300.561
300.561
300.56
300.56
300.559
300.559
300.559
300.56
300.56
300.561
300.562
300.562
300.563
300.565
300.563
300.558
300.563
300.565
300.565
300.565
300.567
300.569
300.57
300.571
300.57
300.57
300.57
300.569
300.568
300.566
300.565
300.564
300.564
300.563
300.558
300.55
300.555
300.561
300.566
300.572
300.578
300.583
300.589
300.594
300.596
300.597
300.594
300.59
300.584
300.578
300.572
300.566
300.561
300.555
300.55
300.472
300.477
300.48
300.482
300.484
300.486
300.487
300.488
300.489
300.488
300.487
300.489
300.49
300.49
300.49
300.49
300.489
300.488
300.485
300.477
300.528
300.527
300.528
300.529
300.531
300.532
300.533
300.534
300.535
300.535
300.536
300.537
300.538
300.538
300.538
300.537
300.535
300.532
300.53
300.532
300.543
300.542
300.542
300.543
300.545
300.546
300.548
300.549
300.55
300.551
300.552
300.553
300.553
300.552
300.552
300.551
300.552
300.555
300.559
300.561
300.554
300.553
300.552
300.551
300.551
300.552
300.554
300.555
300.557
300.558
300.558
300.558
300.558
300.558
300.558
300.559
300.562
300.564
300.567
300.57
300.57
300.564
300.561
300.558
300.557
300.556
300.556
300.557
300.558
300.56
300.56
300.56
300.56
300.56
300.561
300.563
300.565
300.568
300.57
300.573
300.573
300.569
300.565
300.562
300.56
300.559
300.558
300.558
300.558
300.559
300.559
300.56
300.56
300.561
300.562
300.564
300.566
300.568
300.57
300.572
300.57
300.569
300.566
300.564
300.562
300.56
300.559
300.559
300.558
300.558
300.558
300.559
300.56
300.56
300.561
300.563
300.564
300.566
300.568
300.568
300.566
300.567
300.564
300.563
300.561
300.561
300.56
300.56
300.559
300.559
300.559
300.559
300.559
300.56
300.56
300.561
300.561
300.563
300.566
300.564
300.56
300.565
300.566
300.566
300.567
300.569
300.571
300.573
300.575
300.577
300.576
300.573
300.572
300.57
300.567
300.566
300.564
300.565
300.564
300.56
300.552
300.558
300.564
300.57
300.576
300.583
300.591
300.598
300.605
300.611
300.611
300.606
300.599
300.591
300.584
300.576
300.57
300.564
300.558
300.552
300.475
300.479
300.482
300.484
300.485
300.487
300.488
300.49
300.491
300.49
300.49
300.49
300.49
300.49
300.489
300.489
300.489
300.489
300.488
300.484
300.53
300.53
300.53
300.531
300.532
300.533
300.534
300.535
300.536
300.537
300.538
300.538
300.538
300.538
300.538
300.538
300.537
300.536
300.534
300.533
300.545
300.545
300.545
300.546
300.547
300.548
300.549
300.55
300.55
300.553
300.553
300.553
300.553
300.553
300.553
300.552
300.552
300.552
300.553
300.555
300.552
300.551
300.551
300.552
300.553
300.554
300.555
300.556
300.557
300.559
300.559
300.559
300.559
300.558
300.558
300.558
300.559
300.561
300.563
300.566
300.569
300.562
300.559
300.557
300.556
300.556
300.557
300.558
300.559
300.562
300.561
300.56
300.56
300.56
300.56
300.561
300.563
300.565
300.568
300.572
300.574
300.568
300.564
300.561
300.559
300.558
300.558
300.558
300.558
300.562
300.561
300.559
300.559
300.56
300.561
300.562
300.564
300.566
300.569
300.572
300.571
300.569
300.565
300.562
300.561
300.56
300.559
300.558
300.558
300.562
300.561
300.558
300.559
300.559
300.56
300.561
300.563
300.565
300.567
300.569
300.567
300.568
300.564
300.562
300.561
300.56
300.56
300.56
300.561
300.567
300.564
300.559
300.559
300.559
300.559
300.56
300.56
300.562
300.566
300.565
300.561
300.566
300.567
300.567
300.568
300.57
300.573
300.576
300.582
300.592
300.591
300.58
300.574
300.571
300.568
300.566
300.565
300.565
300.565
300.56
300.554
300.56
300.567
300.573
300.581
300.589
300.598
300.608
300.619
300.631
300.63
300.619
300.608
300.598
300.589
300.58
300.573
300.566
300.56
300.553
300.48
300.482
300.484
300.485
300.486
300.487
300.489
300.491
300.493
300.501
300.499
300.491
300.491
300.489
300.488
300.487
300.487
300.487
300.487
300.485
300.532
300.531
300.532
300.532
300.533
300.534
300.535
300.536
300.538
300.555
300.551
300.538
300.537
300.536
300.536
300.536
300.536
300.536
300.536
300.536
300.547
300.546
300.547
300.548
300.548
300.549
300.55
300.55
300.552
300.571
300.566
300.553
300.552
300.552
300.552
300.552
300.552
300.552
300.552
300.553
300.553
300.553
300.553
300.554
300.555
300.556
300.557
300.557
300.56
300.581
300.575
300.56
300.559
300.559
300.558
300.558
300.558
300.558
300.559
300.562
300.567
300.56
300.558
300.557
300.557
300.558
300.558
300.559
300.563
300.587
300.58
300.564
300.561
300.56
300.56
300.56
300.561
300.562
300.566
300.571
300.574
300.567
300.562
300.56
300.559
300.558
300.558
300.558
300.565
300.59
300.583
300.563
300.559
300.559
300.559
300.56
300.561
300.564
300.567
300.572
300.571
300.569
300.565
300.562
300.56
300.559
300.558
300.558
300.566
300.592
300.584
300.562
300.558
300.558
300.559
300.56
300.561
300.564
300.567
300.569
300.567
300.567
300.564
300.561
300.56
300.56
300.559
300.561
300.571
300.604
300.598
300.565
300.558
300.558
300.558
300.558
300.559
300.561
300.565
300.565
300.562
300.567
300.567
300.567
300.568
300.571
300.575
300.582
300.598
300.63
300.627
300.593
300.578
300.572
300.568
300.566
300.564
300.565
300.565
300.561
300.554
300.562
300.568
300.576
300.584
300.594
300.605
300.619
300.637
300.661
300.659
300.636
300.619
300.605
300.593
300.583
300.575
300.567
300.561
300.554
300.483
300.485
300.485
300.485
300.485
300.486
300.488
300.49
300.501
301.117
301.074
300.499
300.49
300.488
300.485
300.484
300.484
300.484
300.484
300.483
300.533
300.533
300.533
300.533
300.533
300.534
300.535
300.537
300.555
300.946
300.927
300.549
300.535
300.534
300.533
300.533
300.533
300.534
300.534
300.535
300.548
300.548
300.548
300.549
300.55
300.551
300.551
300.553
300.571
300.867
300.857
300.566
300.552
300.551
300.55
300.55
300.55
300.55
300.551
300.552
300.555
300.554
300.555
300.556
300.557
300.557
300.558
300.559
300.581
300.821
300.815
300.575
300.559
300.558
300.558
300.557
300.557
300.557
300.557
300.559
300.565
300.56
300.558
300.558
300.559
300.559
300.56
300.562
300.587
300.789
300.785
300.58
300.562
300.561
300.56
300.56
300.559
300.56
300.563
300.569
300.573
300.567
300.562
300.56
300.559
300.559
300.559
300.562
300.59
300.766
300.762
300.582
300.561
300.559
300.559
300.559
300.56
300.562
300.566
300.571
300.571
300.568
300.564
300.561
300.56
300.559
300.558
300.562
300.592
300.749
300.743
300.583
300.559
300.557
300.558
300.559
300.56
300.563
300.566
300.568
300.567
300.567
300.563
300.561
300.56
300.559
300.559
300.567
300.604
300.735
300.731
300.588
300.56
300.557
300.557
300.557
300.558
300.56
300.564
300.565
300.562
300.567
300.566
300.566
300.567
300.57
300.577
300.592
300.63
300.725
300.721
300.621
300.585
300.571
300.566
300.564
300.563
300.563
300.564
300.56
300.554
300.561
300.568
300.576
300.585
300.596
300.611
300.631
300.661
300.712
300.709
300.658
300.629
300.609
300.595
300.583
300.574
300.567
300.56
300.553
300.486
300.486
300.486
300.486
300.485
300.486
300.487
300.49
300.499
301.074
301.039
300.494
300.488
300.485
300.484
300.483
300.482
300.482
300.482
300.482
300.534
300.533
300.533
300.533
300.534
300.535
300.536
300.538
300.551
300.927
300.905
300.545
300.533
300.532
300.531
300.53
300.53
300.53
300.531
300.532
300.549
300.548
300.549
300.55
300.55
300.551
300.552
300.553
300.566
300.857
300.84
300.562
300.551
300.55
300.549
300.548
300.547
300.547
300.547
300.547
300.555
300.555
300.556
300.557
300.557
300.558
300.558
300.559
300.575
300.815
300.799
300.571
300.559
300.558
300.557
300.557
300.556
300.556
300.556
300.556
300.565
300.56
300.559
300.56
300.56
300.56
300.56
300.561
300.58
300.785
300.769
300.575
300.562
300.561
300.56
300.56
300.559
300.56
300.562
300.568
300.573
300.567
300.562
300.56
300.56
300.56
300.559
300.561
300.583
300.762
300.744
300.576
300.561
300.56
300.56
300.56
300.56
300.562
300.566
300.571
300.571
300.568
300.564
300.561
300.56
300.559
300.558
300.561
300.584
300.743
300.725
300.576
300.559
300.558
300.558
300.559
300.56
300.562
300.566
300.568
300.567
300.567
300.563
300.561
300.559
300.559
300.559
300.564
300.598
300.731
300.716
300.58
300.559
300.557
300.556
300.557
300.558
300.56
300.564
300.565
300.562
300.567
300.566
300.566
300.567
300.57
300.576
300.591
300.627
300.721
300.708
300.615
300.583
300.57
300.565
300.563
300.562
300.563
300.564
300.56
300.554
300.562
300.569
300.576
300.585
300.597
300.611
300.63
300.659
300.709
300.698
300.653
300.626
300.607
300.594
300.583
300.574
300.566
300.56
300.553
300.487
300.487
300.487
300.486
300.486
300.487
300.489
300.49
300.491
300.499
300.494
300.485
300.484
300.482
300.481
300.481
300.481
300.481
300.481
300.481
300.535
300.534
300.534
300.534
300.535
300.536
300.537
300.538
300.538
300.549
300.545
300.533
300.532
300.531
300.53
300.528
300.526
300.526
300.526
300.528
300.549
300.549
300.549
300.55
300.551
300.552
300.553
300.553
300.553
300.566
300.562
300.551
300.55
300.549
300.547
300.546
300.545
300.544
300.543
300.543
300.555
300.555
300.556
300.557
300.557
300.558
300.558
300.559
300.56
300.575
300.571
300.559
300.558
300.558
300.557
300.557
300.556
300.556
300.556
300.557
300.567
300.561
300.56
300.56
300.56
300.56
300.56
300.56
300.564
300.58
300.575
300.562
300.561
300.561
300.561
300.561
300.561
300.561
300.563
300.569
300.574
300.567
300.563
300.561
300.561
300.56
300.56
300.559
300.563
300.582
300.576
300.562
300.56
300.561
300.561
300.561
300.562
300.563
300.566
300.571
300.571
300.569
300.565
300.562
300.561
300.56
300.559
300.558
300.562
300.583
300.576
300.56
300.559
300.559
300.559
300.56
300.561
300.563
300.566
300.569
300.567
300.567
300.564
300.561
300.56
300.559
300.559
300.559
300.565
300.588
300.58
300.561
300.558
300.558
300.558
300.558
300.559
300.56
300.564
300.565
300.562
300.567
300.567
300.566
300.568
300.57
300.573
300.58
300.593
300.621
300.615
300.587
300.576
300.57
300.567
300.564
300.563
300.564
300.565
300.56
300.555
300.562
300.569
300.576
300.584
300.594
300.606
300.619
300.636
300.658
300.653
300.633
300.617
300.603
300.592
300.582
300.574
300.567
300.56
300.554
300.486
300.487
300.487
300.487
300.488
300.488
300.49
300.49
300.491
300.49
300.488
300.484
300.483
300.482
300.481
300.48
300.481
300.481
300.481
300.48
300.534
300.534
300.534
300.535
300.536
300.537
300.538
300.538
300.537
300.535
300.533
300.532
300.532
300.531
300.53
300.527
300.524
300.522
300.522
300.524
300.549
300.548
300.549
300.549
300.55
300.552
300.553
300.553
300.552
300.552
300.551
300.55
300.549
300.548
300.546
300.545
300.543
300.542
300.542
300.541
300.556
300.556
300.556
300.557
300.557
300.557
300.558
300.559
300.559
300.559
300.559
300.558
300.558
300.558
300.558
300.557
300.557
300.557
300.558
300.559
300.568
300.563
300.561
300.561
300.561
300.56
300.56
300.56
300.561
300.562
300.562
300.561
300.562
300.562
300.562
300.562
300.563
300.564
300.566
300.571
300.574
300.568
300.564
300.562
300.561
300.561
300.56
300.559
300.559
300.561
300.561
300.56
300.561
300.562
300.562
300.563
300.564
300.565
300.568
300.571
300.571
300.569
300.565
300.563
300.561
300.561
300.56
300.559
300.558
300.559
300.559
300.559
300.559
300.56
300.561
300.561
300.562
300.564
300.566
300.569
300.567
300.567
300.564
300.562
300.561
300.56
300.559
300.559
300.558
300.56
300.559
300.558
300.559
300.559
300.559
300.559
300.56
300.561
300.565
300.565
300.562
300.567
300.567
300.566
300.567
300.569
300.572
300.574
300.578
300.585
300.583
300.576
300.572
300.569
300.567
300.565
300.563
300.564
300.564
300.56
300.554
300.561
300.567
300.574
300.581
300.59
300.599
300.608
300.619
300.629
300.626
300.617
300.607
300.597
300.588
300.58
300.572
300.566
300.56
300.553
300.485
300.486
300.487
300.487
300.488
300.489
300.49
300.49
300.489
300.488
300.485
300.482
300.482
300.483
300.483
300.482
300.482
300.482
300.482
300.481
300.534
300.534
300.534
300.535
300.536
300.537
300.538
300.538
300.536
300.534
300.532
300.531
300.531
300.532
300.531
300.528
300.524
300.521
300.52
300.52
300.547
300.547
300.548
300.548
300.549
300.551
300.552
300.553
300.552
300.551
300.55
300.549
300.548
300.546
300.545
300.544
300.543
300.543
300.543
300.543
300.559
300.559
300.558
300.558
300.558
300.557
300.558
300.558
300.559
300.558
300.558
300.558
300.558
300.558
300.558
300.559
300.559
300.56
300.562
300.564
300.571
300.566
300.563
300.563
300.562
300.561
300.56
300.56
300.56
300.561
300.561
300.561
300.562
300.563
300.564
300.565
300.565
300.567
300.569
300.572
300.574
300.569
300.566
300.564
300.563
300.562
300.561
300.56
300.559
300.559
300.56
300.561
300.562
300.563
300.564
300.565
300.566
300.567
300.569
300.571
300.571
300.569
300.566
300.564
300.562
300.561
300.56
300.559
300.558
300.557
300.558
300.559
300.56
300.561
300.562
300.563
300.564
300.565
300.567
300.568
300.566
300.567
300.564
300.562
300.561
300.56
300.56
300.559
300.558
300.557
300.557
300.558
300.559
300.56
300.56
300.56
300.561
300.562
300.565
300.564
300.561
300.566
300.566
300.566
300.567
300.568
300.57
300.571
300.572
300.571
300.57
300.57
300.569
300.568
300.566
300.565
300.564
300.564
300.564
300.56
300.553
300.559
300.565
300.571
300.577
300.584
300.591
300.598
300.605
300.609
300.607
300.603
300.597
300.59
300.582
300.576
300.569
300.564
300.558
300.552
300.483
300.484
300.485
300.486
300.488
300.489
300.49
300.489
300.488
300.485
300.484
300.481
300.481
300.483
300.486
300.486
300.486
300.484
300.483
300.482
300.533
300.532
300.532
300.533
300.535
300.537
300.538
300.538
300.536
300.533
300.531
300.53
300.53
300.531
300.53
300.528
300.525
300.522
300.52
300.517
300.549
300.55
300.551
300.55
300.549
300.55
300.552
300.553
300.552
300.55
300.549
300.547
300.546
300.545
300.545
300.545
300.545
300.545
300.546
300.548
300.563
300.562
300.562
300.561
300.56
300.559
300.558
300.558
300.558
300.558
300.557
300.557
300.558
300.558
300.559
300.561
300.562
300.564
300.566
300.57
300.573
300.569
300.566
300.565
300.564
300.563
300.561
300.56
300.56
300.56
300.56
300.561
300.562
300.564
300.565
300.567
300.568
300.569
300.571
300.573
300.573
300.571
300.568
300.566
300.565
300.564
300.562
300.561
300.559
300.559
300.56
300.561
300.562
300.564
300.565
300.566
300.567
300.568
300.57
300.571
300.57
300.569
300.567
300.565
300.564
300.563
300.561
300.56
300.559
300.558
300.558
300.559
300.561
300.562
300.563
300.564
300.565
300.566
300.567
300.568
300.565
300.567
300.565
300.563
300.562
300.561
300.56
300.559
300.558
300.557
300.556
300.558
300.559
300.56
300.56
300.561
300.561
300.562
300.565
300.563
300.56
300.565
300.566
300.565
300.565
300.566
300.567
300.568
300.568
300.566
300.565
300.567
300.567
300.566
300.565
300.564
300.563
300.564
300.563
300.558
300.551
300.556
300.562
300.567
300.572
300.578
300.584
300.589
300.593
300.595
300.594
300.592
300.588
300.582
300.577
300.571
300.566
300.561
300.556
300.55
300.483
300.483
300.484
300.485
300.487
300.488
300.49
300.489
300.487
300.484
300.483
300.481
300.48
300.482
300.486
300.489
300.489
300.485
300.483
300.483
300.528
300.527
300.527
300.529
300.532
300.535
300.537
300.538
300.536
300.533
300.53
300.528
300.527
300.528
300.528
300.525
300.523
300.522
300.52
300.519
300.558
300.558
300.558
300.556
300.554
300.551
300.551
300.552
300.552
300.55
300.548
300.546
300.545
300.544
300.545
300.546
300.548
300.55
300.553
300.556
300.568
300.567
300.567
300.566
300.564
300.561
300.559
300.558
300.558
300.557
300.557
300.557
300.557
300.559
300.561
300.563
300.566
300.568
300.571
300.573
300.574
300.572
300.57
300.569
300.567
300.565
300.563
300.561
300.56
300.56
300.56
300.561
300.562
300.565
300.567
300.568
300.57
300.571
300.572
300.573
300.573
300.572
300.57
300.569
300.567
300.566
300.564
300.562
300.56
300.559
300.56
300.561
300.563
300.565
300.566
300.567
300.568
300.569
300.57
300.57
300.569
300.569
300.568
300.567
300.565
300.564
300.563
300.561
300.56
300.559
300.559
300.56
300.561
300.563
300.564
300.564
300.565
300.566
300.567
300.566
300.564
300.566
300.565
300.564
300.562
300.562
300.561
300.56
300.558
300.557
300.557
300.558
300.559
300.56
300.561
300.561
300.562
300.563
300.564
300.562
300.558
300.563
300.565
300.564
300.564
300.565
300.566
300.566
300.566
300.564
300.563
300.564
300.565
300.565
300.564
300.563
300.563
300.563
300.561
300.556
300.548
300.553
300.558
300.563
300.567
300.572
300.576
300.58
300.583
300.583
300.583
300.582
300.58
300.576
300.571
300.566
300.562
300.557
300.553
300.548
300.483
300.482
300.483
300.485
300.486
300.488
300.489
300.489
300.487
300.484
300.482
300.481
300.481
300.482
300.486
300.489
300.488
300.483
300.482
300.483
300.53
300.531
300.53
300.527
300.527
300.531
300.535
300.537
300.536
300.533
300.53
300.526
300.524
300.524
300.525
300.523
300.522
300.524
300.524
300.525
300.566
300.566
300.565
300.563
300.56
300.555
300.552
300.552
300.552
300.55
300.547
300.545
300.543
300.543
300.545
300.548
300.551
300.556
300.56
300.564
300.575
300.573
300.572
300.571
300.568
300.565
300.562
300.559
300.558
300.557
300.556
300.556
300.557
300.559
300.562
300.566
300.569
300.571
300.572
300.573
300.575
300.574
300.573
300.572
300.571
300.568
300.565
300.563
300.561
300.559
300.559
300.561
300.563
300.565
300.568
300.57
300.57
300.571
300.571
300.572
300.572
300.572
300.571
300.57
300.569
300.568
300.566
300.564
300.561
300.56
300.56
300.562
300.564
300.566
300.567
300.568
300.568
300.569
300.569
300.569
300.567
300.569
300.568
300.568
300.567
300.566
300.564
300.563
300.561
300.56
300.56
300.561
300.562
300.564
300.565
300.565
300.566
300.566
300.566
300.564
300.562
300.565
300.565
300.564
300.563
300.562
300.561
300.56
300.559
300.558
300.558
300.559
300.56
300.561
300.561
300.562
300.562
300.563
300.563
300.56
300.555
300.56
300.563
300.564
300.564
300.564
300.564
300.565
300.564
300.563
300.562
300.563
300.563
300.564
300.563
300.563
300.563
300.561
300.559
300.554
300.546
300.55
300.554
300.558
300.562
300.566
300.57
300.573
300.575
300.574
300.574
300.574
300.572
300.569
300.566
300.562
300.558
300.554
300.549
300.545
300.475
300.475
300.475
300.478
300.482
300.486
300.488
300.489
300.487
300.484
300.482
300.481
300.481
300.482
300.484
300.485
300.483
300.482
300.483
300.488
300.55
300.55
300.547
300.54
300.532
300.528
300.532
300.536
300.536
300.534
300.53
300.526
300.522
300.521
300.522
300.522
300.524
300.526
300.531
300.537
300.575
300.574
300.573
300.57
300.566
300.561
300.555
300.552
300.552
300.55
300.547
300.544
300.542
300.543
300.545
300.55
300.556
300.562
300.567
300.571
300.576
300.576
300.575
300.574
300.573
300.569
300.564
300.561
300.558
300.557
300.556
300.556
300.557
300.56
300.564
300.568
300.571
300.571
300.571
300.572
300.574
300.574
300.573
300.573
300.572
300.571
300.568
300.565
300.562
300.56
300.56
300.561
300.564
300.567
300.569
300.571
300.571
300.57
300.57
300.569
300.57
300.57
300.57
300.57
300.57
300.569
300.568
300.566
300.564
300.562
300.562
300.563
300.565
300.567
300.568
300.569
300.569
300.568
300.567
300.566
300.565
300.566
300.567
300.567
300.567
300.567
300.566
300.565
300.564
300.563
300.562
300.563
300.564
300.565
300.566
300.566
300.566
300.565
300.564
300.562
300.559
300.562
300.564
300.564
300.564
300.563
300.563
300.562
300.561
300.56
300.56
300.56
300.561
300.562
300.562
300.563
300.563
300.563
300.56
300.557
300.552
300.557
300.56
300.562
300.563
300.564
300.565
300.565
300.565
300.563
300.563
300.564
300.564
300.564
300.564
300.563
300.561
300.559
300.556
300.551
300.542
300.546
300.55
300.554
300.557
300.561
300.564
300.566
300.567
300.567
300.566
300.567
300.566
300.564
300.561
300.557
300.554
300.55
300.546
300.541
300.479
300.478
300.471
300.468
300.47
300.479
300.485
300.488
300.487
300.484
300.482
300.481
300.481
300.482
300.483
300.483
300.482
300.483
300.494
300.519
300.569
300.567
300.564
300.556
300.544
300.534
300.53
300.534
300.536
300.534
300.531
300.526
300.522
300.52
300.52
300.52
300.524
300.531
300.541
300.555
300.576
300.576
300.576
300.575
300.571
300.565
300.559
300.553
300.552
300.551
300.547
300.543
300.542
300.543
300.546
300.553
300.56
300.567
300.57
300.571
300.574
300.574
300.575
300.575
300.575
300.572
300.567
300.563
300.559
300.557
300.556
300.556
300.558
300.562
300.566
300.571
300.572
300.571
300.57
300.569
300.571
300.571
300.572
300.572
300.573
300.572
300.57
300.568
300.566
300.563
300.562
300.563
300.566
300.569
300.571
300.572
300.571
300.57
300.567
300.566
300.566
300.567
300.568
300.569
300.57
300.57
300.57
300.569
300.567
300.566
300.566
300.566
300.568
300.569
300.57
300.57
300.569
300.567
300.564
300.562
300.56
300.562
300.564
300.566
300.567
300.568
300.568
300.567
300.567
300.566
300.566
300.566
300.566
300.567
300.567
300.567
300.566
300.564
300.56
300.557
300.555
300.558
300.561
300.563
300.565
300.565
300.566
300.566
300.565
300.564
300.564
300.564
300.565
300.565
300.565
300.564
300.563
300.56
300.557
300.552
300.548
300.552
300.556
300.559
300.561
300.563
300.564
300.565
300.565
300.564
300.564
300.565
300.564
300.564
300.563
300.561
300.559
300.556
300.552
300.546
300.538
300.542
300.546
300.549
300.553
300.555
300.558
300.56
300.561
300.56
300.56
300.56
300.56
300.558
300.556
300.553
300.549
300.546
300.542
300.538
300.511
300.504
300.487
300.465
300.458
300.464
300.477
300.484
300.485
300.483
300.482
300.481
300.48
300.481
300.482
300.483
300.483
300.488
300.519
300.554
300.574
300.574
300.572
300.567
300.554
300.541
300.532
300.533
300.536
300.535
300.532
300.528
300.524
300.52
300.517
300.519
300.525
300.537
300.555
300.571
300.574
300.574
300.576
300.577
300.575
300.568
300.561
300.555
300.553
300.552
300.547
300.543
300.541
300.543
300.548
300.556
300.564
300.571
300.571
300.569
300.57
300.571
300.573
300.575
300.576
300.574
300.57
300.566
300.562
300.559
300.556
300.557
300.559
300.564
300.57
300.573
300.573
300.572
300.569
300.565
300.565
300.566
300.569
300.572
300.573
300.574
300.573
300.572
300.571
300.569
300.568
300.569
300.571
300.572
300.573
300.573
300.572
300.569
300.566
300.561
300.56
300.562
300.565
300.568
300.57
300.571
300.572
300.572
300.572
300.571
300.571
300.571
300.571
300.571
300.571
300.57
300.569
300.566
300.562
300.557
300.555
300.557
300.561
300.564
300.566
300.568
300.568
300.569
300.569
300.568
300.568
300.569
300.569
300.568
300.568
300.566
300.564
300.562
300.557
300.552
300.549
300.552
300.556
300.559
300.562
300.563
300.564
300.565
300.565
300.565
300.565
300.565
300.565
300.564
300.563
300.562
300.56
300.557
300.552
300.547
300.543
300.546
300.55
300.554
300.556
300.558
300.56
300.56
300.561
300.56
300.56
300.56
300.56
300.56
300.558
300.556
300.554
300.551
300.546
300.541
300.534
300.538
300.541
300.545
300.547
300.55
300.552
300.553
300.554
300.553
300.553
300.554
300.553
300.552
300.55
300.548
300.545
300.541
300.538
300.533
)
;

boundaryField
{
    floor
    {
        type            fixedValue;
        value           nonuniform List<scalar> 
400
(
300
300
300
300
300
300
300
300
300
300
300
300
300
300
300
300
300
300
300
300
300
300
300
300
300
300
300
300
300
300
300
300
300
300
300
300
300
300
300
300
300
300
300
300
300
300
300
300
300
300
300
300
300
300
300
300
300
300
300
300
300
300
300
300
300
300
300
300
300
300
300
300
300
300
300
300
300
300
300
300
300
300
300
300
300
300
300
300
300
300
300
300
300
300
300
300
300
300
300
300
300
300
300
300
300
300
300
300
300
300
300
300
300
300
300
300
300
300
300
300
300
300
300
300
300
300
300
300
300
300
300
300
300
300
300
300
300
300
300
300
300
300
300
300
300
300
300
300
300
300
300
300
300
300
300
300
300
300
300
300
300
300
300
300
300
300
300
300
300
300
300
300
300
300
300
300
300
300
300
300
300
300
300
300
300
300
300
300
300
600
600
300
300
300
300
300
300
300
300
300
300
300
300
300
300
300
300
300
300
600
600
300
300
300
300
300
300
300
300
300
300
300
300
300
300
300
300
300
300
300
300
300
300
300
300
300
300
300
300
300
300
300
300
300
300
300
300
300
300
300
300
300
300
300
300
300
300
300
300
300
300
300
300
300
300
300
300
300
300
300
300
300
300
300
300
300
300
300
300
300
300
300
300
300
300
300
300
300
300
300
300
300
300
300
300
300
300
300
300
300
300
300
300
300
300
300
300
300
300
300
300
300
300
300
300
300
300
300
300
300
300
300
300
300
300
300
300
300
300
300
300
300
300
300
300
300
300
300
300
300
300
300
300
300
300
300
300
300
300
300
300
300
300
300
300
300
300
300
300
300
300
300
300
300
300
300
300
300
300
300
300
300
300
300
300
300
300
300
300
300
300
300
300
300
300
300
300
300
300
300
300
300
300
300
300
300
300
300
300
300
)
;
    }
    ceiling
    {
        type            lumpedMassWallTemperature;
        refValue        uniform 300.012;
        refGradient     uniform 0;
        valueFraction   uniform 1;
        value           uniform 300.012;
        kappaMethod     fluidThermo;
        kappa           none;
        alphaAni        none;
        alpha           none;
        Cp              4100;
        mass            1000;
    }
    fixedWalls
    {
        type            zeroGradient;
    }
}


// ************************************************************************* //
