/*--------------------------------*- C++ -*----------------------------------*\
| =========                 |                                                 |
| \\      /  F ield         | OpenFOAM: The Open Source CFD Toolbox           |
|  \\    /   O peration     | Version:  v2012                                 |
|   \\  /    A nd           | Website:  www.openfoam.com                      |
|    \\/     M anipulation  |                                                 |
\*---------------------------------------------------------------------------*/
FoamFile
{
    version     2.0;
    format      ascii;
    class       volScalarField;
    location    "1600";
    object      alphat;
}
// * * * * * * * * * * * * * * * * * * * * * * * * * * * * * * * * * * * * * //

dimensions      [1 -1 -1 0 0 0 0];


internalField   nonuniform List<scalar> 
4000
(
0.000292662
0.000243013
0.000181385
0.000155643
0.000149045
0.000143603
0.000135505
0.000132264
0.00013264
0.00013289
0.000131925
0.000129976
0.000128844
0.000130523
0.000138448
0.000147448
0.000157831
0.000181671
0.000259022
0.000325678
0.000407204
0.000388917
0.000353869
0.000311374
0.0002698
0.000183033
0.000169167
0.000164801
0.000167367
0.000169848
0.000168178
0.000162572
0.00015679
0.000155786
0.000199697
0.000277072
0.00031317
0.000346723
0.00037231
0.000401391
0.00043368
0.000418202
0.000387767
0.000349102
0.000308388
0.000264678
0.000207653
0.000169009
0.000175733
0.000182706
0.000183618
0.00017447
0.000165318
0.000214623
0.000263449
0.000307522
0.000343792
0.0003782
0.0004071
0.000427591
0.000447295
0.000437438
0.000409442
0.000369538
0.000325938
0.000285734
0.000250888
0.000216509
0.000180714
0.000189176
0.000196229
0.00017854
0.000202412
0.000238413
0.000273531
0.000311919
0.000353912
0.000395069
0.00042528
0.000440324
0.000456123
0.000453301
0.000434999
0.000408007
0.000377014
0.000348877
0.000322106
0.00029436
0.000271702
0.000259202
0.000274058
0.000288828
0.000304674
0.000326481
0.000348725
0.000372238
0.000397775
0.000423185
0.000442355
0.000448359
0.000463336
0.000468384
0.000463424
0.000453638
0.000442451
0.000430774
0.000418665
0.000405671
0.000392594
0.000382523
0.000393726
0.000404982
0.000415225
0.000424438
0.000432673
0.000440515
0.000448272
0.000455515
0.000459679
0.000454893
0.000470632
0.000484328
0.000491371
0.000494448
0.000495311
0.000493558
0.000489025
0.000481978
0.00047276
0.000462759
0.000468966
0.00047786
0.000485153
0.000489879
0.000492058
0.000491785
0.000489061
0.000484326
0.000476407
0.000461129
0.000478928
0.00050119
0.00051823
0.000530392
0.00053902
0.000543873
0.000544897
0.000541634
0.000534394
0.000523493
0.000526737
0.000534833
0.00054033
0.000541696
0.000538953
0.000532542
0.000522853
0.000509984
0.000492607
0.000467919
0.000489649
0.00052172
0.000547452
0.000566912
0.000581709
0.000591729
0.000597124
0.000597255
0.000591425
0.000578975
0.00058013
0.000588179
0.0005918
0.00058973
0.000582552
0.000571064
0.000555722
0.000536346
0.00051086
0.000476891
0.000504724
0.000546529
0.000580487
0.000605922
0.000625888
0.000641224
0.000651884
0.000657366
0.000656783
0.000647306
0.000644351
0.00064794
0.000646427
0.000639446
0.000627598
0.000611496
0.000591347
0.000566341
0.00053312
0.000489936
0.000243013
0.000219412
0.000194194
0.000180498
0.000190124
0.000187711
0.00016498
0.000157596
0.000155412
0.000154879
0.000152797
0.00014946
0.000148757
0.000156501
0.000173844
0.000180199
0.000186732
0.000204921
0.00025527
0.000289278
0.000388917
0.000501607
0.00046552
0.000429188
0.00041396
0.00037134
0.000367278
0.000398788
0.000457201
0.000504085
0.000508356
0.000463663
0.000398734
0.000372309
0.000395432
0.000448304
0.000465422
0.000492615
0.000508558
0.000389779
0.000418202
0.000553524
0.000555755
0.000491973
0.000442756
0.000411192
0.000378922
0.000385444
0.000444193
0.000538951
0.000568534
0.000492768
0.000385517
0.000380076
0.000416459
0.000454531
0.000492368
0.000540845
0.000550106
0.000423569
0.000437438
0.00058975
0.000608739
0.000552756
0.000472416
0.000418118
0.000380217
0.000359093
0.000387731
0.000505626
0.00053901
0.000416125
0.000345579
0.000365974
0.000406041
0.000450925
0.000512162
0.000577035
0.000579813
0.000439335
0.000453301
0.000615237
0.000642124
0.000594207
0.000505259
0.000438127
0.000389337
0.000350529
0.000331623
0.000357214
0.000371414
0.000335871
0.000334429
0.000372926
0.000420706
0.000475278
0.000556337
0.000625433
0.000614633
0.000450766
0.000468384
0.000641019
0.000679509
0.000656804
0.000589449
0.000500462
0.000440751
0.00039091
0.00036136
0.000358032
0.000371932
0.000373121
0.000390175
0.000430435
0.000482385
0.000553431
0.000633298
0.000672411
0.000641872
0.000460943
0.000484328
0.000662166
0.000709849
0.000722955
0.000709731
0.000651058
0.000557693
0.000497191
0.000457105
0.000440693
0.000458395
0.000479045
0.000512192
0.000567684
0.000638956
0.000701579
0.000718584
0.00070371
0.000657256
0.000471857
0.00050119
0.000677978
0.000731627
0.00077948
0.000832227
0.000859711
0.000853239
0.000805489
0.000750084
0.00071076
0.000744802
0.000789694
0.000832779
0.000859299
0.000864205
0.000837876
0.000779406
0.000719507
0.000660839
0.000485059
0.00052172
0.000671901
0.00074164
0.000797862
0.000843242
0.000864607
0.000869171
0.000850918
0.000809586
0.000756867
0.000776196
0.000824578
0.000856568
0.000862107
0.000845729
0.000813743
0.000768646
0.000715183
0.000652774
0.000502031
0.000546529
0.000591147
0.000628628
0.000658347
0.000683277
0.000703853
0.000719372
0.000728449
0.000729491
0.000719563
0.000713685
0.000716763
0.000712705
0.000701091
0.000683311
0.000661042
0.000635394
0.000605847
0.000568935
0.000523322
0.000181385
0.000194194
0.000190458
0.000195418
0.000214067
0.000206483
0.000184215
0.000172209
0.000167466
0.000165566
0.000162634
0.000158874
0.000159598
0.000171364
0.000192085
0.000195252
0.00019814
0.000202942
0.000221277
0.000235655
0.000353869
0.00046552
0.00047356
0.000484396
0.000485005
0.000446078
0.000435718
0.00046832
0.000527698
0.00058795
0.00060239
0.000542259
0.000462467
0.00042307
0.000476943
0.000532847
0.000531409
0.000531789
0.000517545
0.000374091
0.000387767
0.000555755
0.000568191
0.000531719
0.000506245
0.000493636
0.000474734
0.000476027
0.000531078
0.000630482
0.000674427
0.000563652
0.000474978
0.000474083
0.00050017
0.000531506
0.000557046
0.000588129
0.000568784
0.000407556
0.000409442
0.000608739
0.000656925
0.000605901
0.000542252
0.000499796
0.000474611
0.000469322
0.000508811
0.00059861
0.000636398
0.000523849
0.000453322
0.000461144
0.000494116
0.000536087
0.000591445
0.000645889
0.000616348
0.000425321
0.000434999
0.000642124
0.000697357
0.000660126
0.000575318
0.000509679
0.00046559
0.000437319
0.000438918
0.000519882
0.000553944
0.000447255
0.000417111
0.00044563
0.000490714
0.000549658
0.000635717
0.00070327
0.000665112
0.000442431
0.000463424
0.000679509
0.000742473
0.000715564
0.000627911
0.000538165
0.000472683
0.000420734
0.000386715
0.000393721
0.000406953
0.000385084
0.000397747
0.000443659
0.000502758
0.000583167
0.000692371
0.000755465
0.000704141
0.000460242
0.000491371
0.000709849
0.000784754
0.000779165
0.000712392
0.000625805
0.000543456
0.000479654
0.000433604
0.000420541
0.000432486
0.000436772
0.000463394
0.000514076
0.000579469
0.000662458
0.000754087
0.000792105
0.000728059
0.000479181
0.00051823
0.000731627
0.000831597
0.000878949
0.00087294
0.000832474
0.000783007
0.000721512
0.000657433
0.000613693
0.000634654
0.000673559
0.000713551
0.000749674
0.000782962
0.000817996
0.000845267
0.000821794
0.000737834
0.000499413
0.000547452
0.00074164
0.000911102
0.0010718
0.00118606
0.00123636
0.00124067
0.00118968
0.00109674
0.000992023
0.00102055
0.00112428
0.00119029
0.00120005
0.00117119
0.00111224
0.00101763
0.000876373
0.000725863
0.000524156
0.000580487
0.000628628
0.000668821
0.000701714
0.000730492
0.000755379
0.00077528
0.00078779
0.000790411
0.000779684
0.00077078
0.000773924
0.000767487
0.000751498
0.000728368
0.000701097
0.000671662
0.000639406
0.000600508
0.00055277
0.000155643
0.000180498
0.000195418
0.000218361
0.000226991
0.000212106
0.000193458
0.000181627
0.00017607
0.000173875
0.000170688
0.000166336
0.000167593
0.000178373
0.000200628
0.000208809
0.000204618
0.000199958
0.000194568
0.000181611
0.000311375
0.000429188
0.000484396
0.000516643
0.000514816
0.000481168
0.000481375
0.000515991
0.000575985
0.000641789
0.000659459
0.000584489
0.000491206
0.000457065
0.000503679
0.000575239
0.000570316
0.000538401
0.000491151
0.000353698
0.000349102
0.000491973
0.000531719
0.000537665
0.000541327
0.000544949
0.000532042
0.000538182
0.000597714
0.000696263
0.000737677
0.000616413
0.000529399
0.000529162
0.000546415
0.000567174
0.000573555
0.000572584
0.00053909
0.00037956
0.000369538
0.000552756
0.000605901
0.00059114
0.000564478
0.00054752
0.000541137
0.000545725
0.000581904
0.000672342
0.000704933
0.000592862
0.00052546
0.000523863
0.000544701
0.000573523
0.000609028
0.000639834
0.000595203
0.000397475
0.000408007
0.000594207
0.000660126
0.000644928
0.00059683
0.000555754
0.000528873
0.000516637
0.000538252
0.000626734
0.000649474
0.00054244
0.000497407
0.000512665
0.000546679
0.000593937
0.000658252
0.000704969
0.000656948
0.000424107
0.000453638
0.000656804
0.000715564
0.000702826
0.000643889
0.000580168
0.000529629
0.000490261
0.00046992
0.000498106
0.000515476
0.000466483
0.000464834
0.000502341
0.000554462
0.000624299
0.000713951
0.000766967
0.000716709
0.000454148
0.000494448
0.000722955
0.000779165
0.000774352
0.000722949
0.000654733
0.000591554
0.000538226
0.000498746
0.000493991
0.000499458
0.000486007
0.000504626
0.000548021
0.000604846
0.000681471
0.000774088
0.000821019
0.000762618
0.000482214
0.000530392
0.00077948
0.000878949
0.000925361
0.000910913
0.000867037
0.000818438
0.000762923
0.000699173
0.00065026
0.000660248
0.000694249
0.000729371
0.000759502
0.000792679
0.000841075
0.000897651
0.000890623
0.000787197
0.000509672
0.000566912
0.000797862
0.0010718
0.00133047
0.00138565
0.00141792
0.00143416
0.00140518
0.00131137
0.00118217
0.00119331
0.00131574
0.00137809
0.00136144
0.00130903
0.00126304
0.00123594
0.00103532
0.000780492
0.00054071
0.000605922
0.000658347
0.000701714
0.000738182
0.000771907
0.000802646
0.000828264
0.000845932
0.00085256
0.000845007
0.000830227
0.000830169
0.000819641
0.000798275
0.000769148
0.000736006
0.000702109
0.000666992
0.00062564
0.000574907
0.000149045
0.000190124
0.000214067
0.000226991
0.000224029
0.000209452
0.000195843
0.000186859
0.000183092
0.000182752
0.000179456
0.000173724
0.000175109
0.000184342
0.000200865
0.000214724
0.00021093
0.000200791
0.00018635
0.000159769
0.0002698
0.00041396
0.000485005
0.000514816
0.00050935
0.000500329
0.000514884
0.000553196
0.000620303
0.000694005
0.000706399
0.000602479
0.000511717
0.00048227
0.000498924
0.000569132
0.000591566
0.000547687
0.000469302
0.000320548
0.000308388
0.000442756
0.000506245
0.000541327
0.000566436
0.000571347
0.000563852
0.000581895
0.000652481
0.000756105
0.000782634
0.000647108
0.000559929
0.000558602
0.00057262
0.000578582
0.000573028
0.000544653
0.000483422
0.000342708
0.000325938
0.000472417
0.000542252
0.000564478
0.00057226
0.000579641
0.000585989
0.000593539
0.000636582
0.00073599
0.000755083
0.000634261
0.000570768
0.000562584
0.000569378
0.000578374
0.000584888
0.000576168
0.000518956
0.000358876
0.000377014
0.000505259
0.000575318
0.00059683
0.000590303
0.00057941
0.000573311
0.000578611
0.000617102
0.000710327
0.000722731
0.000606193
0.000553228
0.000555795
0.000573587
0.000596901
0.00062326
0.000631661
0.000587087
0.000401986
0.000442451
0.000589449
0.000627911
0.000643889
0.000628336
0.000600188
0.000573393
0.000554205
0.00055965
0.000628017
0.000646909
0.000555203
0.000530717
0.000553031
0.000589184
0.000633469
0.000682298
0.000706789
0.000678292
0.000445497
0.000495311
0.000709731
0.000712392
0.000722949
0.000709555
0.000676108
0.000637606
0.000602938
0.000585714
0.00061641
0.000619813
0.00056648
0.000566287
0.000598618
0.000643572
0.000698887
0.000757994
0.000788404
0.000769742
0.00048251
0.00053902
0.000832227
0.00087294
0.000910913
0.000909981
0.000881264
0.000845578
0.000801021
0.000744045
0.000700883
0.000703431
0.000724131
0.000752977
0.000778162
0.000810545
0.000858166
0.000908119
0.00091243
0.000826762
0.000516463
0.000581709
0.000843242
0.00118606
0.00138565
0.00149757
0.00158065
0.00162844
0.00160226
0.00147238
0.00127915
0.00127513
0.0014581
0.00155039
0.00152523
0.00144377
0.00136292
0.00128942
0.00113897
0.000818668
0.000552789
0.000625888
0.000683277
0.000730492
0.000771907
0.000813067
0.000850533
0.000882104
0.000905195
0.000916814
0.000914072
0.000892363
0.000887791
0.000872595
0.000845925
0.000811082
0.000771851
0.000731148
0.000691476
0.000646776
0.000592139
0.000143603
0.000187711
0.000206483
0.000212106
0.000209452
0.000201964
0.000194656
0.000189952
0.000189432
0.000192362
0.000188709
0.000181382
0.000181703
0.000188155
0.000198167
0.000209195
0.000213198
0.000201231
0.000182325
0.000151138
0.000183033
0.00037134
0.000446078
0.000481168
0.000500329
0.000517696
0.000542393
0.000584348
0.000653392
0.000722935
0.000725972
0.000615312
0.000530586
0.00050338
0.000501031
0.000523214
0.000555973
0.000537777
0.000452843
0.000280646
0.000264678
0.000411192
0.000493636
0.000544949
0.000571347
0.000577191
0.000584043
0.000615016
0.000688732
0.000768706
0.000781208
0.000659725
0.000577436
0.000570044
0.000581927
0.000578486
0.000558888
0.000518798
0.000441977
0.000302983
0.000285734
0.000418118
0.000499796
0.00054752
0.000579641
0.00060135
0.000610407
0.000621824
0.000671643
0.000740993
0.000751955
0.000650729
0.000594798
0.000585459
0.000580797
0.000571782
0.000553898
0.000517838
0.000445866
0.00031826
0.000348877
0.000438127
0.000509679
0.000555754
0.00057941
0.000592869
0.000604756
0.000623327
0.000668006
0.000726471
0.000734569
0.000640204
0.000586795
0.000578914
0.000580524
0.00057926
0.000569712
0.000541085
0.000486965
0.000379327
0.000430774
0.000500461
0.000538165
0.000580168
0.000600188
0.00060307
0.000599996
0.000602637
0.000632478
0.000696017
0.0007058
0.000614285
0.000574287
0.000580216
0.00059631
0.000609872
0.00061408
0.000600307
0.000583801
0.000435425
0.000493558
0.000651058
0.000625805
0.000654733
0.000676108
0.000674968
0.000660612
0.000647105
0.000657819
0.000714579
0.000710859
0.000627661
0.000608251
0.000627901
0.000656636
0.000682863
0.000698514
0.000701317
0.000737275
0.000480251
0.000543873
0.000859711
0.000832474
0.000867037
0.000881264
0.000874402
0.000856143
0.000820218
0.000766142
0.00073066
0.000727122
0.000736399
0.000764731
0.000785745
0.000809468
0.000842551
0.000870752
0.000866266
0.00083992
0.000519501
0.000591729
0.000864607
0.00123636
0.00141792
0.00158065
0.0017062
0.00176603
0.0017081
0.00149766
0.00121006
0.00120809
0.00149124
0.00165465
0.00164572
0.00154526
0.00142532
0.00130505
0.00117257
0.000826073
0.000560024
0.000641224
0.000703854
0.000755379
0.000802646
0.000850533
0.000894379
0.000932281
0.00096192
0.000980995
0.000987575
0.000957876
0.000944974
0.000923252
0.000890523
0.000849705
0.000804391
0.000757278
0.00071227
0.000663897
0.00060508
0.000135505
0.00016498
0.000184215
0.000193458
0.000195843
0.000194656
0.000192968
0.000192858
0.000196534
0.000204613
0.000200764
0.000190195
0.000187778
0.000190037
0.000193762
0.000197263
0.000199572
0.000196293
0.000179496
0.000143381
0.000169167
0.000367278
0.000435718
0.000481375
0.000514884
0.000542393
0.000571702
0.000613301
0.000669316
0.000708209
0.000711016
0.000627112
0.000554317
0.000524608
0.000511933
0.000499094
0.000484376
0.000461816
0.000389009
0.000205306
0.000207653
0.000378922
0.000474734
0.000532042
0.000563852
0.000584043
0.000606111
0.000642529
0.000682927
0.000657722
0.000679903
0.00065136
0.000592771
0.000577216
0.000579247
0.000573514
0.000544484
0.000487768
0.000401377
0.000261643
0.000250888
0.000380217
0.000474611
0.000541137
0.000585989
0.000610407
0.000622008
0.000639294
0.000654803
0.000578292
0.000614363
0.000637591
0.000605395
0.000597702
0.000588299
0.00056589
0.000529662
0.000474481
0.000394023
0.00028391
0.000322106
0.000389337
0.00046559
0.000528873
0.000573311
0.000604756
0.000628595
0.000650909
0.000657826
0.000553746
0.000590015
0.000636211
0.000605536
0.000591511
0.000580208
0.000559935
0.000525615
0.000474584
0.000419167
0.000358915
0.000418665
0.000440751
0.000472683
0.000529629
0.000573393
0.000599996
0.000617769
0.000637873
0.000649492
0.000563693
0.000588651
0.000627258
0.000598898
0.000591032
0.000587846
0.00057505
0.000546119
0.000505037
0.00048916
0.000424742
0.000489025
0.000557693
0.000543456
0.000591554
0.000637606
0.000660612
0.000667203
0.000674963
0.000693463
0.000663889
0.000667522
0.000652883
0.00062861
0.000634646
0.000645349
0.000643741
0.000622962
0.000600511
0.000659258
0.00047555
0.000544897
0.000853239
0.000783007
0.000818438
0.000845578
0.000856143
0.000847118
0.00081161
0.000759554
0.000722163
0.000710929
0.000720441
0.000753632
0.000775741
0.000789742
0.000803001
0.000806371
0.000786541
0.000825841
0.000519081
0.000597124
0.000869171
0.00124067
0.00143416
0.00162844
0.00176603
0.00180561
0.00167015
0.00136525
0.00109802
0.00108274
0.00138133
0.00165809
0.00169815
0.00159944
0.0014527
0.00129209
0.00113297
0.000811881
0.000563096
0.000651884
0.000719372
0.000775281
0.000828264
0.000882104
0.000932281
0.000977601
0.00101646
0.0010493
0.00107642
0.00103587
0.00100412
0.000971126
0.000930514
0.000883097
0.000831767
0.000778848
0.000728461
0.000676519
0.000613864
0.000132264
0.000157596
0.000172209
0.000181627
0.000186859
0.000189952
0.000192858
0.000197317
0.000205763
0.000219344
0.000215806
0.000201581
0.000194484
0.000190986
0.000188648
0.00018586
0.000181448
0.000174283
0.000160004
0.000129349
0.000164801
0.000398788
0.00046832
0.000515991
0.000553196
0.000584348
0.000613301
0.000638238
0.000631954
0.000530857
0.000550252
0.000619746
0.00059201
0.0005561
0.000530514
0.000504408
0.000470137
0.00042163
0.000344006
0.000159708
0.000169009
0.000385444
0.000476027
0.000538182
0.000581895
0.000615016
0.000642529
0.000647805
0.000554377
0.000402149
0.000404434
0.000566779
0.000612808
0.000595485
0.000580654
0.000563829
0.000532005
0.000470866
0.000373669
0.000223974
0.000216509
0.000359093
0.000469322
0.000545725
0.000593539
0.000621824
0.000639294
0.000626399
0.000494537
0.000430687
0.00039126
0.000519919
0.000609502
0.000608117
0.000595209
0.000565796
0.000516133
0.000445685
0.000354906
0.000251571
0.00029436
0.000350529
0.000437319
0.000516637
0.000578611
0.000623327
0.000650909
0.000636283
0.000495164
0.000541565
0.000449591
0.00050333
0.000610859
0.00060453
0.000582238
0.00054652
0.000493852
0.000426506
0.000368194
0.0003404
0.00040567
0.00039091
0.000420734
0.000490261
0.000554205
0.000602637
0.000637873
0.000634761
0.000511645
0.000656625
0.000526096
0.000492936
0.000606002
0.000599579
0.000578204
0.000543145
0.000491063
0.000435139
0.000426569
0.000413909
0.000481978
0.000497191
0.000479654
0.000538226
0.000602938
0.000647105
0.000674963
0.00068464
0.000605011
0.000764714
0.000624696
0.000561148
0.000635954
0.00063432
0.000625483
0.000599373
0.00055164
0.000510027
0.000562361
0.000468771
0.000541634
0.000805489
0.000721512
0.000762923
0.000801021
0.000820218
0.00081161
0.000777372
0.000735947
0.000847325
0.000728911
0.000676594
0.000718216
0.000745304
0.00075435
0.000750394
0.000733153
0.000700684
0.000796268
0.000515334
0.000597255
0.000850918
0.00118968
0.00140518
0.00160226
0.0017081
0.00167015
0.00144571
0.00123937
0.00131341
0.00120046
0.00118263
0.00148158
0.00162994
0.00157893
0.00143465
0.00125192
0.00106213
0.000781973
0.000561978
0.000657366
0.000728449
0.00078779
0.000845932
0.000905195
0.00096192
0.00101646
0.00107075
0.00113023
0.00119402
0.00113894
0.00107038
0.00101521
0.000963199
0.000908565
0.000851587
0.000793636
0.000738676
0.000683871
0.000618296
0.00013264
0.000155412
0.000167466
0.00017607
0.000183092
0.000189432
0.000196534
0.000205763
0.000217352
0.000233151
0.000227927
0.000215344
0.000204547
0.000193701
0.000184998
0.000177388
0.000169639
0.000160041
0.000145489
0.00012157
0.000167367
0.000457201
0.000527698
0.000575985
0.000620302
0.000653392
0.000669316
0.000631954
0.00048098
0.000555152
0.000560322
0.000498932
0.00063194
0.000615849
0.000572392
0.000529538
0.000484462
0.000427307
0.000342155
0.000152839
0.000175733
0.000444193
0.000531078
0.000597714
0.000652481
0.000688732
0.000682927
0.000554377
0.000399928
0.000803821
0.000736634
0.00038004
0.000585958
0.000641327
0.000611327
0.000572895
0.000528146
0.000465594
0.000363758
0.000175544
0.000180714
0.000387731
0.000508811
0.000581904
0.000636582
0.000671642
0.000654803
0.000494537
0.000496038
0.00115252
0.00100289
0.000401449
0.000538369
0.000633032
0.000614615
0.000576157
0.000517693
0.000434383
0.000329379
0.0002177
0.000271702
0.000331623
0.000438918
0.000538252
0.000617102
0.000668006
0.000657826
0.000495164
0.000673725
0.00153962
0.00130494
0.000473442
0.00051577
0.000625472
0.000599293
0.000546647
0.00047581
0.000392247
0.000330262
0.000325606
0.000392594
0.00036136
0.000386715
0.00046992
0.00055965
0.000632478
0.000649492
0.000511645
0.000836944
0.00188368
0.00158115
0.00055199
0.000500331
0.000616083
0.000584003
0.000524322
0.000450205
0.000384913
0.000386026
0.00040376
0.00047276
0.000457105
0.000433604
0.000498746
0.000585714
0.000657819
0.000693463
0.000605011
0.000970915
0.00210681
0.00175829
0.000651311
0.000558376
0.000644541
0.000617697
0.000565115
0.000494803
0.000445676
0.000499346
0.000460528
0.000534394
0.000750084
0.000657433
0.000699173
0.000744045
0.000766142
0.000759554
0.000735947
0.00106522
0.00217186
0.00182565
0.000760648
0.00066391
0.000699874
0.000707864
0.000692425
0.000660416
0.000624455
0.000753747
0.000508097
0.000591425
0.000809586
0.00109674
0.00131137
0.00147238
0.00149766
0.00136525
0.00123937
0.00148479
0.00202255
0.00179377
0.00122755
0.00118139
0.00138762
0.00144347
0.0013489
0.00117606
0.000975787
0.000739743
0.000556011
0.000656783
0.000729491
0.000790411
0.00085256
0.000916814
0.000980995
0.0010493
0.00113023
0.00122979
0.00132731
0.0012647
0.0011493
0.00105691
0.000985644
0.000922237
0.000860144
0.0007983
0.000739935
0.000683904
0.00061707
0.00013289
0.000154879
0.000165566
0.000173875
0.000182752
0.000192362
0.000204613
0.000219344
0.000233151
0.000242349
0.00023662
0.000227692
0.000215074
0.000199383
0.000185456
0.000174433
0.000164107
0.000152619
0.000138426
0.000116937
0.000169848
0.000504085
0.00058795
0.000641788
0.000694005
0.000722935
0.000708209
0.000530857
0.000555152
0.000355824
0.000368081
0.000574233
0.000551378
0.000666272
0.000627532
0.000576351
0.000520287
0.000446479
0.000357508
0.000146194
0.000182706
0.000538951
0.000630482
0.000696263
0.000756105
0.000768706
0.000657722
0.000402149
0.000803821
0.000530033
0.000543119
0.000716202
0.00040745
0.000665235
0.000677316
0.000628557
0.000564069
0.000480573
0.000384643
0.000162546
0.000189176
0.000505626
0.000598609
0.000672342
0.00073599
0.000740993
0.000578292
0.000430687
0.00115252
0.000717916
0.000729073
0.000937474
0.000374856
0.000627422
0.000670654
0.000622648
0.000551366
0.000456598
0.000329011
0.000202455
0.000259202
0.000357214
0.000519882
0.000626734
0.000710327
0.000726471
0.000553746
0.000541565
0.00153962
0.000923033
0.000934339
0.00118386
0.000400421
0.000599654
0.000648755
0.000580569
0.000483872
0.000378556
0.000314401
0.000321843
0.000382523
0.000358032
0.000393721
0.000498106
0.000628017
0.000696017
0.000563693
0.000656625
0.00188368
0.00113997
0.00115608
0.0014112
0.000439458
0.000582236
0.000624476
0.000538492
0.000431923
0.000359878
0.000372295
0.000397698
0.000462758
0.000440693
0.000420541
0.000493991
0.00061641
0.000714579
0.000663889
0.000764714
0.00210681
0.00134575
0.00137525
0.0015763
0.000524243
0.000632838
0.000648587
0.000563902
0.000464195
0.00041548
0.000476844
0.000452434
0.000523493
0.00071076
0.000613693
0.00065026
0.000700883
0.00073066
0.000722163
0.000847325
0.00217186
0.00150291
0.00155177
0.00161412
0.000628971
0.000666528
0.0006781
0.000650762
0.000606647
0.000578014
0.000723979
0.000498035
0.000578975
0.000756867
0.000992023
0.00118217
0.00127915
0.00121006
0.00109802
0.00131341
0.00202255
0.00162427
0.00166571
0.00162478
0.00108463
0.001061
0.00122021
0.00121636
0.00108336
0.000895095
0.000691754
0.000544175
0.000647306
0.000719563
0.000779684
0.000845007
0.000914072
0.000987575
0.00107642
0.00119402
0.00132731
0.00128356
0.00129614
0.00122682
0.00109668
0.000995678
0.000920215
0.000853514
0.000789153
0.000728834
0.000673652
0.000607328
0.000131925
0.000152797
0.000162634
0.000170688
0.000179456
0.000188709
0.000200764
0.000215806
0.000227927
0.00023662
0.000230503
0.000221549
0.000210439
0.000197384
0.000185862
0.000175813
0.000165416
0.000152789
0.000136638
0.000115031
0.000168178
0.000508356
0.00060239
0.000659459
0.000706399
0.000725972
0.000711016
0.000550252
0.000560322
0.000368081
0.000364586
0.000533133
0.00054257
0.000613903
0.000581192
0.000545645
0.000506573
0.00044796
0.000364332
0.000143847
0.000183618
0.000568534
0.000674427
0.000737677
0.000782634
0.000781208
0.000679903
0.000404434
0.000736634
0.000543119
0.000531131
0.000600365
0.000432324
0.000642884
0.000645135
0.00061388
0.000567821
0.000491683
0.000396346
0.000162979
0.000196229
0.00053901
0.000636398
0.000704933
0.000755083
0.000751955
0.000614363
0.00039126
0.00100289
0.000729073
0.000714478
0.000754154
0.00039338
0.000642033
0.000667609
0.000635753
0.000579282
0.000490397
0.000345874
0.000220534
0.000274058
0.000371414
0.000553944
0.000649474
0.000722732
0.000734569
0.000590015
0.000449592
0.00130494
0.000934339
0.00092553
0.000946523
0.000396448
0.000635272
0.000665572
0.000602765
0.000497312
0.000381018
0.00032441
0.00033547
0.000393726
0.000371932
0.000406953
0.000515476
0.000646909
0.0007058
0.000588651
0.000526096
0.00158115
0.00115608
0.00115944
0.00113498
0.000420188
0.000623583
0.00064515
0.000554911
0.00043145
0.000360755
0.00038505
0.000405895
0.000468966
0.000458395
0.000432486
0.000499458
0.000619813
0.000710859
0.000667522
0.000624697
0.00175829
0.00137525
0.00139592
0.00128799
0.000519586
0.00067526
0.00067125
0.000578153
0.000464825
0.000421515
0.000493948
0.000458448
0.000526737
0.000744802
0.000634654
0.000660249
0.000703431
0.000727122
0.00071093
0.000728911
0.00182565
0.00155177
0.00160016
0.00134055
0.000638212
0.000694022
0.000699189
0.000663775
0.000611226
0.000586478
0.000733656
0.000503215
0.00058013
0.000776196
0.00102055
0.00119331
0.00127513
0.00120809
0.00108274
0.00120046
0.00179377
0.00166571
0.0017049
0.00144605
0.0010449
0.00106467
0.00121165
0.00122311
0.00110731
0.000924808
0.000708115
0.000549192
0.000644351
0.000713685
0.00077078
0.000830227
0.000892363
0.000957876
0.00103587
0.00113894
0.0012647
0.00129614
0.00130889
0.00119172
0.00106902
0.000977082
0.000907211
0.000845583
0.000786235
0.000730055
0.000676174
0.000610927
0.000129976
0.00014946
0.000158874
0.000166336
0.000173724
0.000181382
0.000190195
0.000201581
0.000215344
0.000227692
0.000221549
0.000212839
0.000206041
0.000198974
0.000191931
0.000184084
0.000174519
0.000161466
0.000140965
0.000115402
0.000162572
0.000463663
0.000542259
0.000584489
0.000602479
0.000615312
0.000627112
0.000619746
0.000498932
0.000574233
0.000533133
0.000482232
0.000551835
0.00053049
0.000502231
0.000474548
0.000442517
0.000399001
0.000322428
0.00014337
0.00017447
0.000492768
0.000563652
0.000616414
0.000647108
0.000659725
0.00065136
0.000566779
0.00038004
0.000716202
0.000600365
0.000386151
0.000562895
0.00057711
0.000559969
0.00053781
0.000504707
0.000449819
0.000354672
0.000165615
0.00017854
0.000416125
0.000523849
0.000592862
0.000634261
0.000650729
0.000637591
0.000519919
0.000401449
0.000937474
0.000754154
0.000371009
0.000560584
0.000601749
0.000590615
0.00056462
0.000516005
0.000433968
0.000319239
0.000242823
0.000288828
0.000335871
0.000447255
0.00054244
0.000606193
0.000640204
0.000636211
0.00050333
0.000473442
0.00118386
0.000946523
0.000392278
0.000555687
0.000614163
0.000590729
0.000540076
0.000463139
0.000374254
0.000331634
0.000349448
0.000404982
0.000373121
0.000385084
0.000466483
0.000555203
0.000614286
0.000627258
0.000492936
0.00055199
0.0014112
0.00113498
0.000427422
0.000543976
0.000613447
0.000579975
0.000514941
0.000430184
0.000371812
0.000403762
0.000416913
0.00047786
0.000479045
0.000436772
0.000486007
0.00056648
0.000627661
0.000652883
0.000561148
0.000651311
0.0015763
0.001288
0.000529966
0.00060109
0.000651073
0.000621789
0.000562904
0.000484703
0.000452239
0.000551389
0.000468479
0.000534833
0.000789694
0.000673559
0.00069425
0.000724131
0.000736399
0.000720441
0.000676594
0.000760648
0.00161412
0.00134055
0.000665579
0.000682819
0.000719443
0.000729285
0.000708989
0.000670815
0.000639944
0.000757068
0.000513297
0.000588179
0.000824579
0.00112428
0.00131575
0.0014581
0.00149124
0.00138133
0.00118263
0.00122755
0.00162478
0.00144605
0.00109793
0.00117732
0.00137618
0.00144777
0.00138623
0.00123553
0.00103439
0.000762325
0.000560081
0.000647941
0.000716763
0.000773924
0.000830169
0.000887791
0.000944974
0.00100412
0.00107038
0.0011493
0.00122682
0.00119172
0.00109948
0.00102268
0.000959825
0.000903022
0.000847546
0.000791981
0.000738246
0.000683707
0.000618164
0.000128844
0.000148757
0.000159598
0.000167593
0.000175109
0.000181703
0.000187778
0.000194484
0.000204547
0.000215074
0.000210439
0.000206041
0.000205893
0.000205751
0.000203995
0.000199752
0.00019225
0.000179362
0.000157249
0.000120621
0.00015679
0.000398734
0.000462467
0.000491206
0.000511717
0.000530586
0.000554317
0.00059201
0.00063194
0.000551378
0.00054257
0.000551835
0.000517421
0.000492551
0.000472506
0.000450609
0.000422975
0.000381974
0.000313065
0.000150412
0.000165317
0.000385517
0.000474978
0.000529399
0.000559929
0.000577436
0.000592771
0.000612808
0.000585958
0.00040745
0.000432324
0.000562895
0.000559027
0.000545018
0.000536634
0.000524237
0.000496529
0.000442061
0.000351094
0.000214998
0.000202412
0.000345579
0.000453322
0.00052546
0.000570768
0.000594798
0.000605395
0.000609502
0.000538369
0.000374856
0.00039338
0.000560584
0.00058171
0.000574267
0.000563905
0.00054023
0.000495871
0.000426562
0.000339499
0.000270067
0.000304674
0.000334429
0.000417111
0.000497407
0.000553228
0.000586795
0.000605536
0.000610859
0.00051577
0.000400421
0.000396448
0.000555687
0.000595787
0.000584298
0.000565135
0.00053065
0.000474604
0.000404244
0.000363715
0.000363361
0.000415225
0.000390174
0.000397747
0.000464834
0.000530718
0.000574287
0.000598898
0.000606002
0.000500331
0.000439458
0.000420188
0.000543976
0.000598382
0.000587245
0.000566364
0.000526819
0.000467019
0.000415505
0.000439586
0.000427584
0.000485153
0.000512192
0.000463394
0.000504626
0.000566287
0.000608251
0.00062861
0.000635954
0.000558376
0.000524243
0.000519586
0.00060109
0.000635221
0.00062946
0.000617797
0.000585003
0.000531387
0.000506104
0.000620121
0.000477448
0.00054033
0.000832779
0.000713551
0.000729371
0.000752977
0.000764731
0.000753632
0.000718216
0.00066391
0.000628971
0.000638212
0.000682819
0.000725454
0.00075445
0.000762485
0.000751106
0.00072847
0.000702942
0.000786535
0.000521275
0.0005918
0.000856568
0.00119029
0.00137809
0.00155039
0.00165465
0.00165809
0.00148158
0.00118139
0.00108463
0.0010449
0.00117732
0.00147903
0.00162843
0.00160738
0.0014882
0.00131535
0.00111886
0.000806829
0.000567157
0.000646427
0.000712705
0.000767487
0.000819641
0.000872595
0.000923252
0.000971126
0.00101521
0.00105691
0.00109668
0.00106902
0.00102268
0.000979729
0.000935895
0.000888884
0.00083915
0.000787624
0.000737227
0.00068423
0.000620178
0.000130523
0.000156501
0.000171364
0.000178373
0.000184342
0.000188155
0.000190037
0.000190986
0.000193701
0.000199383
0.000197384
0.000198974
0.00020575
0.000212654
0.000217372
0.000217936
0.000212812
0.000199597
0.000176601
0.000136588
0.000155786
0.000372309
0.00042307
0.000457065
0.00048227
0.00050338
0.000524608
0.0005561
0.000615849
0.000666272
0.000613903
0.00053049
0.000492551
0.000480414
0.000476551
0.000477487
0.000476196
0.000447694
0.000371394
0.000222008
0.000214623
0.000380076
0.000474083
0.000529162
0.000558602
0.000570044
0.000577216
0.000595485
0.000641327
0.000665235
0.000642884
0.00057711
0.000545018
0.000542665
0.000545775
0.000539166
0.000513373
0.000463788
0.0003816
0.000256255
0.000238413
0.000365974
0.000461144
0.000523863
0.000562584
0.000585459
0.000597702
0.000608117
0.000633032
0.000627422
0.000642033
0.000601749
0.000574267
0.000567852
0.000559645
0.000542927
0.000511125
0.000456297
0.000380309
0.000295336
0.000326481
0.000372926
0.00044563
0.000512665
0.000555795
0.000578914
0.000591511
0.00060453
0.000625472
0.000599654
0.000635272
0.000614163
0.000584298
0.000574927
0.000566436
0.000547516
0.000509415
0.000453319
0.000412384
0.000377245
0.000424438
0.000430435
0.000443659
0.000502341
0.000553031
0.000580216
0.000591032
0.000599579
0.000616083
0.000582236
0.000623583
0.000613447
0.000587245
0.000584287
0.000580884
0.000562356
0.000522307
0.000480025
0.000496283
0.000436911
0.000489879
0.000567684
0.000514076
0.000548021
0.000598618
0.000627901
0.000634646
0.00063432
0.000644541
0.000632838
0.00067526
0.000651073
0.00062946
0.000635263
0.000640034
0.000625943
0.000590368
0.000574441
0.000688459
0.000483812
0.000541696
0.000859299
0.000749674
0.000759502
0.000778162
0.000785745
0.000775741
0.000745304
0.000699874
0.000666528
0.000694022
0.000719443
0.00075445
0.000776746
0.000786156
0.00078601
0.000775918
0.000758674
0.000809857
0.000525203
0.00058973
0.000862107
0.00120005
0.00136144
0.00152523
0.00164572
0.00169815
0.00162994
0.00138762
0.001061
0.00106467
0.00137618
0.00162843
0.00168682
0.00161131
0.00147767
0.00131716
0.00114355
0.000824538
0.000568397
0.000639446
0.000701091
0.000751498
0.000798276
0.000845925
0.000890523
0.000930514
0.000963199
0.000985644
0.000995678
0.000977082
0.000959825
0.000935895
0.000903183
0.000863316
0.000819012
0.000772222
0.000726301
0.000676839
0.000616371
0.000138448
0.000173844
0.000192085
0.000200628
0.000200865
0.000198167
0.000193762
0.000188648
0.000184998
0.000185456
0.000185862
0.000191931
0.000203995
0.000217372
0.000227991
0.000229268
0.000219842
0.000204075
0.000181357
0.000143343
0.000199697
0.000395432
0.000476943
0.000503679
0.000498924
0.000501031
0.000511933
0.000530514
0.000572392
0.000627532
0.000581192
0.000502231
0.000472506
0.000476551
0.000509401
0.000552568
0.000562241
0.000525599
0.000442793
0.000288316
0.000263449
0.000416459
0.00050017
0.000546415
0.00057262
0.000581927
0.000579247
0.000580654
0.000611327
0.000677316
0.000645136
0.000559969
0.000536634
0.000545775
0.000555291
0.000555278
0.000541538
0.000502257
0.000424959
0.000294684
0.000273531
0.000406041
0.000494116
0.000544701
0.000569378
0.000580797
0.000588299
0.000595209
0.000614615
0.000670653
0.000667609
0.000590615
0.000563905
0.000559645
0.000559099
0.000557063
0.000542439
0.00050077
0.000427141
0.000322193
0.000348725
0.000420706
0.000490714
0.000546679
0.000573587
0.000580524
0.000580208
0.000582238
0.000599293
0.000648755
0.000665572
0.000590729
0.000565135
0.000566436
0.000572282
0.000573801
0.000558041
0.000515082
0.00046722
0.000391363
0.000432673
0.000482385
0.000502758
0.000554462
0.000589184
0.00059631
0.000587846
0.000578204
0.000584003
0.000624476
0.00064515
0.000579975
0.000566364
0.000580884
0.000598276
0.000606369
0.000592953
0.000566246
0.000579132
0.000444773
0.000492058
0.000638956
0.000579469
0.000604846
0.000643572
0.000656636
0.000645349
0.000625483
0.000617697
0.000648587
0.00067125
0.000621789
0.000617797
0.000640034
0.000663664
0.000674031
0.000661932
0.000654731
0.000735712
0.000487199
0.000538953
0.000864205
0.000782962
0.000792679
0.000810544
0.000809468
0.000789742
0.00075435
0.000707864
0.0006781
0.000699189
0.000729286
0.000762485
0.000786156
0.000807167
0.000824108
0.000825437
0.000809293
0.00081924
0.000524913
0.000582552
0.000845729
0.00117119
0.00130903
0.00144377
0.00154525
0.00159944
0.00157893
0.00144347
0.00122021
0.00121165
0.00144777
0.00160738
0.00161131
0.00152664
0.00141366
0.00128607
0.00113068
0.000820282
0.000564286
0.000627598
0.000683311
0.000728368
0.000769148
0.000811082
0.000849705
0.000883097
0.000908565
0.000922237
0.000920215
0.000907211
0.000903022
0.000888884
0.000863316
0.000829336
0.000790437
0.000748913
0.000708158
0.000663073
0.00060743
0.000147448
0.000180199
0.000195252
0.000208809
0.000214724
0.000209195
0.000197263
0.00018586
0.000177388
0.000174433
0.000175813
0.000184084
0.000199752
0.000217936
0.000229268
0.000224679
0.000213858
0.000206013
0.000196623
0.000167933
0.000277072
0.000448304
0.000532847
0.000575239
0.000569132
0.000523214
0.000499094
0.000504408
0.000529538
0.000576351
0.000545645
0.000474548
0.000450609
0.000477487
0.000552568
0.000596643
0.00058612
0.000542634
0.000467217
0.000322686
0.000307522
0.000454531
0.000531506
0.000567174
0.000578582
0.000578486
0.000573514
0.000563829
0.000572895
0.000628557
0.00061388
0.00053781
0.000524237
0.000539166
0.000555278
0.000568599
0.000564331
0.000537468
0.000468125
0.000332751
0.000311919
0.000450925
0.000536087
0.000573522
0.000578374
0.000571782
0.00056589
0.000565796
0.000576156
0.000622647
0.000635753
0.00056462
0.00054023
0.000542927
0.000557063
0.000575791
0.000585717
0.000562964
0.000491234
0.000354891
0.000372238
0.000475278
0.000549658
0.000593937
0.000596901
0.00057926
0.000559935
0.00054652
0.000546647
0.000580569
0.000602765
0.000540075
0.00053065
0.000547516
0.000573801
0.000606127
0.000626716
0.000607622
0.000553733
0.000406824
0.000440515
0.000553431
0.000583167
0.000624299
0.000633469
0.000609872
0.00057505
0.000543145
0.000524322
0.000538492
0.000554911
0.000514941
0.000526819
0.000562356
0.000606369
0.000653088
0.000681156
0.000673767
0.000652146
0.000451232
0.000491785
0.00070158
0.000662458
0.000681471
0.000698887
0.000682863
0.000643741
0.000599374
0.000565115
0.000563902
0.000578153
0.000562903
0.000585003
0.000625943
0.000674031
0.000721224
0.000746284
0.000746744
0.000756802
0.000487716
0.000532542
0.000837876
0.000817996
0.000841075
0.000858166
0.000842551
0.000803001
0.000750394
0.000692425
0.000650762
0.000663775
0.000708989
0.000751106
0.00078601
0.000824108
0.000863444
0.000880701
0.000856718
0.000807189
0.000520729
0.000571064
0.000813743
0.00111224
0.00126304
0.00136292
0.00142532
0.0014527
0.00143465
0.0013489
0.00121636
0.00122311
0.00138623
0.0014882
0.00147767
0.00141366
0.00134114
0.00125627
0.00109263
0.000801066
0.000555722
0.000611496
0.000661042
0.000701097
0.000736006
0.000771851
0.000804392
0.000831767
0.000851587
0.000860144
0.000853514
0.000845583
0.000847546
0.00083915
0.000819012
0.000790437
0.00075704
0.00072125
0.000685591
0.000644617
0.000594005
0.000157831
0.000186732
0.00019814
0.000204618
0.00021093
0.000213198
0.000199572
0.000181448
0.000169639
0.000164107
0.000165416
0.000174519
0.00019225
0.000212812
0.000219842
0.000213858
0.000214705
0.000227421
0.000240955
0.000241447
0.00031317
0.000465422
0.000531409
0.000570316
0.000591566
0.000555973
0.000484376
0.000470137
0.000484462
0.000520286
0.000506573
0.000442517
0.000422975
0.000476196
0.000562241
0.00058612
0.000572046
0.000553918
0.00050612
0.000352
0.000343792
0.000492368
0.000557046
0.000573555
0.000573028
0.000558888
0.000544484
0.000532005
0.000528146
0.000564069
0.000567821
0.000504707
0.000496529
0.000513373
0.000541538
0.000564331
0.000579694
0.000582502
0.000528673
0.00036832
0.000353912
0.000512162
0.000591445
0.000609028
0.000584888
0.000553898
0.000529662
0.000516133
0.000517693
0.000551366
0.000579282
0.000516005
0.000495871
0.000511125
0.000542439
0.000585717
0.000630927
0.000638989
0.000571943
0.000389634
0.000397775
0.000556337
0.000635717
0.000658252
0.00062326
0.000569712
0.000525615
0.000493852
0.00047581
0.000483872
0.000497312
0.000463139
0.000474604
0.000509415
0.000558041
0.000626716
0.000692815
0.000702184
0.000634654
0.00042319
0.000448272
0.000633298
0.000692371
0.000713951
0.000682298
0.00061408
0.000546119
0.000491063
0.000450205
0.000431923
0.00043145
0.000430184
0.000467018
0.000522307
0.000592953
0.000681156
0.000753038
0.000761736
0.000698385
0.000456478
0.000489061
0.000718584
0.000754087
0.000774088
0.000757994
0.000698514
0.000622962
0.00055164
0.000494803
0.000464195
0.000464825
0.000484703
0.000531387
0.000590368
0.000661932
0.000746284
0.000806543
0.000808004
0.000749228
0.000485558
0.000522853
0.000779406
0.000845267
0.000897651
0.000908119
0.000870752
0.000806371
0.000733153
0.000660416
0.000606647
0.000611226
0.000670815
0.000728471
0.000775918
0.000825436
0.000880701
0.000906504
0.000860807
0.000771313
0.00051285
0.000555722
0.000768646
0.00101763
0.00123594
0.00128942
0.00130505
0.00129209
0.00125192
0.00117606
0.00108336
0.00110731
0.00123553
0.00131535
0.00131716
0.00128606
0.00125627
0.00122069
0.00100409
0.000762633
0.000542808
0.000591347
0.000635394
0.000671663
0.000702109
0.000731148
0.000757278
0.000778848
0.000793636
0.0007983
0.000789153
0.000786235
0.000791981
0.000787624
0.000772222
0.000748913
0.00072125
0.00069166
0.00066007
0.000622417
0.000576275
0.000181671
0.000204921
0.000202942
0.000199958
0.000200791
0.000201231
0.000196293
0.000174283
0.000160041
0.000152619
0.000152789
0.000161466
0.000179362
0.000199597
0.000204075
0.000206013
0.000227421
0.000263896
0.000296664
0.000310696
0.000346723
0.000492615
0.000531789
0.000538401
0.000547687
0.000537777
0.000461816
0.00042163
0.000427307
0.000446479
0.000447961
0.000399001
0.000381974
0.000447694
0.000525599
0.000542634
0.000553918
0.000579252
0.000561638
0.000381081
0.0003782
0.000540845
0.000588129
0.000572584
0.000544653
0.000518798
0.000487768
0.000470866
0.000465594
0.000480573
0.000491683
0.000449819
0.000442061
0.000463788
0.000502257
0.000537468
0.000582502
0.000614339
0.0005784
0.000398963
0.000395069
0.000577035
0.000645889
0.000639834
0.000576168
0.000517838
0.000474481
0.000445685
0.000434383
0.000456598
0.000490397
0.000433968
0.000426562
0.000456297
0.00050077
0.000562964
0.000638989
0.000668305
0.000616268
0.000417547
0.000423185
0.000625433
0.000703269
0.000704969
0.000631661
0.000541085
0.000474584
0.000426506
0.000392247
0.000378556
0.000381018
0.000374254
0.000404244
0.000453319
0.000515082
0.000607622
0.000702184
0.000727748
0.000663325
0.000438285
0.000455515
0.000672411
0.000755465
0.000766967
0.000706789
0.000600307
0.000505037
0.000435139
0.000384913
0.000359878
0.000360755
0.000371812
0.000415505
0.000480025
0.000566246
0.000673767
0.000761736
0.000774627
0.000700519
0.000460205
0.000484326
0.00070371
0.000792105
0.000821019
0.000788404
0.000701317
0.000600511
0.000510027
0.000445676
0.00041548
0.000421515
0.000452239
0.000506104
0.000574441
0.000654731
0.000746744
0.000808004
0.00080259
0.000721096
0.00048088
0.000509984
0.000719507
0.000821794
0.000890623
0.000912429
0.000866266
0.000786541
0.000700684
0.000624455
0.000578014
0.000586478
0.000639944
0.000702942
0.000758674
0.000809293
0.000856718
0.000860807
0.000820652
0.000724948
0.000501507
0.000536346
0.000715183
0.000876373
0.00103532
0.00113897
0.00117257
0.00113297
0.00106213
0.000975787
0.000895095
0.000924808
0.00103439
0.00111886
0.00114355
0.00113068
0.00109263
0.00100409
0.00086484
0.000713204
0.000525552
0.000566341
0.000605847
0.000639406
0.000666992
0.000691476
0.00071227
0.000728461
0.000738676
0.000739935
0.000728834
0.000730055
0.000738246
0.000737227
0.000726301
0.000708158
0.000685591
0.00066007
0.000631297
0.000596096
0.000553484
0.000259022
0.00025527
0.000221277
0.000194568
0.00018635
0.000182325
0.000179496
0.000160004
0.000145489
0.000138426
0.000136638
0.000140965
0.000157249
0.000176601
0.000181357
0.000196623
0.000240955
0.000296664
0.000342598
0.000359711
0.00037231
0.000508558
0.000517545
0.000491151
0.000469302
0.000452843
0.000389009
0.000344006
0.000342155
0.000357508
0.000364332
0.000322428
0.000313065
0.000371394
0.000442793
0.000467217
0.00050612
0.000561638
0.000567564
0.000403613
0.0004071
0.000550106
0.000568784
0.00053909
0.000483422
0.000441977
0.000401377
0.000373669
0.000363758
0.000384643
0.000396346
0.000354672
0.000351094
0.0003816
0.000424959
0.000468125
0.000528673
0.0005784
0.0005689
0.000422772
0.00042528
0.000579813
0.000616348
0.000595203
0.000518956
0.000445866
0.000394023
0.000354906
0.000329379
0.000329011
0.000345874
0.000319239
0.000339499
0.000380309
0.000427141
0.000491234
0.000571943
0.000616268
0.000590136
0.000436541
0.000442355
0.000614633
0.000665112
0.000656948
0.000587087
0.000486965
0.000419167
0.000368194
0.000330262
0.000314401
0.00032441
0.000331634
0.000363715
0.000412384
0.00046722
0.000553733
0.000634654
0.000663325
0.000619903
0.000448375
0.000459679
0.000641872
0.000704141
0.000716709
0.000678292
0.000583801
0.00048916
0.000426569
0.000386026
0.000372295
0.00038505
0.000403762
0.000439586
0.000496283
0.000579132
0.000652146
0.000698385
0.000700519
0.000645049
0.000460202
0.000476407
0.000657256
0.000728059
0.000762618
0.000769743
0.000737275
0.000659258
0.00056236
0.000499346
0.000476844
0.000493949
0.000551389
0.000620121
0.000688459
0.000735712
0.000756802
0.000749228
0.000721096
0.000661503
0.000472246
0.000492607
0.000660839
0.000737834
0.000787197
0.000826762
0.00083992
0.000825841
0.000796268
0.000753747
0.000723979
0.000733656
0.000757068
0.000786535
0.000809857
0.00081924
0.000807189
0.000771313
0.000724948
0.00066834
0.000485384
0.00051086
0.000652774
0.000725863
0.000780492
0.000818668
0.000826073
0.000811881
0.000781973
0.000739743
0.000691754
0.000708115
0.000762326
0.000806829
0.000824538
0.000820282
0.000801066
0.000762632
0.000713204
0.000649441
0.000502142
0.00053312
0.000568935
0.000600508
0.00062564
0.000646776
0.000663897
0.000676519
0.000683871
0.000683904
0.000673652
0.000676174
0.000683707
0.00068423
0.00067684
0.000663073
0.000644617
0.000622417
0.000596096
0.000562729
0.000522677
0.000325678
0.000289278
0.000235655
0.000181611
0.000159769
0.000151138
0.000143381
0.000129349
0.00012157
0.000116937
0.000115031
0.000115402
0.000120621
0.000136588
0.000143343
0.000167933
0.000241447
0.000310696
0.000359711
0.000386002
0.000401391
0.000389779
0.000374091
0.000353698
0.000320548
0.000280646
0.000205306
0.000159708
0.000152839
0.000146194
0.000143847
0.00014337
0.000150412
0.000222008
0.000288316
0.000322686
0.000352
0.000381081
0.000403613
0.000418655
0.000427591
0.000423569
0.000407556
0.00037956
0.000342708
0.000302983
0.000261643
0.000223974
0.000175544
0.000162546
0.000162979
0.000165615
0.000214998
0.000256255
0.000294684
0.000332751
0.00036832
0.000398963
0.000422772
0.000433858
0.000440324
0.000439335
0.000425321
0.000397475
0.000358876
0.00031826
0.00028391
0.000251571
0.0002177
0.000202455
0.000220534
0.000242823
0.000270067
0.000295336
0.000322193
0.000354891
0.000389634
0.000417547
0.000436541
0.000442043
0.000448359
0.000450766
0.000442431
0.000424107
0.000401986
0.000379327
0.000358915
0.0003404
0.000325606
0.000321843
0.00033547
0.000349448
0.000363361
0.000377245
0.000391363
0.000406824
0.00042319
0.000438285
0.000448375
0.000447571
0.000454893
0.000460943
0.000460242
0.000454148
0.000445497
0.000435425
0.000424742
0.000413908
0.00040376
0.000397698
0.000405895
0.000416913
0.000427584
0.000436911
0.000444773
0.000451232
0.000456478
0.000460205
0.000460202
0.000452364
0.000461129
0.000471857
0.000479181
0.000482214
0.00048251
0.000480251
0.00047555
0.000468771
0.000460528
0.000452434
0.000458448
0.000468479
0.000477448
0.000483812
0.000487199
0.000487716
0.000485558
0.00048088
0.000472246
0.000457439
0.000467919
0.000485059
0.000499413
0.000509672
0.000516463
0.000519501
0.000519081
0.000515334
0.000508097
0.000498035
0.000503215
0.000513297
0.000521275
0.000525203
0.000524913
0.000520729
0.00051285
0.000501507
0.000485384
0.00046351
0.000476891
0.000502031
0.000524156
0.00054071
0.000552789
0.000560024
0.000563096
0.000561978
0.000556011
0.000544175
0.000549192
0.000560081
0.000567157
0.000568397
0.000564286
0.000555722
0.000542808
0.000525552
0.000502142
0.000471901
0.000489936
0.000523322
0.00055277
0.000574907
0.000592139
0.00060508
0.000613864
0.000618296
0.00061707
0.000607328
0.000610927
0.000618164
0.000620178
0.000616371
0.00060743
0.000594005
0.000576275
0.000553484
0.000522677
0.000484352
)
;

boundaryField
{
    floor
    {
        type            compressible::alphatWallFunction;
        Prt             0.85;
        value           nonuniform List<scalar> 
400
(
3.54693e-05
2.74919e-05
1.74323e-05
1.32857e-05
1.2072e-05
1.11138e-05
9.68637e-06
9.11046e-06
9.19495e-06
9.24476e-06
9.05166e-06
8.67024e-06
8.44038e-06
8.73648e-06
1.01627e-05
1.1805e-05
1.36674e-05
1.79849e-05
3.13603e-05
4.22619e-05
2.74919e-05
2.41221e-05
1.99284e-05
1.76654e-05
1.923e-05
1.88941e-05
1.49365e-05
1.36924e-05
1.33481e-05
1.32691e-05
1.2875e-05
1.22334e-05
1.20746e-05
1.34289e-05
1.64666e-05
1.76277e-05
1.87654e-05
2.19813e-05
3.06195e-05
3.63197e-05
1.74323e-05
1.99284e-05
1.93904e-05
2.02026e-05
2.34226e-05
2.21236e-05
1.82533e-05
1.6242e-05
1.54806e-05
1.51702e-05
1.4622e-05
1.39048e-05
1.39978e-05
1.60335e-05
1.96246e-05
2.02413e-05
2.07367e-05
2.15499e-05
2.47238e-05
2.73598e-05
1.32857e-05
1.76654e-05
2.02026e-05
2.41959e-05
2.56304e-05
2.30543e-05
1.98442e-05
1.78736e-05
1.69873e-05
1.66354e-05
1.60349e-05
1.52085e-05
1.53927e-05
1.72538e-05
2.10791e-05
2.25064e-05
2.18513e-05
2.10477e-05
2.01452e-05
1.79393e-05
1.2072e-05
1.923e-05
2.34226e-05
2.56304e-05
2.50886e-05
2.25639e-05
2.02598e-05
1.87908e-05
1.82233e-05
1.81976e-05
1.75636e-05
1.65006e-05
1.67201e-05
1.82997e-05
2.11289e-05
2.35099e-05
2.29178e-05
2.11969e-05
1.87037e-05
1.40331e-05
1.11138e-05
1.88941e-05
2.21236e-05
2.30543e-05
2.25639e-05
2.12887e-05
2.0083e-05
1.93482e-05
1.93398e-05
1.98764e-05
1.91652e-05
1.7845e-05
1.7883e-05
1.89795e-05
2.06856e-05
2.25646e-05
2.32755e-05
2.1273e-05
1.80094e-05
1.24922e-05
9.68637e-06
1.49365e-05
1.82533e-05
1.98442e-05
2.02598e-05
2.0083e-05
1.98398e-05
1.98839e-05
2.05901e-05
2.20021e-05
2.12457e-05
1.93902e-05
1.8957e-05
1.9331e-05
1.99561e-05
2.05484e-05
2.09554e-05
2.03994e-05
1.75094e-05
1.11091e-05
9.11046e-06
1.36924e-05
1.6242e-05
1.78736e-05
1.87908e-05
1.93482e-05
1.98839e-05
2.06989e-05
2.22098e-05
2.45452e-05
2.38369e-05
2.13787e-05
2.0143e-05
1.95239e-05
1.9104e-05
1.86123e-05
1.78441e-05
1.66114e-05
1.40965e-05
8.53848e-06
9.19495e-06
1.33481e-05
1.54806e-05
1.69873e-05
1.82233e-05
1.93398e-05
2.05901e-05
2.22098e-05
2.42346e-05
2.69101e-05
2.59139e-05
2.3766e-05
2.19069e-05
2.0019e-05
1.84947e-05
1.71579e-05
1.57954e-05
1.41019e-05
1.14932e-05
7.09331e-06
9.24475e-06
1.32691e-05
1.51702e-05
1.66354e-05
1.81976e-05
1.98764e-05
2.20021e-05
2.45452e-05
2.69101e-05
7.05842e-06
6.47493e-06
2.5898e-05
2.3748e-05
2.10362e-05
1.86017e-05
1.66577e-05
1.48242e-05
1.27715e-05
1.01931e-05
6.21608e-06
9.05166e-06
1.2875e-05
1.4622e-05
1.60349e-05
1.75636e-05
1.91652e-05
2.12457e-05
2.38369e-05
2.59139e-05
6.47493e-06
5.9173e-06
2.48663e-05
2.29575e-05
2.06885e-05
1.86687e-05
1.68924e-05
1.50417e-05
1.27788e-05
9.85012e-06
5.84528e-06
8.67024e-06
1.22334e-05
1.39048e-05
1.52085e-05
1.65006e-05
1.7845e-05
1.93902e-05
2.13787e-05
2.3766e-05
2.5898e-05
2.48663e-05
2.33626e-05
2.21721e-05
2.0933e-05
1.96951e-05
1.83127e-05
1.66221e-05
1.4303e-05
1.06194e-05
5.9129e-06
8.44038e-06
1.20746e-05
1.39978e-05
1.53927e-05
1.67201e-05
1.7883e-05
1.8957e-05
2.0143e-05
2.19069e-05
2.3748e-05
2.29575e-05
2.21721e-05
2.21201e-05
2.20727e-05
2.17516e-05
2.1004e-05
1.96935e-05
1.74415e-05
1.35201e-05
6.87328e-06
8.73648e-06
1.34289e-05
1.60335e-05
1.72538e-05
1.82997e-05
1.89795e-05
1.9331e-05
1.95239e-05
2.0019e-05
2.10362e-05
2.06885e-05
2.0933e-05
2.20727e-05
2.32325e-05
2.40216e-05
2.41142e-05
2.32574e-05
2.10151e-05
1.70345e-05
9.81232e-06
1.01627e-05
1.64666e-05
1.96246e-05
2.10791e-05
2.11289e-05
2.06856e-05
1.99561e-05
1.9104e-05
1.84947e-05
1.86017e-05
1.86687e-05
1.96951e-05
2.17516e-05
2.40216e-05
2.58396e-05
2.61115e-05
2.45322e-05
2.17985e-05
1.78187e-05
1.10274e-05
1.1805e-05
1.76277e-05
2.02413e-05
2.25064e-05
2.35099e-05
2.25646e-05
2.05484e-05
1.86123e-05
1.71579e-05
1.66577e-05
1.68924e-05
1.83127e-05
2.1004e-05
2.41142e-05
2.61115e-05
2.53559e-05
2.34286e-05
2.19775e-05
2.02233e-05
1.50332e-05
1.36674e-05
1.87654e-05
2.07367e-05
2.18513e-05
2.29178e-05
2.32755e-05
2.09554e-05
1.78441e-05
1.57954e-05
1.48242e-05
1.50417e-05
1.66221e-05
1.96935e-05
2.32574e-05
2.45322e-05
2.34286e-05
2.34079e-05
2.53665e-05
2.74138e-05
2.72552e-05
1.79849e-05
2.19813e-05
2.15499e-05
2.10477e-05
2.11969e-05
2.1273e-05
2.03994e-05
1.66114e-05
1.41018e-05
1.27715e-05
1.27788e-05
1.4303e-05
1.74415e-05
2.10151e-05
2.17985e-05
2.19775e-05
2.53665e-05
3.12817e-05
3.66071e-05
3.90122e-05
3.13603e-05
3.06195e-05
2.47238e-05
2.01452e-05
1.87037e-05
1.80094e-05
1.75094e-05
1.40965e-05
1.14932e-05
1.01931e-05
9.85012e-06
1.06194e-05
1.35201e-05
1.70345e-05
1.78187e-05
2.02233e-05
2.74138e-05
3.66071e-05
4.41152e-05
4.71407e-05
4.22619e-05
3.63197e-05
2.73598e-05
1.79393e-05
1.40331e-05
1.24922e-05
1.11091e-05
8.53847e-06
7.09331e-06
6.21608e-06
5.84528e-06
5.9129e-06
6.87328e-06
9.81232e-06
1.10274e-05
1.50331e-05
2.72552e-05
3.90122e-05
4.71407e-05
5.14857e-05
)
;
    }
    ceiling
    {
        type            compressible::alphatWallFunction;
        Prt             0.85;
        value           nonuniform List<scalar> 
400
(
7.02244e-05
7.66127e-05
8.17634e-05
8.5602e-05
8.86041e-05
9.0904e-05
9.25e-05
9.33192e-05
9.32358e-05
9.18342e-05
9.13938e-05
9.19127e-05
9.16689e-05
9.06114e-05
8.88291e-05
8.64092e-05
8.33763e-05
7.95995e-05
7.45548e-05
6.79416e-05
7.66127e-05
8.33674e-05
8.89996e-05
9.34415e-05
9.71514e-05
0.000100202
0.000102498
0.000103836
0.000103994
0.000102543
0.000101673
0.000102105
0.000101483
9.97508e-05
9.71091e-05
9.37985e-05
8.99742e-05
8.55487e-05
7.99863e-05
7.30531e-05
8.17634e-05
8.89996e-05
9.49955e-05
9.98747e-05
0.000104123
0.000107781
0.000110698
0.000112524
0.000112911
0.000111358
0.000110051
0.000110481
0.000109512
0.000107152
0.000103747
9.97258e-05
9.53679e-05
9.05674e-05
8.4742e-05
7.75313e-05
8.5602e-05
9.34415e-05
9.98747e-05
0.000105251
0.000110195
0.000114678
0.000118398
0.000120956
0.000121916
0.000120834
0.000118684
0.000118645
0.00011709
0.000113968
0.000109714
0.00010486
9.98698e-05
9.46695e-05
8.85063e-05
8.08795e-05
8.86041e-05
9.71514e-05
0.000104123
0.000110195
0.000116189
0.000121615
0.000126164
0.000129479
0.000131145
0.000130761
0.000127632
0.000126943
0.000124728
0.000120864
0.000115811
0.0001101
0.000104141
9.82923e-05
9.16574e-05
8.34753e-05
9.0904e-05
0.000100202
0.000107781
0.000114678
0.000121615
0.000127926
0.00013335
0.000137573
0.000140288
0.000141234
0.000136988
0.00013512
0.000131988
0.00012728
0.000121396
0.000114833
0.000107966
0.000101357
9.4201e-05
8.54187e-05
9.25e-05
0.000102498
0.000110698
0.000118398
0.000126164
0.00013335
0.0001398
0.000145304
0.00014995
0.000153782
0.000148031
0.00014352
0.000138811
0.000133005
0.000126203
0.000118798
0.000111113
0.000103736
9.60711e-05
8.67349e-05
9.33192e-05
0.000103836
0.000112524
0.000120956
0.000129478
0.000137573
0.000145304
0.000152965
0.000161316
0.000170203
0.000162478
0.000152857
0.00014506
0.000137666
0.000129858
0.000121663
0.000113266
0.000105234
9.71589e-05
8.73982e-05
9.32358e-05
0.000103994
0.000112911
0.000121916
0.000131145
0.000140288
0.00014995
0.000161316
0.00017517
0.000188589
0.000179907
0.000163888
0.00015094
0.00014086
0.000131821
0.000122902
0.000113947
0.00010542
9.71637e-05
8.72145e-05
9.18342e-05
0.000102543
0.000111358
0.000120834
0.000130761
0.000141234
0.000153782
0.000170203
0.000188589
0.000182482
0.000184323
0.000174641
0.000156518
0.000142289
0.000131544
0.000121957
0.000112624
0.000103794
9.5646e-05
8.57517e-05
9.13938e-05
0.000101673
0.000110051
0.000118684
0.000127632
0.000136988
0.000148031
0.000162478
0.000179907
0.000184323
0.000186041
0.000169793
0.000152646
0.000139656
0.000129687
0.000120816
0.000112202
0.000103977
9.60215e-05
8.62916e-05
9.19127e-05
0.000102105
0.000110481
0.000118645
0.000126943
0.00013512
0.00014352
0.000152857
0.000163888
0.000174641
0.000169793
0.000156919
0.000146109
0.000137194
0.000129075
0.000121088
0.000113027
0.000105171
9.71306e-05
8.73707e-05
9.16689e-05
0.000101483
0.000109512
0.00011709
0.000124728
0.000131988
0.000138811
0.00014506
0.00015094
0.000156518
0.000152646
0.000146109
0.000140019
0.000133768
0.000127026
0.000119853
0.000112373
0.000105005
9.71962e-05
8.76641e-05
9.06114e-05
9.97508e-05
0.000107152
0.000113968
0.000120864
0.00012728
0.000133005
0.000137666
0.00014086
0.000142289
0.000139656
0.000137194
0.000133768
0.000129072
0.000123328
0.000116916
0.000110107
0.000103383
9.60877e-05
8.70837e-05
8.88291e-05
9.71091e-05
0.000103747
0.000109714
0.000115811
0.000121396
0.000126203
0.000129858
0.000131821
0.000131544
0.000129687
0.000129075
0.000127026
0.000123328
0.000118405
0.000112749
0.000106682
0.000100697
9.40321e-05
8.57325e-05
8.64092e-05
9.37985e-05
9.97258e-05
0.00010486
0.0001101
0.000114833
0.000118798
0.000121663
0.000122902
0.000121957
0.000120816
0.000121088
0.000119853
0.000116916
0.000112749
0.000107865
0.00010261
9.73518e-05
9.12751e-05
8.37058e-05
8.33763e-05
8.99742e-05
9.53679e-05
9.98698e-05
0.000104141
0.000107966
0.000111113
0.000113266
0.000113947
0.000112624
0.000112202
0.000113027
0.000112373
0.000110107
0.000106682
0.00010261
9.82414e-05
9.35606e-05
8.79521e-05
8.10256e-05
7.95995e-05
8.55487e-05
9.05674e-05
9.46695e-05
9.82923e-05
0.000101357
0.000103736
0.000105234
0.00010542
0.000103794
0.000103977
0.000105171
0.000105005
0.000103383
0.000100697
9.73518e-05
9.35606e-05
8.92722e-05
8.39998e-05
7.75708e-05
7.45548e-05
7.99863e-05
8.4742e-05
8.85063e-05
9.16574e-05
9.4201e-05
9.60711e-05
9.71589e-05
9.71637e-05
9.5646e-05
9.60215e-05
9.71306e-05
9.71962e-05
9.60877e-05
9.40321e-05
9.12751e-05
8.79521e-05
8.39998e-05
7.89653e-05
7.28792e-05
6.79416e-05
7.30531e-05
7.75313e-05
8.08795e-05
8.34753e-05
8.54187e-05
8.67349e-05
8.73982e-05
8.72145e-05
8.57517e-05
8.62916e-05
8.73707e-05
8.76641e-05
8.70837e-05
8.57325e-05
8.37058e-05
8.10256e-05
7.75708e-05
7.28792e-05
6.70004e-05
)
;
    }
    fixedWalls
    {
        type            compressible::alphatWallFunction;
        Prt             0.85;
        value           nonuniform List<scalar> 
800
(
3.53904e-05
5.47937e-05
5.90655e-05
6.12108e-05
6.25902e-05
6.37109e-05
6.48411e-05
6.61236e-05
6.7777e-05
7.00943e-05
2.74273e-05
5.19365e-05
5.6655e-05
5.96724e-05
6.21479e-05
6.44862e-05
6.69504e-05
6.95457e-05
7.26906e-05
7.64725e-05
1.73826e-05
4.63656e-05
5.18977e-05
5.53021e-05
5.9298e-05
6.37149e-05
6.80346e-05
7.21578e-05
7.66119e-05
8.16146e-05
1.32409e-05
3.95038e-05
4.57588e-05
4.89986e-05
5.50554e-05
6.2193e-05
6.85102e-05
7.40196e-05
7.9567e-05
8.54466e-05
1.20281e-05
3.27085e-05
3.91939e-05
4.20068e-05
5.01284e-05
6.04514e-05
6.86476e-05
7.53405e-05
8.18092e-05
8.84434e-05
1.10704e-05
1.80773e-05
3.19927e-05
3.54718e-05
4.5621e-05
5.86336e-05
6.83851e-05
7.60856e-05
8.33269e-05
9.0739e-05
9.64494e-06
1.57106e-05
2.24299e-05
2.9708e-05
4.1354e-05
5.6744e-05
6.7695e-05
7.62479e-05
8.41458e-05
9.23319e-05
9.0698e-06
1.49457e-05
1.56424e-05
2.39016e-05
3.68436e-05
5.47037e-05
6.6612e-05
7.57566e-05
8.41694e-05
9.31495e-05
9.15413e-06
1.54177e-05
1.68763e-05
1.77208e-05
3.31125e-05
5.264e-05
6.51871e-05
7.46548e-05
8.32962e-05
9.30659e-05
9.20388e-06
1.58607e-05
1.81072e-05
1.91697e-05
3.10673e-05
5.10612e-05
6.36493e-05
7.30055e-05
8.14345e-05
9.16666e-05
9.01114e-06
1.55496e-05
1.82594e-05
2.0432e-05
3.35507e-05
5.28466e-05
6.46273e-05
7.35113e-05
8.16158e-05
9.12271e-05
8.63035e-06
1.45285e-05
1.66258e-05
1.73193e-05
3.59597e-05
5.46222e-05
6.59972e-05
7.47385e-05
8.28187e-05
9.17453e-05
8.40086e-06
1.348e-05
1.49807e-05
2.14423e-05
3.84693e-05
5.62192e-05
6.71107e-05
7.55621e-05
8.33473e-05
9.15023e-05
8.69646e-06
1.32791e-05
2.34348e-05
2.75584e-05
4.19839e-05
5.76544e-05
6.78272e-05
7.57568e-05
8.30195e-05
9.04469e-05
1.01207e-05
2.07967e-05
3.17194e-05
3.34396e-05
4.55846e-05
5.89384e-05
6.81537e-05
7.53286e-05
8.19263e-05
8.8668e-05
1.17611e-05
3.39528e-05
3.9005e-05
3.97189e-05
4.93969e-05
6.01605e-05
6.81054e-05
7.43451e-05
8.0185e-05
8.62525e-05
1.36216e-05
3.98639e-05
4.48863e-05
4.65074e-05
5.3457e-05
6.13692e-05
6.76828e-05
7.28629e-05
7.78592e-05
8.3225e-05
1.79336e-05
4.52293e-05
5.03804e-05
5.30434e-05
5.74601e-05
6.24974e-05
6.69532e-05
7.08935e-05
7.49144e-05
7.94547e-05
3.12859e-05
4.93235e-05
5.4935e-05
5.77912e-05
6.04584e-05
6.31474e-05
6.5734e-05
6.82284e-05
7.10257e-05
7.44184e-05
4.21635e-05
5.40571e-05
5.81625e-05
6.0148e-05
6.13976e-05
6.2411e-05
6.33766e-05
6.44257e-05
6.58096e-05
6.78157e-05
4.21635e-05
5.40571e-05
5.81625e-05
6.0148e-05
6.13976e-05
6.2411e-05
6.33766e-05
6.44257e-05
6.58096e-05
6.78157e-05
3.6235e-05
5.21778e-05
5.75221e-05
5.99873e-05
6.17666e-05
6.33442e-05
6.50301e-05
6.70636e-05
6.96681e-05
7.29192e-05
2.72943e-05
4.95692e-05
5.50004e-05
5.77921e-05
6.04663e-05
6.32297e-05
6.61555e-05
6.92648e-05
7.30467e-05
7.739e-05
1.78889e-05
4.63402e-05
5.0592e-05
5.34148e-05
5.75962e-05
6.22789e-05
6.66196e-05
7.08338e-05
7.55636e-05
8.07325e-05
1.39872e-05
4.10749e-05
4.47243e-05
4.72921e-05
5.41101e-05
6.09278e-05
6.66614e-05
7.18698e-05
7.73939e-05
8.33237e-05
1.24474e-05
3.45678e-05
3.82968e-05
4.0757e-05
5.0516e-05
5.93528e-05
6.63098e-05
7.23316e-05
7.84873e-05
8.52635e-05
1.10655e-05
2.18804e-05
3.15043e-05
3.51468e-05
4.7256e-05
5.7679e-05
6.55815e-05
7.22655e-05
7.89502e-05
8.65772e-05
8.49843e-06
1.40084e-05
2.51852e-05
2.97872e-05
4.42792e-05
5.59762e-05
6.45313e-05
7.16908e-05
7.87795e-05
8.72391e-05
7.05541e-06
1.27672e-05
1.6861e-05
2.40757e-05
4.18853e-05
5.43759e-05
6.32524e-05
7.05804e-05
7.78738e-05
8.70554e-05
6.17939e-06
1.15382e-05
1.44852e-05
2.13362e-05
4.12612e-05
5.34174e-05
6.1996e-05
6.90368e-05
7.60764e-05
8.55949e-05
5.80906e-06
1.10879e-05
1.45239e-05
2.44001e-05
4.34798e-05
5.47233e-05
6.29381e-05
6.9838e-05
7.6842e-05
8.61341e-05
5.87655e-06
1.10061e-05
1.49135e-05
2.816e-05
4.57302e-05
5.64569e-05
6.4492e-05
7.13803e-05
7.8488e-05
8.72117e-05
6.83552e-06
1.22641e-05
2.34907e-05
3.27424e-05
4.79546e-05
5.81252e-05
6.5873e-05
7.25933e-05
7.95497e-05
8.7505e-05
9.77035e-06
2.43154e-05
3.05412e-05
3.69219e-05
5.01598e-05
5.95742e-05
6.68458e-05
7.31825e-05
7.97261e-05
8.69259e-05
1.09846e-05
3.57247e-05
3.68677e-05
4.12988e-05
5.23914e-05
6.07893e-05
6.73571e-05
7.31275e-05
7.90939e-05
8.55774e-05
1.4986e-05
4.14159e-05
4.30419e-05
4.65631e-05
5.48259e-05
6.17842e-05
6.74257e-05
7.2478e-05
7.77875e-05
8.35544e-05
2.71898e-05
4.61921e-05
4.87513e-05
5.21132e-05
5.73966e-05
6.25907e-05
6.7083e-05
7.12641e-05
7.58206e-05
8.08789e-05
3.89233e-05
5.07298e-05
5.3603e-05
5.65159e-05
5.97542e-05
6.31604e-05
6.63528e-05
6.95189e-05
7.3189e-05
7.74301e-05
4.70332e-05
5.42994e-05
5.73231e-05
5.94798e-05
6.13219e-05
6.31543e-05
6.50147e-05
6.70372e-05
6.96081e-05
7.27461e-05
5.13694e-05
5.66554e-05
5.90561e-05
6.03375e-05
6.11974e-05
6.19399e-05
6.2725e-05
6.36632e-05
6.49587e-05
6.68767e-05
3.53904e-05
5.47937e-05
5.90655e-05
6.12108e-05
6.25902e-05
6.37109e-05
6.48411e-05
6.61236e-05
6.7777e-05
7.00943e-05
2.74273e-05
5.19365e-05
5.6655e-05
5.96724e-05
6.21479e-05
6.44862e-05
6.69504e-05
6.95457e-05
7.26906e-05
7.64725e-05
1.73826e-05
4.63656e-05
5.18977e-05
5.53021e-05
5.9298e-05
6.37149e-05
6.80346e-05
7.21578e-05
7.66119e-05
8.16147e-05
1.32409e-05
3.95038e-05
4.57588e-05
4.89986e-05
5.50554e-05
6.2193e-05
6.85102e-05
7.40197e-05
7.9567e-05
8.54466e-05
1.20281e-05
3.27085e-05
3.91939e-05
4.20068e-05
5.01284e-05
6.04514e-05
6.86476e-05
7.53405e-05
8.18093e-05
8.84434e-05
1.10704e-05
1.80773e-05
3.19927e-05
3.54718e-05
4.5621e-05
5.86336e-05
6.83851e-05
7.60856e-05
8.33269e-05
9.0739e-05
9.64494e-06
1.57106e-05
2.24299e-05
2.9708e-05
4.1354e-05
5.6744e-05
6.7695e-05
7.62479e-05
8.41458e-05
9.23319e-05
9.0698e-06
1.49457e-05
1.56424e-05
2.39016e-05
3.68437e-05
5.47037e-05
6.6612e-05
7.57566e-05
8.41694e-05
9.31495e-05
9.15413e-06
1.54177e-05
1.68763e-05
1.77208e-05
3.31125e-05
5.264e-05
6.51871e-05
7.46548e-05
8.32962e-05
9.30659e-05
9.20388e-06
1.58607e-05
1.81072e-05
1.91697e-05
3.10673e-05
5.10612e-05
6.36493e-05
7.30055e-05
8.14345e-05
9.16666e-05
9.01113e-06
1.55496e-05
1.82594e-05
2.0432e-05
3.35508e-05
5.28466e-05
6.46273e-05
7.35112e-05
8.16158e-05
9.12271e-05
8.63035e-06
1.45285e-05
1.66258e-05
1.73193e-05
3.59597e-05
5.46222e-05
6.59972e-05
7.47385e-05
8.28187e-05
9.17453e-05
8.40086e-06
1.348e-05
1.49807e-05
2.14423e-05
3.84693e-05
5.62192e-05
6.71107e-05
7.55621e-05
8.33473e-05
9.15023e-05
8.69646e-06
1.32791e-05
2.34349e-05
2.75584e-05
4.19839e-05
5.76544e-05
6.78272e-05
7.57568e-05
8.30195e-05
9.04469e-05
1.01207e-05
2.07967e-05
3.17194e-05
3.34396e-05
4.55846e-05
5.89384e-05
6.81537e-05
7.53286e-05
8.19263e-05
8.8668e-05
1.17611e-05
3.39528e-05
3.9005e-05
3.97189e-05
4.93969e-05
6.01605e-05
6.81054e-05
7.43451e-05
8.0185e-05
8.62525e-05
1.36216e-05
3.98639e-05
4.48863e-05
4.65074e-05
5.3457e-05
6.13692e-05
6.76828e-05
7.28629e-05
7.78592e-05
8.3225e-05
1.79336e-05
4.52293e-05
5.03804e-05
5.30434e-05
5.74601e-05
6.24974e-05
6.69532e-05
7.08935e-05
7.49144e-05
7.94547e-05
3.12859e-05
4.93235e-05
5.4935e-05
5.77912e-05
6.04584e-05
6.31474e-05
6.5734e-05
6.82284e-05
7.10257e-05
7.44184e-05
4.21635e-05
5.40571e-05
5.81625e-05
6.0148e-05
6.13976e-05
6.2411e-05
6.33766e-05
6.44257e-05
6.58096e-05
6.78157e-05
4.21635e-05
5.40571e-05
5.81625e-05
6.0148e-05
6.13976e-05
6.2411e-05
6.33766e-05
6.44257e-05
6.58096e-05
6.78157e-05
3.6235e-05
5.21778e-05
5.75221e-05
5.99873e-05
6.17666e-05
6.33442e-05
6.50301e-05
6.70636e-05
6.9668e-05
7.29192e-05
2.72943e-05
4.95691e-05
5.50004e-05
5.77921e-05
6.04663e-05
6.32297e-05
6.61555e-05
6.92648e-05
7.30467e-05
7.739e-05
1.78889e-05
4.63402e-05
5.0592e-05
5.34148e-05
5.75962e-05
6.22789e-05
6.66196e-05
7.08338e-05
7.55636e-05
8.07325e-05
1.39872e-05
4.10749e-05
4.47243e-05
4.72921e-05
5.41101e-05
6.09278e-05
6.66614e-05
7.18698e-05
7.73939e-05
8.33237e-05
1.24474e-05
3.45678e-05
3.82968e-05
4.0757e-05
5.0516e-05
5.93528e-05
6.63098e-05
7.23316e-05
7.84873e-05
8.52635e-05
1.10655e-05
2.18804e-05
3.15043e-05
3.51468e-05
4.7256e-05
5.7679e-05
6.55815e-05
7.22655e-05
7.89502e-05
8.65772e-05
8.49843e-06
1.40084e-05
2.51852e-05
2.97872e-05
4.42792e-05
5.59762e-05
6.45313e-05
7.16908e-05
7.87795e-05
8.72391e-05
7.05541e-06
1.27672e-05
1.6861e-05
2.40757e-05
4.18853e-05
5.43759e-05
6.32524e-05
7.05803e-05
7.78738e-05
8.70554e-05
6.1794e-06
1.15382e-05
1.44852e-05
2.13362e-05
4.12613e-05
5.34174e-05
6.1996e-05
6.90368e-05
7.60764e-05
8.55949e-05
5.80906e-06
1.10879e-05
1.45239e-05
2.44001e-05
4.34798e-05
5.47233e-05
6.29381e-05
6.9838e-05
7.6842e-05
8.61341e-05
5.87655e-06
1.10061e-05
1.49135e-05
2.816e-05
4.57302e-05
5.6457e-05
6.4492e-05
7.13803e-05
7.8488e-05
8.72117e-05
6.83551e-06
1.22641e-05
2.34907e-05
3.27424e-05
4.79546e-05
5.81252e-05
6.5873e-05
7.25933e-05
7.95497e-05
8.7505e-05
9.77035e-06
2.43154e-05
3.05412e-05
3.69219e-05
5.01598e-05
5.95743e-05
6.68458e-05
7.31825e-05
7.97261e-05
8.69259e-05
1.09846e-05
3.57247e-05
3.68677e-05
4.12988e-05
5.23914e-05
6.07893e-05
6.73571e-05
7.31275e-05
7.90939e-05
8.55774e-05
1.4986e-05
4.14159e-05
4.30419e-05
4.65631e-05
5.48259e-05
6.17842e-05
6.74257e-05
7.2478e-05
7.77875e-05
8.35544e-05
2.71898e-05
4.61921e-05
4.87513e-05
5.21132e-05
5.73966e-05
6.25907e-05
6.7083e-05
7.12641e-05
7.58206e-05
8.08789e-05
3.89233e-05
5.07298e-05
5.3603e-05
5.65159e-05
5.97542e-05
6.31604e-05
6.63528e-05
6.95189e-05
7.3189e-05
7.74301e-05
4.70332e-05
5.42994e-05
5.73231e-05
5.94798e-05
6.13219e-05
6.31543e-05
6.50147e-05
6.70372e-05
6.96081e-05
7.27461e-05
5.13694e-05
5.66554e-05
5.90561e-05
6.03375e-05
6.11974e-05
6.19399e-05
6.2725e-05
6.36632e-05
6.49587e-05
6.68767e-05
)
;
    }
}


// ************************************************************************* //
