/*--------------------------------*- C++ -*----------------------------------*\
| =========                 |                                                 |
| \\      /  F ield         | OpenFOAM: The Open Source CFD Toolbox           |
|  \\    /   O peration     | Version:  v2012                                 |
|   \\  /    A nd           | Website:  www.openfoam.com                      |
|    \\/     M anipulation  |                                                 |
\*---------------------------------------------------------------------------*/
FoamFile
{
    version     2.0;
    format      ascii;
    class       volScalarField;
    location    "1600";
    object      p_rgh;
}
// * * * * * * * * * * * * * * * * * * * * * * * * * * * * * * * * * * * * * //

dimensions      [1 -1 -2 0 0 0 0];


internalField   nonuniform List<scalar> 
4000
(
100213
100213
100213
100213
100213
100213
100213
100213
100213
100213
100213
100213
100213
100213
100213
100213
100213
100213
100213
100213
100213
100213
100213
100213
100213
100213
100213
100213
100213
100213
100213
100213
100213
100213
100213
100213
100213
100213
100213
100213
100213
100213
100213
100213
100213
100213
100213
100213
100213
100213
100213
100213
100213
100213
100213
100213
100213
100213
100213
100213
100213
100213
100213
100213
100213
100213
100213
100213
100213
100213
100213
100213
100213
100213
100213
100213
100213
100213
100213
100213
100213
100213
100213
100213
100213
100213
100213
100213
100213
100213
100213
100213
100213
100213
100213
100213
100213
100213
100213
100213
100213
100213
100213
100213
100213
100213
100213
100213
100213
100213
100213
100213
100213
100213
100213
100213
100213
100213
100213
100213
100213
100213
100213
100213
100213
100213
100213
100213
100213
100213
100213
100213
100213
100213
100213
100213
100213
100213
100213
100213
100213
100213
100213
100213
100213
100213
100213
100213
100213
100213
100213
100213
100213
100213
100213
100213
100213
100213
100213
100213
100213
100213
100213
100213
100213
100213
100213
100213
100213
100213
100213
100213
100213
100213
100213
100213
100213
100213
100213
100213
100213
100213
100213
100213
100213
100213
100213
100213
100213
100213
100213
100213
100213
100213
100213
100213
100213
100213
100213
100213
100213
100213
100213
100213
100213
100213
100213
100213
100213
100213
100213
100213
100213
100213
100213
100213
100213
100213
100213
100213
100213
100213
100213
100213
100213
100213
100213
100213
100213
100213
100213
100213
100213
100213
100213
100213
100213
100213
100213
100213
100213
100213
100213
100213
100213
100213
100213
100213
100213
100213
100213
100213
100213
100213
100213
100213
100213
100213
100213
100213
100213
100213
100213
100213
100213
100213
100213
100213
100213
100213
100213
100213
100213
100213
100213
100213
100213
100213
100213
100213
100213
100213
100213
100213
100213
100213
100213
100213
100213
100213
100213
100213
100213
100213
100213
100213
100213
100213
100213
100213
100213
100213
100213
100213
100213
100213
100213
100213
100213
100213
100213
100213
100213
100213
100213
100213
100213
100213
100213
100213
100213
100213
100213
100213
100213
100213
100213
100213
100213
100213
100213
100213
100213
100213
100213
100213
100213
100213
100213
100213
100213
100213
100213
100213
100213
100213
100213
100213
100213
100213
100213
100213
100213
100213
100213
100213
100213
100213
100213
100213
100213
100213
100213
100213
100213
100213
100213
100213
100213
100213
100213
100213
100213
100213
100213
100213
100213
100213
100213
100213
100213
100213
100213
100213
100213
100213
100213
100213
100213
100213
100213
100213
100213
100213
100213
100213
100213
100213
100213
100213
100213
100213
100213
100213
100213
100213
100213
100213
100213
100213
100213
100213
100213
100213
100213
100213
100213
100213
100213
100213
100213
100213
100213
100213
100213
100213
100213
100213
100213
100213
100213
100213
100213
100213
100213
100213
100213
100213
100213
100213
100213
100213
100213
100213
100213
100213
100213
100213
100213
100213
100213
100213
100213
100213
100213
100213
100213
100213
100213
100213
100213
100213
100213
100213
100213
100213
100213
100213
100213
100213
100213
100213
100213
100213
100213
100213
100213
100213
100213
100213
100213
100213
100213
100213
100213
100213
100213
100213
100213
100213
100213
100213
100213
100213
100213
100213
100213
100213
100213
100213
100213
100213
100213
100213
100213
100213
100213
100213
100213
100213
100213
100213
100213
100213
100213
100213
100213
100213
100213
100213
100213
100213
100213
100213
100213
100213
100213
100213
100213
100213
100213
100213
100213
100213
100213
100213
100213
100213
100213
100213
100213
100213
100213
100213
100213
100213
100213
100213
100213
100213
100213
100213
100213
100213
100213
100213
100213
100213
100213
100213
100213
100213
100213
100213
100213
100213
100213
100213
100213
100213
100213
100213
100213
100213
100213
100213
100213
100213
100213
100213
100213
100213
100213
100213
100213
100213
100213
100213
100213
100213
100213
100213
100213
100213
100213
100213
100213
100213
100213
100213
100213
100213
100213
100213
100213
100213
100213
100213
100213
100213
100213
100213
100213
100213
100213
100213
100213
100213
100213
100213
100213
100213
100213
100213
100213
100213
100213
100213
100213
100213
100213
100213
100213
100213
100213
100213
100213
100213
100213
100213
100213
100213
100213
100213
100213
100213
100213
100213
100213
100213
100213
100213
100213
100213
100213
100213
100213
100213
100213
100213
100213
100213
100213
100213
100213
100213
100213
100213
100213
100213
100213
100213
100213
100213
100213
100213
100213
100213
100213
100213
100213
100213
100213
100213
100213
100213
100213
100213
100213
100213
100213
100213
100213
100213
100213
100213
100213
100213
100213
100213
100213
100213
100213
100213
100213
100213
100213
100213
100213
100213
100213
100213
100213
100213
100213
100213
100213
100213
100213
100213
100213
100213
100213
100213
100213
100213
100213
100213
100213
100213
100213
100213
100213
100213
100213
100213
100213
100213
100213
100213
100213
100213
100213
100213
100213
100213
100213
100213
100213
100213
100213
100213
100213
100213
100213
100213
100213
100213
100213
100213
100213
100213
100213
100213
100213
100213
100213
100213
100213
100213
100213
100213
100213
100213
100213
100213
100213
100213
100213
100213
100213
100213
100213
100213
100213
100213
100213
100213
100213
100213
100213
100213
100213
100213
100213
100213
100213
100213
100213
100213
100213
100213
100213
100213
100213
100213
100213
100213
100213
100213
100213
100213
100213
100213
100213
100213
100213
100213
100213
100213
100213
100213
100213
100213
100213
100213
100213
100213
100213
100213
100213
100213
100213
100213
100213
100213
100213
100213
100213
100213
100213
100213
100213
100213
100213
100213
100213
100213
100213
100213
100213
100213
100213
100213
100213
100213
100213
100213
100213
100213
100213
100213
100213
100213
100213
100213
100213
100213
100213
100213
100213
100213
100213
100213
100213
100213
100213
100213
100213
100213
100213
100213
100213
100213
100213
100213
100213
100213
100213
100213
100213
100213
100213
100213
100213
100213
100213
100213
100213
100213
100213
100213
100213
100213
100213
100213
100213
100213
100213
100213
100213
100213
100213
100213
100213
100213
100213
100213
100213
100213
100213
100213
100213
100213
100213
100213
100213
100213
100213
100213
100213
100213
100213
100213
100213
100213
100213
100213
100213
100213
100213
100213
100213
100213
100213
100213
100213
100213
100213
100213
100213
100213
100213
100213
100213
100213
100213
100213
100213
100213
100213
100213
100213
100213
100213
100213
100213
100213
100213
100213
100213
100213
100213
100213
100213
100213
100213
100213
100213
100213
100213
100213
100213
100213
100213
100213
100213
100213
100213
100213
100213
100213
100213
100213
100213
100213
100213
100213
100213
100213
100213
100213
100213
100213
100213
100213
100213
100213
100213
100213
100213
100213
100213
100213
100213
100213
100213
100213
100213
100213
100213
100213
100213
100213
100213
100213
100213
100213
100213
100213
100213
100213
100213
100213
100213
100213
100213
100213
100213
100213
100213
100213
100213
100213
100213
100213
100213
100213
100213
100213
100213
100213
100213
100213
100213
100213
100213
100213
100213
100213
100213
100213
100213
100213
100213
100213
100213
100213
100213
100213
100213
100213
100213
100213
100213
100213
100213
100213
100213
100213
100213
100213
100213
100213
100213
100213
100213
100213
100213
100213
100213
100213
100213
100213
100213
100213
100213
100213
100213
100213
100213
100213
100213
100213
100213
100213
100213
100213
100213
100213
100213
100213
100213
100213
100213
100213
100213
100213
100213
100213
100213
100213
100213
100213
100213
100213
100213
100213
100213
100213
100213
100213
100213
100213
100213
100213
100213
100213
100213
100213
100213
100213
100213
100213
100213
100213
100213
100213
100213
100213
100213
100213
100213
100213
100213
100213
100213
100213
100213
100213
100213
100213
100213
100213
100213
100213
100213
100213
100213
100213
100213
100213
100213
100213
100213
100213
100213
100213
100213
100213
100213
100213
100213
100213
100213
100213
100213
100213
100213
100213
100213
100213
100213
100213
100213
100213
100213
100213
100213
100213
100213
100213
100213
100213
100213
100213
100213
100213
100213
100213
100213
100213
100213
100213
100213
100213
100213
100213
100213
100213
100213
100213
100213
100213
100213
100213
100213
100213
100213
100213
100213
100213
100213
100213
100213
100213
100213
100213
100213
100213
100213
100213
100213
100213
100213
100213
100213
100213
100213
100213
100213
100213
100213
100213
100213
100213
100213
100213
100213
100213
100213
100213
100213
100213
100213
100213
100213
100213
100213
100213
100213
100213
100213
100213
100213
100213
100213
100213
100213
100213
100213
100213
100213
100213
100213
100213
100213
100213
100213
100213
100213
100213
100213
100213
100213
100213
100213
100213
100213
100213
100213
100213
100213
100213
100213
100213
100213
100213
100213
100213
100213
100213
100213
100213
100213
100213
100213
100213
100213
100213
100213
100213
100213
100213
100213
100213
100213
100213
100213
100213
100213
100213
100213
100213
100213
100213
100213
100213
100213
100213
100213
100213
100213
100213
100213
100213
100213
100213
100213
100213
100213
100213
100213
100213
100213
100213
100213
100213
100213
100213
100213
100213
100213
100213
100213
100213
100213
100213
100213
100213
100213
100213
100213
100213
100213
100213
100213
100213
100213
100213
100213
100213
100213
100213
100213
100213
100213
100213
100213
100213
100213
100213
100213
100213
100213
100213
100213
100213
100213
100213
100213
100213
100213
100213
100213
100213
100213
100213
100213
100213
100213
100213
100213
100213
100213
100213
100213
100213
100213
100213
100213
100213
100213
100213
100213
100213
100213
100213
100213
100213
100213
100213
100213
100213
100213
100213
100213
100213
100213
100213
100213
100213
100213
100213
100213
100213
100213
100213
100213
100213
100213
100213
100213
100213
100213
100213
100213
100213
100213
100213
100213
100213
100213
100213
100213
100213
100213
100213
100213
100213
100213
100213
100213
100213
100213
100213
100213
100213
100213
100213
100213
100213
100213
100213
100213
100213
100213
100213
100213
100213
100213
100213
100213
100213
100213
100213
100213
100213
100213
100213
100213
100213
100213
100213
100213
100213
100213
100213
100213
100213
100213
100213
100213
100213
100213
100213
100213
100213
100213
100213
100213
100213
100213
100213
100213
100213
100213
100213
100213
100213
100213
100213
100213
100213
100213
100213
100213
100213
100213
100213
100213
100213
100213
100213
100213
100213
100213
100213
100213
100213
100213
100213
100213
100213
100213
100213
100213
100213
100213
100213
100213
100213
100213
100213
100213
100213
100213
100213
100213
100213
100213
100213
100213
100213
100213
100213
100213
100213
100213
100213
100213
100213
100213
100213
100213
100213
100213
100213
100213
100213
100213
100213
100213
100213
100213
100213
100213
100213
100213
100213
100213
100213
100213
100213
100213
100213
100213
100213
100213
100213
100213
100213
100213
100213
100213
100213
100213
100213
100213
100213
100213
100213
100213
100213
100213
100213
100213
100213
100213
100213
100213
100213
100213
100213
100213
100213
100213
100213
100213
100213
100213
100213
100213
100213
100213
100213
100213
100213
100213
100213
100213
100213
100213
100213
100213
100213
100213
100213
100213
100213
100213
100213
100213
100213
100213
100213
100213
100213
100213
100213
100213
100213
100213
100213
100213
100213
100213
100213
100213
100213
100213
100213
100213
100213
100213
100213
100213
100213
100213
100213
100213
100213
100213
100213
100213
100213
100213
100213
100213
100213
100213
100213
100213
100213
100213
100213
100213
100213
100213
100213
100213
100213
100213
100213
100213
100213
100213
100213
100213
100213
100213
100213
100213
100213
100213
100213
100213
100213
100213
100213
100213
100213
100213
100213
100213
100213
100213
100213
100213
100213
100213
100213
100213
100213
100213
100213
100213
100213
100213
100213
100213
100213
100213
100213
100213
100213
100213
100213
100213
100213
100213
100213
100213
100213
100213
100213
100213
100213
100213
100213
100213
100213
100213
100213
100213
100213
100213
100213
100213
100213
100213
100213
100213
100213
100213
100213
100213
100213
100213
100213
100213
100213
100213
100213
100213
100213
100213
100213
100213
100213
100213
100213
100213
100213
100213
100213
100213
100213
100213
100213
100213
100213
100213
100213
100213
100213
100213
100213
100213
100213
100213
100213
100213
100213
100213
100213
100213
100213
100213
100213
100213
100213
100213
100213
100213
100213
100213
100213
100213
100213
100213
100213
100213
100213
100213
100213
100213
100213
100213
100213
100213
100213
100213
100213
100213
100213
100213
100213
100213
100213
100213
100213
100213
100213
100213
100213
100213
100213
100213
100213
100213
100213
100213
100213
100213
100213
100213
100213
100213
100213
100213
100213
100213
100213
100213
100213
100213
100213
100213
100213
100213
100213
100213
100213
100213
100213
100213
100213
100213
100213
100213
100213
100213
100213
100213
100213
100213
100213
100213
100213
100213
100213
100213
100213
100213
100213
100213
100213
100213
100213
100213
100213
100213
100213
100213
100213
100213
100213
100213
100213
100213
100213
100213
100213
100213
100213
100213
100213
100213
100213
100213
100213
100213
100213
100213
100213
100213
100213
100213
100213
100213
100213
100213
100213
100213
100213
100213
100213
100213
100213
100213
100213
100213
100213
100213
100213
100213
100213
100213
100213
100213
100213
100213
100213
100213
100213
100213
100213
100213
100213
100213
100213
100213
100213
100213
100213
100213
100213
100213
100213
100213
100213
100213
100213
100213
100213
100213
100213
100213
100213
100213
100213
100213
100213
100213
100213
100213
100213
100213
100213
100213
100213
100213
100213
100213
100213
100213
100213
100213
100213
100213
100213
100213
100213
100213
100213
100213
100213
100213
100213
100213
100213
100213
100213
100213
100213
100213
100213
100213
100213
100213
100213
100213
100213
100213
100213
100213
100213
100213
100213
100213
100213
100213
100213
100213
100213
100213
100213
100213
100213
100213
100213
100213
100213
100213
100213
100213
100213
100213
100213
100213
100213
100213
100213
100213
100213
100213
100213
100213
100213
100213
100213
100213
100213
100213
100213
100213
100213
100213
100213
100213
100213
100213
100213
100213
100213
100213
100213
100213
100213
100213
100213
100213
100213
100213
100213
100213
100213
100213
100213
100213
100213
100213
100213
100213
100213
100213
100213
100213
100213
100213
100213
100213
100213
100213
100213
100213
100213
100213
100213
100213
100213
100213
100213
100213
100213
100213
100213
100213
100213
100213
100213
100213
100213
100213
100213
100213
100213
100213
100213
100213
100213
100213
100213
100213
100213
100213
100213
100213
100213
100213
100213
100213
100213
100213
100213
100213
100213
100213
100213
100213
100213
100213
100213
100213
100213
100213
100213
100213
100213
100213
100213
100213
100213
100213
100213
100213
100213
100213
100213
100213
100213
100213
100213
100213
100213
100213
100213
100213
100213
100213
100213
100213
100213
100213
100213
100213
100213
100213
100213
100213
100213
100213
100213
100213
100213
100213
100213
100213
100213
100213
100213
100213
100213
100213
100213
100213
100213
100213
100213
100213
100213
100213
100213
100213
100213
100213
100213
100213
100213
100213
100213
100213
100213
100213
100213
100213
100213
100213
100213
100213
100213
100213
100213
100213
100213
100213
100213
100213
100213
100213
100213
100213
100213
100213
100213
100213
100213
100213
100213
100213
100213
100213
100213
100213
100213
100213
100213
100213
100213
100213
100213
100213
100213
100213
100213
100213
100213
100213
100213
100213
100213
100213
100213
100213
100213
100213
100213
100213
100213
100213
100213
100213
100213
100213
100213
100213
100213
100213
100213
100213
100213
100213
100213
100213
100213
100213
100213
100213
100213
100213
100213
100213
100213
100213
100213
100213
100213
100213
100213
100213
100213
100213
100213
100213
100213
100213
100213
100213
100213
100213
100213
100213
100213
100213
100213
100213
100213
100213
100213
100213
100213
100213
100213
100213
100213
100213
100213
100213
100213
100213
100213
100213
100213
100213
100213
100213
100213
100213
100213
100213
100213
100213
100213
100213
100213
100213
100213
100213
100213
100213
100213
100213
100213
100213
100213
100213
100213
100213
100213
100213
100213
100213
100213
100213
100213
100213
100213
100213
100213
100213
100213
100213
100213
100213
100213
100213
100213
100213
100213
100213
100213
100213
100213
100213
100213
100213
100213
100213
100213
100213
100213
100213
100213
100213
100213
100213
100213
100213
100213
100213
100213
100213
100213
100213
100213
100213
100213
100213
100213
100213
100213
100213
100213
100213
100213
100213
100213
100213
100213
100213
100213
100213
100213
100213
100213
100213
100213
100213
100213
100213
100213
100213
100213
100213
100213
100213
100213
100213
100213
100213
100213
100213
100213
100213
100213
100213
100213
100213
100213
100213
100213
100213
100213
100213
100213
100213
100213
100213
100213
100213
100213
100213
100213
100213
100213
100213
100213
100213
100213
100213
100213
100213
100213
100213
100213
100213
100213
100213
100213
100213
100213
100213
100213
100213
100213
100213
100213
100213
100213
100213
100213
100213
100213
100213
100213
100213
100213
100213
100213
100213
100213
100213
100213
100213
100213
100213
100213
100213
100213
100213
100213
100213
100213
100213
100213
100213
100213
100213
100213
100213
100213
100213
100213
100213
100213
100213
100213
100213
100213
100213
100213
100213
100213
100213
100213
100213
100213
100213
100213
100213
100213
100213
100213
100213
100213
100213
100213
100213
100213
100213
100213
100213
100213
100213
100213
100213
100213
100213
100213
100213
100213
100213
100213
100213
100213
100213
100213
100213
100213
100213
100213
100213
100213
100213
100213
100213
100213
100213
100213
100213
100213
100213
100213
100213
100213
100213
100213
100213
100213
100213
100213
100213
100213
100213
100213
100213
100213
100213
100213
100213
100213
100213
100213
100213
100213
100213
100213
100213
100213
100213
100213
100213
100213
100213
100213
100213
100213
100213
100213
100213
100213
100213
100213
100213
100213
100213
100213
100213
100213
100213
100213
100213
100213
100213
100213
100213
100213
100213
100213
100213
100213
100213
100213
100213
100213
100213
100213
100213
100213
100213
100213
100213
100213
100213
100213
100213
100213
100213
100213
100213
100213
100213
100213
100213
100213
100213
100213
100213
100213
100213
100213
100213
100213
100213
100213
100213
100213
100213
100213
100213
100213
100213
100213
100213
100213
100213
100213
100213
100213
100213
100213
100213
100213
100213
100213
100213
100213
100213
100213
100213
100213
100213
100213
100213
100213
100213
100213
100213
100213
100213
100213
100213
100213
100213
100213
100213
100213
100213
100213
100213
100213
100213
100213
100213
100213
100213
100213
100213
100213
100213
100213
100213
100213
100213
100213
100213
100213
100213
100213
100213
100213
100213
100213
100213
100213
100213
100213
100213
100213
100213
100213
100213
100213
100213
100213
100213
100213
100213
100213
100213
100213
100213
100213
100213
100213
100213
100213
100213
100213
100213
100213
100213
100213
100213
100213
100213
100213
100213
100213
100213
100213
100213
100213
100213
100213
100213
100213
100213
100213
100213
100213
100213
100213
100213
100213
100213
100213
100213
100213
100213
100213
100213
100213
100213
100213
100213
100213
100213
100213
100213
100213
100213
100213
100213
100213
100213
100213
100213
100213
100213
100213
100213
100213
100213
100213
100213
100213
100213
100213
100213
100213
100213
100213
100213
100213
100213
100213
100213
100213
100213
100213
100213
100213
100213
100213
100213
100213
100213
100213
100213
100213
100213
100213
100213
100213
100213
100213
100213
100213
100213
100213
100213
100213
100213
100213
100213
100213
100213
100213
100213
100213
100213
100213
100213
100213
100213
100213
100213
100213
100213
100213
100213
100213
100213
100213
100213
100213
100213
100213
100213
100213
100213
100213
100213
100213
100213
100213
100213
100213
100213
100213
100213
100213
100213
100213
100213
100213
100213
100213
100213
100213
100213
100213
100213
100213
100213
100213
100213
100213
100213
100213
100213
100213
100213
100213
100213
100213
100213
100213
100213
100213
100213
100213
100213
100213
100213
100213
100213
100213
100213
100213
100213
100213
100213
100213
100213
100213
100213
100213
100213
100213
100213
100213
100213
100213
100213
100213
100213
100213
100213
100213
100213
100213
100213
100213
100213
100213
100213
100213
100213
100213
100213
100213
100213
100213
100213
100213
100213
100213
100213
100213
100213
100213
100213
100213
100213
100213
100213
100213
100213
100213
100213
100213
100213
100213
100213
100213
100213
100213
100213
100213
100213
100213
100213
100213
100213
100213
100213
100213
100213
100213
100213
100213
100213
100213
100213
100213
100213
100213
100213
100213
100213
100213
100213
100213
100213
100213
100213
100213
100213
100213
100213
100213
100213
100213
100213
100213
100213
100213
100213
100213
100213
100213
100213
100213
100213
100213
100213
100213
100213
100213
100213
100213
100213
100213
100213
100213
100213
100213
100213
100213
100213
100213
100213
100213
100213
100213
100213
100213
100213
100213
100213
100213
100213
100213
100213
100213
100213
100213
100213
100213
100213
100213
100213
100213
100213
100213
100213
100213
100213
100213
100213
100213
100213
100213
100213
100213
100213
100213
100213
100213
100213
100213
100213
100213
100213
100213
100213
100213
100213
100213
100213
100213
100213
100213
100213
100213
100213
100213
100213
100213
100213
100213
100213
100213
100213
100213
100213
100213
100213
100213
100213
100213
100213
100213
100213
100213
100213
100213
100213
100213
100213
100213
100213
100213
100213
100213
100213
100213
100213
100213
100213
100213
100213
100213
100213
100213
100213
100213
100213
100213
100213
100213
100213
100213
100213
100213
100213
100213
100213
100213
100213
100213
100213
100213
100213
100213
100213
100213
100213
100213
100213
100213
100213
100213
100213
100213
100213
100213
100213
100213
100213
100213
100213
100213
100213
100213
100213
100213
100213
100213
100213
100213
100213
100213
100213
100213
100213
100213
100213
100213
100213
100213
100213
100213
100213
100213
100213
100213
100213
100213
100213
100213
100213
100213
100213
100213
100213
100213
100213
100213
100213
100213
100213
100213
100213
100213
100213
100213
100213
100213
100213
100213
100213
100213
100213
100213
100213
100213
100213
100213
100213
100213
100213
100213
100213
100213
100213
100213
100213
100213
100213
100213
100213
100213
100213
100213
100213
100213
100213
100213
100213
100213
100213
100213
100213
100213
100213
100213
100213
100213
100213
100213
100213
100213
100213
100213
100213
100213
100213
100213
100213
100213
100213
100213
100213
100213
100213
100213
100213
100213
100213
100213
100213
100213
100213
100213
100213
100213
100213
100213
100213
100213
100213
100213
100213
100213
100213
100213
100213
100213
100213
100213
100213
100213
100213
100213
100213
100213
100213
100213
100213
100213
100213
100213
100213
100213
100213
100213
100213
100213
100213
100213
100213
100213
100213
100213
100213
100213
100213
100213
100213
100213
100213
100213
100213
100213
100213
100213
100213
100213
100213
100213
100213
100213
100213
100213
100213
100213
100213
100213
100213
100213
100213
100213
100213
100213
100213
100213
100213
100213
100213
100213
100213
100213
100213
100213
100213
100213
100213
100213
100213
100213
100213
100213
100213
100213
100213
100213
100213
100213
100213
100213
100213
100213
100213
100213
100213
100213
100213
100213
100213
100213
100213
100213
100213
100213
100213
100213
100213
100213
100213
100213
100213
100213
100213
100213
100213
100213
100213
100213
100213
100213
100213
100213
100213
100213
100213
100213
100213
100213
100213
100213
100213
100213
100213
100213
100213
100213
100213
100213
100213
100213
100213
100213
100213
100213
100213
100213
100213
100213
100213
100213
100213
100213
100213
100213
100213
100213
100213
100213
100213
100213
100213
100213
100213
100213
100213
100213
100213
100213
100213
100213
100213
100213
100213
100213
100213
100213
100213
100213
100213
100213
100213
100213
100213
100213
100213
100213
100213
100213
100213
100213
100213
100213
100213
100213
100213
100213
100213
100213
100213
100213
100213
100213
100213
100213
100213
100213
100213
100213
100213
100213
100213
100213
100213
100213
100213
100213
100213
100213
100213
100213
100213
100213
100213
100213
100213
100213
100213
100213
100213
100213
100213
100213
100213
100213
100213
100213
100213
100213
100213
100213
100213
100213
100213
100213
100213
100213
100213
100213
100213
100213
100213
100213
100213
100213
100213
100213
100213
100213
100213
100213
100213
100213
100213
100213
100213
100213
100213
100213
100213
100213
100213
100213
100213
100213
100213
100213
100213
100213
100213
100213
100213
100213
100213
100213
100213
100213
100213
100213
100213
100213
100213
100213
100213
100213
100213
100213
100213
100213
100213
100213
100213
100213
100213
100213
100213
100213
100213
100213
100213
100213
100213
100213
100213
100213
100213
100213
100213
100213
100213
100213
100213
100213
100213
100213
100213
100213
100213
100213
100213
100213
100213
100213
100213
100213
100213
100213
100213
100213
100213
100213
100213
100213
100213
100213
100213
100213
100213
100213
100213
100213
100213
100213
100213
100213
100213
100213
100213
100213
100213
100213
100213
100213
100213
100213
100213
100213
100213
100213
100213
100213
100213
100213
100213
100213
100213
100213
100213
100213
100213
100213
100213
100213
100213
100213
100213
100213
100213
100213
100213
100213
100213
100213
100213
100213
100213
100213
100213
100213
100213
100213
100213
100213
100213
100213
100213
100213
100213
100213
100213
100213
100213
100213
100213
100213
100213
100213
100213
100213
100213
100213
100213
100213
100213
100213
100213
100213
100213
100213
100213
100213
100213
100213
100213
100213
100213
100213
100213
100213
100213
100213
100213
100213
100213
100213
100213
100213
100213
100213
100213
100213
100213
100213
100213
100213
100213
100213
100213
100213
100213
100213
100213
100213
100213
100213
100213
100213
100213
100213
100213
100213
100213
100213
100213
100213
100213
100213
100213
100213
100213
100213
100213
100213
100213
100213
100213
100213
100213
100213
100213
100213
100213
100213
100213
100213
100213
100213
100213
100213
100213
100213
100213
100213
100213
100213
100213
100213
100213
100213
100213
100213
100213
100213
100213
100213
100213
100213
100213
100213
100213
100213
100213
100213
100213
100213
100213
100213
100213
100213
100213
100213
100213
100213
100213
100213
100213
100213
100213
100213
100213
100213
100213
100213
100213
100213
100213
100213
100213
100213
100213
100213
100213
100213
100213
100213
100213
100213
100213
100213
100213
100213
100213
100213
100213
100213
100213
100213
100213
100213
100213
100213
100213
100213
100213
100213
100213
100213
100213
100213
100213
100213
100213
100213
100213
100213
100213
100213
100213
100213
100213
100213
100213
100213
100213
100213
100213
100213
100213
100213
100213
100213
100213
100213
100213
100213
100213
100213
100213
100213
100213
100213
100213
100213
100213
100213
100213
100213
100213
100213
100213
100213
100213
100213
100213
100213
100213
100213
100213
100213
100213
100213
100213
100213
100213
100213
100213
100213
100213
100213
100213
100213
100213
100213
100213
100213
100213
100213
100213
100213
100213
100213
100213
100213
100213
100213
100213
100213
)
;

boundaryField
{
    floor
    {
        type            fixedFluxPressure;
        gradient        uniform 0;
        value           nonuniform List<scalar> 
400
(
100213
100213
100213
100213
100213
100213
100213
100213
100213
100213
100213
100213
100213
100213
100213
100213
100213
100213
100213
100213
100213
100213
100213
100213
100213
100213
100213
100213
100213
100213
100213
100213
100213
100213
100213
100213
100213
100213
100213
100213
100213
100213
100213
100213
100213
100213
100213
100213
100213
100213
100213
100213
100213
100213
100213
100213
100213
100213
100213
100213
100213
100213
100213
100213
100213
100213
100213
100213
100213
100213
100213
100213
100213
100213
100213
100213
100213
100213
100213
100213
100213
100213
100213
100213
100213
100213
100213
100213
100213
100213
100213
100213
100213
100213
100213
100213
100213
100213
100213
100213
100213
100213
100213
100213
100213
100213
100213
100213
100213
100213
100213
100213
100213
100213
100213
100213
100213
100213
100213
100213
100213
100213
100213
100213
100213
100213
100213
100213
100213
100213
100213
100213
100213
100213
100213
100213
100213
100213
100213
100213
100213
100213
100213
100213
100213
100213
100213
100213
100213
100213
100213
100213
100213
100213
100213
100213
100213
100213
100213
100213
100213
100213
100213
100213
100213
100213
100213
100213
100213
100213
100213
100213
100213
100213
100213
100213
100213
100213
100213
100213
100213
100213
100213
100213
100213
100213
100213
100213
100213
100213
100213
100213
100213
100213
100213
100213
100213
100213
100213
100213
100213
100213
100213
100213
100213
100213
100213
100213
100213
100213
100213
100213
100213
100213
100213
100213
100213
100213
100213
100213
100213
100213
100213
100213
100213
100213
100213
100213
100213
100213
100213
100213
100213
100213
100213
100213
100213
100213
100213
100213
100213
100213
100213
100213
100213
100213
100213
100213
100213
100213
100213
100213
100213
100213
100213
100213
100213
100213
100213
100213
100213
100213
100213
100213
100213
100213
100213
100213
100213
100213
100213
100213
100213
100213
100213
100213
100213
100213
100213
100213
100213
100213
100213
100213
100213
100213
100213
100213
100213
100213
100213
100213
100213
100213
100213
100213
100213
100213
100213
100213
100213
100213
100213
100213
100213
100213
100213
100213
100213
100213
100213
100213
100213
100213
100213
100213
100213
100213
100213
100213
100213
100213
100213
100213
100213
100213
100213
100213
100213
100213
100213
100213
100213
100213
100213
100213
100213
100213
100213
100213
100213
100213
100213
100213
100213
100213
100213
100213
100213
100213
100213
100213
100213
100213
100213
100213
100213
100213
100213
100213
100213
100213
100213
100213
100213
100213
100213
100213
100213
100213
100213
100213
100213
100213
100213
100213
100213
100213
100213
100213
100213
100213
100213
100213
100213
100213
100213
100213
100213
100213
100213
100213
100213
100213
100213
100213
100213
100213
100213
100213
)
;
    }
    ceiling
    {
        type            fixedFluxPressure;
        gradient        nonuniform List<scalar> 
400
(
0.382611
0.384819
0.387227
0.389487
0.391527
0.393324
0.394815
0.395911
0.396471
0.396232
0.395653
0.395342
0.394529
0.393259
0.391632
0.389725
0.387585
0.385223
0.382672
0.380144
0.384819
0.387083
0.389691
0.392253
0.394674
0.396903
0.398848
0.400357
0.401216
0.401105
0.400311
0.399838
0.398694
0.396981
0.394875
0.392511
0.389965
0.387265
0.384471
0.381869
0.387227
0.389691
0.392465
0.395238
0.397943
0.400521
0.402883
0.404816
0.406014
0.406076
0.405055
0.404389
0.402881
0.400726
0.398188
0.395469
0.39264
0.389722
0.386772
0.384026
0.389487
0.392253
0.395238
0.39825
0.401303
0.40429
0.407125
0.409548
0.411174
0.411477
0.410144
0.409249
0.407314
0.404667
0.401655
0.398547
0.395385
0.392221
0.389085
0.386105
0.391527
0.394674
0.397943
0.401303
0.404733
0.408287
0.411775
0.414886
0.41717
0.417961
0.416122
0.414778
0.412215
0.408909
0.405271
0.401625
0.398128
0.394649
0.391275
0.387988
0.393324
0.396903
0.400521
0.40429
0.408287
0.412543
0.41684
0.420879
0.424169
0.425907
0.423319
0.421159
0.41767
0.413501
0.409108
0.404804
0.400795
0.396963
0.393299
0.389651
0.394815
0.398848
0.402883
0.407125
0.411775
0.41684
0.422164
0.427521
0.432458
0.436162
0.432409
0.428629
0.423671
0.418307
0.412977
0.407927
0.403324
0.399101
0.395075
0.39104
0.395911
0.400357
0.404816
0.409548
0.414886
0.420879
0.427521
0.434794
0.442561
0.450648
0.444853
0.43758
0.430171
0.423099
0.4166
0.410723
0.405504
0.400856
0.396464
0.392072
0.396471
0.401216
0.406014
0.411174
0.41717
0.424169
0.432458
0.442561
0.45546
0.473288
0.463569
0.448597
0.436917
0.427427
0.419521
0.412783
0.406995
0.401975
0.397274
0.392612
0.396232
0.401105
0.406076
0.411477
0.417961
0.425907
0.436162
0.450648
0.473288
0.514226
0.496389
0.463193
0.443429
0.43045
0.420993
0.413503
0.40732
0.402082
0.397195
0.392397
0.395653
0.400311
0.405055
0.410144
0.416122
0.423319
0.432409
0.444853
0.463569
0.496389
0.479189
0.453892
0.438004
0.427004
0.418688
0.41194
0.406248
0.401292
0.396613
0.391991
0.395342
0.399838
0.404389
0.409249
0.414778
0.421159
0.428629
0.43758
0.448597
0.463193
0.453892
0.441965
0.432093
0.423825
0.41681
0.410744
0.40544
0.400682
0.396188
0.391717
0.394529
0.398694
0.402881
0.407314
0.412215
0.41767
0.423671
0.430171
0.436917
0.443429
0.438004
0.432093
0.425741
0.419544
0.413772
0.408496
0.403732
0.399337
0.395168
0.390987
0.393259
0.396981
0.400726
0.404667
0.408909
0.413501
0.418307
0.423099
0.427427
0.43045
0.427004
0.423825
0.419544
0.414819
0.41008
0.405556
0.40137
0.397406
0.393625
0.389834
0.391632
0.394875
0.398188
0.401655
0.405271
0.409108
0.412977
0.4166
0.419521
0.420993
0.418688
0.41681
0.413772
0.41008
0.406165
0.402311
0.398673
0.395124
0.391715
0.388343
0.389725
0.392511
0.395469
0.398547
0.401625
0.404804
0.407927
0.410723
0.412783
0.413503
0.41194
0.410744
0.408496
0.405556
0.402311
0.399042
0.395861
0.39266
0.38956
0.386587
0.387585
0.389965
0.39264
0.395385
0.398128
0.400795
0.403324
0.405504
0.406995
0.407319
0.406248
0.40544
0.403732
0.40137
0.398673
0.395861
0.392954
0.390075
0.38723
0.384607
0.385223
0.387265
0.389722
0.392221
0.394649
0.396963
0.399101
0.400856
0.401975
0.402082
0.401292
0.400682
0.399337
0.397406
0.395124
0.39266
0.390075
0.387419
0.384765
0.382419
0.382672
0.384471
0.386772
0.389085
0.391275
0.393299
0.395075
0.396464
0.397274
0.397195
0.396613
0.396188
0.395168
0.393625
0.391715
0.38956
0.38723
0.384765
0.382254
0.380088
0.380144
0.381869
0.384026
0.386105
0.387988
0.389651
0.39104
0.392072
0.392612
0.392397
0.391991
0.391717
0.390987
0.389834
0.388343
0.386587
0.384607
0.382419
0.380088
0.377967
)
;
        value           nonuniform List<scalar> 
400
(
100213
100213
100213
100213
100213
100213
100213
100213
100213
100213
100213
100213
100213
100213
100213
100213
100213
100213
100213
100213
100213
100213
100213
100213
100213
100213
100213
100213
100213
100213
100213
100213
100213
100213
100213
100213
100213
100213
100213
100213
100213
100213
100213
100213
100213
100213
100213
100213
100213
100213
100213
100213
100213
100213
100213
100213
100213
100213
100213
100213
100213
100213
100213
100213
100213
100213
100213
100213
100213
100213
100213
100213
100213
100213
100213
100213
100213
100213
100213
100213
100213
100213
100213
100213
100213
100213
100213
100213
100213
100213
100213
100213
100213
100213
100213
100213
100213
100213
100213
100213
100213
100213
100213
100213
100213
100213
100213
100213
100213
100213
100213
100213
100213
100213
100213
100213
100213
100213
100213
100213
100213
100213
100213
100213
100213
100213
100213
100213
100213
100213
100213
100213
100213
100213
100213
100213
100213
100213
100213
100213
100213
100213
100213
100213
100213
100213
100213
100213
100213
100213
100213
100213
100213
100213
100213
100213
100213
100213
100213
100213
100213
100213
100213
100213
100213
100213
100213
100213
100213
100213
100213
100213
100213
100213
100213
100213
100213
100213
100213
100213
100213
100213
100213
100213
100213
100213
100213
100213
100213
100213
100213
100213
100213
100213
100213
100213
100213
100213
100213
100213
100213
100213
100213
100213
100213
100213
100213
100213
100213
100213
100213
100213
100213
100213
100213
100213
100213
100213
100213
100213
100213
100213
100213
100213
100213
100213
100213
100213
100213
100213
100213
100213
100213
100213
100213
100213
100213
100213
100213
100213
100213
100213
100213
100213
100213
100213
100213
100213
100213
100213
100213
100213
100213
100213
100213
100213
100213
100213
100213
100213
100213
100213
100213
100213
100213
100213
100213
100213
100213
100213
100213
100213
100213
100213
100213
100213
100213
100213
100213
100213
100213
100213
100213
100213
100213
100213
100213
100213
100213
100213
100213
100213
100213
100213
100213
100213
100213
100213
100213
100213
100213
100213
100213
100213
100213
100213
100213
100213
100213
100213
100213
100213
100213
100213
100213
100213
100213
100213
100213
100213
100213
100213
100213
100213
100213
100213
100213
100213
100213
100213
100213
100213
100213
100213
100213
100213
100213
100213
100213
100213
100213
100213
100213
100213
100213
100213
100213
100213
100213
100213
100213
100213
100213
100213
100213
100213
100213
100213
100213
100213
100213
100213
100213
100213
100213
100213
100213
100213
100213
100213
100213
100213
100213
100213
100213
100213
100213
100213
100213
100213
100213
100213
100213
100213
100213
100213
100213
100213
100213
100213
100213
100213
100213
100213
100213
100213
100213
100213
100213
100213
)
;
    }
    fixedWalls
    {
        type            fixedFluxPressure;
        gradient        uniform 0;
        value           nonuniform List<scalar> 
800
(
100213
100213
100213
100213
100213
100213
100213
100213
100213
100213
100213
100213
100213
100213
100213
100213
100213
100213
100213
100213
100213
100213
100213
100213
100213
100213
100213
100213
100213
100213
100213
100213
100213
100213
100213
100213
100213
100213
100213
100213
100213
100213
100213
100213
100213
100213
100213
100213
100213
100213
100213
100213
100213
100213
100213
100213
100213
100213
100213
100213
100213
100213
100213
100213
100213
100213
100213
100213
100213
100213
100213
100213
100213
100213
100213
100213
100213
100213
100213
100213
100213
100213
100213
100213
100213
100213
100213
100213
100213
100213
100213
100213
100213
100213
100213
100213
100213
100213
100213
100213
100213
100213
100213
100213
100213
100213
100213
100213
100213
100213
100213
100213
100213
100213
100213
100213
100213
100213
100213
100213
100213
100213
100213
100213
100213
100213
100213
100213
100213
100213
100213
100213
100213
100213
100213
100213
100213
100213
100213
100213
100213
100213
100213
100213
100213
100213
100213
100213
100213
100213
100213
100213
100213
100213
100213
100213
100213
100213
100213
100213
100213
100213
100213
100213
100213
100213
100213
100213
100213
100213
100213
100213
100213
100213
100213
100213
100213
100213
100213
100213
100213
100213
100213
100213
100213
100213
100213
100213
100213
100213
100213
100213
100213
100213
100213
100213
100213
100213
100213
100213
100213
100213
100213
100213
100213
100213
100213
100213
100213
100213
100213
100213
100213
100213
100213
100213
100213
100213
100213
100213
100213
100213
100213
100213
100213
100213
100213
100213
100213
100213
100213
100213
100213
100213
100213
100213
100213
100213
100213
100213
100213
100213
100213
100213
100213
100213
100213
100213
100213
100213
100213
100213
100213
100213
100213
100213
100213
100213
100213
100213
100213
100213
100213
100213
100213
100213
100213
100213
100213
100213
100213
100213
100213
100213
100213
100213
100213
100213
100213
100213
100213
100213
100213
100213
100213
100213
100213
100213
100213
100213
100213
100213
100213
100213
100213
100213
100213
100213
100213
100213
100213
100213
100213
100213
100213
100213
100213
100213
100213
100213
100213
100213
100213
100213
100213
100213
100213
100213
100213
100213
100213
100213
100213
100213
100213
100213
100213
100213
100213
100213
100213
100213
100213
100213
100213
100213
100213
100213
100213
100213
100213
100213
100213
100213
100213
100213
100213
100213
100213
100213
100213
100213
100213
100213
100213
100213
100213
100213
100213
100213
100213
100213
100213
100213
100213
100213
100213
100213
100213
100213
100213
100213
100213
100213
100213
100213
100213
100213
100213
100213
100213
100213
100213
100213
100213
100213
100213
100213
100213
100213
100213
100213
100213
100213
100213
100213
100213
100213
100213
100213
100213
100213
100213
100213
100213
100213
100213
100213
100213
100213
100213
100213
100213
100213
100213
100213
100213
100213
100213
100213
100213
100213
100213
100213
100213
100213
100213
100213
100213
100213
100213
100213
100213
100213
100213
100213
100213
100213
100213
100213
100213
100213
100213
100213
100213
100213
100213
100213
100213
100213
100213
100213
100213
100213
100213
100213
100213
100213
100213
100213
100213
100213
100213
100213
100213
100213
100213
100213
100213
100213
100213
100213
100213
100213
100213
100213
100213
100213
100213
100213
100213
100213
100213
100213
100213
100213
100213
100213
100213
100213
100213
100213
100213
100213
100213
100213
100213
100213
100213
100213
100213
100213
100213
100213
100213
100213
100213
100213
100213
100213
100213
100213
100213
100213
100213
100213
100213
100213
100213
100213
100213
100213
100213
100213
100213
100213
100213
100213
100213
100213
100213
100213
100213
100213
100213
100213
100213
100213
100213
100213
100213
100213
100213
100213
100213
100213
100213
100213
100213
100213
100213
100213
100213
100213
100213
100213
100213
100213
100213
100213
100213
100213
100213
100213
100213
100213
100213
100213
100213
100213
100213
100213
100213
100213
100213
100213
100213
100213
100213
100213
100213
100213
100213
100213
100213
100213
100213
100213
100213
100213
100213
100213
100213
100213
100213
100213
100213
100213
100213
100213
100213
100213
100213
100213
100213
100213
100213
100213
100213
100213
100213
100213
100213
100213
100213
100213
100213
100213
100213
100213
100213
100213
100213
100213
100213
100213
100213
100213
100213
100213
100213
100213
100213
100213
100213
100213
100213
100213
100213
100213
100213
100213
100213
100213
100213
100213
100213
100213
100213
100213
100213
100213
100213
100213
100213
100213
100213
100213
100213
100213
100213
100213
100213
100213
100213
100213
100213
100213
100213
100213
100213
100213
100213
100213
100213
100213
100213
100213
100213
100213
100213
100213
100213
100213
100213
100213
100213
100213
100213
100213
100213
100213
100213
100213
100213
100213
100213
100213
100213
100213
100213
100213
100213
100213
100213
100213
100213
100213
100213
100213
100213
100213
100213
100213
100213
100213
100213
100213
100213
100213
100213
100213
100213
100213
100213
100213
100213
100213
100213
100213
100213
100213
100213
100213
100213
100213
100213
100213
100213
100213
100213
100213
100213
100213
100213
100213
100213
100213
100213
100213
100213
100213
100213
100213
100213
100213
100213
100213
100213
100213
100213
100213
100213
100213
100213
100213
100213
100213
100213
100213
100213
100213
100213
100213
100213
100213
100213
100213
100213
100213
100213
100213
100213
100213
100213
100213
100213
100213
100213
100213
100213
100213
100213
100213
100213
100213
100213
100213
100213
100213
)
;
    }
}


// ************************************************************************* //
