/*--------------------------------*- C++ -*----------------------------------*\
| =========                 |                                                 |
| \\      /  F ield         | OpenFOAM: The Open Source CFD Toolbox           |
|  \\    /   O peration     | Version:  v2012                                 |
|   \\  /    A nd           | Website:  www.openfoam.com                      |
|    \\/     M anipulation  |                                                 |
\*---------------------------------------------------------------------------*/
FoamFile
{
    version     2.0;
    format      ascii;
    class       volScalarField;
    location    "1800/rightSolid";
    object      T;
}
// * * * * * * * * * * * * * * * * * * * * * * * * * * * * * * * * * * * * * //

dimensions      [0 0 0 1 0 0 0];


internalField   nonuniform List<scalar> 
130
(
471.265
470.951
470.5652
470.1415
469.7087
469.288
468.8962
468.5454
468.2445
467.9988
467.8127
467.6887
467.6281
471.6503
471.2532
470.7899
470.302
469.8194
469.3619
468.9437
468.5747
468.2613
468.0076
467.8167
467.6902
467.6289
472.4574
471.8607
471.2277
470.609
470.0311
469.5064
469.0417
468.641
468.3066
468.0393
467.8402
467.7092
467.646
473.7041
472.7081
471.7931
470.9864
470.2859
469.6816
469.1653
468.7309
468.3745
468.093
467.8852
467.7495
467.6843
475.205
473.5197
472.2592
471.2687
470.4655
469.8017
469.25
468.7944
468.4252
468.1359
467.9233
467.7846
467.7179
475.2054
473.5201
472.2595
471.2691
470.4659
469.8021
469.2505
468.7948
468.4257
468.1364
467.9238
467.7851
467.7184
473.7051
472.7092
471.7942
470.9876
470.2871
469.6829
469.1667
468.7324
468.3761
468.0945
467.8864
467.7507
467.6858
472.4591
471.8624
471.2295
470.6109
470.0331
469.5084
469.0439
468.6434
468.3092
468.0419
467.8425
467.7115
467.6486
471.6526
471.2555
470.7923
470.3045
469.822
469.3647
468.9467
468.5778
468.2647
468.0112
467.8203
467.694
467.6327
471.2674
470.9535
470.5678
470.1443
469.7116
469.2911
468.8995
468.549
468.2483
468.0029
467.817
467.6933
467.6331
)
;

boundaryField
{
    maxX
    {
        type            zeroGradient;
    }
    minZ
    {
        type            zeroGradient;
    }
    maxZ
    {
        type            zeroGradient;
    }
    rightSolid_to_bottomAir
    {
        type            compressible::turbulentTemperatureRadCoupledMixed;
        refValue        nonuniform List<scalar> 
130
(
472.8621
472.6263
472.3284
471.9884
471.6213
471.2384
470.849
470.4602
470.0755
469.6933
469.3066
468.9106
468.5586
473.6392
473.3403
472.9685
472.5554
472.1204
471.6769
471.2358
470.8044
470.3859
469.9773
469.5681
469.1429
468.7395
474.5064
474.091
473.6194
473.1176
472.6
472.0791
471.5689
471.0784
470.6105
470.1615
469.719
469.2644
468.8339
475.9368
475.0881
474.3435
473.6673
473.028
472.4179
471.8393
471.2936
470.7796
470.2924
469.8178
469.3362
468.886
478.5933
476.2921
474.9926
474.0657
473.293
472.6018
471.9703
471.3896
470.8495
470.3421
469.8516
469.3579
468.9019
478.5942
476.2926
474.9929
474.066
473.2932
472.6021
471.9706
471.3899
470.8498
470.3424
469.852
469.3583
468.9024
475.937
475.0884
474.3441
473.6679
473.0287
472.4188
471.8403
471.2946
470.7807
470.2935
469.819
469.3373
468.8873
474.5073
474.0921
473.6207
473.119
472.6016
472.0808
471.5706
471.0802
470.6124
470.1635
469.721
469.2664
468.8361
473.6409
473.3422
472.9706
472.5577
472.1228
471.6793
471.2383
470.807
470.3885
469.9801
469.571
469.1459
468.7428
472.8644
472.6289
472.3312
471.9914
471.6244
471.2415
470.8523
470.4636
470.0789
469.6968
469.3103
468.9145
468.5628
)
;
        refGradient     nonuniform List<scalar> 
130
(
0.0007539647
0.0007539647
0.0007539647
0.0007539647
0.03786207
0.03786207
0.03786207
0.03786207
0.05147898
0.05147898
0.05147898
0.05147898
0.05195326
0.0007539647
0.0007539647
0.0007539647
0.0007539647
0.03786207
0.03786207
0.03786207
0.03786207
0.05147898
0.05147898
0.05147898
0.05147898
0.05195326
-0.03830329
-0.03830329
-0.03830329
-0.03830329
0.02358258
0.02358258
0.02358258
0.02358258
0.04686262
0.04686262
0.05195326
0.05195326
0.05195326
-0.03830329
-0.03830329
-0.03830329
-0.03830329
0.02358258
0.02358258
0.02358258
0.02358258
0.04686262
0.04686262
0.05195326
0.05195326
0.05195326
-0.06567196
-0.06567196
-0.06567196
-0.06567196
0.01830564
0.01830564
0.01830564
0.01830564
0.04686262
0.04686262
0.0515729
0.0515729
0.0515729
-0.06567196
-0.06567196
-0.06567196
-0.06567196
0.01830564
0.01830564
0.01830564
0.01830564
0.04686262
0.04686262
0.0515729
0.0515729
0.0515729
-0.03783505
-0.03783505
-0.03783505
-0.03783505
0.02434647
0.02434647
0.02434647
0.02434647
0.05137385
0.05137385
0.05137385
0.05137385
0.0515729
-0.03783505
-0.03783505
-0.03783505
-0.03783505
0.02434647
0.02434647
0.02434647
0.02434647
0.05137385
0.05137385
0.05137385
0.05137385
0.0515729
0.0007442529
0.0007442529
0.0007442529
0.0007442529
0.03812038
0.03812038
0.03812038
0.03812038
0.05151507
0.05151507
0.05151507
0.05151507
0.05151507
0.0007442529
0.0007442529
0.0007442529
0.0007442529
0.03812038
0.03812038
0.03812038
0.03812038
0.05151507
0.05151507
0.05151507
0.05151507
0.05151507
)
;
        valueFraction   nonuniform List<scalar> 
130
(
0.0003213253
0.0003213253
0.0003213253
0.0003213253
0.0003213253
0.0003213253
0.0003213253
0.0003213253
0.0003213253
0.0003213253
0.0003213253
0.0003213253
0.0003213253
0.0003213253
0.0003213253
0.0003213253
0.0003213253
0.0003213253
0.0003213253
0.0003213253
0.0003213253
0.0003213253
0.0003213253
0.0003213253
0.0003213253
0.0003213253
0.0003213253
0.0003213253
0.0003213253
0.0003213253
0.0003213253
0.0003213253
0.0003213253
0.0003213253
0.0003213253
0.0003213253
0.0003213253
0.0003213253
0.0003213253
0.0003213253
0.0003213253
0.0003213253
0.0003213253
0.0003213253
0.0003213253
0.0003213253
0.0003213253
0.0003213253
0.0003213253
0.0003213253
0.0003213253
0.0003213253
0.0003213253
0.0003213253
0.0003213253
0.0003213253
0.0003213253
0.0003213253
0.0003213253
0.0003213253
0.0003213253
0.0003213253
0.0003213253
0.0003213253
0.0003213253
0.0003213253
0.0003213253
0.0003213253
0.0003213253
0.0003213253
0.0003213253
0.0003213253
0.0003213253
0.0003213253
0.0003213253
0.0003213253
0.0003213253
0.0003213253
0.0003213253
0.0003213253
0.0003213253
0.0003213253
0.0003213253
0.0003213253
0.0003213253
0.0003213253
0.0003213253
0.0003213253
0.0003213253
0.0003213253
0.0003213253
0.0003213253
0.0003213253
0.0003213253
0.0003213253
0.0003213253
0.0003213253
0.0003213253
0.0003213253
0.0003213253
0.0003213253
0.0003213253
0.0003213253
0.0003213253
0.0003213253
0.0003213253
0.0003213253
0.0003213253
0.0003213253
0.0003213253
0.0003213253
0.0003213253
0.0003213253
0.0003213253
0.0003213253
0.0003213253
0.0003213253
0.0003213253
0.0003213253
0.0003213253
0.0003213253
0.0003213253
0.0003213253
0.0003213253
0.0003213253
0.0003213253
0.0003213253
0.0003213253
0.0003213253
0.0003213253
)
;
        value           nonuniform List<scalar> 
130
(
471.2593
470.9452
470.5593
470.1356
469.7028
469.282
468.8901
468.5393
468.2383
467.9926
467.8063
467.6822
467.6215
471.6447
471.2476
470.7842
470.2962
469.8136
469.356
468.9378
468.5686
468.2552
468.0014
467.8104
467.6838
467.6223
472.4519
471.8551
471.222
470.6032
470.0255
469.5006
469.0358
468.635
468.3005
468.0331
467.834
467.7028
467.6395
473.6989
472.7028
471.7876
470.9808
470.2804
469.6759
469.1595
468.7249
468.3684
468.0869
467.879
467.7431
467.6778
475.2004
473.5145
472.2537
471.263
470.46
469.796
469.2442
468.7884
468.4192
468.1297
467.9171
467.7782
467.7114
475.2008
473.5149
472.254
471.2634
470.4604
469.7964
469.2446
468.7889
468.4197
468.1302
467.9175
467.7787
467.7119
473.6999
472.7038
471.7886
470.9819
470.2816
469.6772
469.1608
468.7264
468.3701
468.0884
467.8802
467.7443
467.6793
472.4536
471.8568
471.2238
470.6051
470.0274
469.5027
469.038
468.6374
468.3031
468.0357
467.8362
467.7051
467.6421
471.647
471.2499
470.7866
470.2987
469.8162
469.3588
468.9408
468.5718
468.2586
468.005
467.814
467.6875
467.6262
471.2616
470.9477
470.5619
470.1383
469.7057
469.2851
468.8934
468.5428
468.2421
467.9966
467.8107
467.6869
467.6265
)
;
        Tnbr            T;
        qrNbr           qr;
        qr              none;
        thermalInertia  false;
        thicknessLayers List<scalar> 0();
        kappaLayers     List<scalar> 0();
        kappaMethod     solidThermo;
        kappa           none;
        alphaAni        none;
        alpha           none;
    }
    rightSolid_to_topAir
    {
        type            compressible::turbulentTemperatureRadCoupledMixed;
        refValue        nonuniform List<scalar> 
130
(
376.3068
377.2574
377.6439
377.488
376.8524
375.8242
374.5023
373.0014
371.4701
370.113
369.1872
369.1656
370.1975
365.1582
364.6133
363.6392
362.3668
360.9
359.2923
357.5711
355.8005
354.1333
352.8276
352.2438
353.2936
355.3239
366.2063
365.2692
363.4186
360.7202
357.3883
353.7506
350.1503
346.9488
344.4094
342.6841
341.9673
343.0759
346.4365
375.6045
377.4171
378.6554
379.1159
378.5796
376.8996
374.1148
370.4275
366.4283
363.0477
361.3136
363.411
367.5031
377.619
380.0384
382.2495
384.2312
385.9271
387.2468
388.0879
388.3842
388.1816
387.7195
387.5188
388.7841
392.1664
377.6192
380.0386
382.2497
384.2314
385.9273
387.2469
388.0881
388.3845
388.1819
387.72
387.5195
388.7849
392.1671
375.6049
377.4175
378.6557
379.1161
378.5797
376.8995
374.1147
370.4272
366.4285
363.0487
361.3153
363.413
367.505
366.2066
365.2693
363.4184
360.7199
357.3879
353.7503
350.1502
346.9493
344.4106
342.6859
341.9696
343.0787
346.4399
365.1591
364.6141
363.6401
362.3678
360.901
359.2933
357.5723
355.8018
354.135
352.8298
352.2467
353.2972
355.3277
376.3081
377.2587
377.6451
377.4893
376.8536
375.8255
374.5037
373.0029
371.472
370.1152
369.1899
369.1689
370.2015
)
;
        refGradient     nonuniform List<scalar> 
130
(
-2.684819
-2.684819
-2.684819
-2.684819
-2.555365
-2.555365
-2.555365
-2.555365
-2.446616
-2.446616
-2.446616
-2.446616
-2.452547
-2.684819
-2.684819
-2.684819
-2.684819
-2.555365
-2.555365
-2.555365
-2.555365
-2.446616
-2.446616
-2.446616
-2.446616
-2.452547
-2.837182
-2.837182
-2.837182
-2.837182
-2.685543
-2.685543
-2.685543
-2.685543
-2.582637
-2.582637
-2.452547
-2.452547
-2.452547
-2.837182
-2.837182
-2.837182
-2.837182
-2.685543
-2.685543
-2.685543
-2.685543
-2.582637
-2.582637
-2.452547
-2.452547
-2.452547
-2.892452
-2.892452
-2.892452
-2.892452
-2.717684
-2.717684
-2.717684
-2.717684
-2.582637
-2.582637
-2.40642
-2.40642
-2.40642
-2.892452
-2.892452
-2.892452
-2.892452
-2.717684
-2.717684
-2.717684
-2.717684
-2.582637
-2.582637
-2.40642
-2.40642
-2.40642
-2.836916
-2.836916
-2.836916
-2.836916
-2.684434
-2.684434
-2.684434
-2.684434
-2.534896
-2.534896
-2.534896
-2.534896
-2.40642
-2.836916
-2.836916
-2.836916
-2.836916
-2.684434
-2.684434
-2.684434
-2.684434
-2.534896
-2.534896
-2.534896
-2.534896
-2.40642
-2.684415
-2.684415
-2.684415
-2.684415
-2.553384
-2.553384
-2.553384
-2.553384
-2.428793
-2.428793
-2.428793
-2.428793
-2.428793
-2.684415
-2.684415
-2.684415
-2.684415
-2.553384
-2.553384
-2.553384
-2.553384
-2.428793
-2.428793
-2.428793
-2.428793
-2.428793
)
;
        valueFraction   nonuniform List<scalar> 
130
(
0.0003213253
0.0003213253
0.0003213253
0.0003213253
0.0003213253
0.0003213253
0.0003213253
0.0003213253
0.0003213253
0.0003213253
0.0003213253
0.0003213253
0.0003213253
0.0003213253
0.0003213253
0.0003213253
0.0003213253
0.0003213253
0.0003213253
0.0003213253
0.0003213253
0.0003213253
0.0003213253
0.0003213253
0.0003213253
0.0003213253
0.0003213253
0.0003213253
0.0003213253
0.0003213253
0.0003213253
0.0003213253
0.0003213253
0.0003213253
0.0003213253
0.0003213253
0.0003213253
0.0003213253
0.0003213253
0.0003213253
0.0003213253
0.0003213253
0.0003213253
0.0003213253
0.0003213253
0.0003213253
0.0003213253
0.0003213253
0.0003213253
0.0003213253
0.0003213253
0.0003213253
0.0003213253
0.0003213253
0.0003213253
0.0003213253
0.0003213253
0.0003213253
0.0003213253
0.0003213253
0.0003213253
0.0003213253
0.0003213253
0.0003213253
0.0003213253
0.0003213253
0.0003213253
0.0003213253
0.0003213253
0.0003213253
0.0003213253
0.0003213253
0.0003213253
0.0003213253
0.0003213253
0.0003213253
0.0003213253
0.0003213253
0.0003213253
0.0003213253
0.0003213253
0.0003213253
0.0003213253
0.0003213253
0.0003213253
0.0003213253
0.0003213253
0.0003213253
0.0003213253
0.0003213253
0.0003213253
0.0003213253
0.0003213253
0.0003213253
0.0003213253
0.0003213253
0.0003213253
0.0003213253
0.0003213253
0.0003213253
0.0003213253
0.0003213253
0.0003213253
0.0003213253
0.0003213253
0.0003213253
0.0003213253
0.0003213253
0.0003213253
0.0003213253
0.0003213253
0.0003213253
0.0003213253
0.0003213253
0.0003213253
0.0003213253
0.0003213253
0.0003213253
0.0003213253
0.0003213253
0.0003213253
0.0003213253
0.0003213253
0.0003213253
0.0003213253
0.0003213253
0.0003213253
0.0003213253
0.0003213253
0.0003213253
)
;
        value           nonuniform List<scalar> 
130
(
471.2175
470.9038
470.5181
470.0945
469.662
469.241
468.8488
468.4976
468.1966
467.9506
467.7642
467.6402
467.5798
471.5991
471.2019
470.7384
470.2501
469.7675
469.3096
468.8909
468.5213
468.2079
467.9538
467.7627
467.6366
467.5759
472.4059
471.809
471.1754
470.5559
469.9776
469.4517
468.986
468.5843
468.2495
467.9817
467.7829
467.6523
467.5902
473.6554
472.6602
471.7456
470.9392
470.2392
469.6344
469.1172
468.6817
468.3244
468.0419
467.8341
467.6991
467.6352
475.1567
473.4723
472.2126
471.2228
470.421
469.7576
469.2063
468.7508
468.3821
468.0927
467.8808
467.7425
467.6769
475.157
473.4726
472.2129
471.2232
470.4214
469.758
469.2067
468.7513
468.3826
468.0932
467.8813
467.7429
467.6774
473.6565
472.6612
471.7467
470.9403
470.2404
469.6357
469.1186
468.6832
468.3262
468.0436
467.835
467.6999
467.6369
472.4076
471.8107
471.1772
470.5578
469.9796
469.4538
468.9882
468.5867
468.2523
467.9844
467.7848
467.6542
467.593
471.6014
471.2042
470.7407
470.2525
469.7701
469.3124
468.8939
468.5245
468.2114
467.9574
467.7664
467.6404
467.5798
471.2199
470.9063
470.5207
470.0972
469.6649
469.2441
468.8521
468.5011
468.2005
467.9547
467.7686
467.6449
467.585
)
;
        Tnbr            T;
        qrNbr           qr;
        qr              none;
        thermalInertia  false;
        thicknessLayers List<scalar> 0();
        kappaLayers     List<scalar> 0();
        kappaMethod     solidThermo;
        kappa           none;
        alphaAni        none;
        alpha           none;
    }
    rightSolid_to_heater
    {
        type            compressible::turbulentTemperatureCoupledBaffleMixed;
        refValue        nonuniform List<scalar> 10(471.4691 471.9279 472.9275 474.6516 477.6214 477.6219 474.6527 472.9292 471.9302 471.472);
        refGradient     uniform 0;
        valueFraction   nonuniform List<scalar> 10(0.5000003 0.5000003 0.5000003 0.5000003 0.5000003 0.5000003 0.5000003 0.5000003 0.5000003 0.5000003);
        value           nonuniform List<scalar> 10(471.3639 471.786 472.6894 474.175 476.4105 476.4109 474.176 472.6911 471.7883 471.3666);
        Tnbr            T;
        thicknessLayers List<scalar> 0();
        kappaLayers     List<scalar> 0();
        kappaMethod     solidThermo;
        kappa           none;
        alphaAni        none;
        alpha           none;
        field           T;
    }
}


// ************************************************************************* //
