/*--------------------------------*- C++ -*----------------------------------*\
| =========                 |                                                 |
| \\      /  F ield         | OpenFOAM: The Open Source CFD Toolbox           |
|  \\    /   O peration     | Version:  v2012                                 |
|   \\  /    A nd           | Website:  www.openfoam.com                      |
|    \\/     M anipulation  |                                                 |
\*---------------------------------------------------------------------------*/
FoamFile
{
    version     2.0;
    format      ascii;
    class       volScalarField;
    location    "19950/solid";
    object      jouleHeatingSource:V;
}
// * * * * * * * * * * * * * * * * * * * * * * * * * * * * * * * * * * * * * //

dimensions      [1 2 -3 0 0 -1 0];


internalField   nonuniform List<scalar> 
10000
(
1.4985
1.4955
1.4925
1.4895
1.4865
1.4835
1.4805
1.4775
1.4745
1.4715
1.4685
1.4655
1.4625
1.4595
1.4565
1.4535
1.4505
1.4475
1.4445
1.4415
1.4385
1.4355
1.4325
1.4295
1.4265
1.4235
1.4205
1.4175
1.4145
1.4115
1.4085
1.4055
1.4025
1.3995
1.3965
1.3935
1.3905
1.3875
1.3845
1.3815
1.3785
1.3755
1.3725
1.3695
1.3665
1.3635
1.3605
1.3575
1.3545
1.3515
1.3485
1.3455
1.3425
1.3395
1.3365
1.3335
1.3305
1.3275
1.3245
1.3215
1.3185
1.3155
1.3125
1.3095
1.3065
1.3035
1.3005
1.2975
1.2945
1.2915
1.2885
1.2855
1.2825
1.2795
1.2765
1.2735
1.2705
1.2675
1.2645
1.2615
1.2585
1.2555
1.2525
1.2495
1.2465
1.2435
1.2405
1.2375
1.2345
1.2315
1.2285
1.2255
1.2225
1.2195
1.2165
1.2135
1.2105
1.2075
1.2045
1.2015
1.1985
1.1955
1.1925
1.1895
1.1865
1.1835
1.1805
1.1775
1.1745
1.1715
1.1685
1.1655
1.1625
1.1595
1.1565
1.1535
1.1505
1.1475
1.1445
1.1415
1.1385
1.1355
1.1325
1.1295
1.1265
1.1235
1.1205
1.1175
1.1145
1.1115
1.1085
1.1055
1.1025
1.0995
1.0965
1.0935
1.0905
1.0875
1.0845
1.0815
1.0785
1.0755
1.0725
1.0695
1.0665
1.0635
1.0605
1.0575
1.0545
1.0515
1.0485
1.0455
1.0425
1.0395
1.0365
1.0335
1.0305
1.0275
1.0245
1.0215
1.0185
1.0155
1.0125
1.0095
1.0065
1.0035
1.0005
0.9975
0.9945
0.9915
0.9885
0.9855
0.9825
0.9795
0.9765
0.9735
0.9705
0.9675
0.9645
0.9615
0.9585
0.9555
0.9525
0.9495
0.9465
0.9435
0.9405
0.9375
0.9345
0.9315
0.9285
0.9255
0.9225
0.9195
0.9165
0.9135
0.9105
0.9075
0.9045
0.9015
0.8985
0.8955
0.8925
0.8895
0.8865
0.8835
0.8805
0.8775
0.8745
0.8715
0.8685
0.8655
0.8625
0.8595
0.8565
0.8535
0.8505
0.8475
0.8445
0.8415
0.8385
0.8355
0.8325
0.8295
0.8265
0.8235
0.8205
0.8175
0.8145
0.8115
0.8085
0.8055
0.8025
0.7995
0.7965
0.7935
0.7905
0.7875
0.7845
0.7815
0.7785
0.7755
0.7725
0.7695
0.7665
0.7635
0.7605
0.7575
0.7545
0.7515
0.7485
0.7455
0.7425
0.7395
0.7365
0.7335
0.7305
0.7275
0.7245
0.7215
0.7185
0.7155
0.7125
0.7095
0.7065
0.7035
0.7005
0.6975
0.6945
0.6915
0.6885
0.6855
0.6825
0.6795
0.6765
0.6735
0.6705
0.6675
0.6645
0.6615
0.6585
0.6555
0.6525
0.6495
0.6465
0.6435
0.6405
0.6375
0.6345
0.6315
0.6285
0.6255
0.6225
0.6195
0.6165
0.6135
0.6105
0.6075
0.6045
0.6015
0.5985
0.5955
0.5925
0.5895
0.5865
0.5835
0.5805
0.5775
0.5745
0.5715
0.5685
0.5655
0.5625
0.5595
0.5565
0.5535
0.5505
0.5475
0.5445
0.5415
0.5385
0.5355
0.5325
0.5295
0.5265
0.5235
0.5205
0.5175
0.5145
0.5115
0.5085
0.5055
0.5025
0.4995
0.4965
0.4935
0.4905
0.4875
0.4845
0.4815
0.4785
0.4755
0.4725
0.4695
0.4665
0.4635
0.4605
0.4575
0.4545
0.4515
0.4485
0.4455
0.4425
0.4395
0.4365
0.4335
0.4305
0.4275
0.4245
0.4215
0.4185
0.4155
0.4125
0.4095
0.4065
0.4035
0.4005
0.3975
0.3945
0.3915
0.3885
0.3855
0.3825
0.3795
0.3765
0.3735
0.3705
0.3675
0.3645
0.3615
0.3585
0.3555
0.3525
0.3495
0.3465
0.3435
0.3405
0.3375
0.3345
0.3315
0.3285
0.3255
0.3225
0.3195
0.3165
0.3135
0.3105
0.3075
0.3045
0.3015
0.2985
0.2955
0.2925
0.2895
0.2865
0.2835
0.2805
0.2775
0.2745
0.2715
0.2685
0.2655
0.2625
0.2595
0.2565
0.2535
0.2505
0.2475
0.2445
0.2415
0.2385
0.2355
0.2325
0.2295
0.2265
0.2235
0.2205
0.2175
0.2145
0.2115
0.2085
0.2055
0.2025
0.1995
0.1965
0.1935
0.1905
0.1875
0.1845
0.1815
0.1785
0.1755
0.1725
0.1695
0.1665
0.1635
0.1605
0.1575
0.1545
0.1515
0.1485
0.1455
0.1425
0.1395
0.1365
0.1335
0.1305
0.1275
0.1245
0.1215
0.1185
0.1155
0.1125
0.1095
0.1065
0.1035
0.1005
0.0975
0.0945
0.0915
0.0885
0.0855
0.0825
0.0795
0.0765
0.0735
0.0705
0.0675
0.0645
0.0615
0.0585
0.0555
0.0525
0.0495
0.0465
0.0435
0.0405
0.0375
0.0345
0.0315
0.0285
0.0255
0.0225
0.0195
0.0165
0.0135
0.0105
0.0075
0.0045
0.0015
1.4985
1.4955
1.4925
1.4895
1.4865
1.4835
1.4805
1.4775
1.4745
1.4715
1.4685
1.4655
1.4625
1.4595
1.4565
1.4535
1.4505
1.4475
1.4445
1.4415
1.4385
1.4355
1.4325
1.4295
1.4265
1.4235
1.4205
1.4175
1.4145
1.4115
1.4085
1.4055
1.4025
1.3995
1.3965
1.3935
1.3905
1.3875
1.3845
1.3815
1.3785
1.3755
1.3725
1.3695
1.3665
1.3635
1.3605
1.3575
1.3545
1.3515
1.3485
1.3455
1.3425
1.3395
1.3365
1.3335
1.3305
1.3275
1.3245
1.3215
1.3185
1.3155
1.3125
1.3095
1.3065
1.3035
1.3005
1.2975
1.2945
1.2915
1.2885
1.2855
1.2825
1.2795
1.2765
1.2735
1.2705
1.2675
1.2645
1.2615
1.2585
1.2555
1.2525
1.2495
1.2465
1.2435
1.2405
1.2375
1.2345
1.2315
1.2285
1.2255
1.2225
1.2195
1.2165
1.2135
1.2105
1.2075
1.2045
1.2015
1.1985
1.1955
1.1925
1.1895
1.1865
1.1835
1.1805
1.1775
1.1745
1.1715
1.1685
1.1655
1.1625
1.1595
1.1565
1.1535
1.1505
1.1475
1.1445
1.1415
1.1385
1.1355
1.1325
1.1295
1.1265
1.1235
1.1205
1.1175
1.1145
1.1115
1.1085
1.1055
1.1025
1.0995
1.0965
1.0935
1.0905
1.0875
1.0845
1.0815
1.0785
1.0755
1.0725
1.0695
1.0665
1.0635
1.0605
1.0575
1.0545
1.0515
1.0485
1.0455
1.0425
1.0395
1.0365
1.0335
1.0305
1.0275
1.0245
1.0215
1.0185
1.0155
1.0125
1.0095
1.0065
1.0035
1.0005
0.9975
0.9945
0.9915
0.9885
0.9855
0.9825
0.9795
0.9765
0.9735
0.9705
0.9675
0.9645
0.9615
0.9585
0.9555
0.9525
0.9495
0.9465
0.9435
0.9405
0.9375
0.9345
0.9315
0.9285
0.9255
0.9225
0.9195
0.9165
0.9135
0.9105
0.9075
0.9045
0.9015
0.8985
0.8955
0.8925
0.8895
0.8865
0.8835
0.8805
0.8775
0.8745
0.8715
0.8685
0.8655
0.8625
0.8595
0.8565
0.8535
0.8505
0.8475
0.8445
0.8415
0.8385
0.8355
0.8325
0.8295
0.8265
0.8235
0.8205
0.8175
0.8145
0.8115
0.8085
0.8055
0.8025
0.7995
0.7965
0.7935
0.7905
0.7875
0.7845
0.7815
0.7785
0.7755
0.7725
0.7695
0.7665
0.7635
0.7605
0.7575
0.7545
0.7515
0.7485
0.7455
0.7425
0.7395
0.7365
0.7335
0.7305
0.7275
0.7245
0.7215
0.7185
0.7155
0.7125
0.7095
0.7065
0.7035
0.7005
0.6975
0.6945
0.6915
0.6885
0.6855
0.6825
0.6795
0.6765
0.6735
0.6705
0.6675
0.6645
0.6615
0.6585
0.6555
0.6525
0.6495
0.6465
0.6435
0.6405
0.6375
0.6345
0.6315
0.6285
0.6255
0.6225
0.6195
0.6165
0.6135
0.6105
0.6075
0.6045
0.6015
0.5985
0.5955
0.5925
0.5895
0.5865
0.5835
0.5805
0.5775
0.5745
0.5715
0.5685
0.5655
0.5625
0.5595
0.5565
0.5535
0.5505
0.5475
0.5445
0.5415
0.5385
0.5355
0.5325
0.5295
0.5265
0.5235
0.5205
0.5175
0.5145
0.5115
0.5085
0.5055
0.5025
0.4995
0.4965
0.4935
0.4905
0.4875
0.4845
0.4815
0.4785
0.4755
0.4725
0.4695
0.4665
0.4635
0.4605
0.4575
0.4545
0.4515
0.4485
0.4455
0.4425
0.4395
0.4365
0.4335
0.4305
0.4275
0.4245
0.4215
0.4185
0.4155
0.4125
0.4095
0.4065
0.4035
0.4005
0.3975
0.3945
0.3915
0.3885
0.3855
0.3825
0.3795
0.3765
0.3735
0.3705
0.3675
0.3645
0.3615
0.3585
0.3555
0.3525
0.3495
0.3465
0.3435
0.3405
0.3375
0.3345
0.3315
0.3285
0.3255
0.3225
0.3195
0.3165
0.3135
0.3105
0.3075
0.3045
0.3015
0.2985
0.2955
0.2925
0.2895
0.2865
0.2835
0.2805
0.2775
0.2745
0.2715
0.2685
0.2655
0.2625
0.2595
0.2565
0.2535
0.2505
0.2475
0.2445
0.2415
0.2385
0.2355
0.2325
0.2295
0.2265
0.2235
0.2205
0.2175
0.2145
0.2115
0.2085
0.2055
0.2025
0.1995
0.1965
0.1935
0.1905
0.1875
0.1845
0.1815
0.1785
0.1755
0.1725
0.1695
0.1665
0.1635
0.1605
0.1575
0.1545
0.1515
0.1485
0.1455
0.1425
0.1395
0.1365
0.1335
0.1305
0.1275
0.1245
0.1215
0.1185
0.1155
0.1125
0.1095
0.1065
0.1035
0.1005
0.0975
0.0945
0.0915
0.0885
0.0855
0.0825
0.0795
0.0765
0.0735
0.0705
0.0675
0.0645
0.0615
0.0585
0.0555
0.0525
0.0495
0.0465
0.0435
0.0405
0.0375
0.0345
0.0315
0.0285
0.0255
0.0225
0.0195
0.0165
0.0135
0.0105
0.0075
0.0045
0.0015
1.4985
1.4955
1.4925
1.4895
1.4865
1.4835
1.4805
1.4775
1.4745
1.4715
1.4685
1.4655
1.4625
1.4595
1.4565
1.4535
1.4505
1.4475
1.4445
1.4415
1.4385
1.4355
1.4325
1.4295
1.4265
1.4235
1.4205
1.4175
1.4145
1.4115
1.4085
1.4055
1.4025
1.3995
1.3965
1.3935
1.3905
1.3875
1.3845
1.3815
1.3785
1.3755
1.3725
1.3695
1.3665
1.3635
1.3605
1.3575
1.3545
1.3515
1.3485
1.3455
1.3425
1.3395
1.3365
1.3335
1.3305
1.3275
1.3245
1.3215
1.3185
1.3155
1.3125
1.3095
1.3065
1.3035
1.3005
1.2975
1.2945
1.2915
1.2885
1.2855
1.2825
1.2795
1.2765
1.2735
1.2705
1.2675
1.2645
1.2615
1.2585
1.2555
1.2525
1.2495
1.2465
1.2435
1.2405
1.2375
1.2345
1.2315
1.2285
1.2255
1.2225
1.2195
1.2165
1.2135
1.2105
1.2075
1.2045
1.2015
1.1985
1.1955
1.1925
1.1895
1.1865
1.1835
1.1805
1.1775
1.1745
1.1715
1.1685
1.1655
1.1625
1.1595
1.1565
1.1535
1.1505
1.1475
1.1445
1.1415
1.1385
1.1355
1.1325
1.1295
1.1265
1.1235
1.1205
1.1175
1.1145
1.1115
1.1085
1.1055
1.1025
1.0995
1.0965
1.0935
1.0905
1.0875
1.0845
1.0815
1.0785
1.0755
1.0725
1.0695
1.0665
1.0635
1.0605
1.0575
1.0545
1.0515
1.0485
1.0455
1.0425
1.0395
1.0365
1.0335
1.0305
1.0275
1.0245
1.0215
1.0185
1.0155
1.0125
1.0095
1.0065
1.0035
1.0005
0.9975
0.9945
0.9915
0.9885
0.9855
0.9825
0.9795
0.9765
0.9735
0.9705
0.9675
0.9645
0.9615
0.9585
0.9555
0.9525
0.9495
0.9465
0.9435
0.9405
0.9375
0.9345
0.9315
0.9285
0.9255
0.9225
0.9195
0.9165
0.9135
0.9105
0.9075
0.9045
0.9015
0.8985
0.8955
0.8925
0.8895
0.8865
0.8835
0.8805
0.8775
0.8745
0.8715
0.8685
0.8655
0.8625
0.8595
0.8565
0.8535
0.8505
0.8475
0.8445
0.8415
0.8385
0.8355
0.8325
0.8295
0.8265
0.8235
0.8205
0.8175
0.8145
0.8115
0.8085
0.8055
0.8025
0.7995
0.7965
0.7935
0.7905
0.7875
0.7845
0.7815
0.7785
0.7755
0.7725
0.7695
0.7665
0.7635
0.7605
0.7575
0.7545
0.7515
0.7485
0.7455
0.7425
0.7395
0.7365
0.7335
0.7305
0.7275
0.7245
0.7215
0.7185
0.7155
0.7125
0.7095
0.7065
0.7035
0.7005
0.6975
0.6945
0.6915
0.6885
0.6855
0.6825
0.6795
0.6765
0.6735
0.6705
0.6675
0.6645
0.6615
0.6585
0.6555
0.6525
0.6495
0.6465
0.6435
0.6405
0.6375
0.6345
0.6315
0.6285
0.6255
0.6225
0.6195
0.6165
0.6135
0.6105
0.6075
0.6045
0.6015
0.5985
0.5955
0.5925
0.5895
0.5865
0.5835
0.5805
0.5775
0.5745
0.5715
0.5685
0.5655
0.5625
0.5595
0.5565
0.5535
0.5505
0.5475
0.5445
0.5415
0.5385
0.5355
0.5325
0.5295
0.5265
0.5235
0.5205
0.5175
0.5145
0.5115
0.5085
0.5055
0.5025
0.4995
0.4965
0.4935
0.4905
0.4875
0.4845
0.4815
0.4785
0.4755
0.4725
0.4695
0.4665
0.4635
0.4605
0.4575
0.4545
0.4515
0.4485
0.4455
0.4425
0.4395
0.4365
0.4335
0.4305
0.4275
0.4245
0.4215
0.4185
0.4155
0.4125
0.4095
0.4065
0.4035
0.4005
0.3975
0.3945
0.3915
0.3885
0.3855
0.3825
0.3795
0.3765
0.3735
0.3705
0.3675
0.3645
0.3615
0.3585
0.3555
0.3525
0.3495
0.3465
0.3435
0.3405
0.3375
0.3345
0.3315
0.3285
0.3255
0.3225
0.3195
0.3165
0.3135
0.3105
0.3075
0.3045
0.3015
0.2985
0.2955
0.2925
0.2895
0.2865
0.2835
0.2805
0.2775
0.2745
0.2715
0.2685
0.2655
0.2625
0.2595
0.2565
0.2535
0.2505
0.2475
0.2445
0.2415
0.2385
0.2355
0.2325
0.2295
0.2265
0.2235
0.2205
0.2175
0.2145
0.2115
0.2085
0.2055
0.2025
0.1995
0.1965
0.1935
0.1905
0.1875
0.1845
0.1815
0.1785
0.1755
0.1725
0.1695
0.1665
0.1635
0.1605
0.1575
0.1545
0.1515
0.1485
0.1455
0.1425
0.1395
0.1365
0.1335
0.1305
0.1275
0.1245
0.1215
0.1185
0.1155
0.1125
0.1095
0.1065
0.1035
0.1005
0.0975
0.0945
0.0915
0.0885
0.0855
0.0825
0.0795
0.0765
0.0735
0.0705
0.0675
0.0645
0.0615
0.0585
0.0555
0.0525
0.0495
0.0465
0.0435
0.0405
0.0375
0.0345
0.0315
0.0285
0.0255
0.0225
0.0195
0.0165
0.0135
0.0105
0.0075
0.0045
0.0015
1.4985
1.4955
1.4925
1.4895
1.4865
1.4835
1.4805
1.4775
1.4745
1.4715
1.4685
1.4655
1.4625
1.4595
1.4565
1.4535
1.4505
1.4475
1.4445
1.4415
1.4385
1.4355
1.4325
1.4295
1.4265
1.4235
1.4205
1.4175
1.4145
1.4115
1.4085
1.4055
1.4025
1.3995
1.3965
1.3935
1.3905
1.3875
1.3845
1.3815
1.3785
1.3755
1.3725
1.3695
1.3665
1.3635
1.3605
1.3575
1.3545
1.3515
1.3485
1.3455
1.3425
1.3395
1.3365
1.3335
1.3305
1.3275
1.3245
1.3215
1.3185
1.3155
1.3125
1.3095
1.3065
1.3035
1.3005
1.2975
1.2945
1.2915
1.2885
1.2855
1.2825
1.2795
1.2765
1.2735
1.2705
1.2675
1.2645
1.2615
1.2585
1.2555
1.2525
1.2495
1.2465
1.2435
1.2405
1.2375
1.2345
1.2315
1.2285
1.2255
1.2225
1.2195
1.2165
1.2135
1.2105
1.2075
1.2045
1.2015
1.1985
1.1955
1.1925
1.1895
1.1865
1.1835
1.1805
1.1775
1.1745
1.1715
1.1685
1.1655
1.1625
1.1595
1.1565
1.1535
1.1505
1.1475
1.1445
1.1415
1.1385
1.1355
1.1325
1.1295
1.1265
1.1235
1.1205
1.1175
1.1145
1.1115
1.1085
1.1055
1.1025
1.0995
1.0965
1.0935
1.0905
1.0875
1.0845
1.0815
1.0785
1.0755
1.0725
1.0695
1.0665
1.0635
1.0605
1.0575
1.0545
1.0515
1.0485
1.0455
1.0425
1.0395
1.0365
1.0335
1.0305
1.0275
1.0245
1.0215
1.0185
1.0155
1.0125
1.0095
1.0065
1.0035
1.0005
0.9975
0.9945
0.9915
0.9885
0.9855
0.9825
0.9795
0.9765
0.9735
0.9705
0.9675
0.9645
0.9615
0.9585
0.9555
0.9525
0.9495
0.9465
0.9435
0.9405
0.9375
0.9345
0.9315
0.9285
0.9255
0.9225
0.9195
0.9165
0.9135
0.9105
0.9075
0.9045
0.9015
0.8985
0.8955
0.8925
0.8895
0.8865
0.8835
0.8805
0.8775
0.8745
0.8715
0.8685
0.8655
0.8625
0.8595
0.8565
0.8535
0.8505
0.8475
0.8445
0.8415
0.8385
0.8355
0.8325
0.8295
0.8265
0.8235
0.8205
0.8175
0.8145
0.8115
0.8085
0.8055
0.8025
0.7995
0.7965
0.7935
0.7905
0.7875
0.7845
0.7815
0.7785
0.7755
0.7725
0.7695
0.7665
0.7635
0.7605
0.7575
0.7545
0.7515
0.7485
0.7455
0.7425
0.7395
0.7365
0.7335
0.7305
0.7275
0.7245
0.7215
0.7185
0.7155
0.7125
0.7095
0.7065
0.7035
0.7005
0.6975
0.6945
0.6915
0.6885
0.6855
0.6825
0.6795
0.6765
0.6735
0.6705
0.6675
0.6645
0.6615
0.6585
0.6555
0.6525
0.6495
0.6465
0.6435
0.6405
0.6375
0.6345
0.6315
0.6285
0.6255
0.6225
0.6195
0.6165
0.6135
0.6105
0.6075
0.6045
0.6015
0.5985
0.5955
0.5925
0.5895
0.5865
0.5835
0.5805
0.5775
0.5745
0.5715
0.5685
0.5655
0.5625
0.5595
0.5565
0.5535
0.5505
0.5475
0.5445
0.5415
0.5385
0.5355
0.5325
0.5295
0.5265
0.5235
0.5205
0.5175
0.5145
0.5115
0.5085
0.5055
0.5025
0.4995
0.4965
0.4935
0.4905
0.4875
0.4845
0.4815
0.4785
0.4755
0.4725
0.4695
0.4665
0.4635
0.4605
0.4575
0.4545
0.4515
0.4485
0.4455
0.4425
0.4395
0.4365
0.4335
0.4305
0.4275
0.4245
0.4215
0.4185
0.4155
0.4125
0.4095
0.4065
0.4035
0.4005
0.3975
0.3945
0.3915
0.3885
0.3855
0.3825
0.3795
0.3765
0.3735
0.3705
0.3675
0.3645
0.3615
0.3585
0.3555
0.3525
0.3495
0.3465
0.3435
0.3405
0.3375
0.3345
0.3315
0.3285
0.3255
0.3225
0.3195
0.3165
0.3135
0.3105
0.3075
0.3045
0.3015
0.2985
0.2955
0.2925
0.2895
0.2865
0.2835
0.2805
0.2775
0.2745
0.2715
0.2685
0.2655
0.2625
0.2595
0.2565
0.2535
0.2505
0.2475
0.2445
0.2415
0.2385
0.2355
0.2325
0.2295
0.2265
0.2235
0.2205
0.2175
0.2145
0.2115
0.2085
0.2055
0.2025
0.1995
0.1965
0.1935
0.1905
0.1875
0.1845
0.1815
0.1785
0.1755
0.1725
0.1695
0.1665
0.1635
0.1605
0.1575
0.1545
0.1515
0.1485
0.1455
0.1425
0.1395
0.1365
0.1335
0.1305
0.1275
0.1245
0.1215
0.1185
0.1155
0.1125
0.1095
0.1065
0.1035
0.1005
0.0975
0.0945
0.0915
0.0885
0.0855
0.0825
0.0795
0.0765
0.0735
0.0705
0.0675
0.0645
0.0615
0.0585
0.0555
0.0525
0.0495
0.0465
0.0435
0.0405
0.0375
0.0345
0.0315
0.0285
0.0255
0.0225
0.0195
0.0165
0.0135
0.0105
0.0075
0.0045
0.0015
1.4985
1.4955
1.4925
1.4895
1.4865
1.4835
1.4805
1.4775
1.4745
1.4715
1.4685
1.4655
1.4625
1.4595
1.4565
1.4535
1.4505
1.4475
1.4445
1.4415
1.4385
1.4355
1.4325
1.4295
1.4265
1.4235
1.4205
1.4175
1.4145
1.4115
1.4085
1.4055
1.4025
1.3995
1.3965
1.3935
1.3905
1.3875
1.3845
1.3815
1.3785
1.3755
1.3725
1.3695
1.3665
1.3635
1.3605
1.3575
1.3545
1.3515
1.3485
1.3455
1.3425
1.3395
1.3365
1.3335
1.3305
1.3275
1.3245
1.3215
1.3185
1.3155
1.3125
1.3095
1.3065
1.3035
1.3005
1.2975
1.2945
1.2915
1.2885
1.2855
1.2825
1.2795
1.2765
1.2735
1.2705
1.2675
1.2645
1.2615
1.2585
1.2555
1.2525
1.2495
1.2465
1.2435
1.2405
1.2375
1.2345
1.2315
1.2285
1.2255
1.2225
1.2195
1.2165
1.2135
1.2105
1.2075
1.2045
1.2015
1.1985
1.1955
1.1925
1.1895
1.1865
1.1835
1.1805
1.1775
1.1745
1.1715
1.1685
1.1655
1.1625
1.1595
1.1565
1.1535
1.1505
1.1475
1.1445
1.1415
1.1385
1.1355
1.1325
1.1295
1.1265
1.1235
1.1205
1.1175
1.1145
1.1115
1.1085
1.1055
1.1025
1.0995
1.0965
1.0935
1.0905
1.0875
1.0845
1.0815
1.0785
1.0755
1.0725
1.0695
1.0665
1.0635
1.0605
1.0575
1.0545
1.0515
1.0485
1.0455
1.0425
1.0395
1.0365
1.0335
1.0305
1.0275
1.0245
1.0215
1.0185
1.0155
1.0125
1.0095
1.0065
1.0035
1.0005
0.9975
0.9945
0.9915
0.9885
0.9855
0.9825
0.9795
0.9765
0.9735
0.9705
0.9675
0.9645
0.9615
0.9585
0.9555
0.9525
0.9495
0.9465
0.9435
0.9405
0.9375
0.9345
0.9315
0.9285
0.9255
0.9225
0.9195
0.9165
0.9135
0.9105
0.9075
0.9045
0.9015
0.8985
0.8955
0.8925
0.8895
0.8865
0.8835
0.8805
0.8775
0.8745
0.8715
0.8685
0.8655
0.8625
0.8595
0.8565
0.8535
0.8505
0.8475
0.8445
0.8415
0.8385
0.8355
0.8325
0.8295
0.8265
0.8235
0.8205
0.8175
0.8145
0.8115
0.8085
0.8055
0.8025
0.7995
0.7965
0.7935
0.7905
0.7875
0.7845
0.7815
0.7785
0.7755
0.7725
0.7695
0.7665
0.7635
0.7605
0.7575
0.7545
0.7515
0.7485
0.7455
0.7425
0.7395
0.7365
0.7335
0.7305
0.7275
0.7245
0.7215
0.7185
0.7155
0.7125
0.7095
0.7065
0.7035
0.7005
0.6975
0.6945
0.6915
0.6885
0.6855
0.6825
0.6795
0.6765
0.6735
0.6705
0.6675
0.6645
0.6615
0.6585
0.6555
0.6525
0.6495
0.6465
0.6435
0.6405
0.6375
0.6345
0.6315
0.6285
0.6255
0.6225
0.6195
0.6165
0.6135
0.6105
0.6075
0.6045
0.6015
0.5985
0.5955
0.5925
0.5895
0.5865
0.5835
0.5805
0.5775
0.5745
0.5715
0.5685
0.5655
0.5625
0.5595
0.5565
0.5535
0.5505
0.5475
0.5445
0.5415
0.5385
0.5355
0.5325
0.5295
0.5265
0.5235
0.5205
0.5175
0.5145
0.5115
0.5085
0.5055
0.5025
0.4995
0.4965
0.4935
0.4905
0.4875
0.4845
0.4815
0.4785
0.4755
0.4725
0.4695
0.4665
0.4635
0.4605
0.4575
0.4545
0.4515
0.4485
0.4455
0.4425
0.4395
0.4365
0.4335
0.4305
0.4275
0.4245
0.4215
0.4185
0.4155
0.4125
0.4095
0.4065
0.4035
0.4005
0.3975
0.3945
0.3915
0.3885
0.3855
0.3825
0.3795
0.3765
0.3735
0.3705
0.3675
0.3645
0.3615
0.3585
0.3555
0.3525
0.3495
0.3465
0.3435
0.3405
0.3375
0.3345
0.3315
0.3285
0.3255
0.3225
0.3195
0.3165
0.3135
0.3105
0.3075
0.3045
0.3015
0.2985
0.2955
0.2925
0.2895
0.2865
0.2835
0.2805
0.2775
0.2745
0.2715
0.2685
0.2655
0.2625
0.2595
0.2565
0.2535
0.2505
0.2475
0.2445
0.2415
0.2385
0.2355
0.2325
0.2295
0.2265
0.2235
0.2205
0.2175
0.2145
0.2115
0.2085
0.2055
0.2025
0.1995
0.1965
0.1935
0.1905
0.1875
0.1845
0.1815
0.1785
0.1755
0.1725
0.1695
0.1665
0.1635
0.1605
0.1575
0.1545
0.1515
0.1485
0.1455
0.1425
0.1395
0.1365
0.1335
0.1305
0.1275
0.1245
0.1215
0.1185
0.1155
0.1125
0.1095
0.1065
0.1035
0.1005
0.0975
0.0945
0.0915
0.0885
0.0855
0.0825
0.0795
0.0765
0.0735
0.0705
0.0675
0.0645
0.0615
0.0585
0.0555
0.0525
0.0495
0.0465
0.0435
0.0405
0.0375
0.0345
0.0315
0.0285
0.0255
0.0225
0.0195
0.0165
0.0135
0.0105
0.0075
0.0045
0.0015
1.4985
1.4955
1.4925
1.4895
1.4865
1.4835
1.4805
1.4775
1.4745
1.4715
1.4685
1.4655
1.4625
1.4595
1.4565
1.4535
1.4505
1.4475
1.4445
1.4415
1.4385
1.4355
1.4325
1.4295
1.4265
1.4235
1.4205
1.4175
1.4145
1.4115
1.4085
1.4055
1.4025
1.3995
1.3965
1.3935
1.3905
1.3875
1.3845
1.3815
1.3785
1.3755
1.3725
1.3695
1.3665
1.3635
1.3605
1.3575
1.3545
1.3515
1.3485
1.3455
1.3425
1.3395
1.3365
1.3335
1.3305
1.3275
1.3245
1.3215
1.3185
1.3155
1.3125
1.3095
1.3065
1.3035
1.3005
1.2975
1.2945
1.2915
1.2885
1.2855
1.2825
1.2795
1.2765
1.2735
1.2705
1.2675
1.2645
1.2615
1.2585
1.2555
1.2525
1.2495
1.2465
1.2435
1.2405
1.2375
1.2345
1.2315
1.2285
1.2255
1.2225
1.2195
1.2165
1.2135
1.2105
1.2075
1.2045
1.2015
1.1985
1.1955
1.1925
1.1895
1.1865
1.1835
1.1805
1.1775
1.1745
1.1715
1.1685
1.1655
1.1625
1.1595
1.1565
1.1535
1.1505
1.1475
1.1445
1.1415
1.1385
1.1355
1.1325
1.1295
1.1265
1.1235
1.1205
1.1175
1.1145
1.1115
1.1085
1.1055
1.1025
1.0995
1.0965
1.0935
1.0905
1.0875
1.0845
1.0815
1.0785
1.0755
1.0725
1.0695
1.0665
1.0635
1.0605
1.0575
1.0545
1.0515
1.0485
1.0455
1.0425
1.0395
1.0365
1.0335
1.0305
1.0275
1.0245
1.0215
1.0185
1.0155
1.0125
1.0095
1.0065
1.0035
1.0005
0.9975
0.9945
0.9915
0.9885
0.9855
0.9825
0.9795
0.9765
0.9735
0.9705
0.9675
0.9645
0.9615
0.9585
0.9555
0.9525
0.9495
0.9465
0.9435
0.9405
0.9375
0.9345
0.9315
0.9285
0.9255
0.9225
0.9195
0.9165
0.9135
0.9105
0.9075
0.9045
0.9015
0.8985
0.8955
0.8925
0.8895
0.8865
0.8835
0.8805
0.8775
0.8745
0.8715
0.8685
0.8655
0.8625
0.8595
0.8565
0.8535
0.8505
0.8475
0.8445
0.8415
0.8385
0.8355
0.8325
0.8295
0.8265
0.8235
0.8205
0.8175
0.8145
0.8115
0.8085
0.8055
0.8025
0.7995
0.7965
0.7935
0.7905
0.7875
0.7845
0.7815
0.7785
0.7755
0.7725
0.7695
0.7665
0.7635
0.7605
0.7575
0.7545
0.7515
0.7485
0.7455
0.7425
0.7395
0.7365
0.7335
0.7305
0.7275
0.7245
0.7215
0.7185
0.7155
0.7125
0.7095
0.7065
0.7035
0.7005
0.6975
0.6945
0.6915
0.6885
0.6855
0.6825
0.6795
0.6765
0.6735
0.6705
0.6675
0.6645
0.6615
0.6585
0.6555
0.6525
0.6495
0.6465
0.6435
0.6405
0.6375
0.6345
0.6315
0.6285
0.6255
0.6225
0.6195
0.6165
0.6135
0.6105
0.6075
0.6045
0.6015
0.5985
0.5955
0.5925
0.5895
0.5865
0.5835
0.5805
0.5775
0.5745
0.5715
0.5685
0.5655
0.5625
0.5595
0.5565
0.5535
0.5505
0.5475
0.5445
0.5415
0.5385
0.5355
0.5325
0.5295
0.5265
0.5235
0.5205
0.5175
0.5145
0.5115
0.5085
0.5055
0.5025
0.4995
0.4965
0.4935
0.4905
0.4875
0.4845
0.4815
0.4785
0.4755
0.4725
0.4695
0.4665
0.4635
0.4605
0.4575
0.4545
0.4515
0.4485
0.4455
0.4425
0.4395
0.4365
0.4335
0.4305
0.4275
0.4245
0.4215
0.4185
0.4155
0.4125
0.4095
0.4065
0.4035
0.4005
0.3975
0.3945
0.3915
0.3885
0.3855
0.3825
0.3795
0.3765
0.3735
0.3705
0.3675
0.3645
0.3615
0.3585
0.3555
0.3525
0.3495
0.3465
0.3435
0.3405
0.3375
0.3345
0.3315
0.3285
0.3255
0.3225
0.3195
0.3165
0.3135
0.3105
0.3075
0.3045
0.3015
0.2985
0.2955
0.2925
0.2895
0.2865
0.2835
0.2805
0.2775
0.2745
0.2715
0.2685
0.2655
0.2625
0.2595
0.2565
0.2535
0.2505
0.2475
0.2445
0.2415
0.2385
0.2355
0.2325
0.2295
0.2265
0.2235
0.2205
0.2175
0.2145
0.2115
0.2085
0.2055
0.2025
0.1995
0.1965
0.1935
0.1905
0.1875
0.1845
0.1815
0.1785
0.1755
0.1725
0.1695
0.1665
0.1635
0.1605
0.1575
0.1545
0.1515
0.1485
0.1455
0.1425
0.1395
0.1365
0.1335
0.1305
0.1275
0.1245
0.1215
0.1185
0.1155
0.1125
0.1095
0.1065
0.1035
0.1005
0.0975
0.0945
0.0915
0.0885
0.0855
0.0825
0.0795
0.0765
0.0735
0.0705
0.0675
0.0645
0.0615
0.0585
0.0555
0.0525
0.0495
0.0465
0.0435
0.0405
0.0375
0.0345
0.0315
0.0285
0.0255
0.0225
0.0195
0.0165
0.0135
0.0105
0.0075
0.0045
0.0015
1.4985
1.4955
1.4925
1.4895
1.4865
1.4835
1.4805
1.4775
1.4745
1.4715
1.4685
1.4655
1.4625
1.4595
1.4565
1.4535
1.4505
1.4475
1.4445
1.4415
1.4385
1.4355
1.4325
1.4295
1.4265
1.4235
1.4205
1.4175
1.4145
1.4115
1.4085
1.4055
1.4025
1.3995
1.3965
1.3935
1.3905
1.3875
1.3845
1.3815
1.3785
1.3755
1.3725
1.3695
1.3665
1.3635
1.3605
1.3575
1.3545
1.3515
1.3485
1.3455
1.3425
1.3395
1.3365
1.3335
1.3305
1.3275
1.3245
1.3215
1.3185
1.3155
1.3125
1.3095
1.3065
1.3035
1.3005
1.2975
1.2945
1.2915
1.2885
1.2855
1.2825
1.2795
1.2765
1.2735
1.2705
1.2675
1.2645
1.2615
1.2585
1.2555
1.2525
1.2495
1.2465
1.2435
1.2405
1.2375
1.2345
1.2315
1.2285
1.2255
1.2225
1.2195
1.2165
1.2135
1.2105
1.2075
1.2045
1.2015
1.1985
1.1955
1.1925
1.1895
1.1865
1.1835
1.1805
1.1775
1.1745
1.1715
1.1685
1.1655
1.1625
1.1595
1.1565
1.1535
1.1505
1.1475
1.1445
1.1415
1.1385
1.1355
1.1325
1.1295
1.1265
1.1235
1.1205
1.1175
1.1145
1.1115
1.1085
1.1055
1.1025
1.0995
1.0965
1.0935
1.0905
1.0875
1.0845
1.0815
1.0785
1.0755
1.0725
1.0695
1.0665
1.0635
1.0605
1.0575
1.0545
1.0515
1.0485
1.0455
1.0425
1.0395
1.0365
1.0335
1.0305
1.0275
1.0245
1.0215
1.0185
1.0155
1.0125
1.0095
1.0065
1.0035
1.0005
0.9975
0.9945
0.9915
0.9885
0.9855
0.9825
0.9795
0.9765
0.9735
0.9705
0.9675
0.9645
0.9615
0.9585
0.9555
0.9525
0.9495
0.9465
0.9435
0.9405
0.9375
0.9345
0.9315
0.9285
0.9255
0.9225
0.9195
0.9165
0.9135
0.9105
0.9075
0.9045
0.9015
0.8985
0.8955
0.8925
0.8895
0.8865
0.8835
0.8805
0.8775
0.8745
0.8715
0.8685
0.8655
0.8625
0.8595
0.8565
0.8535
0.8505
0.8475
0.8445
0.8415
0.8385
0.8355
0.8325
0.8295
0.8265
0.8235
0.8205
0.8175
0.8145
0.8115
0.8085
0.8055
0.8025
0.7995
0.7965
0.7935
0.7905
0.7875
0.7845
0.7815
0.7785
0.7755
0.7725
0.7695
0.7665
0.7635
0.7605
0.7575
0.7545
0.7515
0.7485
0.7455
0.7425
0.7395
0.7365
0.7335
0.7305
0.7275
0.7245
0.7215
0.7185
0.7155
0.7125
0.7095
0.7065
0.7035
0.7005
0.6975
0.6945
0.6915
0.6885
0.6855
0.6825
0.6795
0.6765
0.6735
0.6705
0.6675
0.6645
0.6615
0.6585
0.6555
0.6525
0.6495
0.6465
0.6435
0.6405
0.6375
0.6345
0.6315
0.6285
0.6255
0.6225
0.6195
0.6165
0.6135
0.6105
0.6075
0.6045
0.6015
0.5985
0.5955
0.5925
0.5895
0.5865
0.5835
0.5805
0.5775
0.5745
0.5715
0.5685
0.5655
0.5625
0.5595
0.5565
0.5535
0.5505
0.5475
0.5445
0.5415
0.5385
0.5355
0.5325
0.5295
0.5265
0.5235
0.5205
0.5175
0.5145
0.5115
0.5085
0.5055
0.5025
0.4995
0.4965
0.4935
0.4905
0.4875
0.4845
0.4815
0.4785
0.4755
0.4725
0.4695
0.4665
0.4635
0.4605
0.4575
0.4545
0.4515
0.4485
0.4455
0.4425
0.4395
0.4365
0.4335
0.4305
0.4275
0.4245
0.4215
0.4185
0.4155
0.4125
0.4095
0.4065
0.4035
0.4005
0.3975
0.3945
0.3915
0.3885
0.3855
0.3825
0.3795
0.3765
0.3735
0.3705
0.3675
0.3645
0.3615
0.3585
0.3555
0.3525
0.3495
0.3465
0.3435
0.3405
0.3375
0.3345
0.3315
0.3285
0.3255
0.3225
0.3195
0.3165
0.3135
0.3105
0.3075
0.3045
0.3015
0.2985
0.2955
0.2925
0.2895
0.2865
0.2835
0.2805
0.2775
0.2745
0.2715
0.2685
0.2655
0.2625
0.2595
0.2565
0.2535
0.2505
0.2475
0.2445
0.2415
0.2385
0.2355
0.2325
0.2295
0.2265
0.2235
0.2205
0.2175
0.2145
0.2115
0.2085
0.2055
0.2025
0.1995
0.1965
0.1935
0.1905
0.1875
0.1845
0.1815
0.1785
0.1755
0.1725
0.1695
0.1665
0.1635
0.1605
0.1575
0.1545
0.1515
0.1485
0.1455
0.1425
0.1395
0.1365
0.1335
0.1305
0.1275
0.1245
0.1215
0.1185
0.1155
0.1125
0.1095
0.1065
0.1035
0.1005
0.0975
0.0945
0.0915
0.0885
0.0855
0.0825
0.0795
0.0765
0.0735
0.0705
0.0675
0.0645
0.0615
0.0585
0.0555
0.0525
0.0495
0.0465
0.0435
0.0405
0.0375
0.0345
0.0315
0.0285
0.0255
0.0225
0.0195
0.0165
0.0135
0.0105
0.0075
0.0045
0.0015
1.4985
1.4955
1.4925
1.4895
1.4865
1.4835
1.4805
1.4775
1.4745
1.4715
1.4685
1.4655
1.4625
1.4595
1.4565
1.4535
1.4505
1.4475
1.4445
1.4415
1.4385
1.4355
1.4325
1.4295
1.4265
1.4235
1.4205
1.4175
1.4145
1.4115
1.4085
1.4055
1.4025
1.3995
1.3965
1.3935
1.3905
1.3875
1.3845
1.3815
1.3785
1.3755
1.3725
1.3695
1.3665
1.3635
1.3605
1.3575
1.3545
1.3515
1.3485
1.3455
1.3425
1.3395
1.3365
1.3335
1.3305
1.3275
1.3245
1.3215
1.3185
1.3155
1.3125
1.3095
1.3065
1.3035
1.3005
1.2975
1.2945
1.2915
1.2885
1.2855
1.2825
1.2795
1.2765
1.2735
1.2705
1.2675
1.2645
1.2615
1.2585
1.2555
1.2525
1.2495
1.2465
1.2435
1.2405
1.2375
1.2345
1.2315
1.2285
1.2255
1.2225
1.2195
1.2165
1.2135
1.2105
1.2075
1.2045
1.2015
1.1985
1.1955
1.1925
1.1895
1.1865
1.1835
1.1805
1.1775
1.1745
1.1715
1.1685
1.1655
1.1625
1.1595
1.1565
1.1535
1.1505
1.1475
1.1445
1.1415
1.1385
1.1355
1.1325
1.1295
1.1265
1.1235
1.1205
1.1175
1.1145
1.1115
1.1085
1.1055
1.1025
1.0995
1.0965
1.0935
1.0905
1.0875
1.0845
1.0815
1.0785
1.0755
1.0725
1.0695
1.0665
1.0635
1.0605
1.0575
1.0545
1.0515
1.0485
1.0455
1.0425
1.0395
1.0365
1.0335
1.0305
1.0275
1.0245
1.0215
1.0185
1.0155
1.0125
1.0095
1.0065
1.0035
1.0005
0.9975
0.9945
0.9915
0.9885
0.9855
0.9825
0.9795
0.9765
0.9735
0.9705
0.9675
0.9645
0.9615
0.9585
0.9555
0.9525
0.9495
0.9465
0.9435
0.9405
0.9375
0.9345
0.9315
0.9285
0.9255
0.9225
0.9195
0.9165
0.9135
0.9105
0.9075
0.9045
0.9015
0.8985
0.8955
0.8925
0.8895
0.8865
0.8835
0.8805
0.8775
0.8745
0.8715
0.8685
0.8655
0.8625
0.8595
0.8565
0.8535
0.8505
0.8475
0.8445
0.8415
0.8385
0.8355
0.8325
0.8295
0.8265
0.8235
0.8205
0.8175
0.8145
0.8115
0.8085
0.8055
0.8025
0.7995
0.7965
0.7935
0.7905
0.7875
0.7845
0.7815
0.7785
0.7755
0.7725
0.7695
0.7665
0.7635
0.7605
0.7575
0.7545
0.7515
0.7485
0.7455
0.7425
0.7395
0.7365
0.7335
0.7305
0.7275
0.7245
0.7215
0.7185
0.7155
0.7125
0.7095
0.7065
0.7035
0.7005
0.6975
0.6945
0.6915
0.6885
0.6855
0.6825
0.6795
0.6765
0.6735
0.6705
0.6675
0.6645
0.6615
0.6585
0.6555
0.6525
0.6495
0.6465
0.6435
0.6405
0.6375
0.6345
0.6315
0.6285
0.6255
0.6225
0.6195
0.6165
0.6135
0.6105
0.6075
0.6045
0.6015
0.5985
0.5955
0.5925
0.5895
0.5865
0.5835
0.5805
0.5775
0.5745
0.5715
0.5685
0.5655
0.5625
0.5595
0.5565
0.5535
0.5505
0.5475
0.5445
0.5415
0.5385
0.5355
0.5325
0.5295
0.5265
0.5235
0.5205
0.5175
0.5145
0.5115
0.5085
0.5055
0.5025
0.4995
0.4965
0.4935
0.4905
0.4875
0.4845
0.4815
0.4785
0.4755
0.4725
0.4695
0.4665
0.4635
0.4605
0.4575
0.4545
0.4515
0.4485
0.4455
0.4425
0.4395
0.4365
0.4335
0.4305
0.4275
0.4245
0.4215
0.4185
0.4155
0.4125
0.4095
0.4065
0.4035
0.4005
0.3975
0.3945
0.3915
0.3885
0.3855
0.3825
0.3795
0.3765
0.3735
0.3705
0.3675
0.3645
0.3615
0.3585
0.3555
0.3525
0.3495
0.3465
0.3435
0.3405
0.3375
0.3345
0.3315
0.3285
0.3255
0.3225
0.3195
0.3165
0.3135
0.3105
0.3075
0.3045
0.3015
0.2985
0.2955
0.2925
0.2895
0.2865
0.2835
0.2805
0.2775
0.2745
0.2715
0.2685
0.2655
0.2625
0.2595
0.2565
0.2535
0.2505
0.2475
0.2445
0.2415
0.2385
0.2355
0.2325
0.2295
0.2265
0.2235
0.2205
0.2175
0.2145
0.2115
0.2085
0.2055
0.2025
0.1995
0.1965
0.1935
0.1905
0.1875
0.1845
0.1815
0.1785
0.1755
0.1725
0.1695
0.1665
0.1635
0.1605
0.1575
0.1545
0.1515
0.1485
0.1455
0.1425
0.1395
0.1365
0.1335
0.1305
0.1275
0.1245
0.1215
0.1185
0.1155
0.1125
0.1095
0.1065
0.1035
0.1005
0.0975
0.0945
0.0915
0.0885
0.0855
0.0825
0.0795
0.0765
0.0735
0.0705
0.0675
0.0645
0.0615
0.0585
0.0555
0.0525
0.0495
0.0465
0.0435
0.0405
0.0375
0.0345
0.0315
0.0285
0.0255
0.0225
0.0195
0.0165
0.0135
0.0105
0.0075
0.0045
0.0015
1.4985
1.4955
1.4925
1.4895
1.4865
1.4835
1.4805
1.4775
1.4745
1.4715
1.4685
1.4655
1.4625
1.4595
1.4565
1.4535
1.4505
1.4475
1.4445
1.4415
1.4385
1.4355
1.4325
1.4295
1.4265
1.4235
1.4205
1.4175
1.4145
1.4115
1.4085
1.4055
1.4025
1.3995
1.3965
1.3935
1.3905
1.3875
1.3845
1.3815
1.3785
1.3755
1.3725
1.3695
1.3665
1.3635
1.3605
1.3575
1.3545
1.3515
1.3485
1.3455
1.3425
1.3395
1.3365
1.3335
1.3305
1.3275
1.3245
1.3215
1.3185
1.3155
1.3125
1.3095
1.3065
1.3035
1.3005
1.2975
1.2945
1.2915
1.2885
1.2855
1.2825
1.2795
1.2765
1.2735
1.2705
1.2675
1.2645
1.2615
1.2585
1.2555
1.2525
1.2495
1.2465
1.2435
1.2405
1.2375
1.2345
1.2315
1.2285
1.2255
1.2225
1.2195
1.2165
1.2135
1.2105
1.2075
1.2045
1.2015
1.1985
1.1955
1.1925
1.1895
1.1865
1.1835
1.1805
1.1775
1.1745
1.1715
1.1685
1.1655
1.1625
1.1595
1.1565
1.1535
1.1505
1.1475
1.1445
1.1415
1.1385
1.1355
1.1325
1.1295
1.1265
1.1235
1.1205
1.1175
1.1145
1.1115
1.1085
1.1055
1.1025
1.0995
1.0965
1.0935
1.0905
1.0875
1.0845
1.0815
1.0785
1.0755
1.0725
1.0695
1.0665
1.0635
1.0605
1.0575
1.0545
1.0515
1.0485
1.0455
1.0425
1.0395
1.0365
1.0335
1.0305
1.0275
1.0245
1.0215
1.0185
1.0155
1.0125
1.0095
1.0065
1.0035
1.0005
0.9975
0.9945
0.9915
0.9885
0.9855
0.9825
0.9795
0.9765
0.9735
0.9705
0.9675
0.9645
0.9615
0.9585
0.9555
0.9525
0.9495
0.9465
0.9435
0.9405
0.9375
0.9345
0.9315
0.9285
0.9255
0.9225
0.9195
0.9165
0.9135
0.9105
0.9075
0.9045
0.9015
0.8985
0.8955
0.8925
0.8895
0.8865
0.8835
0.8805
0.8775
0.8745
0.8715
0.8685
0.8655
0.8625
0.8595
0.8565
0.8535
0.8505
0.8475
0.8445
0.8415
0.8385
0.8355
0.8325
0.8295
0.8265
0.8235
0.8205
0.8175
0.8145
0.8115
0.8085
0.8055
0.8025
0.7995
0.7965
0.7935
0.7905
0.7875
0.7845
0.7815
0.7785
0.7755
0.7725
0.7695
0.7665
0.7635
0.7605
0.7575
0.7545
0.7515
0.7485
0.7455
0.7425
0.7395
0.7365
0.7335
0.7305
0.7275
0.7245
0.7215
0.7185
0.7155
0.7125
0.7095
0.7065
0.7035
0.7005
0.6975
0.6945
0.6915
0.6885
0.6855
0.6825
0.6795
0.6765
0.6735
0.6705
0.6675
0.6645
0.6615
0.6585
0.6555
0.6525
0.6495
0.6465
0.6435
0.6405
0.6375
0.6345
0.6315
0.6285
0.6255
0.6225
0.6195
0.6165
0.6135
0.6105
0.6075
0.6045
0.6015
0.5985
0.5955
0.5925
0.5895
0.5865
0.5835
0.5805
0.5775
0.5745
0.5715
0.5685
0.5655
0.5625
0.5595
0.5565
0.5535
0.5505
0.5475
0.5445
0.5415
0.5385
0.5355
0.5325
0.5295
0.5265
0.5235
0.5205
0.5175
0.5145
0.5115
0.5085
0.5055
0.5025
0.4995
0.4965
0.4935
0.4905
0.4875
0.4845
0.4815
0.4785
0.4755
0.4725
0.4695
0.4665
0.4635
0.4605
0.4575
0.4545
0.4515
0.4485
0.4455
0.4425
0.4395
0.4365
0.4335
0.4305
0.4275
0.4245
0.4215
0.4185
0.4155
0.4125
0.4095
0.4065
0.4035
0.4005
0.3975
0.3945
0.3915
0.3885
0.3855
0.3825
0.3795
0.3765
0.3735
0.3705
0.3675
0.3645
0.3615
0.3585
0.3555
0.3525
0.3495
0.3465
0.3435
0.3405
0.3375
0.3345
0.3315
0.3285
0.3255
0.3225
0.3195
0.3165
0.3135
0.3105
0.3075
0.3045
0.3015
0.2985
0.2955
0.2925
0.2895
0.2865
0.2835
0.2805
0.2775
0.2745
0.2715
0.2685
0.2655
0.2625
0.2595
0.2565
0.2535
0.2505
0.2475
0.2445
0.2415
0.2385
0.2355
0.2325
0.2295
0.2265
0.2235
0.2205
0.2175
0.2145
0.2115
0.2085
0.2055
0.2025
0.1995
0.1965
0.1935
0.1905
0.1875
0.1845
0.1815
0.1785
0.1755
0.1725
0.1695
0.1665
0.1635
0.1605
0.1575
0.1545
0.1515
0.1485
0.1455
0.1425
0.1395
0.1365
0.1335
0.1305
0.1275
0.1245
0.1215
0.1185
0.1155
0.1125
0.1095
0.1065
0.1035
0.1005
0.0975
0.0945
0.0915
0.0885
0.0855
0.0825
0.0795
0.0765
0.0735
0.0705
0.0675
0.0645
0.0615
0.0585
0.0555
0.0525
0.0495
0.0465
0.0435
0.0405
0.0375
0.0345
0.0315
0.0285
0.0255
0.0225
0.0195
0.0165
0.0135
0.0105
0.0075
0.0045
0.0015
1.4985
1.4955
1.4925
1.4895
1.4865
1.4835
1.4805
1.4775
1.4745
1.4715
1.4685
1.4655
1.4625
1.4595
1.4565
1.4535
1.4505
1.4475
1.4445
1.4415
1.4385
1.4355
1.4325
1.4295
1.4265
1.4235
1.4205
1.4175
1.4145
1.4115
1.4085
1.4055
1.4025
1.3995
1.3965
1.3935
1.3905
1.3875
1.3845
1.3815
1.3785
1.3755
1.3725
1.3695
1.3665
1.3635
1.3605
1.3575
1.3545
1.3515
1.3485
1.3455
1.3425
1.3395
1.3365
1.3335
1.3305
1.3275
1.3245
1.3215
1.3185
1.3155
1.3125
1.3095
1.3065
1.3035
1.3005
1.2975
1.2945
1.2915
1.2885
1.2855
1.2825
1.2795
1.2765
1.2735
1.2705
1.2675
1.2645
1.2615
1.2585
1.2555
1.2525
1.2495
1.2465
1.2435
1.2405
1.2375
1.2345
1.2315
1.2285
1.2255
1.2225
1.2195
1.2165
1.2135
1.2105
1.2075
1.2045
1.2015
1.1985
1.1955
1.1925
1.1895
1.1865
1.1835
1.1805
1.1775
1.1745
1.1715
1.1685
1.1655
1.1625
1.1595
1.1565
1.1535
1.1505
1.1475
1.1445
1.1415
1.1385
1.1355
1.1325
1.1295
1.1265
1.1235
1.1205
1.1175
1.1145
1.1115
1.1085
1.1055
1.1025
1.0995
1.0965
1.0935
1.0905
1.0875
1.0845
1.0815
1.0785
1.0755
1.0725
1.0695
1.0665
1.0635
1.0605
1.0575
1.0545
1.0515
1.0485
1.0455
1.0425
1.0395
1.0365
1.0335
1.0305
1.0275
1.0245
1.0215
1.0185
1.0155
1.0125
1.0095
1.0065
1.0035
1.0005
0.9975
0.9945
0.9915
0.9885
0.9855
0.9825
0.9795
0.9765
0.9735
0.9705
0.9675
0.9645
0.9615
0.9585
0.9555
0.9525
0.9495
0.9465
0.9435
0.9405
0.9375
0.9345
0.9315
0.9285
0.9255
0.9225
0.9195
0.9165
0.9135
0.9105
0.9075
0.9045
0.9015
0.8985
0.8955
0.8925
0.8895
0.8865
0.8835
0.8805
0.8775
0.8745
0.8715
0.8685
0.8655
0.8625
0.8595
0.8565
0.8535
0.8505
0.8475
0.8445
0.8415
0.8385
0.8355
0.8325
0.8295
0.8265
0.8235
0.8205
0.8175
0.8145
0.8115
0.8085
0.8055
0.8025
0.7995
0.7965
0.7935
0.7905
0.7875
0.7845
0.7815
0.7785
0.7755
0.7725
0.7695
0.7665
0.7635
0.7605
0.7575
0.7545
0.7515
0.7485
0.7455
0.7425
0.7395
0.7365
0.7335
0.7305
0.7275
0.7245
0.7215
0.7185
0.7155
0.7125
0.7095
0.7065
0.7035
0.7005
0.6975
0.6945
0.6915
0.6885
0.6855
0.6825
0.6795
0.6765
0.6735
0.6705
0.6675
0.6645
0.6615
0.6585
0.6555
0.6525
0.6495
0.6465
0.6435
0.6405
0.6375
0.6345
0.6315
0.6285
0.6255
0.6225
0.6195
0.6165
0.6135
0.6105
0.6075
0.6045
0.6015
0.5985
0.5955
0.5925
0.5895
0.5865
0.5835
0.5805
0.5775
0.5745
0.5715
0.5685
0.5655
0.5625
0.5595
0.5565
0.5535
0.5505
0.5475
0.5445
0.5415
0.5385
0.5355
0.5325
0.5295
0.5265
0.5235
0.5205
0.5175
0.5145
0.5115
0.5085
0.5055
0.5025
0.4995
0.4965
0.4935
0.4905
0.4875
0.4845
0.4815
0.4785
0.4755
0.4725
0.4695
0.4665
0.4635
0.4605
0.4575
0.4545
0.4515
0.4485
0.4455
0.4425
0.4395
0.4365
0.4335
0.4305
0.4275
0.4245
0.4215
0.4185
0.4155
0.4125
0.4095
0.4065
0.4035
0.4005
0.3975
0.3945
0.3915
0.3885
0.3855
0.3825
0.3795
0.3765
0.3735
0.3705
0.3675
0.3645
0.3615
0.3585
0.3555
0.3525
0.3495
0.3465
0.3435
0.3405
0.3375
0.3345
0.3315
0.3285
0.3255
0.3225
0.3195
0.3165
0.3135
0.3105
0.3075
0.3045
0.3015
0.2985
0.2955
0.2925
0.2895
0.2865
0.2835
0.2805
0.2775
0.2745
0.2715
0.2685
0.2655
0.2625
0.2595
0.2565
0.2535
0.2505
0.2475
0.2445
0.2415
0.2385
0.2355
0.2325
0.2295
0.2265
0.2235
0.2205
0.2175
0.2145
0.2115
0.2085
0.2055
0.2025
0.1995
0.1965
0.1935
0.1905
0.1875
0.1845
0.1815
0.1785
0.1755
0.1725
0.1695
0.1665
0.1635
0.1605
0.1575
0.1545
0.1515
0.1485
0.1455
0.1425
0.1395
0.1365
0.1335
0.1305
0.1275
0.1245
0.1215
0.1185
0.1155
0.1125
0.1095
0.1065
0.1035
0.1005
0.0975
0.0945
0.0915
0.0885
0.0855
0.0825
0.0795
0.0765
0.0735
0.0705
0.0675
0.0645
0.0615
0.0585
0.0555
0.0525
0.0495
0.0465
0.0435
0.0405
0.0375
0.0345
0.0315
0.0285
0.0255
0.0225
0.0195
0.0165
0.0135
0.0105
0.0075
0.0045
0.0015
1.4985
1.4955
1.4925
1.4895
1.4865
1.4835
1.4805
1.4775
1.4745
1.4715
1.4685
1.4655
1.4625
1.4595
1.4565
1.4535
1.4505
1.4475
1.4445
1.4415
1.4385
1.4355
1.4325
1.4295
1.4265
1.4235
1.4205
1.4175
1.4145
1.4115
1.4085
1.4055
1.4025
1.3995
1.3965
1.3935
1.3905
1.3875
1.3845
1.3815
1.3785
1.3755
1.3725
1.3695
1.3665
1.3635
1.3605
1.3575
1.3545
1.3515
1.3485
1.3455
1.3425
1.3395
1.3365
1.3335
1.3305
1.3275
1.3245
1.3215
1.3185
1.3155
1.3125
1.3095
1.3065
1.3035
1.3005
1.2975
1.2945
1.2915
1.2885
1.2855
1.2825
1.2795
1.2765
1.2735
1.2705
1.2675
1.2645
1.2615
1.2585
1.2555
1.2525
1.2495
1.2465
1.2435
1.2405
1.2375
1.2345
1.2315
1.2285
1.2255
1.2225
1.2195
1.2165
1.2135
1.2105
1.2075
1.2045
1.2015
1.1985
1.1955
1.1925
1.1895
1.1865
1.1835
1.1805
1.1775
1.1745
1.1715
1.1685
1.1655
1.1625
1.1595
1.1565
1.1535
1.1505
1.1475
1.1445
1.1415
1.1385
1.1355
1.1325
1.1295
1.1265
1.1235
1.1205
1.1175
1.1145
1.1115
1.1085
1.1055
1.1025
1.0995
1.0965
1.0935
1.0905
1.0875
1.0845
1.0815
1.0785
1.0755
1.0725
1.0695
1.0665
1.0635
1.0605
1.0575
1.0545
1.0515
1.0485
1.0455
1.0425
1.0395
1.0365
1.0335
1.0305
1.0275
1.0245
1.0215
1.0185
1.0155
1.0125
1.0095
1.0065
1.0035
1.0005
0.9975
0.9945
0.9915
0.9885
0.9855
0.9825
0.9795
0.9765
0.9735
0.9705
0.9675
0.9645
0.9615
0.9585
0.9555
0.9525
0.9495
0.9465
0.9435
0.9405
0.9375
0.9345
0.9315
0.9285
0.9255
0.9225
0.9195
0.9165
0.9135
0.9105
0.9075
0.9045
0.9015
0.8985
0.8955
0.8925
0.8895
0.8865
0.8835
0.8805
0.8775
0.8745
0.8715
0.8685
0.8655
0.8625
0.8595
0.8565
0.8535
0.8505
0.8475
0.8445
0.8415
0.8385
0.8355
0.8325
0.8295
0.8265
0.8235
0.8205
0.8175
0.8145
0.8115
0.8085
0.8055
0.8025
0.7995
0.7965
0.7935
0.7905
0.7875
0.7845
0.7815
0.7785
0.7755
0.7725
0.7695
0.7665
0.7635
0.7605
0.7575
0.7545
0.7515
0.7485
0.7455
0.7425
0.7395
0.7365
0.7335
0.7305
0.7275
0.7245
0.7215
0.7185
0.7155
0.7125
0.7095
0.7065
0.7035
0.7005
0.6975
0.6945
0.6915
0.6885
0.6855
0.6825
0.6795
0.6765
0.6735
0.6705
0.6675
0.6645
0.6615
0.6585
0.6555
0.6525
0.6495
0.6465
0.6435
0.6405
0.6375
0.6345
0.6315
0.6285
0.6255
0.6225
0.6195
0.6165
0.6135
0.6105
0.6075
0.6045
0.6015
0.5985
0.5955
0.5925
0.5895
0.5865
0.5835
0.5805
0.5775
0.5745
0.5715
0.5685
0.5655
0.5625
0.5595
0.5565
0.5535
0.5505
0.5475
0.5445
0.5415
0.5385
0.5355
0.5325
0.5295
0.5265
0.5235
0.5205
0.5175
0.5145
0.5115
0.5085
0.5055
0.5025
0.4995
0.4965
0.4935
0.4905
0.4875
0.4845
0.4815
0.4785
0.4755
0.4725
0.4695
0.4665
0.4635
0.4605
0.4575
0.4545
0.4515
0.4485
0.4455
0.4425
0.4395
0.4365
0.4335
0.4305
0.4275
0.4245
0.4215
0.4185
0.4155
0.4125
0.4095
0.4065
0.4035
0.4005
0.3975
0.3945
0.3915
0.3885
0.3855
0.3825
0.3795
0.3765
0.3735
0.3705
0.3675
0.3645
0.3615
0.3585
0.3555
0.3525
0.3495
0.3465
0.3435
0.3405
0.3375
0.3345
0.3315
0.3285
0.3255
0.3225
0.3195
0.3165
0.3135
0.3105
0.3075
0.3045
0.3015
0.2985
0.2955
0.2925
0.2895
0.2865
0.2835
0.2805
0.2775
0.2745
0.2715
0.2685
0.2655
0.2625
0.2595
0.2565
0.2535
0.2505
0.2475
0.2445
0.2415
0.2385
0.2355
0.2325
0.2295
0.2265
0.2235
0.2205
0.2175
0.2145
0.2115
0.2085
0.2055
0.2025
0.1995
0.1965
0.1935
0.1905
0.1875
0.1845
0.1815
0.1785
0.1755
0.1725
0.1695
0.1665
0.1635
0.1605
0.1575
0.1545
0.1515
0.1485
0.1455
0.1425
0.1395
0.1365
0.1335
0.1305
0.1275
0.1245
0.1215
0.1185
0.1155
0.1125
0.1095
0.1065
0.1035
0.1005
0.0975
0.0945
0.0915
0.0885
0.0855
0.0825
0.0795
0.0765
0.0735
0.0705
0.0675
0.0645
0.0615
0.0585
0.0555
0.0525
0.0495
0.0465
0.0435
0.0405
0.0375
0.0345
0.0315
0.0285
0.0255
0.0225
0.0195
0.0165
0.0135
0.0105
0.0075
0.0045
0.0015
1.4985
1.4955
1.4925
1.4895
1.4865
1.4835
1.4805
1.4775
1.4745
1.4715
1.4685
1.4655
1.4625
1.4595
1.4565
1.4535
1.4505
1.4475
1.4445
1.4415
1.4385
1.4355
1.4325
1.4295
1.4265
1.4235
1.4205
1.4175
1.4145
1.4115
1.4085
1.4055
1.4025
1.3995
1.3965
1.3935
1.3905
1.3875
1.3845
1.3815
1.3785
1.3755
1.3725
1.3695
1.3665
1.3635
1.3605
1.3575
1.3545
1.3515
1.3485
1.3455
1.3425
1.3395
1.3365
1.3335
1.3305
1.3275
1.3245
1.3215
1.3185
1.3155
1.3125
1.3095
1.3065
1.3035
1.3005
1.2975
1.2945
1.2915
1.2885
1.2855
1.2825
1.2795
1.2765
1.2735
1.2705
1.2675
1.2645
1.2615
1.2585
1.2555
1.2525
1.2495
1.2465
1.2435
1.2405
1.2375
1.2345
1.2315
1.2285
1.2255
1.2225
1.2195
1.2165
1.2135
1.2105
1.2075
1.2045
1.2015
1.1985
1.1955
1.1925
1.1895
1.1865
1.1835
1.1805
1.1775
1.1745
1.1715
1.1685
1.1655
1.1625
1.1595
1.1565
1.1535
1.1505
1.1475
1.1445
1.1415
1.1385
1.1355
1.1325
1.1295
1.1265
1.1235
1.1205
1.1175
1.1145
1.1115
1.1085
1.1055
1.1025
1.0995
1.0965
1.0935
1.0905
1.0875
1.0845
1.0815
1.0785
1.0755
1.0725
1.0695
1.0665
1.0635
1.0605
1.0575
1.0545
1.0515
1.0485
1.0455
1.0425
1.0395
1.0365
1.0335
1.0305
1.0275
1.0245
1.0215
1.0185
1.0155
1.0125
1.0095
1.0065
1.0035
1.0005
0.9975
0.9945
0.9915
0.9885
0.9855
0.9825
0.9795
0.9765
0.9735
0.9705
0.9675
0.9645
0.9615
0.9585
0.9555
0.9525
0.9495
0.9465
0.9435
0.9405
0.9375
0.9345
0.9315
0.9285
0.9255
0.9225
0.9195
0.9165
0.9135
0.9105
0.9075
0.9045
0.9015
0.8985
0.8955
0.8925
0.8895
0.8865
0.8835
0.8805
0.8775
0.8745
0.8715
0.8685
0.8655
0.8625
0.8595
0.8565
0.8535
0.8505
0.8475
0.8445
0.8415
0.8385
0.8355
0.8325
0.8295
0.8265
0.8235
0.8205
0.8175
0.8145
0.8115
0.8085
0.8055
0.8025
0.7995
0.7965
0.7935
0.7905
0.7875
0.7845
0.7815
0.7785
0.7755
0.7725
0.7695
0.7665
0.7635
0.7605
0.7575
0.7545
0.7515
0.7485
0.7455
0.7425
0.7395
0.7365
0.7335
0.7305
0.7275
0.7245
0.7215
0.7185
0.7155
0.7125
0.7095
0.7065
0.7035
0.7005
0.6975
0.6945
0.6915
0.6885
0.6855
0.6825
0.6795
0.6765
0.6735
0.6705
0.6675
0.6645
0.6615
0.6585
0.6555
0.6525
0.6495
0.6465
0.6435
0.6405
0.6375
0.6345
0.6315
0.6285
0.6255
0.6225
0.6195
0.6165
0.6135
0.6105
0.6075
0.6045
0.6015
0.5985
0.5955
0.5925
0.5895
0.5865
0.5835
0.5805
0.5775
0.5745
0.5715
0.5685
0.5655
0.5625
0.5595
0.5565
0.5535
0.5505
0.5475
0.5445
0.5415
0.5385
0.5355
0.5325
0.5295
0.5265
0.5235
0.5205
0.5175
0.5145
0.5115
0.5085
0.5055
0.5025
0.4995
0.4965
0.4935
0.4905
0.4875
0.4845
0.4815
0.4785
0.4755
0.4725
0.4695
0.4665
0.4635
0.4605
0.4575
0.4545
0.4515
0.4485
0.4455
0.4425
0.4395
0.4365
0.4335
0.4305
0.4275
0.4245
0.4215
0.4185
0.4155
0.4125
0.4095
0.4065
0.4035
0.4005
0.3975
0.3945
0.3915
0.3885
0.3855
0.3825
0.3795
0.3765
0.3735
0.3705
0.3675
0.3645
0.3615
0.3585
0.3555
0.3525
0.3495
0.3465
0.3435
0.3405
0.3375
0.3345
0.3315
0.3285
0.3255
0.3225
0.3195
0.3165
0.3135
0.3105
0.3075
0.3045
0.3015
0.2985
0.2955
0.2925
0.2895
0.2865
0.2835
0.2805
0.2775
0.2745
0.2715
0.2685
0.2655
0.2625
0.2595
0.2565
0.2535
0.2505
0.2475
0.2445
0.2415
0.2385
0.2355
0.2325
0.2295
0.2265
0.2235
0.2205
0.2175
0.2145
0.2115
0.2085
0.2055
0.2025
0.1995
0.1965
0.1935
0.1905
0.1875
0.1845
0.1815
0.1785
0.1755
0.1725
0.1695
0.1665
0.1635
0.1605
0.1575
0.1545
0.1515
0.1485
0.1455
0.1425
0.1395
0.1365
0.1335
0.1305
0.1275
0.1245
0.1215
0.1185
0.1155
0.1125
0.1095
0.1065
0.1035
0.1005
0.0975
0.0945
0.0915
0.0885
0.0855
0.0825
0.0795
0.0765
0.0735
0.0705
0.0675
0.0645
0.0615
0.0585
0.0555
0.0525
0.0495
0.0465
0.0435
0.0405
0.0375
0.0345
0.0315
0.0285
0.0255
0.0225
0.0195
0.0165
0.0135
0.0105
0.0075
0.0045
0.0015
1.4985
1.4955
1.4925
1.4895
1.4865
1.4835
1.4805
1.4775
1.4745
1.4715
1.4685
1.4655
1.4625
1.4595
1.4565
1.4535
1.4505
1.4475
1.4445
1.4415
1.4385
1.4355
1.4325
1.4295
1.4265
1.4235
1.4205
1.4175
1.4145
1.4115
1.4085
1.4055
1.4025
1.3995
1.3965
1.3935
1.3905
1.3875
1.3845
1.3815
1.3785
1.3755
1.3725
1.3695
1.3665
1.3635
1.3605
1.3575
1.3545
1.3515
1.3485
1.3455
1.3425
1.3395
1.3365
1.3335
1.3305
1.3275
1.3245
1.3215
1.3185
1.3155
1.3125
1.3095
1.3065
1.3035
1.3005
1.2975
1.2945
1.2915
1.2885
1.2855
1.2825
1.2795
1.2765
1.2735
1.2705
1.2675
1.2645
1.2615
1.2585
1.2555
1.2525
1.2495
1.2465
1.2435
1.2405
1.2375
1.2345
1.2315
1.2285
1.2255
1.2225
1.2195
1.2165
1.2135
1.2105
1.2075
1.2045
1.2015
1.1985
1.1955
1.1925
1.1895
1.1865
1.1835
1.1805
1.1775
1.1745
1.1715
1.1685
1.1655
1.1625
1.1595
1.1565
1.1535
1.1505
1.1475
1.1445
1.1415
1.1385
1.1355
1.1325
1.1295
1.1265
1.1235
1.1205
1.1175
1.1145
1.1115
1.1085
1.1055
1.1025
1.0995
1.0965
1.0935
1.0905
1.0875
1.0845
1.0815
1.0785
1.0755
1.0725
1.0695
1.0665
1.0635
1.0605
1.0575
1.0545
1.0515
1.0485
1.0455
1.0425
1.0395
1.0365
1.0335
1.0305
1.0275
1.0245
1.0215
1.0185
1.0155
1.0125
1.0095
1.0065
1.0035
1.0005
0.9975
0.9945
0.9915
0.9885
0.9855
0.9825
0.9795
0.9765
0.9735
0.9705
0.9675
0.9645
0.9615
0.9585
0.9555
0.9525
0.9495
0.9465
0.9435
0.9405
0.9375
0.9345
0.9315
0.9285
0.9255
0.9225
0.9195
0.9165
0.9135
0.9105
0.9075
0.9045
0.9015
0.8985
0.8955
0.8925
0.8895
0.8865
0.8835
0.8805
0.8775
0.8745
0.8715
0.8685
0.8655
0.8625
0.8595
0.8565
0.8535
0.8505
0.8475
0.8445
0.8415
0.8385
0.8355
0.8325
0.8295
0.8265
0.8235
0.8205
0.8175
0.8145
0.8115
0.8085
0.8055
0.8025
0.7995
0.7965
0.7935
0.7905
0.7875
0.7845
0.7815
0.7785
0.7755
0.7725
0.7695
0.7665
0.7635
0.7605
0.7575
0.7545
0.7515
0.7485
0.7455
0.7425
0.7395
0.7365
0.7335
0.7305
0.7275
0.7245
0.7215
0.7185
0.7155
0.7125
0.7095
0.7065
0.7035
0.7005
0.6975
0.6945
0.6915
0.6885
0.6855
0.6825
0.6795
0.6765
0.6735
0.6705
0.6675
0.6645
0.6615
0.6585
0.6555
0.6525
0.6495
0.6465
0.6435
0.6405
0.6375
0.6345
0.6315
0.6285
0.6255
0.6225
0.6195
0.6165
0.6135
0.6105
0.6075
0.6045
0.6015
0.5985
0.5955
0.5925
0.5895
0.5865
0.5835
0.5805
0.5775
0.5745
0.5715
0.5685
0.5655
0.5625
0.5595
0.5565
0.5535
0.5505
0.5475
0.5445
0.5415
0.5385
0.5355
0.5325
0.5295
0.5265
0.5235
0.5205
0.5175
0.5145
0.5115
0.5085
0.5055
0.5025
0.4995
0.4965
0.4935
0.4905
0.4875
0.4845
0.4815
0.4785
0.4755
0.4725
0.4695
0.4665
0.4635
0.4605
0.4575
0.4545
0.4515
0.4485
0.4455
0.4425
0.4395
0.4365
0.4335
0.4305
0.4275
0.4245
0.4215
0.4185
0.4155
0.4125
0.4095
0.4065
0.4035
0.4005
0.3975
0.3945
0.3915
0.3885
0.3855
0.3825
0.3795
0.3765
0.3735
0.3705
0.3675
0.3645
0.3615
0.3585
0.3555
0.3525
0.3495
0.3465
0.3435
0.3405
0.3375
0.3345
0.3315
0.3285
0.3255
0.3225
0.3195
0.3165
0.3135
0.3105
0.3075
0.3045
0.3015
0.2985
0.2955
0.2925
0.2895
0.2865
0.2835
0.2805
0.2775
0.2745
0.2715
0.2685
0.2655
0.2625
0.2595
0.2565
0.2535
0.2505
0.2475
0.2445
0.2415
0.2385
0.2355
0.2325
0.2295
0.2265
0.2235
0.2205
0.2175
0.2145
0.2115
0.2085
0.2055
0.2025
0.1995
0.1965
0.1935
0.1905
0.1875
0.1845
0.1815
0.1785
0.1755
0.1725
0.1695
0.1665
0.1635
0.1605
0.1575
0.1545
0.1515
0.1485
0.1455
0.1425
0.1395
0.1365
0.1335
0.1305
0.1275
0.1245
0.1215
0.1185
0.1155
0.1125
0.1095
0.1065
0.1035
0.1005
0.0975
0.0945
0.0915
0.0885
0.0855
0.0825
0.0795
0.0765
0.0735
0.0705
0.0675
0.0645
0.0615
0.0585
0.0555
0.0525
0.0495
0.0465
0.0435
0.0405
0.0375
0.0345
0.0315
0.0285
0.0255
0.0225
0.0195
0.0165
0.0135
0.0105
0.0075
0.0045
0.0015
1.4985
1.4955
1.4925
1.4895
1.4865
1.4835
1.4805
1.4775
1.4745
1.4715
1.4685
1.4655
1.4625
1.4595
1.4565
1.4535
1.4505
1.4475
1.4445
1.4415
1.4385
1.4355
1.4325
1.4295
1.4265
1.4235
1.4205
1.4175
1.4145
1.4115
1.4085
1.4055
1.4025
1.3995
1.3965
1.3935
1.3905
1.3875
1.3845
1.3815
1.3785
1.3755
1.3725
1.3695
1.3665
1.3635
1.3605
1.3575
1.3545
1.3515
1.3485
1.3455
1.3425
1.3395
1.3365
1.3335
1.3305
1.3275
1.3245
1.3215
1.3185
1.3155
1.3125
1.3095
1.3065
1.3035
1.3005
1.2975
1.2945
1.2915
1.2885
1.2855
1.2825
1.2795
1.2765
1.2735
1.2705
1.2675
1.2645
1.2615
1.2585
1.2555
1.2525
1.2495
1.2465
1.2435
1.2405
1.2375
1.2345
1.2315
1.2285
1.2255
1.2225
1.2195
1.2165
1.2135
1.2105
1.2075
1.2045
1.2015
1.1985
1.1955
1.1925
1.1895
1.1865
1.1835
1.1805
1.1775
1.1745
1.1715
1.1685
1.1655
1.1625
1.1595
1.1565
1.1535
1.1505
1.1475
1.1445
1.1415
1.1385
1.1355
1.1325
1.1295
1.1265
1.1235
1.1205
1.1175
1.1145
1.1115
1.1085
1.1055
1.1025
1.0995
1.0965
1.0935
1.0905
1.0875
1.0845
1.0815
1.0785
1.0755
1.0725
1.0695
1.0665
1.0635
1.0605
1.0575
1.0545
1.0515
1.0485
1.0455
1.0425
1.0395
1.0365
1.0335
1.0305
1.0275
1.0245
1.0215
1.0185
1.0155
1.0125
1.0095
1.0065
1.0035
1.0005
0.9975
0.9945
0.9915
0.9885
0.9855
0.9825
0.9795
0.9765
0.9735
0.9705
0.9675
0.9645
0.9615
0.9585
0.9555
0.9525
0.9495
0.9465
0.9435
0.9405
0.9375
0.9345
0.9315
0.9285
0.9255
0.9225
0.9195
0.9165
0.9135
0.9105
0.9075
0.9045
0.9015
0.8985
0.8955
0.8925
0.8895
0.8865
0.8835
0.8805
0.8775
0.8745
0.8715
0.8685
0.8655
0.8625
0.8595
0.8565
0.8535
0.8505
0.8475
0.8445
0.8415
0.8385
0.8355
0.8325
0.8295
0.8265
0.8235
0.8205
0.8175
0.8145
0.8115
0.8085
0.8055
0.8025
0.7995
0.7965
0.7935
0.7905
0.7875
0.7845
0.7815
0.7785
0.7755
0.7725
0.7695
0.7665
0.7635
0.7605
0.7575
0.7545
0.7515
0.7485
0.7455
0.7425
0.7395
0.7365
0.7335
0.7305
0.7275
0.7245
0.7215
0.7185
0.7155
0.7125
0.7095
0.7065
0.7035
0.7005
0.6975
0.6945
0.6915
0.6885
0.6855
0.6825
0.6795
0.6765
0.6735
0.6705
0.6675
0.6645
0.6615
0.6585
0.6555
0.6525
0.6495
0.6465
0.6435
0.6405
0.6375
0.6345
0.6315
0.6285
0.6255
0.6225
0.6195
0.6165
0.6135
0.6105
0.6075
0.6045
0.6015
0.5985
0.5955
0.5925
0.5895
0.5865
0.5835
0.5805
0.5775
0.5745
0.5715
0.5685
0.5655
0.5625
0.5595
0.5565
0.5535
0.5505
0.5475
0.5445
0.5415
0.5385
0.5355
0.5325
0.5295
0.5265
0.5235
0.5205
0.5175
0.5145
0.5115
0.5085
0.5055
0.5025
0.4995
0.4965
0.4935
0.4905
0.4875
0.4845
0.4815
0.4785
0.4755
0.4725
0.4695
0.4665
0.4635
0.4605
0.4575
0.4545
0.4515
0.4485
0.4455
0.4425
0.4395
0.4365
0.4335
0.4305
0.4275
0.4245
0.4215
0.4185
0.4155
0.4125
0.4095
0.4065
0.4035
0.4005
0.3975
0.3945
0.3915
0.3885
0.3855
0.3825
0.3795
0.3765
0.3735
0.3705
0.3675
0.3645
0.3615
0.3585
0.3555
0.3525
0.3495
0.3465
0.3435
0.3405
0.3375
0.3345
0.3315
0.3285
0.3255
0.3225
0.3195
0.3165
0.3135
0.3105
0.3075
0.3045
0.3015
0.2985
0.2955
0.2925
0.2895
0.2865
0.2835
0.2805
0.2775
0.2745
0.2715
0.2685
0.2655
0.2625
0.2595
0.2565
0.2535
0.2505
0.2475
0.2445
0.2415
0.2385
0.2355
0.2325
0.2295
0.2265
0.2235
0.2205
0.2175
0.2145
0.2115
0.2085
0.2055
0.2025
0.1995
0.1965
0.1935
0.1905
0.1875
0.1845
0.1815
0.1785
0.1755
0.1725
0.1695
0.1665
0.1635
0.1605
0.1575
0.1545
0.1515
0.1485
0.1455
0.1425
0.1395
0.1365
0.1335
0.1305
0.1275
0.1245
0.1215
0.1185
0.1155
0.1125
0.1095
0.1065
0.1035
0.1005
0.0975
0.0945
0.0915
0.0885
0.0855
0.0825
0.0795
0.0765
0.0735
0.0705
0.0675
0.0645
0.0615
0.0585
0.0555
0.0525
0.0495
0.0465
0.0435
0.0405
0.0375
0.0345
0.0315
0.0285
0.0255
0.0225
0.0195
0.0165
0.0135
0.0105
0.0075
0.0045
0.0015
1.4985
1.4955
1.4925
1.4895
1.4865
1.4835
1.4805
1.4775
1.4745
1.4715
1.4685
1.4655
1.4625
1.4595
1.4565
1.4535
1.4505
1.4475
1.4445
1.4415
1.4385
1.4355
1.4325
1.4295
1.4265
1.4235
1.4205
1.4175
1.4145
1.4115
1.4085
1.4055
1.4025
1.3995
1.3965
1.3935
1.3905
1.3875
1.3845
1.3815
1.3785
1.3755
1.3725
1.3695
1.3665
1.3635
1.3605
1.3575
1.3545
1.3515
1.3485
1.3455
1.3425
1.3395
1.3365
1.3335
1.3305
1.3275
1.3245
1.3215
1.3185
1.3155
1.3125
1.3095
1.3065
1.3035
1.3005
1.2975
1.2945
1.2915
1.2885
1.2855
1.2825
1.2795
1.2765
1.2735
1.2705
1.2675
1.2645
1.2615
1.2585
1.2555
1.2525
1.2495
1.2465
1.2435
1.2405
1.2375
1.2345
1.2315
1.2285
1.2255
1.2225
1.2195
1.2165
1.2135
1.2105
1.2075
1.2045
1.2015
1.1985
1.1955
1.1925
1.1895
1.1865
1.1835
1.1805
1.1775
1.1745
1.1715
1.1685
1.1655
1.1625
1.1595
1.1565
1.1535
1.1505
1.1475
1.1445
1.1415
1.1385
1.1355
1.1325
1.1295
1.1265
1.1235
1.1205
1.1175
1.1145
1.1115
1.1085
1.1055
1.1025
1.0995
1.0965
1.0935
1.0905
1.0875
1.0845
1.0815
1.0785
1.0755
1.0725
1.0695
1.0665
1.0635
1.0605
1.0575
1.0545
1.0515
1.0485
1.0455
1.0425
1.0395
1.0365
1.0335
1.0305
1.0275
1.0245
1.0215
1.0185
1.0155
1.0125
1.0095
1.0065
1.0035
1.0005
0.9975
0.9945
0.9915
0.9885
0.9855
0.9825
0.9795
0.9765
0.9735
0.9705
0.9675
0.9645
0.9615
0.9585
0.9555
0.9525
0.9495
0.9465
0.9435
0.9405
0.9375
0.9345
0.9315
0.9285
0.9255
0.9225
0.9195
0.9165
0.9135
0.9105
0.9075
0.9045
0.9015
0.8985
0.8955
0.8925
0.8895
0.8865
0.8835
0.8805
0.8775
0.8745
0.8715
0.8685
0.8655
0.8625
0.8595
0.8565
0.8535
0.8505
0.8475
0.8445
0.8415
0.8385
0.8355
0.8325
0.8295
0.8265
0.8235
0.8205
0.8175
0.8145
0.8115
0.8085
0.8055
0.8025
0.7995
0.7965
0.7935
0.7905
0.7875
0.7845
0.7815
0.7785
0.7755
0.7725
0.7695
0.7665
0.7635
0.7605
0.7575
0.7545
0.7515
0.7485
0.7455
0.7425
0.7395
0.7365
0.7335
0.7305
0.7275
0.7245
0.7215
0.7185
0.7155
0.7125
0.7095
0.7065
0.7035
0.7005
0.6975
0.6945
0.6915
0.6885
0.6855
0.6825
0.6795
0.6765
0.6735
0.6705
0.6675
0.6645
0.6615
0.6585
0.6555
0.6525
0.6495
0.6465
0.6435
0.6405
0.6375
0.6345
0.6315
0.6285
0.6255
0.6225
0.6195
0.6165
0.6135
0.6105
0.6075
0.6045
0.6015
0.5985
0.5955
0.5925
0.5895
0.5865
0.5835
0.5805
0.5775
0.5745
0.5715
0.5685
0.5655
0.5625
0.5595
0.5565
0.5535
0.5505
0.5475
0.5445
0.5415
0.5385
0.5355
0.5325
0.5295
0.5265
0.5235
0.5205
0.5175
0.5145
0.5115
0.5085
0.5055
0.5025
0.4995
0.4965
0.4935
0.4905
0.4875
0.4845
0.4815
0.4785
0.4755
0.4725
0.4695
0.4665
0.4635
0.4605
0.4575
0.4545
0.4515
0.4485
0.4455
0.4425
0.4395
0.4365
0.4335
0.4305
0.4275
0.4245
0.4215
0.4185
0.4155
0.4125
0.4095
0.4065
0.4035
0.4005
0.3975
0.3945
0.3915
0.3885
0.3855
0.3825
0.3795
0.3765
0.3735
0.3705
0.3675
0.3645
0.3615
0.3585
0.3555
0.3525
0.3495
0.3465
0.3435
0.3405
0.3375
0.3345
0.3315
0.3285
0.3255
0.3225
0.3195
0.3165
0.3135
0.3105
0.3075
0.3045
0.3015
0.2985
0.2955
0.2925
0.2895
0.2865
0.2835
0.2805
0.2775
0.2745
0.2715
0.2685
0.2655
0.2625
0.2595
0.2565
0.2535
0.2505
0.2475
0.2445
0.2415
0.2385
0.2355
0.2325
0.2295
0.2265
0.2235
0.2205
0.2175
0.2145
0.2115
0.2085
0.2055
0.2025
0.1995
0.1965
0.1935
0.1905
0.1875
0.1845
0.1815
0.1785
0.1755
0.1725
0.1695
0.1665
0.1635
0.1605
0.1575
0.1545
0.1515
0.1485
0.1455
0.1425
0.1395
0.1365
0.1335
0.1305
0.1275
0.1245
0.1215
0.1185
0.1155
0.1125
0.1095
0.1065
0.1035
0.1005
0.0975
0.0945
0.0915
0.0885
0.0855
0.0825
0.0795
0.0765
0.0735
0.0705
0.0675
0.0645
0.0615
0.0585
0.0555
0.0525
0.0495
0.0465
0.0435
0.0405
0.0375
0.0345
0.0315
0.0285
0.0255
0.0225
0.0195
0.0165
0.0135
0.0105
0.0075
0.0045
0.0015
1.4985
1.4955
1.4925
1.4895
1.4865
1.4835
1.4805
1.4775
1.4745
1.4715
1.4685
1.4655
1.4625
1.4595
1.4565
1.4535
1.4505
1.4475
1.4445
1.4415
1.4385
1.4355
1.4325
1.4295
1.4265
1.4235
1.4205
1.4175
1.4145
1.4115
1.4085
1.4055
1.4025
1.3995
1.3965
1.3935
1.3905
1.3875
1.3845
1.3815
1.3785
1.3755
1.3725
1.3695
1.3665
1.3635
1.3605
1.3575
1.3545
1.3515
1.3485
1.3455
1.3425
1.3395
1.3365
1.3335
1.3305
1.3275
1.3245
1.3215
1.3185
1.3155
1.3125
1.3095
1.3065
1.3035
1.3005
1.2975
1.2945
1.2915
1.2885
1.2855
1.2825
1.2795
1.2765
1.2735
1.2705
1.2675
1.2645
1.2615
1.2585
1.2555
1.2525
1.2495
1.2465
1.2435
1.2405
1.2375
1.2345
1.2315
1.2285
1.2255
1.2225
1.2195
1.2165
1.2135
1.2105
1.2075
1.2045
1.2015
1.1985
1.1955
1.1925
1.1895
1.1865
1.1835
1.1805
1.1775
1.1745
1.1715
1.1685
1.1655
1.1625
1.1595
1.1565
1.1535
1.1505
1.1475
1.1445
1.1415
1.1385
1.1355
1.1325
1.1295
1.1265
1.1235
1.1205
1.1175
1.1145
1.1115
1.1085
1.1055
1.1025
1.0995
1.0965
1.0935
1.0905
1.0875
1.0845
1.0815
1.0785
1.0755
1.0725
1.0695
1.0665
1.0635
1.0605
1.0575
1.0545
1.0515
1.0485
1.0455
1.0425
1.0395
1.0365
1.0335
1.0305
1.0275
1.0245
1.0215
1.0185
1.0155
1.0125
1.0095
1.0065
1.0035
1.0005
0.9975
0.9945
0.9915
0.9885
0.9855
0.9825
0.9795
0.9765
0.9735
0.9705
0.9675
0.9645
0.9615
0.9585
0.9555
0.9525
0.9495
0.9465
0.9435
0.9405
0.9375
0.9345
0.9315
0.9285
0.9255
0.9225
0.9195
0.9165
0.9135
0.9105
0.9075
0.9045
0.9015
0.8985
0.8955
0.8925
0.8895
0.8865
0.8835
0.8805
0.8775
0.8745
0.8715
0.8685
0.8655
0.8625
0.8595
0.8565
0.8535
0.8505
0.8475
0.8445
0.8415
0.8385
0.8355
0.8325
0.8295
0.8265
0.8235
0.8205
0.8175
0.8145
0.8115
0.8085
0.8055
0.8025
0.7995
0.7965
0.7935
0.7905
0.7875
0.7845
0.7815
0.7785
0.7755
0.7725
0.7695
0.7665
0.7635
0.7605
0.7575
0.7545
0.7515
0.7485
0.7455
0.7425
0.7395
0.7365
0.7335
0.7305
0.7275
0.7245
0.7215
0.7185
0.7155
0.7125
0.7095
0.7065
0.7035
0.7005
0.6975
0.6945
0.6915
0.6885
0.6855
0.6825
0.6795
0.6765
0.6735
0.6705
0.6675
0.6645
0.6615
0.6585
0.6555
0.6525
0.6495
0.6465
0.6435
0.6405
0.6375
0.6345
0.6315
0.6285
0.6255
0.6225
0.6195
0.6165
0.6135
0.6105
0.6075
0.6045
0.6015
0.5985
0.5955
0.5925
0.5895
0.5865
0.5835
0.5805
0.5775
0.5745
0.5715
0.5685
0.5655
0.5625
0.5595
0.5565
0.5535
0.5505
0.5475
0.5445
0.5415
0.5385
0.5355
0.5325
0.5295
0.5265
0.5235
0.5205
0.5175
0.5145
0.5115
0.5085
0.5055
0.5025
0.4995
0.4965
0.4935
0.4905
0.4875
0.4845
0.4815
0.4785
0.4755
0.4725
0.4695
0.4665
0.4635
0.4605
0.4575
0.4545
0.4515
0.4485
0.4455
0.4425
0.4395
0.4365
0.4335
0.4305
0.4275
0.4245
0.4215
0.4185
0.4155
0.4125
0.4095
0.4065
0.4035
0.4005
0.3975
0.3945
0.3915
0.3885
0.3855
0.3825
0.3795
0.3765
0.3735
0.3705
0.3675
0.3645
0.3615
0.3585
0.3555
0.3525
0.3495
0.3465
0.3435
0.3405
0.3375
0.3345
0.3315
0.3285
0.3255
0.3225
0.3195
0.3165
0.3135
0.3105
0.3075
0.3045
0.3015
0.2985
0.2955
0.2925
0.2895
0.2865
0.2835
0.2805
0.2775
0.2745
0.2715
0.2685
0.2655
0.2625
0.2595
0.2565
0.2535
0.2505
0.2475
0.2445
0.2415
0.2385
0.2355
0.2325
0.2295
0.2265
0.2235
0.2205
0.2175
0.2145
0.2115
0.2085
0.2055
0.2025
0.1995
0.1965
0.1935
0.1905
0.1875
0.1845
0.1815
0.1785
0.1755
0.1725
0.1695
0.1665
0.1635
0.1605
0.1575
0.1545
0.1515
0.1485
0.1455
0.1425
0.1395
0.1365
0.1335
0.1305
0.1275
0.1245
0.1215
0.1185
0.1155
0.1125
0.1095
0.1065
0.1035
0.1005
0.0975
0.0945
0.0915
0.0885
0.0855
0.0825
0.0795
0.0765
0.0735
0.0705
0.0675
0.0645
0.0615
0.0585
0.0555
0.0525
0.0495
0.0465
0.0435
0.0405
0.0375
0.0345
0.0315
0.0285
0.0255
0.0225
0.0195
0.0165
0.0135
0.0105
0.0075
0.0045
0.0015
1.4985
1.4955
1.4925
1.4895
1.4865
1.4835
1.4805
1.4775
1.4745
1.4715
1.4685
1.4655
1.4625
1.4595
1.4565
1.4535
1.4505
1.4475
1.4445
1.4415
1.4385
1.4355
1.4325
1.4295
1.4265
1.4235
1.4205
1.4175
1.4145
1.4115
1.4085
1.4055
1.4025
1.3995
1.3965
1.3935
1.3905
1.3875
1.3845
1.3815
1.3785
1.3755
1.3725
1.3695
1.3665
1.3635
1.3605
1.3575
1.3545
1.3515
1.3485
1.3455
1.3425
1.3395
1.3365
1.3335
1.3305
1.3275
1.3245
1.3215
1.3185
1.3155
1.3125
1.3095
1.3065
1.3035
1.3005
1.2975
1.2945
1.2915
1.2885
1.2855
1.2825
1.2795
1.2765
1.2735
1.2705
1.2675
1.2645
1.2615
1.2585
1.2555
1.2525
1.2495
1.2465
1.2435
1.2405
1.2375
1.2345
1.2315
1.2285
1.2255
1.2225
1.2195
1.2165
1.2135
1.2105
1.2075
1.2045
1.2015
1.1985
1.1955
1.1925
1.1895
1.1865
1.1835
1.1805
1.1775
1.1745
1.1715
1.1685
1.1655
1.1625
1.1595
1.1565
1.1535
1.1505
1.1475
1.1445
1.1415
1.1385
1.1355
1.1325
1.1295
1.1265
1.1235
1.1205
1.1175
1.1145
1.1115
1.1085
1.1055
1.1025
1.0995
1.0965
1.0935
1.0905
1.0875
1.0845
1.0815
1.0785
1.0755
1.0725
1.0695
1.0665
1.0635
1.0605
1.0575
1.0545
1.0515
1.0485
1.0455
1.0425
1.0395
1.0365
1.0335
1.0305
1.0275
1.0245
1.0215
1.0185
1.0155
1.0125
1.0095
1.0065
1.0035
1.0005
0.9975
0.9945
0.9915
0.9885
0.9855
0.9825
0.9795
0.9765
0.9735
0.9705
0.9675
0.9645
0.9615
0.9585
0.9555
0.9525
0.9495
0.9465
0.9435
0.9405
0.9375
0.9345
0.9315
0.9285
0.9255
0.9225
0.9195
0.9165
0.9135
0.9105
0.9075
0.9045
0.9015
0.8985
0.8955
0.8925
0.8895
0.8865
0.8835
0.8805
0.8775
0.8745
0.8715
0.8685
0.8655
0.8625
0.8595
0.8565
0.8535
0.8505
0.8475
0.8445
0.8415
0.8385
0.8355
0.8325
0.8295
0.8265
0.8235
0.8205
0.8175
0.8145
0.8115
0.8085
0.8055
0.8025
0.7995
0.7965
0.7935
0.7905
0.7875
0.7845
0.7815
0.7785
0.7755
0.7725
0.7695
0.7665
0.7635
0.7605
0.7575
0.7545
0.7515
0.7485
0.7455
0.7425
0.7395
0.7365
0.7335
0.7305
0.7275
0.7245
0.7215
0.7185
0.7155
0.7125
0.7095
0.7065
0.7035
0.7005
0.6975
0.6945
0.6915
0.6885
0.6855
0.6825
0.6795
0.6765
0.6735
0.6705
0.6675
0.6645
0.6615
0.6585
0.6555
0.6525
0.6495
0.6465
0.6435
0.6405
0.6375
0.6345
0.6315
0.6285
0.6255
0.6225
0.6195
0.6165
0.6135
0.6105
0.6075
0.6045
0.6015
0.5985
0.5955
0.5925
0.5895
0.5865
0.5835
0.5805
0.5775
0.5745
0.5715
0.5685
0.5655
0.5625
0.5595
0.5565
0.5535
0.5505
0.5475
0.5445
0.5415
0.5385
0.5355
0.5325
0.5295
0.5265
0.5235
0.5205
0.5175
0.5145
0.5115
0.5085
0.5055
0.5025
0.4995
0.4965
0.4935
0.4905
0.4875
0.4845
0.4815
0.4785
0.4755
0.4725
0.4695
0.4665
0.4635
0.4605
0.4575
0.4545
0.4515
0.4485
0.4455
0.4425
0.4395
0.4365
0.4335
0.4305
0.4275
0.4245
0.4215
0.4185
0.4155
0.4125
0.4095
0.4065
0.4035
0.4005
0.3975
0.3945
0.3915
0.3885
0.3855
0.3825
0.3795
0.3765
0.3735
0.3705
0.3675
0.3645
0.3615
0.3585
0.3555
0.3525
0.3495
0.3465
0.3435
0.3405
0.3375
0.3345
0.3315
0.3285
0.3255
0.3225
0.3195
0.3165
0.3135
0.3105
0.3075
0.3045
0.3015
0.2985
0.2955
0.2925
0.2895
0.2865
0.2835
0.2805
0.2775
0.2745
0.2715
0.2685
0.2655
0.2625
0.2595
0.2565
0.2535
0.2505
0.2475
0.2445
0.2415
0.2385
0.2355
0.2325
0.2295
0.2265
0.2235
0.2205
0.2175
0.2145
0.2115
0.2085
0.2055
0.2025
0.1995
0.1965
0.1935
0.1905
0.1875
0.1845
0.1815
0.1785
0.1755
0.1725
0.1695
0.1665
0.1635
0.1605
0.1575
0.1545
0.1515
0.1485
0.1455
0.1425
0.1395
0.1365
0.1335
0.1305
0.1275
0.1245
0.1215
0.1185
0.1155
0.1125
0.1095
0.1065
0.1035
0.1005
0.0975
0.0945
0.0915
0.0885
0.0855
0.0825
0.0795
0.0765
0.0735
0.0705
0.0675
0.0645
0.0615
0.0585
0.0555
0.0525
0.0495
0.0465
0.0435
0.0405
0.0375
0.0345
0.0315
0.0285
0.0255
0.0225
0.0195
0.0165
0.0135
0.0105
0.0075
0.0045
0.0015
1.4985
1.4955
1.4925
1.4895
1.4865
1.4835
1.4805
1.4775
1.4745
1.4715
1.4685
1.4655
1.4625
1.4595
1.4565
1.4535
1.4505
1.4475
1.4445
1.4415
1.4385
1.4355
1.4325
1.4295
1.4265
1.4235
1.4205
1.4175
1.4145
1.4115
1.4085
1.4055
1.4025
1.3995
1.3965
1.3935
1.3905
1.3875
1.3845
1.3815
1.3785
1.3755
1.3725
1.3695
1.3665
1.3635
1.3605
1.3575
1.3545
1.3515
1.3485
1.3455
1.3425
1.3395
1.3365
1.3335
1.3305
1.3275
1.3245
1.3215
1.3185
1.3155
1.3125
1.3095
1.3065
1.3035
1.3005
1.2975
1.2945
1.2915
1.2885
1.2855
1.2825
1.2795
1.2765
1.2735
1.2705
1.2675
1.2645
1.2615
1.2585
1.2555
1.2525
1.2495
1.2465
1.2435
1.2405
1.2375
1.2345
1.2315
1.2285
1.2255
1.2225
1.2195
1.2165
1.2135
1.2105
1.2075
1.2045
1.2015
1.1985
1.1955
1.1925
1.1895
1.1865
1.1835
1.1805
1.1775
1.1745
1.1715
1.1685
1.1655
1.1625
1.1595
1.1565
1.1535
1.1505
1.1475
1.1445
1.1415
1.1385
1.1355
1.1325
1.1295
1.1265
1.1235
1.1205
1.1175
1.1145
1.1115
1.1085
1.1055
1.1025
1.0995
1.0965
1.0935
1.0905
1.0875
1.0845
1.0815
1.0785
1.0755
1.0725
1.0695
1.0665
1.0635
1.0605
1.0575
1.0545
1.0515
1.0485
1.0455
1.0425
1.0395
1.0365
1.0335
1.0305
1.0275
1.0245
1.0215
1.0185
1.0155
1.0125
1.0095
1.0065
1.0035
1.0005
0.9975
0.9945
0.9915
0.9885
0.9855
0.9825
0.9795
0.9765
0.9735
0.9705
0.9675
0.9645
0.9615
0.9585
0.9555
0.9525
0.9495
0.9465
0.9435
0.9405
0.9375
0.9345
0.9315
0.9285
0.9255
0.9225
0.9195
0.9165
0.9135
0.9105
0.9075
0.9045
0.9015
0.8985
0.8955
0.8925
0.8895
0.8865
0.8835
0.8805
0.8775
0.8745
0.8715
0.8685
0.8655
0.8625
0.8595
0.8565
0.8535
0.8505
0.8475
0.8445
0.8415
0.8385
0.8355
0.8325
0.8295
0.8265
0.8235
0.8205
0.8175
0.8145
0.8115
0.8085
0.8055
0.8025
0.7995
0.7965
0.7935
0.7905
0.7875
0.7845
0.7815
0.7785
0.7755
0.7725
0.7695
0.7665
0.7635
0.7605
0.7575
0.7545
0.7515
0.7485
0.7455
0.7425
0.7395
0.7365
0.7335
0.7305
0.7275
0.7245
0.7215
0.7185
0.7155
0.7125
0.7095
0.7065
0.7035
0.7005
0.6975
0.6945
0.6915
0.6885
0.6855
0.6825
0.6795
0.6765
0.6735
0.6705
0.6675
0.6645
0.6615
0.6585
0.6555
0.6525
0.6495
0.6465
0.6435
0.6405
0.6375
0.6345
0.6315
0.6285
0.6255
0.6225
0.6195
0.6165
0.6135
0.6105
0.6075
0.6045
0.6015
0.5985
0.5955
0.5925
0.5895
0.5865
0.5835
0.5805
0.5775
0.5745
0.5715
0.5685
0.5655
0.5625
0.5595
0.5565
0.5535
0.5505
0.5475
0.5445
0.5415
0.5385
0.5355
0.5325
0.5295
0.5265
0.5235
0.5205
0.5175
0.5145
0.5115
0.5085
0.5055
0.5025
0.4995
0.4965
0.4935
0.4905
0.4875
0.4845
0.4815
0.4785
0.4755
0.4725
0.4695
0.4665
0.4635
0.4605
0.4575
0.4545
0.4515
0.4485
0.4455
0.4425
0.4395
0.4365
0.4335
0.4305
0.4275
0.4245
0.4215
0.4185
0.4155
0.4125
0.4095
0.4065
0.4035
0.4005
0.3975
0.3945
0.3915
0.3885
0.3855
0.3825
0.3795
0.3765
0.3735
0.3705
0.3675
0.3645
0.3615
0.3585
0.3555
0.3525
0.3495
0.3465
0.3435
0.3405
0.3375
0.3345
0.3315
0.3285
0.3255
0.3225
0.3195
0.3165
0.3135
0.3105
0.3075
0.3045
0.3015
0.2985
0.2955
0.2925
0.2895
0.2865
0.2835
0.2805
0.2775
0.2745
0.2715
0.2685
0.2655
0.2625
0.2595
0.2565
0.2535
0.2505
0.2475
0.2445
0.2415
0.2385
0.2355
0.2325
0.2295
0.2265
0.2235
0.2205
0.2175
0.2145
0.2115
0.2085
0.2055
0.2025
0.1995
0.1965
0.1935
0.1905
0.1875
0.1845
0.1815
0.1785
0.1755
0.1725
0.1695
0.1665
0.1635
0.1605
0.1575
0.1545
0.1515
0.1485
0.1455
0.1425
0.1395
0.1365
0.1335
0.1305
0.1275
0.1245
0.1215
0.1185
0.1155
0.1125
0.1095
0.1065
0.1035
0.1005
0.0975
0.0945
0.0915
0.0885
0.0855
0.0825
0.0795
0.0765
0.0735
0.0705
0.0675
0.0645
0.0615
0.0585
0.0555
0.0525
0.0495
0.0465
0.0435
0.0405
0.0375
0.0345
0.0315
0.0285
0.0255
0.0225
0.0195
0.0165
0.0135
0.0105
0.0075
0.0045
0.0015
1.4985
1.4955
1.4925
1.4895
1.4865
1.4835
1.4805
1.4775
1.4745
1.4715
1.4685
1.4655
1.4625
1.4595
1.4565
1.4535
1.4505
1.4475
1.4445
1.4415
1.4385
1.4355
1.4325
1.4295
1.4265
1.4235
1.4205
1.4175
1.4145
1.4115
1.4085
1.4055
1.4025
1.3995
1.3965
1.3935
1.3905
1.3875
1.3845
1.3815
1.3785
1.3755
1.3725
1.3695
1.3665
1.3635
1.3605
1.3575
1.3545
1.3515
1.3485
1.3455
1.3425
1.3395
1.3365
1.3335
1.3305
1.3275
1.3245
1.3215
1.3185
1.3155
1.3125
1.3095
1.3065
1.3035
1.3005
1.2975
1.2945
1.2915
1.2885
1.2855
1.2825
1.2795
1.2765
1.2735
1.2705
1.2675
1.2645
1.2615
1.2585
1.2555
1.2525
1.2495
1.2465
1.2435
1.2405
1.2375
1.2345
1.2315
1.2285
1.2255
1.2225
1.2195
1.2165
1.2135
1.2105
1.2075
1.2045
1.2015
1.1985
1.1955
1.1925
1.1895
1.1865
1.1835
1.1805
1.1775
1.1745
1.1715
1.1685
1.1655
1.1625
1.1595
1.1565
1.1535
1.1505
1.1475
1.1445
1.1415
1.1385
1.1355
1.1325
1.1295
1.1265
1.1235
1.1205
1.1175
1.1145
1.1115
1.1085
1.1055
1.1025
1.0995
1.0965
1.0935
1.0905
1.0875
1.0845
1.0815
1.0785
1.0755
1.0725
1.0695
1.0665
1.0635
1.0605
1.0575
1.0545
1.0515
1.0485
1.0455
1.0425
1.0395
1.0365
1.0335
1.0305
1.0275
1.0245
1.0215
1.0185
1.0155
1.0125
1.0095
1.0065
1.0035
1.0005
0.9975
0.9945
0.9915
0.9885
0.9855
0.9825
0.9795
0.9765
0.9735
0.9705
0.9675
0.9645
0.9615
0.9585
0.9555
0.9525
0.9495
0.9465
0.9435
0.9405
0.9375
0.9345
0.9315
0.9285
0.9255
0.9225
0.9195
0.9165
0.9135
0.9105
0.9075
0.9045
0.9015
0.8985
0.8955
0.8925
0.8895
0.8865
0.8835
0.8805
0.8775
0.8745
0.8715
0.8685
0.8655
0.8625
0.8595
0.8565
0.8535
0.8505
0.8475
0.8445
0.8415
0.8385
0.8355
0.8325
0.8295
0.8265
0.8235
0.8205
0.8175
0.8145
0.8115
0.8085
0.8055
0.8025
0.7995
0.7965
0.7935
0.7905
0.7875
0.7845
0.7815
0.7785
0.7755
0.7725
0.7695
0.7665
0.7635
0.7605
0.7575
0.7545
0.7515
0.7485
0.7455
0.7425
0.7395
0.7365
0.7335
0.7305
0.7275
0.7245
0.7215
0.7185
0.7155
0.7125
0.7095
0.7065
0.7035
0.7005
0.6975
0.6945
0.6915
0.6885
0.6855
0.6825
0.6795
0.6765
0.6735
0.6705
0.6675
0.6645
0.6615
0.6585
0.6555
0.6525
0.6495
0.6465
0.6435
0.6405
0.6375
0.6345
0.6315
0.6285
0.6255
0.6225
0.6195
0.6165
0.6135
0.6105
0.6075
0.6045
0.6015
0.5985
0.5955
0.5925
0.5895
0.5865
0.5835
0.5805
0.5775
0.5745
0.5715
0.5685
0.5655
0.5625
0.5595
0.5565
0.5535
0.5505
0.5475
0.5445
0.5415
0.5385
0.5355
0.5325
0.5295
0.5265
0.5235
0.5205
0.5175
0.5145
0.5115
0.5085
0.5055
0.5025
0.4995
0.4965
0.4935
0.4905
0.4875
0.4845
0.4815
0.4785
0.4755
0.4725
0.4695
0.4665
0.4635
0.4605
0.4575
0.4545
0.4515
0.4485
0.4455
0.4425
0.4395
0.4365
0.4335
0.4305
0.4275
0.4245
0.4215
0.4185
0.4155
0.4125
0.4095
0.4065
0.4035
0.4005
0.3975
0.3945
0.3915
0.3885
0.3855
0.3825
0.3795
0.3765
0.3735
0.3705
0.3675
0.3645
0.3615
0.3585
0.3555
0.3525
0.3495
0.3465
0.3435
0.3405
0.3375
0.3345
0.3315
0.3285
0.3255
0.3225
0.3195
0.3165
0.3135
0.3105
0.3075
0.3045
0.3015
0.2985
0.2955
0.2925
0.2895
0.2865
0.2835
0.2805
0.2775
0.2745
0.2715
0.2685
0.2655
0.2625
0.2595
0.2565
0.2535
0.2505
0.2475
0.2445
0.2415
0.2385
0.2355
0.2325
0.2295
0.2265
0.2235
0.2205
0.2175
0.2145
0.2115
0.2085
0.2055
0.2025
0.1995
0.1965
0.1935
0.1905
0.1875
0.1845
0.1815
0.1785
0.1755
0.1725
0.1695
0.1665
0.1635
0.1605
0.1575
0.1545
0.1515
0.1485
0.1455
0.1425
0.1395
0.1365
0.1335
0.1305
0.1275
0.1245
0.1215
0.1185
0.1155
0.1125
0.1095
0.1065
0.1035
0.1005
0.0975
0.0945
0.0915
0.0885
0.0855
0.0825
0.0795
0.0765
0.0735
0.0705
0.0675
0.0645
0.0615
0.0585
0.0555
0.0525
0.0495
0.0465
0.0435
0.0405
0.0375
0.0345
0.0315
0.0285
0.0255
0.0225
0.0195
0.0165
0.0135
0.0105
0.0075
0.0045
0.0015
1.4985
1.4955
1.4925
1.4895
1.4865
1.4835
1.4805
1.4775
1.4745
1.4715
1.4685
1.4655
1.4625
1.4595
1.4565
1.4535
1.4505
1.4475
1.4445
1.4415
1.4385
1.4355
1.4325
1.4295
1.4265
1.4235
1.4205
1.4175
1.4145
1.4115
1.4085
1.4055
1.4025
1.3995
1.3965
1.3935
1.3905
1.3875
1.3845
1.3815
1.3785
1.3755
1.3725
1.3695
1.3665
1.3635
1.3605
1.3575
1.3545
1.3515
1.3485
1.3455
1.3425
1.3395
1.3365
1.3335
1.3305
1.3275
1.3245
1.3215
1.3185
1.3155
1.3125
1.3095
1.3065
1.3035
1.3005
1.2975
1.2945
1.2915
1.2885
1.2855
1.2825
1.2795
1.2765
1.2735
1.2705
1.2675
1.2645
1.2615
1.2585
1.2555
1.2525
1.2495
1.2465
1.2435
1.2405
1.2375
1.2345
1.2315
1.2285
1.2255
1.2225
1.2195
1.2165
1.2135
1.2105
1.2075
1.2045
1.2015
1.1985
1.1955
1.1925
1.1895
1.1865
1.1835
1.1805
1.1775
1.1745
1.1715
1.1685
1.1655
1.1625
1.1595
1.1565
1.1535
1.1505
1.1475
1.1445
1.1415
1.1385
1.1355
1.1325
1.1295
1.1265
1.1235
1.1205
1.1175
1.1145
1.1115
1.1085
1.1055
1.1025
1.0995
1.0965
1.0935
1.0905
1.0875
1.0845
1.0815
1.0785
1.0755
1.0725
1.0695
1.0665
1.0635
1.0605
1.0575
1.0545
1.0515
1.0485
1.0455
1.0425
1.0395
1.0365
1.0335
1.0305
1.0275
1.0245
1.0215
1.0185
1.0155
1.0125
1.0095
1.0065
1.0035
1.0005
0.9975
0.9945
0.9915
0.9885
0.9855
0.9825
0.9795
0.9765
0.9735
0.9705
0.9675
0.9645
0.9615
0.9585
0.9555
0.9525
0.9495
0.9465
0.9435
0.9405
0.9375
0.9345
0.9315
0.9285
0.9255
0.9225
0.9195
0.9165
0.9135
0.9105
0.9075
0.9045
0.9015
0.8985
0.8955
0.8925
0.8895
0.8865
0.8835
0.8805
0.8775
0.8745
0.8715
0.8685
0.8655
0.8625
0.8595
0.8565
0.8535
0.8505
0.8475
0.8445
0.8415
0.8385
0.8355
0.8325
0.8295
0.8265
0.8235
0.8205
0.8175
0.8145
0.8115
0.8085
0.8055
0.8025
0.7995
0.7965
0.7935
0.7905
0.7875
0.7845
0.7815
0.7785
0.7755
0.7725
0.7695
0.7665
0.7635
0.7605
0.7575
0.7545
0.7515
0.7485
0.7455
0.7425
0.7395
0.7365
0.7335
0.7305
0.7275
0.7245
0.7215
0.7185
0.7155
0.7125
0.7095
0.7065
0.7035
0.7005
0.6975
0.6945
0.6915
0.6885
0.6855
0.6825
0.6795
0.6765
0.6735
0.6705
0.6675
0.6645
0.6615
0.6585
0.6555
0.6525
0.6495
0.6465
0.6435
0.6405
0.6375
0.6345
0.6315
0.6285
0.6255
0.6225
0.6195
0.6165
0.6135
0.6105
0.6075
0.6045
0.6015
0.5985
0.5955
0.5925
0.5895
0.5865
0.5835
0.5805
0.5775
0.5745
0.5715
0.5685
0.5655
0.5625
0.5595
0.5565
0.5535
0.5505
0.5475
0.5445
0.5415
0.5385
0.5355
0.5325
0.5295
0.5265
0.5235
0.5205
0.5175
0.5145
0.5115
0.5085
0.5055
0.5025
0.4995
0.4965
0.4935
0.4905
0.4875
0.4845
0.4815
0.4785
0.4755
0.4725
0.4695
0.4665
0.4635
0.4605
0.4575
0.4545
0.4515
0.4485
0.4455
0.4425
0.4395
0.4365
0.4335
0.4305
0.4275
0.4245
0.4215
0.4185
0.4155
0.4125
0.4095
0.4065
0.4035
0.4005
0.3975
0.3945
0.3915
0.3885
0.3855
0.3825
0.3795
0.3765
0.3735
0.3705
0.3675
0.3645
0.3615
0.3585
0.3555
0.3525
0.3495
0.3465
0.3435
0.3405
0.3375
0.3345
0.3315
0.3285
0.3255
0.3225
0.3195
0.3165
0.3135
0.3105
0.3075
0.3045
0.3015
0.2985
0.2955
0.2925
0.2895
0.2865
0.2835
0.2805
0.2775
0.2745
0.2715
0.2685
0.2655
0.2625
0.2595
0.2565
0.2535
0.2505
0.2475
0.2445
0.2415
0.2385
0.2355
0.2325
0.2295
0.2265
0.2235
0.2205
0.2175
0.2145
0.2115
0.2085
0.2055
0.2025
0.1995
0.1965
0.1935
0.1905
0.1875
0.1845
0.1815
0.1785
0.1755
0.1725
0.1695
0.1665
0.1635
0.1605
0.1575
0.1545
0.1515
0.1485
0.1455
0.1425
0.1395
0.1365
0.1335
0.1305
0.1275
0.1245
0.1215
0.1185
0.1155
0.1125
0.1095
0.1065
0.1035
0.1005
0.0975
0.0945
0.0915
0.0885
0.0855
0.0825
0.0795
0.0765
0.0735
0.0705
0.0675
0.0645
0.0615
0.0585
0.0555
0.0525
0.0495
0.0465
0.0435
0.0405
0.0375
0.0345
0.0315
0.0285
0.0255
0.0225
0.0195
0.0165
0.0135
0.0105
0.0075
0.0045
0.0015
)
;

boundaryField
{
    top
    {
        type            zeroGradient;
    }
    bottom
    {
        type            zeroGradient;
    }
    left
    {
        type            fixedValue;
        value           uniform 1.5;
    }
    right
    {
        type            fixedValue;
        value           uniform 0;
    }
    frontAndBack
    {
        type            empty;
    }
}


// ************************************************************************* //
