/*--------------------------------*- C++ -*----------------------------------*\
| =========                 |                                                 |
| \\      /  F ield         | OpenFOAM: The Open Source CFD Toolbox           |
|  \\    /   O peration     | Version:  v2012                                 |
|   \\  /    A nd           | Website:  www.openfoam.com                      |
|    \\/     M anipulation  |                                                 |
\*---------------------------------------------------------------------------*/
FoamFile
{
    version     2.0;
    format      ascii;
    class       volScalarField;
    location    "19950/solid";
    object      T;
}
// * * * * * * * * * * * * * * * * * * * * * * * * * * * * * * * * * * * * * //

dimensions      [0 0 0 1 0 0 0];


internalField   nonuniform List<scalar> 
10000
(
500.718
502.147
503.571
504.989
506.401
507.807
509.208
510.603
511.992
513.376
514.753
516.125
517.492
518.852
520.207
521.556
522.899
524.237
525.568
526.894
528.215
529.529
530.838
532.141
533.439
534.73
536.016
537.296
538.571
539.839
541.102
542.359
543.611
544.856
546.096
547.331
548.559
549.782
550.999
552.21
553.415
554.615
555.809
556.997
558.18
559.357
560.528
561.693
562.853
564.006
565.154
566.297
567.433
568.564
569.689
570.809
571.922
573.03
574.132
575.229
576.319
577.404
578.483
579.557
580.625
581.686
582.743
583.793
584.838
585.877
586.91
587.938
588.959
589.975
590.986
591.99
592.989
593.982
594.969
595.951
596.927
597.897
598.861
599.82
600.773
601.72
602.661
603.597
604.527
605.451
606.369
607.282
608.189
609.09
609.986
610.875
611.759
612.638
613.51
614.377
615.238
616.093
616.943
617.787
618.625
619.457
620.283
621.104
621.919
622.729
623.532
624.33
625.122
625.909
626.689
627.464
628.234
628.997
629.755
630.507
631.253
631.993
632.728
633.457
634.18
634.898
635.609
636.315
637.016
637.71
638.399
639.082
639.759
640.431
641.097
641.757
642.411
643.06
643.703
644.34
644.971
645.597
646.217
646.831
647.44
648.042
648.639
649.23
649.816
650.396
650.97
651.538
652.1
652.657
653.208
653.754
654.293
654.827
655.355
655.877
656.394
656.905
657.41
657.909
658.403
658.891
659.373
659.849
660.32
660.785
661.244
661.698
662.145
662.587
663.024
663.454
663.879
664.298
664.711
665.119
665.52
665.916
666.307
666.691
667.07
667.443
667.811
668.172
668.528
668.878
669.223
669.561
669.894
670.221
670.543
670.858
671.168
671.473
671.771
672.064
672.351
672.632
672.908
673.177
673.441
673.7
673.952
674.199
674.44
674.675
674.905
675.129
675.347
675.559
675.766
675.967
676.162
676.351
676.535
676.713
676.885
677.052
677.212
677.367
677.517
677.66
677.798
677.93
678.056
678.177
678.292
678.401
678.504
678.601
678.693
678.779
678.86
678.934
679.003
679.066
679.124
679.175
679.221
679.262
679.296
679.325
679.348
679.365
679.376
679.382
679.382
679.376
679.365
679.348
679.325
679.296
679.262
679.221
679.175
679.124
679.066
679.003
678.934
678.86
678.779
678.693
678.601
678.504
678.401
678.292
678.177
678.056
677.93
677.798
677.66
677.517
677.367
677.212
677.052
676.885
676.713
676.535
676.351
676.162
675.967
675.766
675.559
675.347
675.129
674.905
674.675
674.44
674.199
673.952
673.7
673.441
673.177
672.908
672.632
672.351
672.064
671.771
671.473
671.168
670.858
670.543
670.221
669.894
669.561
669.223
668.878
668.528
668.172
667.811
667.443
667.07
666.691
666.307
665.916
665.52
665.119
664.711
664.298
663.879
663.454
663.024
662.587
662.145
661.698
661.244
660.785
660.32
659.849
659.373
658.891
658.403
657.909
657.41
656.905
656.394
655.877
655.355
654.827
654.293
653.754
653.208
652.657
652.1
651.538
650.97
650.396
649.816
649.23
648.639
648.042
647.44
646.831
646.217
645.597
644.971
644.34
643.703
643.06
642.411
641.757
641.097
640.431
639.759
639.082
638.399
637.71
637.016
636.315
635.609
634.898
634.18
633.457
632.728
631.993
631.253
630.507
629.755
628.997
628.234
627.464
626.689
625.909
625.122
624.33
623.532
622.729
621.919
621.104
620.283
619.457
618.625
617.787
616.943
616.093
615.238
614.377
613.51
612.638
611.759
610.875
609.986
609.09
608.189
607.282
606.369
605.451
604.527
603.597
602.661
601.72
600.773
599.82
598.861
597.897
596.927
595.951
594.969
593.982
592.989
591.99
590.986
589.975
588.959
587.938
586.91
585.877
584.838
583.793
582.743
581.686
580.625
579.557
578.483
577.404
576.319
575.229
574.132
573.03
571.922
570.809
569.689
568.564
567.433
566.297
565.154
564.006
562.853
561.693
560.528
559.357
558.18
556.997
555.809
554.615
553.415
552.21
550.999
549.782
548.559
547.331
546.096
544.856
543.611
542.359
541.102
539.839
538.571
537.296
536.016
534.73
533.439
532.141
530.838
529.529
528.215
526.894
525.568
524.237
522.899
521.556
520.207
518.852
517.492
516.125
514.753
513.376
511.992
510.603
509.208
507.807
506.401
504.989
503.571
502.147
500.718
500.718
502.147
503.571
504.989
506.401
507.807
509.208
510.603
511.992
513.376
514.753
516.125
517.492
518.852
520.207
521.556
522.899
524.237
525.568
526.894
528.215
529.529
530.838
532.141
533.439
534.73
536.016
537.296
538.571
539.839
541.102
542.359
543.611
544.856
546.096
547.331
548.559
549.782
550.999
552.21
553.415
554.615
555.809
556.997
558.18
559.357
560.528
561.693
562.853
564.006
565.154
566.297
567.433
568.564
569.689
570.809
571.922
573.03
574.132
575.229
576.319
577.404
578.483
579.557
580.625
581.686
582.743
583.793
584.838
585.877
586.91
587.938
588.959
589.975
590.986
591.99
592.989
593.982
594.969
595.951
596.927
597.897
598.861
599.82
600.773
601.72
602.661
603.597
604.527
605.451
606.369
607.282
608.189
609.09
609.986
610.875
611.759
612.638
613.51
614.377
615.238
616.093
616.943
617.787
618.625
619.457
620.283
621.104
621.919
622.729
623.532
624.33
625.122
625.909
626.689
627.464
628.234
628.997
629.755
630.507
631.253
631.993
632.728
633.457
634.18
634.898
635.609
636.315
637.016
637.71
638.399
639.082
639.759
640.431
641.097
641.757
642.411
643.06
643.703
644.34
644.971
645.597
646.217
646.831
647.44
648.042
648.639
649.23
649.816
650.396
650.97
651.538
652.1
652.657
653.208
653.754
654.293
654.827
655.355
655.877
656.394
656.905
657.41
657.909
658.403
658.891
659.373
659.849
660.32
660.785
661.244
661.698
662.145
662.587
663.024
663.454
663.879
664.298
664.711
665.119
665.52
665.916
666.307
666.691
667.07
667.443
667.811
668.172
668.528
668.878
669.223
669.561
669.894
670.221
670.543
670.858
671.168
671.473
671.771
672.064
672.351
672.632
672.908
673.177
673.441
673.7
673.952
674.199
674.44
674.675
674.905
675.129
675.347
675.559
675.766
675.967
676.162
676.351
676.535
676.713
676.885
677.052
677.212
677.367
677.517
677.66
677.798
677.93
678.056
678.177
678.292
678.401
678.504
678.601
678.693
678.779
678.86
678.934
679.003
679.066
679.124
679.175
679.221
679.262
679.296
679.325
679.348
679.365
679.376
679.382
679.382
679.376
679.365
679.348
679.325
679.296
679.262
679.221
679.175
679.124
679.066
679.003
678.934
678.86
678.779
678.693
678.601
678.504
678.401
678.292
678.177
678.056
677.93
677.798
677.66
677.517
677.367
677.212
677.052
676.885
676.713
676.535
676.351
676.162
675.967
675.766
675.559
675.347
675.129
674.905
674.675
674.44
674.199
673.952
673.7
673.441
673.177
672.908
672.632
672.351
672.064
671.771
671.473
671.168
670.858
670.543
670.221
669.894
669.561
669.223
668.878
668.528
668.172
667.811
667.443
667.07
666.691
666.307
665.916
665.52
665.119
664.711
664.298
663.879
663.454
663.024
662.587
662.145
661.698
661.244
660.785
660.32
659.849
659.373
658.891
658.403
657.909
657.41
656.905
656.394
655.877
655.355
654.827
654.293
653.754
653.208
652.657
652.1
651.538
650.97
650.396
649.816
649.23
648.639
648.042
647.44
646.831
646.217
645.597
644.971
644.34
643.703
643.06
642.411
641.757
641.097
640.431
639.759
639.082
638.399
637.71
637.016
636.315
635.609
634.898
634.18
633.457
632.728
631.993
631.253
630.507
629.755
628.997
628.234
627.464
626.689
625.909
625.122
624.33
623.532
622.729
621.919
621.104
620.283
619.457
618.625
617.787
616.943
616.093
615.238
614.377
613.51
612.638
611.759
610.875
609.986
609.09
608.189
607.282
606.369
605.451
604.527
603.597
602.661
601.72
600.773
599.82
598.861
597.897
596.927
595.951
594.969
593.982
592.989
591.99
590.986
589.975
588.959
587.938
586.91
585.877
584.838
583.793
582.743
581.686
580.625
579.557
578.483
577.404
576.319
575.229
574.132
573.03
571.922
570.809
569.689
568.564
567.433
566.297
565.154
564.006
562.853
561.693
560.528
559.357
558.18
556.997
555.809
554.615
553.415
552.21
550.999
549.782
548.559
547.331
546.096
544.856
543.611
542.359
541.102
539.839
538.571
537.296
536.016
534.73
533.439
532.141
530.838
529.529
528.215
526.894
525.568
524.237
522.899
521.556
520.207
518.852
517.492
516.125
514.753
513.376
511.992
510.603
509.208
507.807
506.401
504.989
503.571
502.147
500.718
500.718
502.147
503.571
504.989
506.401
507.807
509.208
510.603
511.992
513.376
514.753
516.125
517.492
518.852
520.207
521.556
522.899
524.237
525.568
526.894
528.215
529.529
530.838
532.141
533.439
534.73
536.016
537.296
538.571
539.839
541.102
542.359
543.611
544.856
546.096
547.331
548.559
549.782
550.999
552.21
553.415
554.615
555.809
556.997
558.18
559.357
560.528
561.693
562.853
564.006
565.154
566.297
567.433
568.564
569.689
570.809
571.922
573.03
574.132
575.229
576.319
577.404
578.483
579.557
580.625
581.686
582.743
583.793
584.838
585.877
586.91
587.938
588.959
589.975
590.986
591.99
592.989
593.982
594.969
595.951
596.927
597.897
598.861
599.82
600.773
601.72
602.661
603.597
604.527
605.451
606.369
607.282
608.189
609.09
609.986
610.875
611.759
612.638
613.51
614.377
615.238
616.093
616.943
617.787
618.625
619.457
620.283
621.104
621.919
622.729
623.532
624.33
625.122
625.909
626.689
627.464
628.234
628.997
629.755
630.507
631.253
631.993
632.728
633.457
634.18
634.898
635.609
636.315
637.016
637.71
638.399
639.082
639.759
640.431
641.097
641.757
642.411
643.06
643.703
644.34
644.971
645.597
646.217
646.831
647.44
648.042
648.639
649.23
649.816
650.396
650.97
651.538
652.1
652.657
653.208
653.754
654.293
654.827
655.355
655.877
656.394
656.905
657.41
657.909
658.403
658.891
659.373
659.849
660.32
660.785
661.244
661.698
662.145
662.587
663.024
663.454
663.879
664.298
664.711
665.119
665.52
665.916
666.307
666.691
667.07
667.443
667.811
668.172
668.528
668.878
669.223
669.561
669.894
670.221
670.543
670.858
671.168
671.473
671.771
672.064
672.351
672.632
672.908
673.177
673.441
673.7
673.952
674.199
674.44
674.675
674.905
675.129
675.347
675.559
675.766
675.967
676.162
676.351
676.535
676.713
676.885
677.052
677.212
677.367
677.517
677.66
677.798
677.93
678.056
678.177
678.292
678.401
678.504
678.601
678.693
678.779
678.86
678.934
679.003
679.066
679.124
679.175
679.221
679.262
679.296
679.325
679.348
679.365
679.376
679.382
679.382
679.376
679.365
679.348
679.325
679.296
679.262
679.221
679.175
679.124
679.066
679.003
678.934
678.86
678.779
678.693
678.601
678.504
678.401
678.292
678.177
678.056
677.93
677.798
677.66
677.517
677.367
677.212
677.052
676.885
676.713
676.535
676.351
676.162
675.967
675.766
675.559
675.347
675.129
674.905
674.675
674.44
674.199
673.952
673.7
673.441
673.177
672.908
672.632
672.351
672.064
671.771
671.473
671.168
670.858
670.543
670.221
669.894
669.561
669.223
668.878
668.528
668.172
667.811
667.443
667.07
666.691
666.307
665.916
665.52
665.119
664.711
664.298
663.879
663.454
663.024
662.587
662.145
661.698
661.244
660.785
660.32
659.849
659.373
658.891
658.403
657.909
657.41
656.905
656.394
655.877
655.355
654.827
654.293
653.754
653.208
652.657
652.1
651.538
650.97
650.396
649.816
649.23
648.639
648.042
647.44
646.831
646.217
645.597
644.971
644.34
643.703
643.06
642.411
641.757
641.097
640.431
639.759
639.082
638.399
637.71
637.016
636.315
635.609
634.898
634.18
633.457
632.728
631.993
631.253
630.507
629.755
628.997
628.234
627.464
626.689
625.909
625.122
624.33
623.532
622.729
621.919
621.104
620.283
619.457
618.625
617.787
616.943
616.093
615.238
614.377
613.51
612.638
611.759
610.875
609.986
609.09
608.189
607.282
606.369
605.451
604.527
603.597
602.661
601.72
600.773
599.82
598.861
597.897
596.927
595.951
594.969
593.982
592.989
591.99
590.986
589.975
588.959
587.938
586.91
585.877
584.838
583.793
582.743
581.686
580.625
579.557
578.483
577.404
576.319
575.229
574.132
573.03
571.922
570.809
569.689
568.564
567.433
566.297
565.154
564.006
562.853
561.693
560.528
559.357
558.18
556.997
555.809
554.615
553.415
552.21
550.999
549.782
548.559
547.331
546.096
544.856
543.611
542.359
541.102
539.839
538.571
537.296
536.016
534.73
533.439
532.141
530.838
529.529
528.215
526.894
525.568
524.237
522.899
521.556
520.207
518.852
517.492
516.125
514.753
513.376
511.992
510.603
509.208
507.807
506.401
504.989
503.571
502.147
500.718
500.718
502.147
503.571
504.989
506.401
507.807
509.208
510.603
511.992
513.376
514.753
516.125
517.492
518.852
520.207
521.556
522.899
524.237
525.568
526.894
528.215
529.529
530.838
532.141
533.439
534.73
536.016
537.296
538.571
539.839
541.102
542.359
543.611
544.856
546.096
547.331
548.559
549.782
550.999
552.21
553.415
554.615
555.809
556.997
558.18
559.357
560.528
561.693
562.853
564.006
565.154
566.297
567.433
568.564
569.689
570.809
571.922
573.03
574.132
575.229
576.319
577.404
578.483
579.557
580.625
581.686
582.743
583.793
584.838
585.877
586.91
587.938
588.959
589.975
590.986
591.99
592.989
593.982
594.969
595.951
596.927
597.897
598.861
599.82
600.773
601.72
602.661
603.597
604.527
605.451
606.369
607.282
608.189
609.09
609.986
610.875
611.759
612.638
613.51
614.377
615.238
616.093
616.943
617.787
618.625
619.457
620.283
621.104
621.919
622.729
623.532
624.33
625.122
625.909
626.689
627.464
628.234
628.997
629.755
630.507
631.253
631.993
632.728
633.457
634.18
634.898
635.609
636.315
637.016
637.71
638.399
639.082
639.759
640.431
641.097
641.757
642.411
643.06
643.703
644.34
644.971
645.597
646.217
646.831
647.44
648.042
648.639
649.23
649.816
650.396
650.97
651.538
652.1
652.657
653.208
653.754
654.293
654.827
655.355
655.877
656.394
656.905
657.41
657.909
658.403
658.891
659.373
659.849
660.32
660.785
661.244
661.698
662.145
662.587
663.024
663.454
663.879
664.298
664.711
665.119
665.52
665.916
666.307
666.691
667.07
667.443
667.811
668.172
668.528
668.878
669.223
669.561
669.894
670.221
670.543
670.858
671.168
671.473
671.771
672.064
672.351
672.632
672.908
673.177
673.441
673.7
673.952
674.199
674.44
674.675
674.905
675.129
675.347
675.559
675.766
675.967
676.162
676.351
676.535
676.713
676.885
677.052
677.212
677.367
677.517
677.66
677.798
677.93
678.056
678.177
678.292
678.401
678.504
678.601
678.693
678.779
678.86
678.934
679.003
679.066
679.124
679.175
679.221
679.262
679.296
679.325
679.348
679.365
679.376
679.382
679.382
679.376
679.365
679.348
679.325
679.296
679.262
679.221
679.175
679.124
679.066
679.003
678.934
678.86
678.779
678.693
678.601
678.504
678.401
678.292
678.177
678.056
677.93
677.798
677.66
677.517
677.367
677.212
677.052
676.885
676.713
676.535
676.351
676.162
675.967
675.766
675.559
675.347
675.129
674.905
674.675
674.44
674.199
673.952
673.7
673.441
673.177
672.908
672.632
672.351
672.064
671.771
671.473
671.168
670.858
670.543
670.221
669.894
669.561
669.223
668.878
668.528
668.172
667.811
667.443
667.07
666.691
666.307
665.916
665.52
665.119
664.711
664.298
663.879
663.454
663.024
662.587
662.145
661.698
661.244
660.785
660.32
659.849
659.373
658.891
658.403
657.909
657.41
656.905
656.394
655.877
655.355
654.827
654.293
653.754
653.208
652.657
652.1
651.538
650.97
650.396
649.816
649.23
648.639
648.042
647.44
646.831
646.217
645.597
644.971
644.34
643.703
643.06
642.411
641.757
641.097
640.431
639.759
639.082
638.399
637.71
637.016
636.315
635.609
634.898
634.18
633.457
632.728
631.993
631.253
630.507
629.755
628.997
628.234
627.464
626.689
625.909
625.122
624.33
623.532
622.729
621.919
621.104
620.283
619.457
618.625
617.787
616.943
616.093
615.238
614.377
613.51
612.638
611.759
610.875
609.986
609.09
608.189
607.282
606.369
605.451
604.527
603.597
602.661
601.72
600.773
599.82
598.861
597.897
596.927
595.951
594.969
593.982
592.989
591.99
590.986
589.975
588.959
587.938
586.91
585.877
584.838
583.793
582.743
581.686
580.625
579.557
578.483
577.404
576.319
575.229
574.132
573.03
571.922
570.809
569.689
568.564
567.433
566.297
565.154
564.006
562.853
561.693
560.528
559.357
558.18
556.997
555.809
554.615
553.415
552.21
550.999
549.782
548.559
547.331
546.096
544.856
543.611
542.359
541.102
539.839
538.571
537.296
536.016
534.73
533.439
532.141
530.838
529.529
528.215
526.894
525.568
524.237
522.899
521.556
520.207
518.852
517.492
516.125
514.753
513.376
511.992
510.603
509.208
507.807
506.401
504.989
503.571
502.147
500.718
500.718
502.147
503.571
504.989
506.401
507.807
509.208
510.603
511.992
513.376
514.753
516.125
517.492
518.852
520.207
521.556
522.899
524.237
525.568
526.894
528.215
529.529
530.838
532.141
533.439
534.73
536.016
537.296
538.571
539.839
541.102
542.359
543.611
544.856
546.096
547.331
548.559
549.782
550.999
552.21
553.415
554.615
555.809
556.997
558.18
559.357
560.528
561.693
562.853
564.006
565.154
566.297
567.433
568.564
569.689
570.809
571.922
573.03
574.132
575.229
576.319
577.404
578.483
579.557
580.625
581.686
582.743
583.793
584.838
585.877
586.91
587.938
588.959
589.975
590.986
591.99
592.989
593.982
594.969
595.951
596.927
597.897
598.861
599.82
600.773
601.72
602.661
603.597
604.527
605.451
606.369
607.282
608.189
609.09
609.986
610.875
611.759
612.638
613.51
614.377
615.238
616.093
616.943
617.787
618.625
619.457
620.283
621.104
621.919
622.729
623.532
624.33
625.122
625.909
626.689
627.464
628.234
628.997
629.755
630.507
631.253
631.993
632.728
633.457
634.18
634.898
635.609
636.315
637.016
637.71
638.399
639.082
639.759
640.431
641.097
641.757
642.411
643.06
643.703
644.34
644.971
645.597
646.217
646.831
647.44
648.042
648.639
649.23
649.816
650.396
650.97
651.538
652.1
652.657
653.208
653.754
654.293
654.827
655.355
655.877
656.394
656.905
657.41
657.909
658.403
658.891
659.373
659.849
660.32
660.785
661.244
661.698
662.145
662.587
663.024
663.454
663.879
664.298
664.711
665.119
665.52
665.916
666.307
666.691
667.07
667.443
667.811
668.172
668.528
668.878
669.223
669.561
669.894
670.221
670.543
670.858
671.168
671.473
671.771
672.064
672.351
672.632
672.908
673.177
673.441
673.7
673.952
674.199
674.44
674.675
674.905
675.129
675.347
675.559
675.766
675.967
676.162
676.351
676.535
676.713
676.885
677.052
677.212
677.367
677.517
677.66
677.798
677.93
678.056
678.177
678.292
678.401
678.504
678.601
678.693
678.779
678.86
678.934
679.003
679.066
679.124
679.175
679.221
679.262
679.296
679.325
679.348
679.365
679.376
679.382
679.382
679.376
679.365
679.348
679.325
679.296
679.262
679.221
679.175
679.124
679.066
679.003
678.934
678.86
678.779
678.693
678.601
678.504
678.401
678.292
678.177
678.056
677.93
677.798
677.66
677.517
677.367
677.212
677.052
676.885
676.713
676.535
676.351
676.162
675.967
675.766
675.559
675.347
675.129
674.905
674.675
674.44
674.199
673.952
673.7
673.441
673.177
672.908
672.632
672.351
672.064
671.771
671.473
671.168
670.858
670.543
670.221
669.894
669.561
669.223
668.878
668.528
668.172
667.811
667.443
667.07
666.691
666.307
665.916
665.52
665.119
664.711
664.298
663.879
663.454
663.024
662.587
662.145
661.698
661.244
660.785
660.32
659.849
659.373
658.891
658.403
657.909
657.41
656.905
656.394
655.877
655.355
654.827
654.293
653.754
653.208
652.657
652.1
651.538
650.97
650.396
649.816
649.23
648.639
648.042
647.44
646.831
646.217
645.597
644.971
644.34
643.703
643.06
642.411
641.757
641.097
640.431
639.759
639.082
638.399
637.71
637.016
636.315
635.609
634.898
634.18
633.457
632.728
631.993
631.253
630.507
629.755
628.997
628.234
627.464
626.689
625.909
625.122
624.33
623.532
622.729
621.919
621.104
620.283
619.457
618.625
617.787
616.943
616.093
615.238
614.377
613.51
612.638
611.759
610.875
609.986
609.09
608.189
607.282
606.369
605.451
604.527
603.597
602.661
601.72
600.773
599.82
598.861
597.897
596.927
595.951
594.969
593.982
592.989
591.99
590.986
589.975
588.959
587.938
586.91
585.877
584.838
583.793
582.743
581.686
580.625
579.557
578.483
577.404
576.319
575.229
574.132
573.03
571.922
570.809
569.689
568.564
567.433
566.297
565.154
564.006
562.853
561.693
560.528
559.357
558.18
556.997
555.809
554.615
553.415
552.21
550.999
549.782
548.559
547.331
546.096
544.856
543.611
542.359
541.102
539.839
538.571
537.296
536.016
534.73
533.439
532.141
530.838
529.529
528.215
526.894
525.568
524.237
522.899
521.556
520.207
518.852
517.492
516.125
514.753
513.376
511.992
510.603
509.208
507.807
506.401
504.989
503.571
502.147
500.718
500.718
502.147
503.571
504.989
506.401
507.807
509.208
510.603
511.992
513.376
514.753
516.125
517.492
518.852
520.207
521.556
522.899
524.237
525.568
526.894
528.215
529.529
530.838
532.141
533.439
534.73
536.016
537.296
538.571
539.839
541.102
542.359
543.611
544.856
546.096
547.331
548.559
549.782
550.999
552.21
553.415
554.615
555.809
556.997
558.18
559.357
560.528
561.693
562.853
564.006
565.154
566.297
567.433
568.564
569.689
570.809
571.922
573.03
574.132
575.229
576.319
577.404
578.483
579.557
580.625
581.686
582.743
583.793
584.838
585.877
586.91
587.938
588.959
589.975
590.986
591.99
592.989
593.982
594.969
595.951
596.927
597.897
598.861
599.82
600.773
601.72
602.661
603.597
604.527
605.451
606.369
607.282
608.189
609.09
609.986
610.875
611.759
612.638
613.51
614.377
615.238
616.093
616.943
617.787
618.625
619.457
620.283
621.104
621.919
622.729
623.532
624.33
625.122
625.909
626.689
627.464
628.234
628.997
629.755
630.507
631.253
631.993
632.728
633.457
634.18
634.898
635.609
636.315
637.016
637.71
638.399
639.082
639.759
640.431
641.097
641.757
642.411
643.06
643.703
644.34
644.971
645.597
646.217
646.831
647.44
648.042
648.639
649.23
649.816
650.396
650.97
651.538
652.1
652.657
653.208
653.754
654.293
654.827
655.355
655.877
656.394
656.905
657.41
657.909
658.403
658.891
659.373
659.849
660.32
660.785
661.244
661.698
662.145
662.587
663.024
663.454
663.879
664.298
664.711
665.119
665.52
665.916
666.307
666.691
667.07
667.443
667.811
668.172
668.528
668.878
669.223
669.561
669.894
670.221
670.543
670.858
671.168
671.473
671.771
672.064
672.351
672.632
672.908
673.177
673.441
673.7
673.952
674.199
674.44
674.675
674.905
675.129
675.347
675.559
675.766
675.967
676.162
676.351
676.535
676.713
676.885
677.052
677.212
677.367
677.517
677.66
677.798
677.93
678.056
678.177
678.292
678.401
678.504
678.601
678.693
678.779
678.86
678.934
679.003
679.066
679.124
679.175
679.221
679.262
679.296
679.325
679.348
679.365
679.376
679.382
679.382
679.376
679.365
679.348
679.325
679.296
679.262
679.221
679.175
679.124
679.066
679.003
678.934
678.86
678.779
678.693
678.601
678.504
678.401
678.292
678.177
678.056
677.93
677.798
677.66
677.517
677.367
677.212
677.052
676.885
676.713
676.535
676.351
676.162
675.967
675.766
675.559
675.347
675.129
674.905
674.675
674.44
674.199
673.952
673.7
673.441
673.177
672.908
672.632
672.351
672.064
671.771
671.473
671.168
670.858
670.543
670.221
669.894
669.561
669.223
668.878
668.528
668.172
667.811
667.443
667.07
666.691
666.307
665.916
665.52
665.119
664.711
664.298
663.879
663.454
663.024
662.587
662.145
661.698
661.244
660.785
660.32
659.849
659.373
658.891
658.403
657.909
657.41
656.905
656.394
655.877
655.355
654.827
654.293
653.754
653.208
652.657
652.1
651.538
650.97
650.396
649.816
649.23
648.639
648.042
647.44
646.831
646.217
645.597
644.971
644.34
643.703
643.06
642.411
641.757
641.097
640.431
639.759
639.082
638.399
637.71
637.016
636.315
635.609
634.898
634.18
633.457
632.728
631.993
631.253
630.507
629.755
628.997
628.234
627.464
626.689
625.909
625.122
624.33
623.532
622.729
621.919
621.104
620.283
619.457
618.625
617.787
616.943
616.093
615.238
614.377
613.51
612.638
611.759
610.875
609.986
609.09
608.189
607.282
606.369
605.451
604.527
603.597
602.661
601.72
600.773
599.82
598.861
597.897
596.927
595.951
594.969
593.982
592.989
591.99
590.986
589.975
588.959
587.938
586.91
585.877
584.838
583.793
582.743
581.686
580.625
579.557
578.483
577.404
576.319
575.229
574.132
573.03
571.922
570.809
569.689
568.564
567.433
566.297
565.154
564.006
562.853
561.693
560.528
559.357
558.18
556.997
555.809
554.615
553.415
552.21
550.999
549.782
548.559
547.331
546.096
544.856
543.611
542.359
541.102
539.839
538.571
537.296
536.016
534.73
533.439
532.141
530.838
529.529
528.215
526.894
525.568
524.237
522.899
521.556
520.207
518.852
517.492
516.125
514.753
513.376
511.992
510.603
509.208
507.807
506.401
504.989
503.571
502.147
500.718
500.718
502.147
503.571
504.989
506.401
507.807
509.208
510.603
511.992
513.376
514.753
516.125
517.492
518.852
520.207
521.556
522.899
524.237
525.568
526.894
528.215
529.529
530.838
532.141
533.439
534.73
536.016
537.296
538.571
539.839
541.102
542.359
543.611
544.856
546.096
547.331
548.559
549.782
550.999
552.21
553.415
554.615
555.809
556.997
558.18
559.357
560.528
561.693
562.853
564.006
565.154
566.297
567.433
568.564
569.689
570.809
571.922
573.03
574.132
575.229
576.319
577.404
578.483
579.557
580.625
581.686
582.743
583.793
584.838
585.877
586.91
587.938
588.959
589.975
590.986
591.99
592.989
593.982
594.969
595.951
596.927
597.897
598.861
599.82
600.773
601.72
602.661
603.597
604.527
605.451
606.369
607.282
608.189
609.09
609.986
610.875
611.759
612.638
613.51
614.377
615.238
616.093
616.943
617.787
618.625
619.457
620.283
621.104
621.919
622.729
623.532
624.33
625.122
625.909
626.689
627.464
628.234
628.997
629.755
630.507
631.253
631.993
632.728
633.457
634.18
634.898
635.609
636.315
637.016
637.71
638.399
639.082
639.759
640.431
641.097
641.757
642.411
643.06
643.703
644.34
644.971
645.597
646.217
646.831
647.44
648.042
648.639
649.23
649.816
650.396
650.97
651.538
652.1
652.657
653.208
653.754
654.293
654.827
655.355
655.877
656.394
656.905
657.41
657.909
658.403
658.891
659.373
659.849
660.32
660.785
661.244
661.698
662.145
662.587
663.024
663.454
663.879
664.298
664.711
665.119
665.52
665.916
666.307
666.691
667.07
667.443
667.811
668.172
668.528
668.878
669.223
669.561
669.894
670.221
670.543
670.858
671.168
671.473
671.771
672.064
672.351
672.632
672.908
673.177
673.441
673.7
673.952
674.199
674.44
674.675
674.905
675.129
675.347
675.559
675.766
675.967
676.162
676.351
676.535
676.713
676.885
677.052
677.212
677.367
677.517
677.66
677.798
677.93
678.056
678.177
678.292
678.401
678.504
678.601
678.693
678.779
678.86
678.934
679.003
679.066
679.124
679.175
679.221
679.262
679.296
679.325
679.348
679.365
679.376
679.382
679.382
679.376
679.365
679.348
679.325
679.296
679.262
679.221
679.175
679.124
679.066
679.003
678.934
678.86
678.779
678.693
678.601
678.504
678.401
678.292
678.177
678.056
677.93
677.798
677.66
677.517
677.367
677.212
677.052
676.885
676.713
676.535
676.351
676.162
675.967
675.766
675.559
675.347
675.129
674.905
674.675
674.44
674.199
673.952
673.7
673.441
673.177
672.908
672.632
672.351
672.064
671.771
671.473
671.168
670.858
670.543
670.221
669.894
669.561
669.223
668.878
668.528
668.172
667.811
667.443
667.07
666.691
666.307
665.916
665.52
665.119
664.711
664.298
663.879
663.454
663.024
662.587
662.145
661.698
661.244
660.785
660.32
659.849
659.373
658.891
658.403
657.909
657.41
656.905
656.394
655.877
655.355
654.827
654.293
653.754
653.208
652.657
652.1
651.538
650.97
650.396
649.816
649.23
648.639
648.042
647.44
646.831
646.217
645.597
644.971
644.34
643.703
643.06
642.411
641.757
641.097
640.431
639.759
639.082
638.399
637.71
637.016
636.315
635.609
634.898
634.18
633.457
632.728
631.993
631.253
630.507
629.755
628.997
628.234
627.464
626.689
625.909
625.122
624.33
623.532
622.729
621.919
621.104
620.283
619.457
618.625
617.787
616.943
616.093
615.238
614.377
613.51
612.638
611.759
610.875
609.986
609.09
608.189
607.282
606.369
605.451
604.527
603.597
602.661
601.72
600.773
599.82
598.861
597.897
596.927
595.951
594.969
593.982
592.989
591.99
590.986
589.975
588.959
587.938
586.91
585.877
584.838
583.793
582.743
581.686
580.625
579.557
578.483
577.404
576.319
575.229
574.132
573.03
571.922
570.809
569.689
568.564
567.433
566.297
565.154
564.006
562.853
561.693
560.528
559.357
558.18
556.997
555.809
554.615
553.415
552.21
550.999
549.782
548.559
547.331
546.096
544.856
543.611
542.359
541.102
539.839
538.571
537.296
536.016
534.73
533.439
532.141
530.838
529.529
528.215
526.894
525.568
524.237
522.899
521.556
520.207
518.852
517.492
516.125
514.753
513.376
511.992
510.603
509.208
507.807
506.401
504.989
503.571
502.147
500.718
500.718
502.147
503.571
504.989
506.401
507.807
509.208
510.603
511.992
513.376
514.753
516.125
517.492
518.852
520.207
521.556
522.899
524.237
525.568
526.894
528.215
529.529
530.838
532.141
533.439
534.73
536.016
537.296
538.571
539.839
541.102
542.359
543.611
544.856
546.096
547.331
548.559
549.782
550.999
552.21
553.415
554.615
555.809
556.997
558.18
559.357
560.528
561.693
562.853
564.006
565.154
566.297
567.433
568.564
569.689
570.809
571.922
573.03
574.132
575.229
576.319
577.404
578.483
579.557
580.625
581.686
582.743
583.793
584.838
585.877
586.91
587.938
588.959
589.975
590.986
591.99
592.989
593.982
594.969
595.951
596.927
597.897
598.861
599.82
600.773
601.72
602.661
603.597
604.527
605.451
606.369
607.282
608.189
609.09
609.986
610.875
611.759
612.638
613.51
614.377
615.238
616.093
616.943
617.787
618.625
619.457
620.283
621.104
621.919
622.729
623.532
624.33
625.122
625.909
626.689
627.464
628.234
628.997
629.755
630.507
631.253
631.993
632.728
633.457
634.18
634.898
635.609
636.315
637.016
637.71
638.399
639.082
639.759
640.431
641.097
641.757
642.411
643.06
643.703
644.34
644.971
645.597
646.217
646.831
647.44
648.042
648.639
649.23
649.816
650.396
650.97
651.538
652.1
652.657
653.208
653.754
654.293
654.827
655.355
655.877
656.394
656.905
657.41
657.909
658.403
658.891
659.373
659.849
660.32
660.785
661.244
661.698
662.145
662.587
663.024
663.454
663.879
664.298
664.711
665.119
665.52
665.916
666.307
666.691
667.07
667.443
667.811
668.172
668.528
668.878
669.223
669.561
669.894
670.221
670.543
670.858
671.168
671.473
671.771
672.064
672.351
672.632
672.908
673.177
673.441
673.7
673.952
674.199
674.44
674.675
674.905
675.129
675.347
675.559
675.766
675.967
676.162
676.351
676.535
676.713
676.885
677.052
677.212
677.367
677.517
677.66
677.798
677.93
678.056
678.177
678.292
678.401
678.504
678.601
678.693
678.779
678.86
678.934
679.003
679.066
679.124
679.175
679.221
679.262
679.296
679.325
679.348
679.365
679.376
679.382
679.382
679.376
679.365
679.348
679.325
679.296
679.262
679.221
679.175
679.124
679.066
679.003
678.934
678.86
678.779
678.693
678.601
678.504
678.401
678.292
678.177
678.056
677.93
677.798
677.66
677.517
677.367
677.212
677.052
676.885
676.713
676.535
676.351
676.162
675.967
675.766
675.559
675.347
675.129
674.905
674.675
674.44
674.199
673.952
673.7
673.441
673.177
672.908
672.632
672.351
672.064
671.771
671.473
671.168
670.858
670.543
670.221
669.894
669.561
669.223
668.878
668.528
668.172
667.811
667.443
667.07
666.691
666.307
665.916
665.52
665.119
664.711
664.298
663.879
663.454
663.024
662.587
662.145
661.698
661.244
660.785
660.32
659.849
659.373
658.891
658.403
657.909
657.41
656.905
656.394
655.877
655.355
654.827
654.293
653.754
653.208
652.657
652.1
651.538
650.97
650.396
649.816
649.23
648.639
648.042
647.44
646.831
646.217
645.597
644.971
644.34
643.703
643.06
642.411
641.757
641.097
640.431
639.759
639.082
638.399
637.71
637.016
636.315
635.609
634.898
634.18
633.457
632.728
631.993
631.253
630.507
629.755
628.997
628.234
627.464
626.689
625.909
625.122
624.33
623.532
622.729
621.919
621.104
620.283
619.457
618.625
617.787
616.943
616.093
615.238
614.377
613.51
612.638
611.759
610.875
609.986
609.09
608.189
607.282
606.369
605.451
604.527
603.597
602.661
601.72
600.773
599.82
598.861
597.897
596.927
595.951
594.969
593.982
592.989
591.99
590.986
589.975
588.959
587.938
586.91
585.877
584.838
583.793
582.743
581.686
580.625
579.557
578.483
577.404
576.319
575.229
574.132
573.03
571.922
570.809
569.689
568.564
567.433
566.297
565.154
564.006
562.853
561.693
560.528
559.357
558.18
556.997
555.809
554.615
553.415
552.21
550.999
549.782
548.559
547.331
546.096
544.856
543.611
542.359
541.102
539.839
538.571
537.296
536.016
534.73
533.439
532.141
530.838
529.529
528.215
526.894
525.568
524.237
522.899
521.556
520.207
518.852
517.492
516.125
514.753
513.376
511.992
510.603
509.208
507.807
506.401
504.989
503.571
502.147
500.718
500.718
502.147
503.571
504.989
506.401
507.807
509.208
510.603
511.992
513.376
514.753
516.125
517.492
518.852
520.207
521.556
522.899
524.237
525.568
526.894
528.215
529.529
530.838
532.141
533.439
534.73
536.016
537.296
538.571
539.839
541.102
542.359
543.611
544.856
546.096
547.331
548.559
549.782
550.999
552.21
553.415
554.615
555.809
556.997
558.18
559.357
560.528
561.693
562.853
564.006
565.154
566.297
567.433
568.564
569.689
570.809
571.922
573.03
574.132
575.229
576.319
577.404
578.483
579.557
580.625
581.686
582.743
583.793
584.838
585.877
586.91
587.938
588.959
589.975
590.986
591.99
592.989
593.982
594.969
595.951
596.927
597.897
598.861
599.82
600.773
601.72
602.661
603.597
604.527
605.451
606.369
607.282
608.189
609.09
609.986
610.875
611.759
612.638
613.51
614.377
615.238
616.093
616.943
617.787
618.625
619.457
620.283
621.104
621.919
622.729
623.532
624.33
625.122
625.909
626.689
627.464
628.234
628.997
629.755
630.507
631.253
631.993
632.728
633.457
634.18
634.898
635.609
636.315
637.016
637.71
638.399
639.082
639.759
640.431
641.097
641.757
642.411
643.06
643.703
644.34
644.971
645.597
646.217
646.831
647.44
648.042
648.639
649.23
649.816
650.396
650.97
651.538
652.1
652.657
653.208
653.754
654.293
654.827
655.355
655.877
656.394
656.905
657.41
657.909
658.403
658.891
659.373
659.849
660.32
660.785
661.244
661.698
662.145
662.587
663.024
663.454
663.879
664.298
664.711
665.119
665.52
665.916
666.307
666.691
667.07
667.443
667.811
668.172
668.528
668.878
669.223
669.561
669.894
670.221
670.543
670.858
671.168
671.473
671.771
672.064
672.351
672.632
672.908
673.177
673.441
673.7
673.952
674.199
674.44
674.675
674.905
675.129
675.347
675.559
675.766
675.967
676.162
676.351
676.535
676.713
676.885
677.052
677.212
677.367
677.517
677.66
677.798
677.93
678.056
678.177
678.292
678.401
678.504
678.601
678.693
678.779
678.86
678.934
679.003
679.066
679.124
679.175
679.221
679.262
679.296
679.325
679.348
679.365
679.376
679.382
679.382
679.376
679.365
679.348
679.325
679.296
679.262
679.221
679.175
679.124
679.066
679.003
678.934
678.86
678.779
678.693
678.601
678.504
678.401
678.292
678.177
678.056
677.93
677.798
677.66
677.517
677.367
677.212
677.052
676.885
676.713
676.535
676.351
676.162
675.967
675.766
675.559
675.347
675.129
674.905
674.675
674.44
674.199
673.952
673.7
673.441
673.177
672.908
672.632
672.351
672.064
671.771
671.473
671.168
670.858
670.543
670.221
669.894
669.561
669.223
668.878
668.528
668.172
667.811
667.443
667.07
666.691
666.307
665.916
665.52
665.119
664.711
664.298
663.879
663.454
663.024
662.587
662.145
661.698
661.244
660.785
660.32
659.849
659.373
658.891
658.403
657.909
657.41
656.905
656.394
655.877
655.355
654.827
654.293
653.754
653.208
652.657
652.1
651.538
650.97
650.396
649.816
649.23
648.639
648.042
647.44
646.831
646.217
645.597
644.971
644.34
643.703
643.06
642.411
641.757
641.097
640.431
639.759
639.082
638.399
637.71
637.016
636.315
635.609
634.898
634.18
633.457
632.728
631.993
631.253
630.507
629.755
628.997
628.234
627.464
626.689
625.909
625.122
624.33
623.532
622.729
621.919
621.104
620.283
619.457
618.625
617.787
616.943
616.093
615.238
614.377
613.51
612.638
611.759
610.875
609.986
609.09
608.189
607.282
606.369
605.451
604.527
603.597
602.661
601.72
600.773
599.82
598.861
597.897
596.927
595.951
594.969
593.982
592.989
591.99
590.986
589.975
588.959
587.938
586.91
585.877
584.838
583.793
582.743
581.686
580.625
579.557
578.483
577.404
576.319
575.229
574.132
573.03
571.922
570.809
569.689
568.564
567.433
566.297
565.154
564.006
562.853
561.693
560.528
559.357
558.18
556.997
555.809
554.615
553.415
552.21
550.999
549.782
548.559
547.331
546.096
544.856
543.611
542.359
541.102
539.839
538.571
537.296
536.016
534.73
533.439
532.141
530.838
529.529
528.215
526.894
525.568
524.237
522.899
521.556
520.207
518.852
517.492
516.125
514.753
513.376
511.992
510.603
509.208
507.807
506.401
504.989
503.571
502.147
500.718
500.718
502.147
503.571
504.989
506.401
507.807
509.208
510.603
511.992
513.376
514.753
516.125
517.492
518.852
520.207
521.556
522.899
524.237
525.568
526.894
528.215
529.529
530.838
532.141
533.439
534.73
536.016
537.296
538.571
539.839
541.102
542.359
543.611
544.856
546.096
547.331
548.559
549.782
550.999
552.21
553.415
554.615
555.809
556.997
558.18
559.357
560.528
561.693
562.853
564.006
565.154
566.297
567.433
568.564
569.689
570.809
571.922
573.03
574.132
575.229
576.319
577.404
578.483
579.557
580.625
581.686
582.743
583.793
584.838
585.877
586.91
587.938
588.959
589.975
590.986
591.99
592.989
593.982
594.969
595.951
596.927
597.897
598.861
599.82
600.773
601.72
602.661
603.597
604.527
605.451
606.369
607.282
608.189
609.09
609.986
610.875
611.759
612.638
613.51
614.377
615.238
616.093
616.943
617.787
618.625
619.457
620.283
621.104
621.919
622.729
623.532
624.33
625.122
625.909
626.689
627.464
628.234
628.997
629.755
630.507
631.253
631.993
632.728
633.457
634.18
634.898
635.609
636.315
637.016
637.71
638.399
639.082
639.759
640.431
641.097
641.757
642.411
643.06
643.703
644.34
644.971
645.597
646.217
646.831
647.44
648.042
648.639
649.23
649.816
650.396
650.97
651.538
652.1
652.657
653.208
653.754
654.293
654.827
655.355
655.877
656.394
656.905
657.41
657.909
658.403
658.891
659.373
659.849
660.32
660.785
661.244
661.698
662.145
662.587
663.024
663.454
663.879
664.298
664.711
665.119
665.52
665.916
666.307
666.691
667.07
667.443
667.811
668.172
668.528
668.878
669.223
669.561
669.894
670.221
670.543
670.858
671.168
671.473
671.771
672.064
672.351
672.632
672.908
673.177
673.441
673.7
673.952
674.199
674.44
674.675
674.905
675.129
675.347
675.559
675.766
675.967
676.162
676.351
676.535
676.713
676.885
677.052
677.212
677.367
677.517
677.66
677.798
677.93
678.056
678.177
678.292
678.401
678.504
678.601
678.693
678.779
678.86
678.934
679.003
679.066
679.124
679.175
679.221
679.262
679.296
679.325
679.348
679.365
679.376
679.382
679.382
679.376
679.365
679.348
679.325
679.296
679.262
679.221
679.175
679.124
679.066
679.003
678.934
678.86
678.779
678.693
678.601
678.504
678.401
678.292
678.177
678.056
677.93
677.798
677.66
677.517
677.367
677.212
677.052
676.885
676.713
676.535
676.351
676.162
675.967
675.766
675.559
675.347
675.129
674.905
674.675
674.44
674.199
673.952
673.7
673.441
673.177
672.908
672.632
672.351
672.064
671.771
671.473
671.168
670.858
670.543
670.221
669.894
669.561
669.223
668.878
668.528
668.172
667.811
667.443
667.07
666.691
666.307
665.916
665.52
665.119
664.711
664.298
663.879
663.454
663.024
662.587
662.145
661.698
661.244
660.785
660.32
659.849
659.373
658.891
658.403
657.909
657.41
656.905
656.394
655.877
655.355
654.827
654.293
653.754
653.208
652.657
652.1
651.538
650.97
650.396
649.816
649.23
648.639
648.042
647.44
646.831
646.217
645.597
644.971
644.34
643.703
643.06
642.411
641.757
641.097
640.431
639.759
639.082
638.399
637.71
637.016
636.315
635.609
634.898
634.18
633.457
632.728
631.993
631.253
630.507
629.755
628.997
628.234
627.464
626.689
625.909
625.122
624.33
623.532
622.729
621.919
621.104
620.283
619.457
618.625
617.787
616.943
616.093
615.238
614.377
613.51
612.638
611.759
610.875
609.986
609.09
608.189
607.282
606.369
605.451
604.527
603.597
602.661
601.72
600.773
599.82
598.861
597.897
596.927
595.951
594.969
593.982
592.989
591.99
590.986
589.975
588.959
587.938
586.91
585.877
584.838
583.793
582.743
581.686
580.625
579.557
578.483
577.404
576.319
575.229
574.132
573.03
571.922
570.809
569.689
568.564
567.433
566.297
565.154
564.006
562.853
561.693
560.528
559.357
558.18
556.997
555.809
554.615
553.415
552.21
550.999
549.782
548.559
547.331
546.096
544.856
543.611
542.359
541.102
539.839
538.571
537.296
536.016
534.73
533.439
532.141
530.838
529.529
528.215
526.894
525.568
524.237
522.899
521.556
520.207
518.852
517.492
516.125
514.753
513.376
511.992
510.603
509.208
507.807
506.401
504.989
503.571
502.147
500.718
500.718
502.147
503.571
504.989
506.401
507.807
509.208
510.603
511.992
513.376
514.753
516.125
517.492
518.852
520.207
521.556
522.899
524.237
525.568
526.894
528.215
529.529
530.838
532.141
533.439
534.73
536.016
537.296
538.571
539.839
541.102
542.359
543.611
544.856
546.096
547.331
548.559
549.782
550.999
552.21
553.415
554.615
555.809
556.997
558.18
559.357
560.528
561.693
562.853
564.006
565.154
566.297
567.433
568.564
569.689
570.809
571.922
573.03
574.132
575.229
576.319
577.404
578.483
579.557
580.625
581.686
582.743
583.793
584.838
585.877
586.91
587.938
588.959
589.975
590.986
591.99
592.989
593.982
594.969
595.951
596.927
597.897
598.861
599.82
600.773
601.72
602.661
603.597
604.527
605.451
606.369
607.282
608.189
609.09
609.986
610.875
611.759
612.638
613.51
614.377
615.238
616.093
616.943
617.787
618.625
619.457
620.283
621.104
621.919
622.729
623.532
624.33
625.122
625.909
626.689
627.464
628.234
628.997
629.755
630.507
631.253
631.993
632.728
633.457
634.18
634.898
635.609
636.315
637.016
637.71
638.399
639.082
639.759
640.431
641.097
641.757
642.411
643.06
643.703
644.34
644.971
645.597
646.217
646.831
647.44
648.042
648.639
649.23
649.816
650.396
650.97
651.538
652.1
652.657
653.208
653.754
654.293
654.827
655.355
655.877
656.394
656.905
657.41
657.909
658.403
658.891
659.373
659.849
660.32
660.785
661.244
661.698
662.145
662.587
663.024
663.454
663.879
664.298
664.711
665.119
665.52
665.916
666.307
666.691
667.07
667.443
667.811
668.172
668.528
668.878
669.223
669.561
669.894
670.221
670.543
670.858
671.168
671.473
671.771
672.064
672.351
672.632
672.908
673.177
673.441
673.7
673.952
674.199
674.44
674.675
674.905
675.129
675.347
675.559
675.766
675.967
676.162
676.351
676.535
676.713
676.885
677.052
677.212
677.367
677.517
677.66
677.798
677.93
678.056
678.177
678.292
678.401
678.504
678.601
678.693
678.779
678.86
678.934
679.003
679.066
679.124
679.175
679.221
679.262
679.296
679.325
679.348
679.365
679.376
679.382
679.382
679.376
679.365
679.348
679.325
679.296
679.262
679.221
679.175
679.124
679.066
679.003
678.934
678.86
678.779
678.693
678.601
678.504
678.401
678.292
678.177
678.056
677.93
677.798
677.66
677.517
677.367
677.212
677.052
676.885
676.713
676.535
676.351
676.162
675.967
675.766
675.559
675.347
675.129
674.905
674.675
674.44
674.199
673.952
673.7
673.441
673.177
672.908
672.632
672.351
672.064
671.771
671.473
671.168
670.858
670.543
670.221
669.894
669.561
669.223
668.878
668.528
668.172
667.811
667.443
667.07
666.691
666.307
665.916
665.52
665.119
664.711
664.298
663.879
663.454
663.024
662.587
662.145
661.698
661.244
660.785
660.32
659.849
659.373
658.891
658.403
657.909
657.41
656.905
656.394
655.877
655.355
654.827
654.293
653.754
653.208
652.657
652.1
651.538
650.97
650.396
649.816
649.23
648.639
648.042
647.44
646.831
646.217
645.597
644.971
644.34
643.703
643.06
642.411
641.757
641.097
640.431
639.759
639.082
638.399
637.71
637.016
636.315
635.609
634.898
634.18
633.457
632.728
631.993
631.253
630.507
629.755
628.997
628.234
627.464
626.689
625.909
625.122
624.33
623.532
622.729
621.919
621.104
620.283
619.457
618.625
617.787
616.943
616.093
615.238
614.377
613.51
612.638
611.759
610.875
609.986
609.09
608.189
607.282
606.369
605.451
604.527
603.597
602.661
601.72
600.773
599.82
598.861
597.897
596.927
595.951
594.969
593.982
592.989
591.99
590.986
589.975
588.959
587.938
586.91
585.877
584.838
583.793
582.743
581.686
580.625
579.557
578.483
577.404
576.319
575.229
574.132
573.03
571.922
570.809
569.689
568.564
567.433
566.297
565.154
564.006
562.853
561.693
560.528
559.357
558.18
556.997
555.809
554.615
553.415
552.21
550.999
549.782
548.559
547.331
546.096
544.856
543.611
542.359
541.102
539.839
538.571
537.296
536.016
534.73
533.439
532.141
530.838
529.529
528.215
526.894
525.568
524.237
522.899
521.556
520.207
518.852
517.492
516.125
514.753
513.376
511.992
510.603
509.208
507.807
506.401
504.989
503.571
502.147
500.718
500.718
502.147
503.571
504.989
506.401
507.807
509.208
510.603
511.992
513.376
514.753
516.125
517.492
518.852
520.207
521.556
522.899
524.237
525.568
526.894
528.215
529.529
530.838
532.141
533.439
534.73
536.016
537.296
538.571
539.839
541.102
542.359
543.611
544.856
546.096
547.331
548.559
549.782
550.999
552.21
553.415
554.615
555.809
556.997
558.18
559.357
560.528
561.693
562.853
564.006
565.154
566.297
567.433
568.564
569.689
570.809
571.922
573.03
574.132
575.229
576.319
577.404
578.483
579.557
580.625
581.686
582.743
583.793
584.838
585.877
586.91
587.938
588.959
589.975
590.986
591.99
592.989
593.982
594.969
595.951
596.927
597.897
598.861
599.82
600.773
601.72
602.661
603.597
604.527
605.451
606.369
607.282
608.189
609.09
609.986
610.875
611.759
612.638
613.51
614.377
615.238
616.093
616.943
617.787
618.625
619.457
620.283
621.104
621.919
622.729
623.532
624.33
625.122
625.909
626.689
627.464
628.234
628.997
629.755
630.507
631.253
631.993
632.728
633.457
634.18
634.898
635.609
636.315
637.016
637.71
638.399
639.082
639.759
640.431
641.097
641.757
642.411
643.06
643.703
644.34
644.971
645.597
646.217
646.831
647.44
648.042
648.639
649.23
649.816
650.396
650.97
651.538
652.1
652.657
653.208
653.754
654.293
654.827
655.355
655.877
656.394
656.905
657.41
657.909
658.403
658.891
659.373
659.849
660.32
660.785
661.244
661.698
662.145
662.587
663.024
663.454
663.879
664.298
664.711
665.119
665.52
665.916
666.307
666.691
667.07
667.443
667.811
668.172
668.528
668.878
669.223
669.561
669.894
670.221
670.543
670.858
671.168
671.473
671.771
672.064
672.351
672.632
672.908
673.177
673.441
673.7
673.952
674.199
674.44
674.675
674.905
675.129
675.347
675.559
675.766
675.967
676.162
676.351
676.535
676.713
676.885
677.052
677.212
677.367
677.517
677.66
677.798
677.93
678.056
678.177
678.292
678.401
678.504
678.601
678.693
678.779
678.86
678.934
679.003
679.066
679.124
679.175
679.221
679.262
679.296
679.325
679.348
679.365
679.376
679.382
679.382
679.376
679.365
679.348
679.325
679.296
679.262
679.221
679.175
679.124
679.066
679.003
678.934
678.86
678.779
678.693
678.601
678.504
678.401
678.292
678.177
678.056
677.93
677.798
677.66
677.517
677.367
677.212
677.052
676.885
676.713
676.535
676.351
676.162
675.967
675.766
675.559
675.347
675.129
674.905
674.675
674.44
674.199
673.952
673.7
673.441
673.177
672.908
672.632
672.351
672.064
671.771
671.473
671.168
670.858
670.543
670.221
669.894
669.561
669.223
668.878
668.528
668.172
667.811
667.443
667.07
666.691
666.307
665.916
665.52
665.119
664.711
664.298
663.879
663.454
663.024
662.587
662.145
661.698
661.244
660.785
660.32
659.849
659.373
658.891
658.403
657.909
657.41
656.905
656.394
655.877
655.355
654.827
654.293
653.754
653.208
652.657
652.1
651.538
650.97
650.396
649.816
649.23
648.639
648.042
647.44
646.831
646.217
645.597
644.971
644.34
643.703
643.06
642.411
641.757
641.097
640.431
639.759
639.082
638.399
637.71
637.016
636.315
635.609
634.898
634.18
633.457
632.728
631.993
631.253
630.507
629.755
628.997
628.234
627.464
626.689
625.909
625.122
624.33
623.532
622.729
621.919
621.104
620.283
619.457
618.625
617.787
616.943
616.093
615.238
614.377
613.51
612.638
611.759
610.875
609.986
609.09
608.189
607.282
606.369
605.451
604.527
603.597
602.661
601.72
600.773
599.82
598.861
597.897
596.927
595.951
594.969
593.982
592.989
591.99
590.986
589.975
588.959
587.938
586.91
585.877
584.838
583.793
582.743
581.686
580.625
579.557
578.483
577.404
576.319
575.229
574.132
573.03
571.922
570.809
569.689
568.564
567.433
566.297
565.154
564.006
562.853
561.693
560.528
559.357
558.18
556.997
555.809
554.615
553.415
552.21
550.999
549.782
548.559
547.331
546.096
544.856
543.611
542.359
541.102
539.839
538.571
537.296
536.016
534.73
533.439
532.141
530.838
529.529
528.215
526.894
525.568
524.237
522.899
521.556
520.207
518.852
517.492
516.125
514.753
513.376
511.992
510.603
509.208
507.807
506.401
504.989
503.571
502.147
500.718
500.718
502.147
503.571
504.989
506.401
507.807
509.208
510.603
511.992
513.376
514.753
516.125
517.492
518.852
520.207
521.556
522.899
524.237
525.568
526.894
528.215
529.529
530.838
532.141
533.439
534.73
536.016
537.296
538.571
539.839
541.102
542.359
543.611
544.856
546.096
547.331
548.559
549.782
550.999
552.21
553.415
554.615
555.809
556.997
558.18
559.357
560.528
561.693
562.853
564.006
565.154
566.297
567.433
568.564
569.689
570.809
571.922
573.03
574.132
575.229
576.319
577.404
578.483
579.557
580.625
581.686
582.743
583.793
584.838
585.877
586.91
587.938
588.959
589.975
590.986
591.99
592.989
593.982
594.969
595.951
596.927
597.897
598.861
599.82
600.773
601.72
602.661
603.597
604.527
605.451
606.369
607.282
608.189
609.09
609.986
610.875
611.759
612.638
613.51
614.377
615.238
616.093
616.943
617.787
618.625
619.457
620.283
621.104
621.919
622.729
623.532
624.33
625.122
625.909
626.689
627.464
628.234
628.997
629.755
630.507
631.253
631.993
632.728
633.457
634.18
634.898
635.609
636.315
637.016
637.71
638.399
639.082
639.759
640.431
641.097
641.757
642.411
643.06
643.703
644.34
644.971
645.597
646.217
646.831
647.44
648.042
648.639
649.23
649.816
650.396
650.97
651.538
652.1
652.657
653.208
653.754
654.293
654.827
655.355
655.877
656.394
656.905
657.41
657.909
658.403
658.891
659.373
659.849
660.32
660.785
661.244
661.698
662.145
662.587
663.024
663.454
663.879
664.298
664.711
665.119
665.52
665.916
666.307
666.691
667.07
667.443
667.811
668.172
668.528
668.878
669.223
669.561
669.894
670.221
670.543
670.858
671.168
671.473
671.771
672.064
672.351
672.632
672.908
673.177
673.441
673.7
673.952
674.199
674.44
674.675
674.905
675.129
675.347
675.559
675.766
675.967
676.162
676.351
676.535
676.713
676.885
677.052
677.212
677.367
677.517
677.66
677.798
677.93
678.056
678.177
678.292
678.401
678.504
678.601
678.693
678.779
678.86
678.934
679.003
679.066
679.124
679.175
679.221
679.262
679.296
679.325
679.348
679.365
679.376
679.382
679.382
679.376
679.365
679.348
679.325
679.296
679.262
679.221
679.175
679.124
679.066
679.003
678.934
678.86
678.779
678.693
678.601
678.504
678.401
678.292
678.177
678.056
677.93
677.798
677.66
677.517
677.367
677.212
677.052
676.885
676.713
676.535
676.351
676.162
675.967
675.766
675.559
675.347
675.129
674.905
674.675
674.44
674.199
673.952
673.7
673.441
673.177
672.908
672.632
672.351
672.064
671.771
671.473
671.168
670.858
670.543
670.221
669.894
669.561
669.223
668.878
668.528
668.172
667.811
667.443
667.07
666.691
666.307
665.916
665.52
665.119
664.711
664.298
663.879
663.454
663.024
662.587
662.145
661.698
661.244
660.785
660.32
659.849
659.373
658.891
658.403
657.909
657.41
656.905
656.394
655.877
655.355
654.827
654.293
653.754
653.208
652.657
652.1
651.538
650.97
650.396
649.816
649.23
648.639
648.042
647.44
646.831
646.217
645.597
644.971
644.34
643.703
643.06
642.411
641.757
641.097
640.431
639.759
639.082
638.399
637.71
637.016
636.315
635.609
634.898
634.18
633.457
632.728
631.993
631.253
630.507
629.755
628.997
628.234
627.464
626.689
625.909
625.122
624.33
623.532
622.729
621.919
621.104
620.283
619.457
618.625
617.787
616.943
616.093
615.238
614.377
613.51
612.638
611.759
610.875
609.986
609.09
608.189
607.282
606.369
605.451
604.527
603.597
602.661
601.72
600.773
599.82
598.861
597.897
596.927
595.951
594.969
593.982
592.989
591.99
590.986
589.975
588.959
587.938
586.91
585.877
584.838
583.793
582.743
581.686
580.625
579.557
578.483
577.404
576.319
575.229
574.132
573.03
571.922
570.809
569.689
568.564
567.433
566.297
565.154
564.006
562.853
561.693
560.528
559.357
558.18
556.997
555.809
554.615
553.415
552.21
550.999
549.782
548.559
547.331
546.096
544.856
543.611
542.359
541.102
539.839
538.571
537.296
536.016
534.73
533.439
532.141
530.838
529.529
528.215
526.894
525.568
524.237
522.899
521.556
520.207
518.852
517.492
516.125
514.753
513.376
511.992
510.603
509.208
507.807
506.401
504.989
503.571
502.147
500.718
500.718
502.147
503.571
504.989
506.401
507.807
509.208
510.603
511.992
513.376
514.753
516.125
517.492
518.852
520.207
521.556
522.899
524.237
525.568
526.894
528.215
529.529
530.838
532.141
533.439
534.73
536.016
537.296
538.571
539.839
541.102
542.359
543.611
544.856
546.096
547.331
548.559
549.782
550.999
552.21
553.415
554.615
555.809
556.997
558.18
559.357
560.528
561.693
562.853
564.006
565.154
566.297
567.433
568.564
569.689
570.809
571.922
573.03
574.132
575.229
576.319
577.404
578.483
579.557
580.625
581.686
582.743
583.793
584.838
585.877
586.91
587.938
588.959
589.975
590.986
591.99
592.989
593.982
594.969
595.951
596.927
597.897
598.861
599.82
600.773
601.72
602.661
603.597
604.527
605.451
606.369
607.282
608.189
609.09
609.986
610.875
611.759
612.638
613.51
614.377
615.238
616.093
616.943
617.787
618.625
619.457
620.283
621.104
621.919
622.729
623.532
624.33
625.122
625.909
626.689
627.464
628.234
628.997
629.755
630.507
631.253
631.993
632.728
633.457
634.18
634.898
635.609
636.315
637.016
637.71
638.399
639.082
639.759
640.431
641.097
641.757
642.411
643.06
643.703
644.34
644.971
645.597
646.217
646.831
647.44
648.042
648.639
649.23
649.816
650.396
650.97
651.538
652.1
652.657
653.208
653.754
654.293
654.827
655.355
655.877
656.394
656.905
657.41
657.909
658.403
658.891
659.373
659.849
660.32
660.785
661.244
661.698
662.145
662.587
663.024
663.454
663.879
664.298
664.711
665.119
665.52
665.916
666.307
666.691
667.07
667.443
667.811
668.172
668.528
668.878
669.223
669.561
669.894
670.221
670.543
670.858
671.168
671.473
671.771
672.064
672.351
672.632
672.908
673.177
673.441
673.7
673.952
674.199
674.44
674.675
674.905
675.129
675.347
675.559
675.766
675.967
676.162
676.351
676.535
676.713
676.885
677.052
677.212
677.367
677.517
677.66
677.798
677.93
678.056
678.177
678.292
678.401
678.504
678.601
678.693
678.779
678.86
678.934
679.003
679.066
679.124
679.175
679.221
679.262
679.296
679.325
679.348
679.365
679.376
679.382
679.382
679.376
679.365
679.348
679.325
679.296
679.262
679.221
679.175
679.124
679.066
679.003
678.934
678.86
678.779
678.693
678.601
678.504
678.401
678.292
678.177
678.056
677.93
677.798
677.66
677.517
677.367
677.212
677.052
676.885
676.713
676.535
676.351
676.162
675.967
675.766
675.559
675.347
675.129
674.905
674.675
674.44
674.199
673.952
673.7
673.441
673.177
672.908
672.632
672.351
672.064
671.771
671.473
671.168
670.858
670.543
670.221
669.894
669.561
669.223
668.878
668.528
668.172
667.811
667.443
667.07
666.691
666.307
665.916
665.52
665.119
664.711
664.298
663.879
663.454
663.024
662.587
662.145
661.698
661.244
660.785
660.32
659.849
659.373
658.891
658.403
657.909
657.41
656.905
656.394
655.877
655.355
654.827
654.293
653.754
653.208
652.657
652.1
651.538
650.97
650.396
649.816
649.23
648.639
648.042
647.44
646.831
646.217
645.597
644.971
644.34
643.703
643.06
642.411
641.757
641.097
640.431
639.759
639.082
638.399
637.71
637.016
636.315
635.609
634.898
634.18
633.457
632.728
631.993
631.253
630.507
629.755
628.997
628.234
627.464
626.689
625.909
625.122
624.33
623.532
622.729
621.919
621.104
620.283
619.457
618.625
617.787
616.943
616.093
615.238
614.377
613.51
612.638
611.759
610.875
609.986
609.09
608.189
607.282
606.369
605.451
604.527
603.597
602.661
601.72
600.773
599.82
598.861
597.897
596.927
595.951
594.969
593.982
592.989
591.99
590.986
589.975
588.959
587.938
586.91
585.877
584.838
583.793
582.743
581.686
580.625
579.557
578.483
577.404
576.319
575.229
574.132
573.03
571.922
570.809
569.689
568.564
567.433
566.297
565.154
564.006
562.853
561.693
560.528
559.357
558.18
556.997
555.809
554.615
553.415
552.21
550.999
549.782
548.559
547.331
546.096
544.856
543.611
542.359
541.102
539.839
538.571
537.296
536.016
534.73
533.439
532.141
530.838
529.529
528.215
526.894
525.568
524.237
522.899
521.556
520.207
518.852
517.492
516.125
514.753
513.376
511.992
510.603
509.208
507.807
506.401
504.989
503.571
502.147
500.718
500.718
502.147
503.571
504.989
506.401
507.807
509.208
510.603
511.992
513.376
514.753
516.125
517.492
518.852
520.207
521.556
522.899
524.237
525.568
526.894
528.215
529.529
530.838
532.141
533.439
534.73
536.016
537.296
538.571
539.839
541.102
542.359
543.611
544.856
546.096
547.331
548.559
549.782
550.999
552.21
553.415
554.615
555.809
556.997
558.18
559.357
560.528
561.693
562.853
564.006
565.154
566.297
567.433
568.564
569.689
570.809
571.922
573.03
574.132
575.229
576.319
577.404
578.483
579.557
580.625
581.686
582.743
583.793
584.838
585.877
586.91
587.938
588.959
589.975
590.986
591.99
592.989
593.982
594.969
595.951
596.927
597.897
598.861
599.82
600.773
601.72
602.661
603.597
604.527
605.451
606.369
607.282
608.189
609.09
609.986
610.875
611.759
612.638
613.51
614.377
615.238
616.093
616.943
617.787
618.625
619.457
620.283
621.104
621.919
622.729
623.532
624.33
625.122
625.909
626.689
627.464
628.234
628.997
629.755
630.507
631.253
631.993
632.728
633.457
634.18
634.898
635.609
636.315
637.016
637.71
638.399
639.082
639.759
640.431
641.097
641.757
642.411
643.06
643.703
644.34
644.971
645.597
646.217
646.831
647.44
648.042
648.639
649.23
649.816
650.396
650.97
651.538
652.1
652.657
653.208
653.754
654.293
654.827
655.355
655.877
656.394
656.905
657.41
657.909
658.403
658.891
659.373
659.849
660.32
660.785
661.244
661.698
662.145
662.587
663.024
663.454
663.879
664.298
664.711
665.119
665.52
665.916
666.307
666.691
667.07
667.443
667.811
668.172
668.528
668.878
669.223
669.561
669.894
670.221
670.543
670.858
671.168
671.473
671.771
672.064
672.351
672.632
672.908
673.177
673.441
673.7
673.952
674.199
674.44
674.675
674.905
675.129
675.347
675.559
675.766
675.967
676.162
676.351
676.535
676.713
676.885
677.052
677.212
677.367
677.517
677.66
677.798
677.93
678.056
678.177
678.292
678.401
678.504
678.601
678.693
678.779
678.86
678.934
679.003
679.066
679.124
679.175
679.221
679.262
679.296
679.325
679.348
679.365
679.376
679.382
679.382
679.376
679.365
679.348
679.325
679.296
679.262
679.221
679.175
679.124
679.066
679.003
678.934
678.86
678.779
678.693
678.601
678.504
678.401
678.292
678.177
678.056
677.93
677.798
677.66
677.517
677.367
677.212
677.052
676.885
676.713
676.535
676.351
676.162
675.967
675.766
675.559
675.347
675.129
674.905
674.675
674.44
674.199
673.952
673.7
673.441
673.177
672.908
672.632
672.351
672.064
671.771
671.473
671.168
670.858
670.543
670.221
669.894
669.561
669.223
668.878
668.528
668.172
667.811
667.443
667.07
666.691
666.307
665.916
665.52
665.119
664.711
664.298
663.879
663.454
663.024
662.587
662.145
661.698
661.244
660.785
660.32
659.849
659.373
658.891
658.403
657.909
657.41
656.905
656.394
655.877
655.355
654.827
654.293
653.754
653.208
652.657
652.1
651.538
650.97
650.396
649.816
649.23
648.639
648.042
647.44
646.831
646.217
645.597
644.971
644.34
643.703
643.06
642.411
641.757
641.097
640.431
639.759
639.082
638.399
637.71
637.016
636.315
635.609
634.898
634.18
633.457
632.728
631.993
631.253
630.507
629.755
628.997
628.234
627.464
626.689
625.909
625.122
624.33
623.532
622.729
621.919
621.104
620.283
619.457
618.625
617.787
616.943
616.093
615.238
614.377
613.51
612.638
611.759
610.875
609.986
609.09
608.189
607.282
606.369
605.451
604.527
603.597
602.661
601.72
600.773
599.82
598.861
597.897
596.927
595.951
594.969
593.982
592.989
591.99
590.986
589.975
588.959
587.938
586.91
585.877
584.838
583.793
582.743
581.686
580.625
579.557
578.483
577.404
576.319
575.229
574.132
573.03
571.922
570.809
569.689
568.564
567.433
566.297
565.154
564.006
562.853
561.693
560.528
559.357
558.18
556.997
555.809
554.615
553.415
552.21
550.999
549.782
548.559
547.331
546.096
544.856
543.611
542.359
541.102
539.839
538.571
537.296
536.016
534.73
533.439
532.141
530.838
529.529
528.215
526.894
525.568
524.237
522.899
521.556
520.207
518.852
517.492
516.125
514.753
513.376
511.992
510.603
509.208
507.807
506.401
504.989
503.571
502.147
500.718
500.718
502.147
503.571
504.989
506.401
507.807
509.208
510.603
511.992
513.376
514.753
516.125
517.492
518.852
520.207
521.556
522.899
524.237
525.568
526.894
528.215
529.529
530.838
532.141
533.439
534.73
536.016
537.296
538.571
539.839
541.102
542.359
543.611
544.856
546.096
547.331
548.559
549.782
550.999
552.21
553.415
554.615
555.809
556.997
558.18
559.357
560.528
561.693
562.853
564.006
565.154
566.297
567.433
568.564
569.689
570.809
571.922
573.03
574.132
575.229
576.319
577.404
578.483
579.557
580.625
581.686
582.743
583.793
584.838
585.877
586.91
587.938
588.959
589.975
590.986
591.99
592.989
593.982
594.969
595.951
596.927
597.897
598.861
599.82
600.773
601.72
602.661
603.597
604.527
605.451
606.369
607.282
608.189
609.09
609.986
610.875
611.759
612.638
613.51
614.377
615.238
616.093
616.943
617.787
618.625
619.457
620.283
621.104
621.919
622.729
623.532
624.33
625.122
625.909
626.689
627.464
628.234
628.997
629.755
630.507
631.253
631.993
632.728
633.457
634.18
634.898
635.609
636.315
637.016
637.71
638.399
639.082
639.759
640.431
641.097
641.757
642.411
643.06
643.703
644.34
644.971
645.597
646.217
646.831
647.44
648.042
648.639
649.23
649.816
650.396
650.97
651.538
652.1
652.657
653.208
653.754
654.293
654.827
655.355
655.877
656.394
656.905
657.41
657.909
658.403
658.891
659.373
659.849
660.32
660.785
661.244
661.698
662.145
662.587
663.024
663.454
663.879
664.298
664.711
665.119
665.52
665.916
666.307
666.691
667.07
667.443
667.811
668.172
668.528
668.878
669.223
669.561
669.894
670.221
670.543
670.858
671.168
671.473
671.771
672.064
672.351
672.632
672.908
673.177
673.441
673.7
673.952
674.199
674.44
674.675
674.905
675.129
675.347
675.559
675.766
675.967
676.162
676.351
676.535
676.713
676.885
677.052
677.212
677.367
677.517
677.66
677.798
677.93
678.056
678.177
678.292
678.401
678.504
678.601
678.693
678.779
678.86
678.934
679.003
679.066
679.124
679.175
679.221
679.262
679.296
679.325
679.348
679.365
679.376
679.382
679.382
679.376
679.365
679.348
679.325
679.296
679.262
679.221
679.175
679.124
679.066
679.003
678.934
678.86
678.779
678.693
678.601
678.504
678.401
678.292
678.177
678.056
677.93
677.798
677.66
677.517
677.367
677.212
677.052
676.885
676.713
676.535
676.351
676.162
675.967
675.766
675.559
675.347
675.129
674.905
674.675
674.44
674.199
673.952
673.7
673.441
673.177
672.908
672.632
672.351
672.064
671.771
671.473
671.168
670.858
670.543
670.221
669.894
669.561
669.223
668.878
668.528
668.172
667.811
667.443
667.07
666.691
666.307
665.916
665.52
665.119
664.711
664.298
663.879
663.454
663.024
662.587
662.145
661.698
661.244
660.785
660.32
659.849
659.373
658.891
658.403
657.909
657.41
656.905
656.394
655.877
655.355
654.827
654.293
653.754
653.208
652.657
652.1
651.538
650.97
650.396
649.816
649.23
648.639
648.042
647.44
646.831
646.217
645.597
644.971
644.34
643.703
643.06
642.411
641.757
641.097
640.431
639.759
639.082
638.399
637.71
637.016
636.315
635.609
634.898
634.18
633.457
632.728
631.993
631.253
630.507
629.755
628.997
628.234
627.464
626.689
625.909
625.122
624.33
623.532
622.729
621.919
621.104
620.283
619.457
618.625
617.787
616.943
616.093
615.238
614.377
613.51
612.638
611.759
610.875
609.986
609.09
608.189
607.282
606.369
605.451
604.527
603.597
602.661
601.72
600.773
599.82
598.861
597.897
596.927
595.951
594.969
593.982
592.989
591.99
590.986
589.975
588.959
587.938
586.91
585.877
584.838
583.793
582.743
581.686
580.625
579.557
578.483
577.404
576.319
575.229
574.132
573.03
571.922
570.809
569.689
568.564
567.433
566.297
565.154
564.006
562.853
561.693
560.528
559.357
558.18
556.997
555.809
554.615
553.415
552.21
550.999
549.782
548.559
547.331
546.096
544.856
543.611
542.359
541.102
539.839
538.571
537.296
536.016
534.73
533.439
532.141
530.838
529.529
528.215
526.894
525.568
524.237
522.899
521.556
520.207
518.852
517.492
516.125
514.753
513.376
511.992
510.603
509.208
507.807
506.401
504.989
503.571
502.147
500.718
500.718
502.147
503.571
504.989
506.401
507.807
509.208
510.603
511.992
513.376
514.753
516.125
517.492
518.852
520.207
521.556
522.899
524.237
525.568
526.894
528.215
529.529
530.838
532.141
533.439
534.73
536.016
537.296
538.571
539.839
541.102
542.359
543.611
544.856
546.096
547.331
548.559
549.782
550.999
552.21
553.415
554.615
555.809
556.997
558.18
559.357
560.528
561.693
562.853
564.006
565.154
566.297
567.433
568.564
569.689
570.809
571.922
573.03
574.132
575.229
576.319
577.404
578.483
579.557
580.625
581.686
582.743
583.793
584.838
585.877
586.91
587.938
588.959
589.975
590.986
591.99
592.989
593.982
594.969
595.951
596.927
597.897
598.861
599.82
600.773
601.72
602.661
603.597
604.527
605.451
606.369
607.282
608.189
609.09
609.986
610.875
611.759
612.638
613.51
614.377
615.238
616.093
616.943
617.787
618.625
619.457
620.283
621.104
621.919
622.729
623.532
624.33
625.122
625.909
626.689
627.464
628.234
628.997
629.755
630.507
631.253
631.993
632.728
633.457
634.18
634.898
635.609
636.315
637.016
637.71
638.399
639.082
639.759
640.431
641.097
641.757
642.411
643.06
643.703
644.34
644.971
645.597
646.217
646.831
647.44
648.042
648.639
649.23
649.816
650.396
650.97
651.538
652.1
652.657
653.208
653.754
654.293
654.827
655.355
655.877
656.394
656.905
657.41
657.909
658.403
658.891
659.373
659.849
660.32
660.785
661.244
661.698
662.145
662.587
663.024
663.454
663.879
664.298
664.711
665.119
665.52
665.916
666.307
666.691
667.07
667.443
667.811
668.172
668.528
668.878
669.223
669.561
669.894
670.221
670.543
670.858
671.168
671.473
671.771
672.064
672.351
672.632
672.908
673.177
673.441
673.7
673.952
674.199
674.44
674.675
674.905
675.129
675.347
675.559
675.766
675.967
676.162
676.351
676.535
676.713
676.885
677.052
677.212
677.367
677.517
677.66
677.798
677.93
678.056
678.177
678.292
678.401
678.504
678.601
678.693
678.779
678.86
678.934
679.003
679.066
679.124
679.175
679.221
679.262
679.296
679.325
679.348
679.365
679.376
679.382
679.382
679.376
679.365
679.348
679.325
679.296
679.262
679.221
679.175
679.124
679.066
679.003
678.934
678.86
678.779
678.693
678.601
678.504
678.401
678.292
678.177
678.056
677.93
677.798
677.66
677.517
677.367
677.212
677.052
676.885
676.713
676.535
676.351
676.162
675.967
675.766
675.559
675.347
675.129
674.905
674.675
674.44
674.199
673.952
673.7
673.441
673.177
672.908
672.632
672.351
672.064
671.771
671.473
671.168
670.858
670.543
670.221
669.894
669.561
669.223
668.878
668.528
668.172
667.811
667.443
667.07
666.691
666.307
665.916
665.52
665.119
664.711
664.298
663.879
663.454
663.024
662.587
662.145
661.698
661.244
660.785
660.32
659.849
659.373
658.891
658.403
657.909
657.41
656.905
656.394
655.877
655.355
654.827
654.293
653.754
653.208
652.657
652.1
651.538
650.97
650.396
649.816
649.23
648.639
648.042
647.44
646.831
646.217
645.597
644.971
644.34
643.703
643.06
642.411
641.757
641.097
640.431
639.759
639.082
638.399
637.71
637.016
636.315
635.609
634.898
634.18
633.457
632.728
631.993
631.253
630.507
629.755
628.997
628.234
627.464
626.689
625.909
625.122
624.33
623.532
622.729
621.919
621.104
620.283
619.457
618.625
617.787
616.943
616.093
615.238
614.377
613.51
612.638
611.759
610.875
609.986
609.09
608.189
607.282
606.369
605.451
604.527
603.597
602.661
601.72
600.773
599.82
598.861
597.897
596.927
595.951
594.969
593.982
592.989
591.99
590.986
589.975
588.959
587.938
586.91
585.877
584.838
583.793
582.743
581.686
580.625
579.557
578.483
577.404
576.319
575.229
574.132
573.03
571.922
570.809
569.689
568.564
567.433
566.297
565.154
564.006
562.853
561.693
560.528
559.357
558.18
556.997
555.809
554.615
553.415
552.21
550.999
549.782
548.559
547.331
546.096
544.856
543.611
542.359
541.102
539.839
538.571
537.296
536.016
534.73
533.439
532.141
530.838
529.529
528.215
526.894
525.568
524.237
522.899
521.556
520.207
518.852
517.492
516.125
514.753
513.376
511.992
510.603
509.208
507.807
506.401
504.989
503.571
502.147
500.718
500.718
502.147
503.571
504.989
506.401
507.807
509.208
510.603
511.992
513.376
514.753
516.125
517.492
518.852
520.207
521.556
522.899
524.237
525.568
526.894
528.215
529.529
530.838
532.141
533.439
534.73
536.016
537.296
538.571
539.839
541.102
542.359
543.611
544.856
546.096
547.331
548.559
549.782
550.999
552.21
553.415
554.615
555.809
556.997
558.18
559.357
560.528
561.693
562.853
564.006
565.154
566.297
567.433
568.564
569.689
570.809
571.922
573.03
574.132
575.229
576.319
577.404
578.483
579.557
580.625
581.686
582.743
583.793
584.838
585.877
586.91
587.938
588.959
589.975
590.986
591.99
592.989
593.982
594.969
595.951
596.927
597.897
598.861
599.82
600.773
601.72
602.661
603.597
604.527
605.451
606.369
607.282
608.189
609.09
609.986
610.875
611.759
612.638
613.51
614.377
615.238
616.093
616.943
617.787
618.625
619.457
620.283
621.104
621.919
622.729
623.532
624.33
625.122
625.909
626.689
627.464
628.234
628.997
629.755
630.507
631.253
631.993
632.728
633.457
634.18
634.898
635.609
636.315
637.016
637.71
638.399
639.082
639.759
640.431
641.097
641.757
642.411
643.06
643.703
644.34
644.971
645.597
646.217
646.831
647.44
648.042
648.639
649.23
649.816
650.396
650.97
651.538
652.1
652.657
653.208
653.754
654.293
654.827
655.355
655.877
656.394
656.905
657.41
657.909
658.403
658.891
659.373
659.849
660.32
660.785
661.244
661.698
662.145
662.587
663.024
663.454
663.879
664.298
664.711
665.119
665.52
665.916
666.307
666.691
667.07
667.443
667.811
668.172
668.528
668.878
669.223
669.561
669.894
670.221
670.543
670.858
671.168
671.473
671.771
672.064
672.351
672.632
672.908
673.177
673.441
673.7
673.952
674.199
674.44
674.675
674.905
675.129
675.347
675.559
675.766
675.967
676.162
676.351
676.535
676.713
676.885
677.052
677.212
677.367
677.517
677.66
677.798
677.93
678.056
678.177
678.292
678.401
678.504
678.601
678.693
678.779
678.86
678.934
679.003
679.066
679.124
679.175
679.221
679.262
679.296
679.325
679.348
679.365
679.376
679.382
679.382
679.376
679.365
679.348
679.325
679.296
679.262
679.221
679.175
679.124
679.066
679.003
678.934
678.86
678.779
678.693
678.601
678.504
678.401
678.292
678.177
678.056
677.93
677.798
677.66
677.517
677.367
677.212
677.052
676.885
676.713
676.535
676.351
676.162
675.967
675.766
675.559
675.347
675.129
674.905
674.675
674.44
674.199
673.952
673.7
673.441
673.177
672.908
672.632
672.351
672.064
671.771
671.473
671.168
670.858
670.543
670.221
669.894
669.561
669.223
668.878
668.528
668.172
667.811
667.443
667.07
666.691
666.307
665.916
665.52
665.119
664.711
664.298
663.879
663.454
663.024
662.587
662.145
661.698
661.244
660.785
660.32
659.849
659.373
658.891
658.403
657.909
657.41
656.905
656.394
655.877
655.355
654.827
654.293
653.754
653.208
652.657
652.1
651.538
650.97
650.396
649.816
649.23
648.639
648.042
647.44
646.831
646.217
645.597
644.971
644.34
643.703
643.06
642.411
641.757
641.097
640.431
639.759
639.082
638.399
637.71
637.016
636.315
635.609
634.898
634.18
633.457
632.728
631.993
631.253
630.507
629.755
628.997
628.234
627.464
626.689
625.909
625.122
624.33
623.532
622.729
621.919
621.104
620.283
619.457
618.625
617.787
616.943
616.093
615.238
614.377
613.51
612.638
611.759
610.875
609.986
609.09
608.189
607.282
606.369
605.451
604.527
603.597
602.661
601.72
600.773
599.82
598.861
597.897
596.927
595.951
594.969
593.982
592.989
591.99
590.986
589.975
588.959
587.938
586.91
585.877
584.838
583.793
582.743
581.686
580.625
579.557
578.483
577.404
576.319
575.229
574.132
573.03
571.922
570.809
569.689
568.564
567.433
566.297
565.154
564.006
562.853
561.693
560.528
559.357
558.18
556.997
555.809
554.615
553.415
552.21
550.999
549.782
548.559
547.331
546.096
544.856
543.611
542.359
541.102
539.839
538.571
537.296
536.016
534.73
533.439
532.141
530.838
529.529
528.215
526.894
525.568
524.237
522.899
521.556
520.207
518.852
517.492
516.125
514.753
513.376
511.992
510.603
509.208
507.807
506.401
504.989
503.571
502.147
500.718
500.718
502.147
503.571
504.989
506.401
507.807
509.208
510.603
511.992
513.376
514.753
516.125
517.492
518.852
520.207
521.556
522.899
524.237
525.568
526.894
528.215
529.529
530.838
532.141
533.439
534.73
536.016
537.296
538.571
539.839
541.102
542.359
543.611
544.856
546.096
547.331
548.559
549.782
550.999
552.21
553.415
554.615
555.809
556.997
558.18
559.357
560.528
561.693
562.853
564.006
565.154
566.297
567.433
568.564
569.689
570.809
571.922
573.03
574.132
575.229
576.319
577.404
578.483
579.557
580.625
581.686
582.743
583.793
584.838
585.877
586.91
587.938
588.959
589.975
590.986
591.99
592.989
593.982
594.969
595.951
596.927
597.897
598.861
599.82
600.773
601.72
602.661
603.597
604.527
605.451
606.369
607.282
608.189
609.09
609.986
610.875
611.759
612.638
613.51
614.377
615.238
616.093
616.943
617.787
618.625
619.457
620.283
621.104
621.919
622.729
623.532
624.33
625.122
625.909
626.689
627.464
628.234
628.997
629.755
630.507
631.253
631.993
632.728
633.457
634.18
634.898
635.609
636.315
637.016
637.71
638.399
639.082
639.759
640.431
641.097
641.757
642.411
643.06
643.703
644.34
644.971
645.597
646.217
646.831
647.44
648.042
648.639
649.23
649.816
650.396
650.97
651.538
652.1
652.657
653.208
653.754
654.293
654.827
655.355
655.877
656.394
656.905
657.41
657.909
658.403
658.891
659.373
659.849
660.32
660.785
661.244
661.698
662.145
662.587
663.024
663.454
663.879
664.298
664.711
665.119
665.52
665.916
666.307
666.691
667.07
667.443
667.811
668.172
668.528
668.878
669.223
669.561
669.894
670.221
670.543
670.858
671.168
671.473
671.771
672.064
672.351
672.632
672.908
673.177
673.441
673.7
673.952
674.199
674.44
674.675
674.905
675.129
675.347
675.559
675.766
675.967
676.162
676.351
676.535
676.713
676.885
677.052
677.212
677.367
677.517
677.66
677.798
677.93
678.056
678.177
678.292
678.401
678.504
678.601
678.693
678.779
678.86
678.934
679.003
679.066
679.124
679.175
679.221
679.262
679.296
679.325
679.348
679.365
679.376
679.382
679.382
679.376
679.365
679.348
679.325
679.296
679.262
679.221
679.175
679.124
679.066
679.003
678.934
678.86
678.779
678.693
678.601
678.504
678.401
678.292
678.177
678.056
677.93
677.798
677.66
677.517
677.367
677.212
677.052
676.885
676.713
676.535
676.351
676.162
675.967
675.766
675.559
675.347
675.129
674.905
674.675
674.44
674.199
673.952
673.7
673.441
673.177
672.908
672.632
672.351
672.064
671.771
671.473
671.168
670.858
670.543
670.221
669.894
669.561
669.223
668.878
668.528
668.172
667.811
667.443
667.07
666.691
666.307
665.916
665.52
665.119
664.711
664.298
663.879
663.454
663.024
662.587
662.145
661.698
661.244
660.785
660.32
659.849
659.373
658.891
658.403
657.909
657.41
656.905
656.394
655.877
655.355
654.827
654.293
653.754
653.208
652.657
652.1
651.538
650.97
650.396
649.816
649.23
648.639
648.042
647.44
646.831
646.217
645.597
644.971
644.34
643.703
643.06
642.411
641.757
641.097
640.431
639.759
639.082
638.399
637.71
637.016
636.315
635.609
634.898
634.18
633.457
632.728
631.993
631.253
630.507
629.755
628.997
628.234
627.464
626.689
625.909
625.122
624.33
623.532
622.729
621.919
621.104
620.283
619.457
618.625
617.787
616.943
616.093
615.238
614.377
613.51
612.638
611.759
610.875
609.986
609.09
608.189
607.282
606.369
605.451
604.527
603.597
602.661
601.72
600.773
599.82
598.861
597.897
596.927
595.951
594.969
593.982
592.989
591.99
590.986
589.975
588.959
587.938
586.91
585.877
584.838
583.793
582.743
581.686
580.625
579.557
578.483
577.404
576.319
575.229
574.132
573.03
571.922
570.809
569.689
568.564
567.433
566.297
565.154
564.006
562.853
561.693
560.528
559.357
558.18
556.997
555.809
554.615
553.415
552.21
550.999
549.782
548.559
547.331
546.096
544.856
543.611
542.359
541.102
539.839
538.571
537.296
536.016
534.73
533.439
532.141
530.838
529.529
528.215
526.894
525.568
524.237
522.899
521.556
520.207
518.852
517.492
516.125
514.753
513.376
511.992
510.603
509.208
507.807
506.401
504.989
503.571
502.147
500.718
500.718
502.147
503.571
504.989
506.401
507.807
509.208
510.603
511.992
513.376
514.753
516.125
517.492
518.852
520.207
521.556
522.899
524.237
525.568
526.894
528.215
529.529
530.838
532.141
533.439
534.73
536.016
537.296
538.571
539.839
541.102
542.359
543.611
544.856
546.096
547.331
548.559
549.782
550.999
552.21
553.415
554.615
555.809
556.997
558.18
559.357
560.528
561.693
562.853
564.006
565.154
566.297
567.433
568.564
569.689
570.809
571.922
573.03
574.132
575.229
576.319
577.404
578.483
579.557
580.625
581.686
582.743
583.793
584.838
585.877
586.91
587.938
588.959
589.975
590.986
591.99
592.989
593.982
594.969
595.951
596.927
597.897
598.861
599.82
600.773
601.72
602.661
603.597
604.527
605.451
606.369
607.282
608.189
609.09
609.986
610.875
611.759
612.638
613.51
614.377
615.238
616.093
616.943
617.787
618.625
619.457
620.283
621.104
621.919
622.729
623.532
624.33
625.122
625.909
626.689
627.464
628.234
628.997
629.755
630.507
631.253
631.993
632.728
633.457
634.18
634.898
635.609
636.315
637.016
637.71
638.399
639.082
639.759
640.431
641.097
641.757
642.411
643.06
643.703
644.34
644.971
645.597
646.217
646.831
647.44
648.042
648.639
649.23
649.816
650.396
650.97
651.538
652.1
652.657
653.208
653.754
654.293
654.827
655.355
655.877
656.394
656.905
657.41
657.909
658.403
658.891
659.373
659.849
660.32
660.785
661.244
661.698
662.145
662.587
663.024
663.454
663.879
664.298
664.711
665.119
665.52
665.916
666.307
666.691
667.07
667.443
667.811
668.172
668.528
668.878
669.223
669.561
669.894
670.221
670.543
670.858
671.168
671.473
671.771
672.064
672.351
672.632
672.908
673.177
673.441
673.7
673.952
674.199
674.44
674.675
674.905
675.129
675.347
675.559
675.766
675.967
676.162
676.351
676.535
676.713
676.885
677.052
677.212
677.367
677.517
677.66
677.798
677.93
678.056
678.177
678.292
678.401
678.504
678.601
678.693
678.779
678.86
678.934
679.003
679.066
679.124
679.175
679.221
679.262
679.296
679.325
679.348
679.365
679.376
679.382
679.382
679.376
679.365
679.348
679.325
679.296
679.262
679.221
679.175
679.124
679.066
679.003
678.934
678.86
678.779
678.693
678.601
678.504
678.401
678.292
678.177
678.056
677.93
677.798
677.66
677.517
677.367
677.212
677.052
676.885
676.713
676.535
676.351
676.162
675.967
675.766
675.559
675.347
675.129
674.905
674.675
674.44
674.199
673.952
673.7
673.441
673.177
672.908
672.632
672.351
672.064
671.771
671.473
671.168
670.858
670.543
670.221
669.894
669.561
669.223
668.878
668.528
668.172
667.811
667.443
667.07
666.691
666.307
665.916
665.52
665.119
664.711
664.298
663.879
663.454
663.024
662.587
662.145
661.698
661.244
660.785
660.32
659.849
659.373
658.891
658.403
657.909
657.41
656.905
656.394
655.877
655.355
654.827
654.293
653.754
653.208
652.657
652.1
651.538
650.97
650.396
649.816
649.23
648.639
648.042
647.44
646.831
646.217
645.597
644.971
644.34
643.703
643.06
642.411
641.757
641.097
640.431
639.759
639.082
638.399
637.71
637.016
636.315
635.609
634.898
634.18
633.457
632.728
631.993
631.253
630.507
629.755
628.997
628.234
627.464
626.689
625.909
625.122
624.33
623.532
622.729
621.919
621.104
620.283
619.457
618.625
617.787
616.943
616.093
615.238
614.377
613.51
612.638
611.759
610.875
609.986
609.09
608.189
607.282
606.369
605.451
604.527
603.597
602.661
601.72
600.773
599.82
598.861
597.897
596.927
595.951
594.969
593.982
592.989
591.99
590.986
589.975
588.959
587.938
586.91
585.877
584.838
583.793
582.743
581.686
580.625
579.557
578.483
577.404
576.319
575.229
574.132
573.03
571.922
570.809
569.689
568.564
567.433
566.297
565.154
564.006
562.853
561.693
560.528
559.357
558.18
556.997
555.809
554.615
553.415
552.21
550.999
549.782
548.559
547.331
546.096
544.856
543.611
542.359
541.102
539.839
538.571
537.296
536.016
534.73
533.439
532.141
530.838
529.529
528.215
526.894
525.568
524.237
522.899
521.556
520.207
518.852
517.492
516.125
514.753
513.376
511.992
510.603
509.208
507.807
506.401
504.989
503.571
502.147
500.718
)
;

boundaryField
{
    top
    {
        type            zeroGradient;
    }
    bottom
    {
        type            zeroGradient;
    }
    left
    {
        type            fixedValue;
        value           uniform 500;
    }
    right
    {
        type            fixedValue;
        value           uniform 500;
    }
    frontAndBack
    {
        type            empty;
    }
}


// ************************************************************************* //
