/*--------------------------------*- C++ -*----------------------------------*\
| =========                 |                                                 |
| \\      /  F ield         | OpenFOAM: The Open Source CFD Toolbox           |
|  \\    /   O peration     | Version:  v2012                                 |
|   \\  /    A nd           | Website:  www.openfoam.com                      |
|    \\/     M anipulation  |                                                 |
\*---------------------------------------------------------------------------*/
FoamFile
{
    version     2.0;
    format      ascii;
    class       faceList;
    location    "constant/rightSolid/polyMesh";
    object      faces;
}
// * * * * * * * * * * * * * * * * * * * * * * * * * * * * * * * * * * * * * //


3732
(
4(534 328 634 308)
4(634 329 547 308)
4(547 330 534 308)
4(1 333 548 332)
4(535 331 635 309)
4(635 332 548 309)
4(548 333 535 309)
4(2 336 551 335)
4(536 334 636 310)
4(636 335 551 310)
4(551 336 536 310)
4(3 339 554 338)
4(537 337 637 311)
4(637 338 554 311)
4(554 339 537 311)
4(4 342 557 341)
4(538 340 638 312)
4(638 341 557 312)
4(557 342 538 312)
4(5 345 560 344)
4(539 343 639 313)
4(639 344 560 313)
4(560 345 539 313)
4(6 348 563 347)
4(540 346 640 314)
4(640 347 563 314)
4(563 348 540 314)
4(7 351 566 350)
4(541 349 641 315)
4(641 350 566 315)
4(566 351 541 315)
4(8 354 569 353)
4(542 352 642 316)
4(642 353 569 316)
4(569 354 542 316)
4(9 357 572 356)
4(543 355 643 317)
4(643 356 572 317)
4(572 357 543 317)
4(10 360 575 359)
4(544 358 644 318)
4(644 359 575 318)
4(575 360 544 318)
4(11 363 578 362)
4(545 361 645 319)
4(645 362 578 319)
4(578 363 545 319)
4(12 366 581 365)
4(546 364 646 320)
4(646 365 581 320)
4(581 366 546 320)
4(28 397 550 396)
4(1298 396 550 713)
4(550 397 587 713)
4(587 398 1298 713)
4(29 400 553 399)
4(29 817 1310 400)
4(1299 399 553 714)
4(553 400 1310 714)
4(1310 817 1299 714)
4(30 402 556 401)
4(30 818 1313 402)
4(1300 401 556 715)
4(556 402 1313 715)
4(1313 818 1300 715)
4(31 404 559 403)
4(31 819 1316 404)
4(1301 403 559 716)
4(559 404 1316 716)
4(1316 819 1301 716)
4(32 406 562 405)
4(32 820 1319 406)
4(1302 405 562 717)
4(562 406 1319 717)
4(1319 820 1302 717)
4(33 408 565 407)
4(33 821 1322 408)
4(1303 407 565 718)
4(565 408 1322 718)
4(1322 821 1303 718)
4(34 410 568 409)
4(34 822 1325 410)
4(1304 409 568 719)
4(568 410 1325 719)
4(1325 822 1304 719)
4(35 412 571 411)
4(35 823 1328 412)
4(1305 411 571 720)
4(571 412 1328 720)
4(1328 823 1305 720)
4(36 414 574 413)
4(36 824 1331 414)
4(1306 413 574 721)
4(574 414 1331 721)
4(1331 824 1306 721)
4(37 416 577 415)
4(37 825 1334 416)
4(1307 415 577 722)
4(577 416 1334 722)
4(1334 825 1307 722)
4(38 418 580 417)
4(38 826 1337 418)
4(1308 417 580 723)
4(580 418 1337 723)
4(1337 826 1308 723)
4(39 420 583 419)
4(39 827 1340 420)
4(1309 419 583 724)
4(583 420 1340 724)
4(1340 827 1309 724)
4(40 422 585 421)
4(586 421 585 321)
4(585 422 588 321)
4(588 423 586 321)
4(40 423 588 422)
4(56 442 1312 839)
4(1345 839 1312 725)
4(1312 442 592 725)
4(592 443 1345 725)
4(57 841 1315 840)
4(57 842 1357 841)
4(1346 840 1315 726)
4(1315 841 1357 726)
4(1357 842 1346 726)
4(58 844 1318 843)
4(58 845 1360 844)
4(1347 843 1318 727)
4(1318 844 1360 727)
4(1360 845 1347 727)
4(59 847 1321 846)
4(59 848 1363 847)
4(1348 846 1321 728)
4(1321 847 1363 728)
4(1363 848 1348 728)
4(60 850 1324 849)
4(60 851 1366 850)
4(1349 849 1324 729)
4(1324 850 1366 729)
4(1366 851 1349 729)
4(61 853 1327 852)
4(61 854 1369 853)
4(1350 852 1327 730)
4(1327 853 1369 730)
4(1369 854 1350 730)
4(62 856 1330 855)
4(62 857 1372 856)
4(1351 855 1330 731)
4(1330 856 1372 731)
4(1372 857 1351 731)
4(63 859 1333 858)
4(63 860 1375 859)
4(1352 858 1333 732)
4(1333 859 1375 732)
4(1375 860 1352 732)
4(64 862 1336 861)
4(64 863 1378 862)
4(1353 861 1336 733)
4(1336 862 1378 733)
4(1378 863 1353 733)
4(65 865 1339 864)
4(65 866 1381 865)
4(1354 864 1339 734)
4(1339 865 1381 734)
4(1381 866 1354 734)
4(66 868 1342 867)
4(66 869 1384 868)
4(1355 867 1342 735)
4(1342 868 1384 735)
4(1384 869 1355 735)
4(67 871 1344 870)
4(67 872 1387 871)
4(1356 870 1344 736)
4(1344 871 1387 736)
4(1387 872 1356 736)
4(68 445 590 444)
4(591 444 590 322)
4(590 445 593 322)
4(593 446 591 322)
4(68 446 593 445)
4(84 453 1359 896)
4(1392 896 1359 737)
4(1359 453 597 737)
4(597 454 1392 737)
4(85 898 1362 897)
4(85 899 1404 898)
4(1393 897 1362 738)
4(1362 898 1404 738)
4(1404 899 1393 738)
4(86 901 1365 900)
4(86 902 1407 901)
4(1394 900 1365 739)
4(1365 901 1407 739)
4(1407 902 1394 739)
4(87 904 1368 903)
4(87 905 1410 904)
4(1395 903 1368 740)
4(1368 904 1410 740)
4(1410 905 1395 740)
4(88 907 1371 906)
4(88 908 1413 907)
4(1396 906 1371 741)
4(1371 907 1413 741)
4(1413 908 1396 741)
4(89 910 1374 909)
4(89 911 1416 910)
4(1397 909 1374 742)
4(1374 910 1416 742)
4(1416 911 1397 742)
4(90 913 1377 912)
4(90 914 1419 913)
4(1398 912 1377 743)
4(1377 913 1419 743)
4(1419 914 1398 743)
4(91 916 1380 915)
4(91 917 1422 916)
4(1399 915 1380 744)
4(1380 916 1422 744)
4(1422 917 1399 744)
4(92 919 1383 918)
4(92 920 1425 919)
4(1400 918 1383 745)
4(1383 919 1425 745)
4(1425 920 1400 745)
4(93 922 1386 921)
4(93 923 1428 922)
4(1401 921 1386 746)
4(1386 922 1428 746)
4(1428 923 1401 746)
4(94 925 1389 924)
4(94 926 1431 925)
4(1402 924 1389 747)
4(1389 925 1431 747)
4(1431 926 1402 747)
4(95 928 1391 927)
4(95 929 1434 928)
4(1403 927 1391 748)
4(1391 928 1434 748)
4(1434 929 1403 748)
4(96 456 595 455)
4(596 455 595 323)
4(595 456 598 323)
4(598 457 596 323)
4(96 457 598 456)
4(112 464 1406 953)
4(1439 953 1406 749)
4(1406 464 602 749)
4(602 465 1439 749)
4(113 955 1409 954)
4(113 956 1451 955)
4(1440 954 1409 750)
4(1409 955 1451 750)
4(1451 956 1440 750)
4(114 958 1412 957)
4(114 959 1454 958)
4(1441 957 1412 751)
4(1412 958 1454 751)
4(1454 959 1441 751)
4(115 961 1415 960)
4(115 962 1457 961)
4(1442 960 1415 752)
4(1415 961 1457 752)
4(1457 962 1442 752)
4(116 964 1418 963)
4(116 965 1460 964)
4(1443 963 1418 753)
4(1418 964 1460 753)
4(1460 965 1443 753)
4(117 967 1421 966)
4(117 968 1463 967)
4(1444 966 1421 754)
4(1421 967 1463 754)
4(1463 968 1444 754)
4(118 970 1424 969)
4(118 971 1466 970)
4(1445 969 1424 755)
4(1424 970 1466 755)
4(1466 971 1445 755)
4(119 973 1427 972)
4(119 974 1469 973)
4(1446 972 1427 756)
4(1427 973 1469 756)
4(1469 974 1446 756)
4(120 976 1430 975)
4(120 977 1472 976)
4(1447 975 1430 757)
4(1430 976 1472 757)
4(1472 977 1447 757)
4(121 979 1433 978)
4(121 980 1475 979)
4(1448 978 1433 758)
4(1433 979 1475 758)
4(1475 980 1448 758)
4(122 982 1436 981)
4(122 983 1478 982)
4(1449 981 1436 759)
4(1436 982 1478 759)
4(1478 983 1449 759)
4(123 985 1438 984)
4(123 986 1481 985)
4(1450 984 1438 760)
4(1438 985 1481 760)
4(1481 986 1450 760)
4(124 467 600 466)
4(601 466 600 324)
4(600 467 603 324)
4(603 468 601 324)
4(124 468 603 467)
4(140 475 1453 1010)
4(1486 1010 1453 761)
4(1453 475 607 761)
4(607 476 1486 761)
4(141 1012 1456 1011)
4(141 1013 1498 1012)
4(1487 1011 1456 762)
4(1456 1012 1498 762)
4(1498 1013 1487 762)
4(142 1015 1459 1014)
4(142 1016 1501 1015)
4(1488 1014 1459 763)
4(1459 1015 1501 763)
4(1501 1016 1488 763)
4(143 1018 1462 1017)
4(143 1019 1504 1018)
4(1489 1017 1462 764)
4(1462 1018 1504 764)
4(1504 1019 1489 764)
4(144 1021 1465 1020)
4(144 1022 1507 1021)
4(1490 1020 1465 765)
4(1465 1021 1507 765)
4(1507 1022 1490 765)
4(145 1024 1468 1023)
4(145 1025 1510 1024)
4(1491 1023 1468 766)
4(1468 1024 1510 766)
4(1510 1025 1491 766)
4(146 1027 1471 1026)
4(146 1028 1513 1027)
4(1492 1026 1471 767)
4(1471 1027 1513 767)
4(1513 1028 1492 767)
4(147 1030 1474 1029)
4(147 1031 1516 1030)
4(1493 1029 1474 768)
4(1474 1030 1516 768)
4(1516 1031 1493 768)
4(148 1033 1477 1032)
4(148 1034 1519 1033)
4(1494 1032 1477 769)
4(1477 1033 1519 769)
4(1519 1034 1494 769)
4(149 1036 1480 1035)
4(149 1037 1522 1036)
4(1495 1035 1480 770)
4(1480 1036 1522 770)
4(1522 1037 1495 770)
4(150 1039 1483 1038)
4(150 1040 1525 1039)
4(1496 1038 1483 771)
4(1483 1039 1525 771)
4(1525 1040 1496 771)
4(151 1042 1485 1041)
4(151 1043 1528 1042)
4(1497 1041 1485 772)
4(1485 1042 1528 772)
4(1528 1043 1497 772)
4(152 478 605 477)
4(606 477 605 325)
4(605 478 608 325)
4(608 479 606 325)
4(152 479 608 478)
4(168 486 1500 1067)
4(1533 1067 1500 773)
4(1500 486 611 773)
4(611 487 1533 773)
4(169 1069 1503 1068)
4(169 1070 1546 1069)
4(1534 1068 1503 774)
4(1503 1069 1546 774)
4(1546 1070 1534 774)
4(170 1072 1506 1071)
4(170 1073 1549 1072)
4(1535 1071 1506 775)
4(1506 1072 1549 775)
4(1549 1073 1535 775)
4(171 1075 1509 1074)
4(171 1076 1552 1075)
4(1536 1074 1509 776)
4(1509 1075 1552 776)
4(1552 1076 1536 776)
4(172 1078 1512 1077)
4(172 1079 1555 1078)
4(1537 1077 1512 777)
4(1512 1078 1555 777)
4(1555 1079 1537 777)
4(173 1081 1515 1080)
4(173 1082 1558 1081)
4(1538 1080 1515 778)
4(1515 1081 1558 778)
4(1558 1082 1538 778)
4(174 1084 1518 1083)
4(174 1085 1561 1084)
4(1539 1083 1518 779)
4(1518 1084 1561 779)
4(1561 1085 1539 779)
4(175 1087 1521 1086)
4(175 1088 1564 1087)
4(1540 1086 1521 780)
4(1521 1087 1564 780)
4(1564 1088 1540 780)
4(176 1090 1524 1089)
4(176 1091 1567 1090)
4(1541 1089 1524 781)
4(1524 1090 1567 781)
4(1567 1091 1541 781)
4(177 1093 1527 1092)
4(177 1094 1570 1093)
4(1542 1092 1527 782)
4(1527 1093 1570 782)
4(1570 1094 1542 782)
4(178 1096 1530 1095)
4(178 1097 1573 1096)
4(1543 1095 1530 783)
4(1530 1096 1573 783)
4(1573 1097 1543 783)
4(179 1099 1532 1098)
4(179 1100 1576 1099)
4(1544 1098 1532 784)
4(1532 1099 1576 784)
4(1576 1100 1544 784)
4(180 489 610 488)
4(180 1101 1579 489)
4(1545 488 610 785)
4(610 489 1579 785)
4(1579 1101 1545 785)
4(196 493 1548 1128)
4(1584 1128 1548 786)
4(1548 493 612 786)
4(612 494 1584 786)
4(197 1130 1551 1129)
4(197 1131 1597 1130)
4(1585 1129 1551 787)
4(1551 1130 1597 787)
4(1597 1131 1585 787)
4(198 1133 1554 1132)
4(198 1134 1600 1133)
4(1586 1132 1554 788)
4(1554 1133 1600 788)
4(1600 1134 1586 788)
4(199 1136 1557 1135)
4(199 1137 1603 1136)
4(1587 1135 1557 789)
4(1557 1136 1603 789)
4(1603 1137 1587 789)
4(200 1139 1560 1138)
4(200 1140 1606 1139)
4(1588 1138 1560 790)
4(1560 1139 1606 790)
4(1606 1140 1588 790)
4(201 1142 1563 1141)
4(201 1143 1609 1142)
4(1589 1141 1563 791)
4(1563 1142 1609 791)
4(1609 1143 1589 791)
4(202 1145 1566 1144)
4(202 1146 1612 1145)
4(1590 1144 1566 792)
4(1566 1145 1612 792)
4(1612 1146 1590 792)
4(203 1148 1569 1147)
4(203 1149 1615 1148)
4(1591 1147 1569 793)
4(1569 1148 1615 793)
4(1615 1149 1591 793)
4(204 1151 1572 1150)
4(204 1152 1618 1151)
4(1592 1150 1572 794)
4(1572 1151 1618 794)
4(1618 1152 1592 794)
4(205 1154 1575 1153)
4(205 1155 1621 1154)
4(1593 1153 1575 795)
4(1575 1154 1621 795)
4(1621 1155 1593 795)
4(206 1157 1578 1156)
4(206 1158 1624 1157)
4(1594 1156 1578 796)
4(1578 1157 1624 796)
4(1624 1158 1594 796)
4(207 1160 1581 1159)
4(207 1161 1627 1160)
4(1595 1159 1581 797)
4(1581 1160 1627 797)
4(1627 1161 1595 797)
4(208 1163 1583 1162)
4(208 1164 1630 1163)
4(1596 1162 1583 798)
4(1583 1163 1630 798)
4(1630 1164 1596 798)
4(224 496 1599 1193)
4(1635 1193 1599 799)
4(1599 496 613 799)
4(613 497 1635 799)
4(225 1195 1602 1194)
4(225 1196 1648 1195)
4(1636 1194 1602 800)
4(1602 1195 1648 800)
4(1648 1196 1636 800)
4(226 1198 1605 1197)
4(226 1199 1650 1198)
4(1637 1197 1605 801)
4(1605 1198 1650 801)
4(1650 1199 1637 801)
4(227 1201 1608 1200)
4(227 1202 1652 1201)
4(1638 1200 1608 802)
4(1608 1201 1652 802)
4(1652 1202 1638 802)
4(228 1204 1611 1203)
4(228 1205 1654 1204)
4(1639 1203 1611 803)
4(1611 1204 1654 803)
4(1654 1205 1639 803)
4(229 1207 1614 1206)
4(229 1208 1656 1207)
4(1640 1206 1614 804)
4(1614 1207 1656 804)
4(1656 1208 1640 804)
4(230 1210 1617 1209)
4(230 1211 1658 1210)
4(1641 1209 1617 805)
4(1617 1210 1658 805)
4(1658 1211 1641 805)
4(231 1213 1620 1212)
4(231 1214 1660 1213)
4(1642 1212 1620 806)
4(1620 1213 1660 806)
4(1660 1214 1642 806)
4(232 1216 1623 1215)
4(232 1217 1662 1216)
4(1643 1215 1623 807)
4(1623 1216 1662 807)
4(1662 1217 1643 807)
4(233 1219 1626 1218)
4(233 1220 1664 1219)
4(1644 1218 1626 808)
4(1626 1219 1664 808)
4(1664 1220 1644 808)
4(234 1222 1629 1221)
4(234 1223 1667 1222)
4(1645 1221 1629 809)
4(1629 1222 1667 809)
4(1667 1223 1645 809)
4(235 1225 1632 1224)
4(235 1226 1670 1225)
4(1646 1224 1632 810)
4(1632 1225 1670 810)
4(1670 1226 1646 810)
4(236 1228 1634 1227)
4(236 1229 1673 1228)
4(1647 1227 1634 811)
4(1634 1228 1673 811)
4(1673 1229 1647 811)
4(616 499 614 326)
4(614 500 623 326)
4(623 501 616 326)
4(252 500 614 499)
4(253 504 624 503)
4(617 502 615 327)
4(615 503 624 327)
4(624 504 617 327)
4(253 503 615 502)
4(254 507 626 506)
4(618 505 688 649)
4(688 506 626 649)
4(626 507 618 649)
4(254 506 688 505)
4(255 509 695 655)
4(619 508 689 650)
4(689 655 695 650)
4(695 509 619 650)
4(255 655 689 508)
4(256 511 697 656)
4(620 510 690 651)
4(690 656 697 651)
4(697 511 620 651)
4(256 656 690 510)
4(257 513 699 657)
4(621 512 691 652)
4(691 657 699 652)
4(699 513 621 652)
4(257 657 691 512)
4(258 515 701 658)
4(622 514 692 653)
4(692 658 701 653)
4(701 515 622 653)
4(258 658 692 514)
4(259 516 703 660)
4(694 659 693 654)
4(693 660 703 654)
4(703 516 694 654)
4(259 660 693 659)
4(260 662 705 661)
4(260 661 1666 1258)
4(1678 1258 1666 812)
4(1666 661 705 812)
4(705 662 1678 812)
4(261 1260 1669 1259)
4(261 1261 1683 1260)
4(1679 1259 1669 813)
4(1669 1260 1683 813)
4(1683 1261 1679 813)
4(262 1263 1672 1262)
4(262 1264 1685 1263)
4(1680 1262 1672 814)
4(1672 1263 1685 814)
4(1685 1264 1680 814)
4(263 1266 1675 1265)
4(263 1267 1687 1266)
4(1681 1265 1675 815)
4(1675 1266 1687 815)
4(1687 1267 1681 815)
4(264 1269 1677 1268)
4(264 1270 1689 1269)
4(1682 1268 1677 816)
4(1677 1269 1689 816)
4(1689 1270 1682 816)
4(634 308 548 332)
4(548 308 534 333)
4(634 369 549 308)
4(549 370 547 308)
4(549 308 548 372)
4(15 372 548 332)
4(550 396 534 308)
4(550 308 547 397)
4(550 400 548 308)
4(29 333 548 400)
4(29 400 550 396)
4(550 308 549 426)
4(42 397 550 426)
4(43 400 548 372)
4(43 426 550 400)
4(635 309 551 335)
4(551 309 535 336)
4(635 371 552 309)
4(552 372 548 309)
4(552 309 551 374)
4(16 374 551 335)
4(553 399 535 309)
4(553 309 548 400)
4(553 402 551 309)
4(30 336 551 402)
4(30 402 553 399)
4(553 309 552 428)
4(43 400 553 428)
4(44 402 551 374)
4(44 428 553 402)
4(636 310 554 338)
4(554 310 536 339)
4(636 373 555 310)
4(555 374 551 310)
4(555 310 554 376)
4(17 376 554 338)
4(556 401 536 310)
4(556 310 551 402)
4(556 404 554 310)
4(31 339 554 404)
4(31 404 556 401)
4(556 310 555 429)
4(44 402 556 429)
4(45 404 554 376)
4(45 429 556 404)
4(637 311 557 341)
4(557 311 537 342)
4(637 375 558 311)
4(558 376 554 311)
4(558 311 557 378)
4(18 378 557 341)
4(559 403 537 311)
4(559 311 554 404)
4(559 406 557 311)
4(32 342 557 406)
4(32 406 559 403)
4(559 311 558 430)
4(45 404 559 430)
4(46 406 557 378)
4(46 430 559 406)
4(638 312 560 344)
4(560 312 538 345)
4(638 377 561 312)
4(561 378 557 312)
4(561 312 560 380)
4(19 380 560 344)
4(562 405 538 312)
4(562 312 557 406)
4(562 408 560 312)
4(33 345 560 408)
4(33 408 562 405)
4(562 312 561 431)
4(46 406 562 431)
4(47 408 560 380)
4(47 431 562 408)
4(639 313 563 347)
4(563 313 539 348)
4(639 379 564 313)
4(564 380 560 313)
4(564 313 563 382)
4(20 382 563 347)
4(565 407 539 313)
4(565 313 560 408)
4(565 410 563 313)
4(34 348 563 410)
4(34 410 565 407)
4(565 313 564 432)
4(47 408 565 432)
4(48 410 563 382)
4(48 432 565 410)
4(640 314 566 350)
4(566 314 540 351)
4(640 381 567 314)
4(567 382 563 314)
4(567 314 566 384)
4(21 384 566 350)
4(568 409 540 314)
4(568 314 563 410)
4(568 412 566 314)
4(35 351 566 412)
4(35 412 568 409)
4(568 314 567 433)
4(48 410 568 433)
4(49 412 566 384)
4(49 433 568 412)
4(641 315 569 353)
4(569 315 541 354)
4(641 383 570 315)
4(570 384 566 315)
4(570 315 569 386)
4(22 386 569 353)
4(571 411 541 315)
4(571 315 566 412)
4(571 414 569 315)
4(36 354 569 414)
4(36 414 571 411)
4(571 315 570 434)
4(49 412 571 434)
4(50 414 569 386)
4(50 434 571 414)
4(642 316 572 356)
4(572 316 542 357)
4(642 385 573 316)
4(573 386 569 316)
4(573 316 572 388)
4(23 388 572 356)
4(574 413 542 316)
4(574 316 569 414)
4(574 416 572 316)
4(37 357 572 416)
4(37 416 574 413)
4(574 316 573 435)
4(50 414 574 435)
4(51 416 572 388)
4(51 435 574 416)
4(643 317 575 359)
4(575 317 543 360)
4(643 387 576 317)
4(576 388 572 317)
4(576 317 575 390)
4(24 390 575 359)
4(577 415 543 317)
4(577 317 572 416)
4(577 418 575 317)
4(38 360 575 418)
4(38 418 577 415)
4(577 317 576 436)
4(51 416 577 436)
4(52 418 575 390)
4(52 436 577 418)
4(644 318 578 362)
4(578 318 544 363)
4(644 389 579 318)
4(579 390 575 318)
4(579 318 578 392)
4(25 392 578 362)
4(580 417 544 318)
4(580 318 575 418)
4(580 420 578 318)
4(39 363 578 420)
4(39 420 580 417)
4(580 318 579 437)
4(52 418 580 437)
4(53 420 578 392)
4(53 437 580 420)
4(645 319 581 365)
4(581 319 545 366)
4(645 391 582 319)
4(582 392 578 319)
4(582 319 581 394)
4(26 394 581 365)
4(583 419 545 319)
4(583 319 578 420)
4(583 422 581 319)
4(40 366 581 422)
4(40 422 583 419)
4(583 319 582 438)
4(53 420 583 438)
4(54 422 581 394)
4(54 438 583 422)
4(646 320 628 367)
4(628 320 546 368)
4(646 393 584 320)
4(584 394 581 320)
4(628 395 584 320)
4(585 421 546 320)
4(585 320 581 422)
4(628 320 585 424)
4(41 424 585 421)
4(585 320 584 439)
4(54 422 585 439)
4(55 439 585 424)
4(629 424 585 321)
4(629 321 586 425)
4(589 321 585 439)
4(589 440 588 321)
4(54 422 588 440)
4(629 441 589 321)
4(590 444 586 321)
4(590 321 588 445)
4(68 445 588 423)
4(629 321 590 447)
4(69 447 590 444)
4(590 321 589 450)
4(82 445 590 450)
4(82 440 588 445)
4(83 450 590 447)
4(630 447 590 322)
4(630 322 591 448)
4(594 322 590 450)
4(594 451 593 322)
4(82 445 593 451)
4(630 452 594 322)
4(595 455 591 322)
4(595 322 593 456)
4(96 456 593 446)
4(630 322 595 458)
4(97 458 595 455)
4(595 322 594 461)
4(110 456 595 461)
4(110 451 593 456)
4(111 461 595 458)
4(631 458 595 323)
4(631 323 596 459)
4(599 323 595 461)
4(599 462 598 323)
4(110 456 598 462)
4(631 463 599 323)
4(600 466 596 323)
4(600 323 598 467)
4(124 467 598 457)
4(631 323 600 469)
4(125 469 600 466)
4(600 323 599 472)
4(138 467 600 472)
4(138 462 598 467)
4(139 472 600 469)
4(632 469 600 324)
4(632 324 601 470)
4(604 324 600 472)
4(604 473 603 324)
4(138 467 603 473)
4(632 474 604 324)
4(605 477 601 324)
4(605 324 603 478)
4(152 478 603 468)
4(632 324 605 480)
4(153 480 605 477)
4(605 324 604 483)
4(166 478 605 483)
4(166 473 603 478)
4(167 483 605 480)
4(633 480 605 325)
4(633 325 606 481)
4(609 325 605 483)
4(609 484 608 325)
4(166 478 608 484)
4(633 485 609 325)
4(610 488 606 325)
4(610 325 608 489)
4(180 489 608 479)
4(633 325 610 490)
4(181 490 610 488)
4(610 325 609 492)
4(194 484 608 489)
4(194 489 610 492)
4(195 492 610 490)
4(624 503 614 326)
4(624 326 616 504)
4(253 499 614 503)
4(625 326 614 517)
4(625 518 623 326)
4(266 517 614 500)
4(625 326 624 520)
4(267 520 624 503)
4(267 503 614 517)
4(647 522 616 326)
4(647 326 623 523)
4(647 525 624 326)
4(281 504 624 525)
4(647 326 625 532)
4(295 525 624 520)
4(626 506 615 327)
4(626 327 617 507)
4(254 502 615 506)
4(627 327 615 519)
4(627 520 624 327)
4(267 519 615 503)
4(627 327 626 521)
4(268 521 626 506)
4(268 506 615 519)
4(648 524 617 327)
4(648 327 624 525)
4(648 527 626 327)
4(282 507 626 527)
4(648 327 627 533)
4(296 527 626 521)
4(695 655 688 649)
4(618 509 695 649)
4(255 505 688 655)
4(696 649 688 663)
4(696 521 626 649)
4(268 663 688 506)
4(696 649 695 665)
4(269 665 695 655)
4(269 655 688 663)
4(707 526 618 649)
4(626 527 707 649)
4(707 675 695 649)
4(283 509 695 675)
4(707 649 696 682)
4(297 675 695 665)
4(697 656 689 650)
4(619 511 697 650)
4(256 508 689 656)
4(698 650 689 664)
4(698 665 695 650)
4(269 664 689 655)
4(698 650 697 667)
4(270 667 697 656)
4(270 656 689 664)
4(708 528 619 650)
4(708 650 695 675)
4(708 676 697 650)
4(284 511 697 676)
4(708 650 698 683)
4(298 676 697 667)
4(699 657 690 651)
4(620 513 699 651)
4(257 510 690 657)
4(700 651 690 666)
4(700 667 697 651)
4(270 666 690 656)
4(700 651 699 669)
4(271 669 699 657)
4(271 657 690 666)
4(709 529 620 651)
4(709 651 697 676)
4(709 677 699 651)
4(285 513 699 677)
4(709 651 700 684)
4(299 677 699 669)
4(701 658 691 652)
4(621 515 701 652)
4(258 512 691 658)
4(702 652 691 668)
4(702 669 699 652)
4(271 668 691 657)
4(702 652 701 671)
4(272 671 701 658)
4(272 658 691 668)
4(710 530 621 652)
4(710 652 699 677)
4(710 678 701 652)
4(286 515 701 678)
4(710 652 702 685)
4(300 678 701 671)
4(703 660 692 653)
4(622 516 703 653)
4(259 514 692 660)
4(704 653 692 670)
4(704 671 701 653)
4(272 670 692 658)
4(704 653 703 673)
4(273 673 703 660)
4(273 660 692 670)
4(711 531 622 653)
4(711 653 701 678)
4(711 680 703 653)
4(287 516 703 680)
4(711 653 704 686)
4(301 680 703 673)
4(705 661 693 654)
4(705 654 694 662)
4(260 659 693 661)
4(706 654 693 672)
4(706 673 703 654)
4(273 672 693 660)
4(706 654 705 674)
4(274 661 693 672)
4(274 674 705 661)
4(712 679 694 654)
4(712 654 703 680)
4(712 681 705 654)
4(288 662 705 681)
4(712 654 706 687)
4(302 681 705 674)
4(1310 400 550 713)
4(1310 713 1298 817)
4(550 426 1311 713)
4(1311 427 587 713)
4(1311 713 1310 828)
4(43 828 1310 400)
4(1312 839 1298 713)
4(587 442 1312 713)
4(1312 841 1310 713)
4(57 817 1310 841)
4(57 841 1312 839)
4(1312 713 1311 873)
4(70 442 1312 873)
4(71 841 1310 828)
4(71 873 1312 841)
4(1313 402 553 714)
4(1313 714 1299 818)
4(553 428 1314 714)
4(1314 828 1310 714)
4(1314 714 1313 829)
4(44 829 1313 402)
4(1315 840 1299 714)
4(1315 714 1310 841)
4(1315 844 1313 714)
4(58 818 1313 844)
4(58 844 1315 840)
4(1315 714 1314 874)
4(71 841 1315 874)
4(72 844 1313 829)
4(72 874 1315 844)
4(1316 404 556 715)
4(1316 715 1300 819)
4(556 429 1317 715)
4(1317 829 1313 715)
4(1317 715 1316 830)
4(45 830 1316 404)
4(1318 843 1300 715)
4(1318 715 1313 844)
4(1318 847 1316 715)
4(59 819 1316 847)
4(59 847 1318 843)
4(1318 715 1317 876)
4(72 844 1318 876)
4(73 847 1316 830)
4(73 876 1318 847)
4(1319 406 559 716)
4(1319 716 1301 820)
4(559 430 1320 716)
4(1320 830 1316 716)
4(1320 716 1319 831)
4(46 831 1319 406)
4(1321 846 1301 716)
4(1321 716 1316 847)
4(1321 850 1319 716)
4(60 820 1319 850)
4(60 850 1321 846)
4(1321 716 1320 878)
4(73 847 1321 878)
4(74 850 1319 831)
4(74 878 1321 850)
4(1322 408 562 717)
4(1322 717 1302 821)
4(562 431 1323 717)
4(1323 831 1319 717)
4(1323 717 1322 832)
4(47 832 1322 408)
4(1324 849 1302 717)
4(1324 717 1319 850)
4(1324 853 1322 717)
4(61 821 1322 853)
4(61 853 1324 849)
4(1324 717 1323 880)
4(74 850 1324 880)
4(75 853 1322 832)
4(75 880 1324 853)
4(1325 410 565 718)
4(1325 718 1303 822)
4(565 432 1326 718)
4(1326 832 1322 718)
4(1326 718 1325 833)
4(48 833 1325 410)
4(1327 852 1303 718)
4(1327 718 1322 853)
4(1327 856 1325 718)
4(62 822 1325 856)
4(62 856 1327 852)
4(1327 718 1326 882)
4(75 853 1327 882)
4(76 856 1325 833)
4(76 882 1327 856)
4(1328 412 568 719)
4(1328 719 1304 823)
4(568 433 1329 719)
4(1329 833 1325 719)
4(1329 719 1328 834)
4(49 834 1328 412)
4(1330 855 1304 719)
4(1330 719 1325 856)
4(1330 859 1328 719)
4(63 823 1328 859)
4(63 859 1330 855)
4(1330 719 1329 884)
4(76 856 1330 884)
4(77 859 1328 834)
4(77 884 1330 859)
4(1331 414 571 720)
4(1331 720 1305 824)
4(571 434 1332 720)
4(1332 834 1328 720)
4(1332 720 1331 835)
4(50 835 1331 414)
4(1333 858 1305 720)
4(1333 720 1328 859)
4(1333 862 1331 720)
4(64 824 1331 862)
4(64 862 1333 858)
4(1333 720 1332 886)
4(77 859 1333 886)
4(78 862 1331 835)
4(78 886 1333 862)
4(1334 416 574 721)
4(1334 721 1306 825)
4(574 435 1335 721)
4(1335 835 1331 721)
4(1335 721 1334 836)
4(51 836 1334 416)
4(1336 861 1306 721)
4(1336 721 1331 862)
4(1336 865 1334 721)
4(65 825 1334 865)
4(65 865 1336 861)
4(1336 721 1335 888)
4(78 862 1336 888)
4(79 865 1334 836)
4(79 888 1336 865)
4(1337 418 577 722)
4(1337 722 1307 826)
4(577 436 1338 722)
4(1338 836 1334 722)
4(1338 722 1337 837)
4(52 837 1337 418)
4(1339 864 1307 722)
4(1339 722 1334 865)
4(1339 868 1337 722)
4(66 826 1337 868)
4(66 868 1339 864)
4(1339 722 1338 890)
4(79 865 1339 890)
4(80 868 1337 837)
4(80 890 1339 868)
4(1340 420 580 723)
4(1340 723 1308 827)
4(580 437 1341 723)
4(1341 837 1337 723)
4(1341 723 1340 838)
4(53 838 1340 420)
4(1342 867 1308 723)
4(1342 723 1337 868)
4(1342 871 1340 723)
4(67 827 1340 871)
4(67 871 1342 867)
4(1342 723 1341 892)
4(80 868 1342 892)
4(81 871 1340 838)
4(81 892 1342 871)
4(583 724 588 422)
4(588 724 1309 423)
4(583 438 1343 724)
4(1343 838 1340 724)
4(588 440 1343 724)
4(1344 870 1309 724)
4(1344 724 1340 871)
4(1344 445 588 724)
4(68 445 1344 870)
4(1344 724 1343 894)
4(81 871 1344 894)
4(82 894 1344 445)
4(1357 841 1312 725)
4(1357 725 1345 842)
4(1358 725 1312 873)
4(1358 449 592 725)
4(1358 725 1357 875)
4(71 875 1357 841)
4(1359 896 1345 725)
4(592 453 1359 725)
4(1359 898 1357 725)
4(85 842 1357 898)
4(85 898 1359 896)
4(1359 725 1358 930)
4(98 453 1359 930)
4(99 898 1357 875)
4(99 930 1359 898)
4(1360 844 1315 726)
4(1360 726 1346 845)
4(1361 726 1315 874)
4(1361 875 1357 726)
4(1361 726 1360 877)
4(72 877 1360 844)
4(1362 897 1346 726)
4(1362 726 1357 898)
4(1362 901 1360 726)
4(86 845 1360 901)
4(86 901 1362 897)
4(1362 726 1361 931)
4(99 898 1362 931)
4(100 901 1360 877)
4(100 931 1362 901)
4(1363 847 1318 727)
4(1363 727 1347 848)
4(1364 727 1318 876)
4(1364 877 1360 727)
4(1364 727 1363 879)
4(73 879 1363 847)
4(1365 900 1347 727)
4(1365 727 1360 901)
4(1365 904 1363 727)
4(87 848 1363 904)
4(87 904 1365 900)
4(1365 727 1364 933)
4(100 901 1365 933)
4(101 904 1363 879)
4(101 933 1365 904)
4(1366 850 1321 728)
4(1366 728 1348 851)
4(1367 728 1321 878)
4(1367 879 1363 728)
4(1367 728 1366 881)
4(74 881 1366 850)
4(1368 903 1348 728)
4(1368 728 1363 904)
4(1368 907 1366 728)
4(88 851 1366 907)
4(88 907 1368 903)
4(1368 728 1367 935)
4(101 904 1368 935)
4(102 907 1366 881)
4(102 935 1368 907)
4(1369 853 1324 729)
4(1369 729 1349 854)
4(1370 729 1324 880)
4(1370 881 1366 729)
4(1370 729 1369 883)
4(75 883 1369 853)
4(1371 906 1349 729)
4(1371 729 1366 907)
4(1371 910 1369 729)
4(89 854 1369 910)
4(89 910 1371 906)
4(1371 729 1370 937)
4(102 907 1371 937)
4(103 910 1369 883)
4(103 937 1371 910)
4(1372 856 1327 730)
4(1372 730 1350 857)
4(1373 730 1327 882)
4(1373 883 1369 730)
4(1373 730 1372 885)
4(76 885 1372 856)
4(1374 909 1350 730)
4(1374 730 1369 910)
4(1374 913 1372 730)
4(90 857 1372 913)
4(90 913 1374 909)
4(1374 730 1373 939)
4(103 910 1374 939)
4(104 913 1372 885)
4(104 939 1374 913)
4(1375 859 1330 731)
4(1375 731 1351 860)
4(1376 731 1330 884)
4(1376 885 1372 731)
4(1376 731 1375 887)
4(77 887 1375 859)
4(1377 912 1351 731)
4(1377 731 1372 913)
4(1377 916 1375 731)
4(91 860 1375 916)
4(91 916 1377 912)
4(1377 731 1376 941)
4(104 913 1377 941)
4(105 916 1375 887)
4(105 941 1377 916)
4(1378 862 1333 732)
4(1378 732 1352 863)
4(1379 732 1333 886)
4(1379 887 1375 732)
4(1379 732 1378 889)
4(78 889 1378 862)
4(1380 915 1352 732)
4(1380 732 1375 916)
4(1380 919 1378 732)
4(92 863 1378 919)
4(92 919 1380 915)
4(1380 732 1379 943)
4(105 916 1380 943)
4(106 919 1378 889)
4(106 943 1380 919)
4(1381 865 1336 733)
4(1381 733 1353 866)
4(1382 733 1336 888)
4(1382 889 1378 733)
4(1382 733 1381 891)
4(79 891 1381 865)
4(1383 918 1353 733)
4(1383 733 1378 919)
4(1383 922 1381 733)
4(93 866 1381 922)
4(93 922 1383 918)
4(1383 733 1382 945)
4(106 919 1383 945)
4(107 922 1381 891)
4(107 945 1383 922)
4(1384 868 1339 734)
4(1384 734 1354 869)
4(1385 734 1339 890)
4(1385 891 1381 734)
4(1385 734 1384 893)
4(80 893 1384 868)
4(1386 921 1354 734)
4(1386 734 1381 922)
4(1386 925 1384 734)
4(94 869 1384 925)
4(94 925 1386 921)
4(1386 734 1385 947)
4(107 922 1386 947)
4(108 925 1384 893)
4(108 947 1386 925)
4(1387 871 1342 735)
4(1387 735 1355 872)
4(1388 735 1342 892)
4(1388 893 1384 735)
4(1388 735 1387 895)
4(81 895 1387 871)
4(1389 924 1355 735)
4(1389 735 1384 925)
4(1389 928 1387 735)
4(95 872 1387 928)
4(95 928 1389 924)
4(1389 735 1388 949)
4(108 925 1389 949)
4(109 928 1387 895)
4(109 949 1389 928)
4(593 445 1344 736)
4(593 736 1356 446)
4(1390 736 1344 894)
4(1390 895 1387 736)
4(593 451 1390 736)
4(1391 927 1356 736)
4(1391 736 1387 928)
4(1391 456 593 736)
4(96 456 1391 927)
4(1391 736 1390 951)
4(109 928 1391 951)
4(110 951 1391 456)
4(1404 898 1359 737)
4(1404 737 1392 899)
4(1405 737 1359 930)
4(1405 460 597 737)
4(1405 737 1404 932)
4(99 932 1404 898)
4(1406 953 1392 737)
4(597 464 1406 737)
4(1406 955 1404 737)
4(113 899 1404 955)
4(113 955 1406 953)
4(1406 737 1405 987)
4(126 464 1406 987)
4(127 955 1404 932)
4(127 987 1406 955)
4(1407 901 1362 738)
4(1407 738 1393 902)
4(1408 738 1362 931)
4(1408 932 1404 738)
4(1408 738 1407 934)
4(100 934 1407 901)
4(1409 954 1393 738)
4(1409 738 1404 955)
4(1409 958 1407 738)
4(114 902 1407 958)
4(114 958 1409 954)
4(1409 738 1408 988)
4(127 955 1409 988)
4(128 958 1407 934)
4(128 988 1409 958)
4(1410 904 1365 739)
4(1410 739 1394 905)
4(1411 739 1365 933)
4(1411 934 1407 739)
4(1411 739 1410 936)
4(101 936 1410 904)
4(1412 957 1394 739)
4(1412 739 1407 958)
4(1412 961 1410 739)
4(115 905 1410 961)
4(115 961 1412 957)
4(1412 739 1411 990)
4(128 958 1412 990)
4(129 961 1410 936)
4(129 990 1412 961)
4(1413 907 1368 740)
4(1413 740 1395 908)
4(1414 740 1368 935)
4(1414 936 1410 740)
4(1414 740 1413 938)
4(102 938 1413 907)
4(1415 960 1395 740)
4(1415 740 1410 961)
4(1415 964 1413 740)
4(116 908 1413 964)
4(116 964 1415 960)
4(1415 740 1414 992)
4(129 961 1415 992)
4(130 964 1413 938)
4(130 992 1415 964)
4(1416 910 1371 741)
4(1416 741 1396 911)
4(1417 741 1371 937)
4(1417 938 1413 741)
4(1417 741 1416 940)
4(103 940 1416 910)
4(1418 963 1396 741)
4(1418 741 1413 964)
4(1418 967 1416 741)
4(117 911 1416 967)
4(117 967 1418 963)
4(1418 741 1417 994)
4(130 964 1418 994)
4(131 967 1416 940)
4(131 994 1418 967)
4(1419 913 1374 742)
4(1419 742 1397 914)
4(1420 742 1374 939)
4(1420 940 1416 742)
4(1420 742 1419 942)
4(104 942 1419 913)
4(1421 966 1397 742)
4(1421 742 1416 967)
4(1421 970 1419 742)
4(118 914 1419 970)
4(118 970 1421 966)
4(1421 742 1420 996)
4(131 967 1421 996)
4(132 970 1419 942)
4(132 996 1421 970)
4(1422 916 1377 743)
4(1422 743 1398 917)
4(1423 743 1377 941)
4(1423 942 1419 743)
4(1423 743 1422 944)
4(105 944 1422 916)
4(1424 969 1398 743)
4(1424 743 1419 970)
4(1424 973 1422 743)
4(119 917 1422 973)
4(119 973 1424 969)
4(1424 743 1423 998)
4(132 970 1424 998)
4(133 973 1422 944)
4(133 998 1424 973)
4(1425 919 1380 744)
4(1425 744 1399 920)
4(1426 744 1380 943)
4(1426 944 1422 744)
4(1426 744 1425 946)
4(106 946 1425 919)
4(1427 972 1399 744)
4(1427 744 1422 973)
4(1427 976 1425 744)
4(120 920 1425 976)
4(120 976 1427 972)
4(1427 744 1426 1000)
4(133 973 1427 1000)
4(134 976 1425 946)
4(134 1000 1427 976)
4(1428 922 1383 745)
4(1428 745 1400 923)
4(1429 745 1383 945)
4(1429 946 1425 745)
4(1429 745 1428 948)
4(107 948 1428 922)
4(1430 975 1400 745)
4(1430 745 1425 976)
4(1430 979 1428 745)
4(121 923 1428 979)
4(121 979 1430 975)
4(1430 745 1429 1002)
4(134 976 1430 1002)
4(135 979 1428 948)
4(135 1002 1430 979)
4(1431 925 1386 746)
4(1431 746 1401 926)
4(1432 746 1386 947)
4(1432 948 1428 746)
4(1432 746 1431 950)
4(108 950 1431 925)
4(1433 978 1401 746)
4(1433 746 1428 979)
4(1433 982 1431 746)
4(122 926 1431 982)
4(122 982 1433 978)
4(1433 746 1432 1004)
4(135 979 1433 1004)
4(136 982 1431 950)
4(136 1004 1433 982)
4(1434 928 1389 747)
4(1434 747 1402 929)
4(1435 747 1389 949)
4(1435 950 1431 747)
4(1435 747 1434 952)
4(109 952 1434 928)
4(1436 981 1402 747)
4(1436 747 1431 982)
4(1436 985 1434 747)
4(123 929 1434 985)
4(123 985 1436 981)
4(1436 747 1435 1006)
4(136 982 1436 1006)
4(137 985 1434 952)
4(137 1006 1436 985)
4(598 456 1391 748)
4(598 748 1403 457)
4(1437 748 1391 951)
4(1437 952 1434 748)
4(598 462 1437 748)
4(1438 984 1403 748)
4(1438 748 1434 985)
4(1438 467 598 748)
4(124 467 1438 984)
4(1438 748 1437 1008)
4(137 985 1438 1008)
4(138 1008 1438 467)
4(1451 955 1406 749)
4(1451 749 1439 956)
4(1452 749 1406 987)
4(1452 471 602 749)
4(1452 749 1451 989)
4(127 989 1451 955)
4(1453 1010 1439 749)
4(602 475 1453 749)
4(1453 1012 1451 749)
4(141 956 1451 1012)
4(141 1012 1453 1010)
4(1453 749 1452 1044)
4(154 475 1453 1044)
4(155 1012 1451 989)
4(155 1044 1453 1012)
4(1454 958 1409 750)
4(1454 750 1440 959)
4(1455 750 1409 988)
4(1455 989 1451 750)
4(1455 750 1454 991)
4(128 991 1454 958)
4(1456 1011 1440 750)
4(1456 750 1451 1012)
4(1456 1015 1454 750)
4(142 959 1454 1015)
4(142 1015 1456 1011)
4(1456 750 1455 1045)
4(155 1012 1456 1045)
4(156 1015 1454 991)
4(156 1045 1456 1015)
4(1457 961 1412 751)
4(1457 751 1441 962)
4(1458 751 1412 990)
4(1458 991 1454 751)
4(1458 751 1457 993)
4(129 993 1457 961)
4(1459 1014 1441 751)
4(1459 751 1454 1015)
4(1459 1018 1457 751)
4(143 962 1457 1018)
4(143 1018 1459 1014)
4(1459 751 1458 1047)
4(156 1015 1459 1047)
4(157 1018 1457 993)
4(157 1047 1459 1018)
4(1460 964 1415 752)
4(1460 752 1442 965)
4(1461 752 1415 992)
4(1461 993 1457 752)
4(1461 752 1460 995)
4(130 995 1460 964)
4(1462 1017 1442 752)
4(1462 752 1457 1018)
4(1462 1021 1460 752)
4(144 965 1460 1021)
4(144 1021 1462 1017)
4(1462 752 1461 1049)
4(157 1018 1462 1049)
4(158 1021 1460 995)
4(158 1049 1462 1021)
4(1463 967 1418 753)
4(1463 753 1443 968)
4(1464 753 1418 994)
4(1464 995 1460 753)
4(1464 753 1463 997)
4(131 997 1463 967)
4(1465 1020 1443 753)
4(1465 753 1460 1021)
4(1465 1024 1463 753)
4(145 968 1463 1024)
4(145 1024 1465 1020)
4(1465 753 1464 1051)
4(158 1021 1465 1051)
4(159 1024 1463 997)
4(159 1051 1465 1024)
4(1466 970 1421 754)
4(1466 754 1444 971)
4(1467 754 1421 996)
4(1467 997 1463 754)
4(1467 754 1466 999)
4(132 999 1466 970)
4(1468 1023 1444 754)
4(1468 754 1463 1024)
4(1468 1027 1466 754)
4(146 971 1466 1027)
4(146 1027 1468 1023)
4(1468 754 1467 1053)
4(159 1024 1468 1053)
4(160 1027 1466 999)
4(160 1053 1468 1027)
4(1469 973 1424 755)
4(1469 755 1445 974)
4(1470 755 1424 998)
4(1470 999 1466 755)
4(1470 755 1469 1001)
4(133 1001 1469 973)
4(1471 1026 1445 755)
4(1471 755 1466 1027)
4(1471 1030 1469 755)
4(147 974 1469 1030)
4(147 1030 1471 1026)
4(1471 755 1470 1055)
4(160 1027 1471 1055)
4(161 1030 1469 1001)
4(161 1055 1471 1030)
4(1472 976 1427 756)
4(1472 756 1446 977)
4(1473 756 1427 1000)
4(1473 1001 1469 756)
4(1473 756 1472 1003)
4(134 1003 1472 976)
4(1474 1029 1446 756)
4(1474 756 1469 1030)
4(1474 1033 1472 756)
4(148 977 1472 1033)
4(148 1033 1474 1029)
4(1474 756 1473 1057)
4(161 1030 1474 1057)
4(162 1033 1472 1003)
4(162 1057 1474 1033)
4(1475 979 1430 757)
4(1475 757 1447 980)
4(1476 757 1430 1002)
4(1476 1003 1472 757)
4(1476 757 1475 1005)
4(135 1005 1475 979)
4(1477 1032 1447 757)
4(1477 757 1472 1033)
4(1477 1036 1475 757)
4(149 980 1475 1036)
4(149 1036 1477 1032)
4(1477 757 1476 1059)
4(162 1033 1477 1059)
4(163 1036 1475 1005)
4(163 1059 1477 1036)
4(1478 982 1433 758)
4(1478 758 1448 983)
4(1479 758 1433 1004)
4(1479 1005 1475 758)
4(1479 758 1478 1007)
4(136 1007 1478 982)
4(1480 1035 1448 758)
4(1480 758 1475 1036)
4(1480 1039 1478 758)
4(150 983 1478 1039)
4(150 1039 1480 1035)
4(1480 758 1479 1061)
4(163 1036 1480 1061)
4(164 1039 1478 1007)
4(164 1061 1480 1039)
4(1481 985 1436 759)
4(1481 759 1449 986)
4(1482 759 1436 1006)
4(1482 1007 1478 759)
4(1482 759 1481 1009)
4(137 1009 1481 985)
4(1483 1038 1449 759)
4(1483 759 1478 1039)
4(1483 1042 1481 759)
4(151 986 1481 1042)
4(151 1042 1483 1038)
4(1483 759 1482 1063)
4(164 1039 1483 1063)
4(165 1042 1481 1009)
4(165 1063 1483 1042)
4(603 467 1438 760)
4(603 760 1450 468)
4(1484 760 1438 1008)
4(1484 1009 1481 760)
4(603 473 1484 760)
4(1485 1041 1450 760)
4(1485 760 1481 1042)
4(1485 478 603 760)
4(152 478 1485 1041)
4(1485 760 1484 1065)
4(165 1042 1485 1065)
4(166 1065 1485 478)
4(1498 1012 1453 761)
4(1498 761 1486 1013)
4(1499 761 1453 1044)
4(1499 482 607 761)
4(1499 761 1498 1046)
4(155 1046 1498 1012)
4(1500 1067 1486 761)
4(607 486 1500 761)
4(1500 1069 1498 761)
4(169 1013 1498 1069)
4(169 1069 1500 1067)
4(1500 761 1499 1103)
4(182 486 1500 1103)
4(183 1069 1498 1046)
4(183 1103 1500 1069)
4(1501 1015 1456 762)
4(1501 762 1487 1016)
4(1502 762 1456 1045)
4(1502 1046 1498 762)
4(1502 762 1501 1048)
4(156 1048 1501 1015)
4(1503 1068 1487 762)
4(1503 762 1498 1069)
4(1503 1072 1501 762)
4(170 1016 1501 1072)
4(170 1072 1503 1068)
4(1503 762 1502 1104)
4(183 1069 1503 1104)
4(184 1072 1501 1048)
4(184 1104 1503 1072)
4(1504 1018 1459 763)
4(1504 763 1488 1019)
4(1505 763 1459 1047)
4(1505 1048 1501 763)
4(1505 763 1504 1050)
4(157 1050 1504 1018)
4(1506 1071 1488 763)
4(1506 763 1501 1072)
4(1506 1075 1504 763)
4(171 1019 1504 1075)
4(171 1075 1506 1071)
4(1506 763 1505 1106)
4(184 1072 1506 1106)
4(185 1075 1504 1050)
4(185 1106 1506 1075)
4(1507 1021 1462 764)
4(1507 764 1489 1022)
4(1508 764 1462 1049)
4(1508 1050 1504 764)
4(1508 764 1507 1052)
4(158 1052 1507 1021)
4(1509 1074 1489 764)
4(1509 764 1504 1075)
4(1509 1078 1507 764)
4(172 1022 1507 1078)
4(172 1078 1509 1074)
4(1509 764 1508 1108)
4(185 1075 1509 1108)
4(186 1078 1507 1052)
4(186 1108 1509 1078)
4(1510 1024 1465 765)
4(1510 765 1490 1025)
4(1511 765 1465 1051)
4(1511 1052 1507 765)
4(1511 765 1510 1054)
4(159 1054 1510 1024)
4(1512 1077 1490 765)
4(1512 765 1507 1078)
4(1512 1081 1510 765)
4(173 1025 1510 1081)
4(173 1081 1512 1077)
4(1512 765 1511 1110)
4(186 1078 1512 1110)
4(187 1081 1510 1054)
4(187 1110 1512 1081)
4(1513 1027 1468 766)
4(1513 766 1491 1028)
4(1514 766 1468 1053)
4(1514 1054 1510 766)
4(1514 766 1513 1056)
4(160 1056 1513 1027)
4(1515 1080 1491 766)
4(1515 766 1510 1081)
4(1515 1084 1513 766)
4(174 1028 1513 1084)
4(174 1084 1515 1080)
4(1515 766 1514 1112)
4(187 1081 1515 1112)
4(188 1084 1513 1056)
4(188 1112 1515 1084)
4(1516 1030 1471 767)
4(1516 767 1492 1031)
4(1517 767 1471 1055)
4(1517 1056 1513 767)
4(1517 767 1516 1058)
4(161 1058 1516 1030)
4(1518 1083 1492 767)
4(1518 767 1513 1084)
4(1518 1087 1516 767)
4(175 1031 1516 1087)
4(175 1087 1518 1083)
4(1518 767 1517 1114)
4(188 1084 1518 1114)
4(189 1087 1516 1058)
4(189 1114 1518 1087)
4(1519 1033 1474 768)
4(1519 768 1493 1034)
4(1520 768 1474 1057)
4(1520 1058 1516 768)
4(1520 768 1519 1060)
4(162 1060 1519 1033)
4(1521 1086 1493 768)
4(1521 768 1516 1087)
4(1521 1090 1519 768)
4(176 1034 1519 1090)
4(176 1090 1521 1086)
4(1521 768 1520 1116)
4(189 1087 1521 1116)
4(190 1090 1519 1060)
4(190 1116 1521 1090)
4(1522 1036 1477 769)
4(1522 769 1494 1037)
4(1523 769 1477 1059)
4(1523 1060 1519 769)
4(1523 769 1522 1062)
4(163 1062 1522 1036)
4(1524 1089 1494 769)
4(1524 769 1519 1090)
4(1524 1093 1522 769)
4(177 1037 1522 1093)
4(177 1093 1524 1089)
4(1524 769 1523 1118)
4(190 1090 1524 1118)
4(191 1093 1522 1062)
4(191 1118 1524 1093)
4(1525 1039 1480 770)
4(1525 770 1495 1040)
4(1526 770 1480 1061)
4(1526 1062 1522 770)
4(1526 770 1525 1064)
4(164 1064 1525 1039)
4(1527 1092 1495 770)
4(1527 770 1522 1093)
4(1527 1096 1525 770)
4(178 1040 1525 1096)
4(178 1096 1527 1092)
4(1527 770 1526 1120)
4(191 1093 1527 1120)
4(192 1096 1525 1064)
4(192 1120 1527 1096)
4(1528 1042 1483 771)
4(1528 771 1496 1043)
4(1529 771 1483 1063)
4(1529 1064 1525 771)
4(1529 771 1528 1066)
4(165 1066 1528 1042)
4(1530 1095 1496 771)
4(1530 771 1525 1096)
4(1530 1099 1528 771)
4(179 1043 1528 1099)
4(179 1099 1530 1095)
4(1530 771 1529 1122)
4(192 1096 1530 1122)
4(193 1099 1528 1066)
4(193 1122 1530 1099)
4(608 478 1485 772)
4(608 772 1497 479)
4(1531 772 1485 1065)
4(1531 1066 1528 772)
4(608 484 1531 772)
4(1532 1098 1497 772)
4(1532 772 1528 1099)
4(1532 489 608 772)
4(180 489 1532 1098)
4(1532 772 1531 1124)
4(193 1099 1532 1124)
4(194 1124 1532 489)
4(1546 1069 1500 773)
4(1546 773 1533 1070)
4(1547 773 1500 1103)
4(1547 491 611 773)
4(1547 773 1546 1105)
4(183 1105 1546 1069)
4(1548 1128 1533 773)
4(611 493 1548 773)
4(1548 1130 1546 773)
4(197 1070 1546 1130)
4(197 1130 1548 1128)
4(1548 773 1547 1167)
4(210 493 1548 1167)
4(211 1130 1546 1105)
4(211 1167 1548 1130)
4(1549 1072 1503 774)
4(1549 774 1534 1073)
4(1550 774 1503 1104)
4(1550 1105 1546 774)
4(1550 774 1549 1107)
4(184 1107 1549 1072)
4(1551 1129 1534 774)
4(1551 774 1546 1130)
4(1551 1133 1549 774)
4(198 1073 1549 1133)
4(198 1133 1551 1129)
4(1551 774 1550 1168)
4(211 1130 1551 1168)
4(212 1133 1549 1107)
4(212 1168 1551 1133)
4(1552 1075 1506 775)
4(1552 775 1535 1076)
4(1553 775 1506 1106)
4(1553 1107 1549 775)
4(1553 775 1552 1109)
4(185 1109 1552 1075)
4(1554 1132 1535 775)
4(1554 775 1549 1133)
4(1554 1136 1552 775)
4(199 1076 1552 1136)
4(199 1136 1554 1132)
4(1554 775 1553 1170)
4(212 1133 1554 1170)
4(213 1136 1552 1109)
4(213 1170 1554 1136)
4(1555 1078 1509 776)
4(1555 776 1536 1079)
4(1556 776 1509 1108)
4(1556 1109 1552 776)
4(1556 776 1555 1111)
4(186 1111 1555 1078)
4(1557 1135 1536 776)
4(1557 776 1552 1136)
4(1557 1139 1555 776)
4(200 1079 1555 1139)
4(200 1139 1557 1135)
4(1557 776 1556 1172)
4(213 1136 1557 1172)
4(214 1139 1555 1111)
4(214 1172 1557 1139)
4(1558 1081 1512 777)
4(1558 777 1537 1082)
4(1559 777 1512 1110)
4(1559 1111 1555 777)
4(1559 777 1558 1113)
4(187 1113 1558 1081)
4(1560 1138 1537 777)
4(1560 777 1555 1139)
4(1560 1142 1558 777)
4(201 1082 1558 1142)
4(201 1142 1560 1138)
4(1560 777 1559 1174)
4(214 1139 1560 1174)
4(215 1142 1558 1113)
4(215 1174 1560 1142)
4(1561 1084 1515 778)
4(1561 778 1538 1085)
4(1562 778 1515 1112)
4(1562 1113 1558 778)
4(1562 778 1561 1115)
4(188 1115 1561 1084)
4(1563 1141 1538 778)
4(1563 778 1558 1142)
4(1563 1145 1561 778)
4(202 1085 1561 1145)
4(202 1145 1563 1141)
4(1563 778 1562 1176)
4(215 1142 1563 1176)
4(216 1145 1561 1115)
4(216 1176 1563 1145)
4(1564 1087 1518 779)
4(1564 779 1539 1088)
4(1565 779 1518 1114)
4(1565 1115 1561 779)
4(1565 779 1564 1117)
4(189 1117 1564 1087)
4(1566 1144 1539 779)
4(1566 779 1561 1145)
4(1566 1148 1564 779)
4(203 1088 1564 1148)
4(203 1148 1566 1144)
4(1566 779 1565 1178)
4(216 1145 1566 1178)
4(217 1148 1564 1117)
4(217 1178 1566 1148)
4(1567 1090 1521 780)
4(1567 780 1540 1091)
4(1568 780 1521 1116)
4(1568 1117 1564 780)
4(1568 780 1567 1119)
4(190 1119 1567 1090)
4(1569 1147 1540 780)
4(1569 780 1564 1148)
4(1569 1151 1567 780)
4(204 1091 1567 1151)
4(204 1151 1569 1147)
4(1569 780 1568 1180)
4(217 1148 1569 1180)
4(218 1151 1567 1119)
4(218 1180 1569 1151)
4(1570 1093 1524 781)
4(1570 781 1541 1094)
4(1571 781 1524 1118)
4(1571 1119 1567 781)
4(1571 781 1570 1121)
4(191 1121 1570 1093)
4(1572 1150 1541 781)
4(1572 781 1567 1151)
4(1572 1154 1570 781)
4(205 1094 1570 1154)
4(205 1154 1572 1150)
4(1572 781 1571 1182)
4(218 1151 1572 1182)
4(219 1154 1570 1121)
4(219 1182 1572 1154)
4(1573 1096 1527 782)
4(1573 782 1542 1097)
4(1574 782 1527 1120)
4(1574 1121 1570 782)
4(1574 782 1573 1123)
4(192 1123 1573 1096)
4(1575 1153 1542 782)
4(1575 782 1570 1154)
4(1575 1157 1573 782)
4(206 1097 1573 1157)
4(206 1157 1575 1153)
4(1575 782 1574 1184)
4(219 1154 1575 1184)
4(220 1157 1573 1123)
4(220 1184 1575 1157)
4(1576 1099 1530 783)
4(1576 783 1543 1100)
4(1577 783 1530 1122)
4(1577 1123 1573 783)
4(1577 783 1576 1125)
4(193 1125 1576 1099)
4(1578 1156 1543 783)
4(1578 783 1573 1157)
4(1578 1160 1576 783)
4(207 1100 1576 1160)
4(207 1160 1578 1156)
4(1578 783 1577 1186)
4(220 1157 1578 1186)
4(221 1160 1576 1125)
4(221 1186 1578 1160)
4(1579 489 1532 784)
4(1579 784 1544 1101)
4(1580 784 1532 1124)
4(1580 1125 1576 784)
4(1580 784 1579 1126)
4(194 1126 1579 489)
4(1581 1159 1544 784)
4(1581 784 1576 1160)
4(1581 1163 1579 784)
4(208 1101 1579 1163)
4(208 1163 1581 1159)
4(1581 784 1580 1188)
4(221 1160 1581 1188)
4(222 1163 1579 1126)
4(222 1188 1581 1163)
4(1692 490 610 785)
4(1692 785 1545 1102)
4(610 492 1582 785)
4(1582 1126 1579 785)
4(1692 1127 1582 785)
4(1583 1162 1545 785)
4(1583 785 1579 1163)
4(1692 785 1583 1165)
4(209 1165 1583 1162)
4(1583 785 1582 1190)
4(222 1163 1583 1190)
4(223 1190 1583 1165)
4(1597 1130 1548 786)
4(1597 786 1584 1131)
4(1598 786 1548 1167)
4(1598 495 612 786)
4(1598 786 1597 1169)
4(211 1169 1597 1130)
4(1599 1193 1584 786)
4(612 496 1599 786)
4(1599 1195 1597 786)
4(225 1131 1597 1195)
4(225 1195 1599 1193)
4(1599 786 1598 1232)
4(238 496 1599 1232)
4(239 1195 1597 1169)
4(239 1232 1599 1195)
4(1600 1133 1551 787)
4(1600 787 1585 1134)
4(1601 787 1551 1168)
4(1601 1169 1597 787)
4(1601 787 1600 1171)
4(212 1171 1600 1133)
4(1602 1194 1585 787)
4(1602 787 1597 1195)
4(1602 1198 1600 787)
4(226 1134 1600 1198)
4(226 1198 1602 1194)
4(1602 787 1601 1233)
4(239 1195 1602 1233)
4(240 1198 1600 1171)
4(240 1233 1602 1198)
4(1603 1136 1554 788)
4(1603 788 1586 1137)
4(1604 788 1554 1170)
4(1604 1171 1600 788)
4(1604 788 1603 1173)
4(213 1173 1603 1136)
4(1605 1197 1586 788)
4(1605 788 1600 1198)
4(1605 1201 1603 788)
4(227 1137 1603 1201)
4(227 1201 1605 1197)
4(1605 788 1604 1235)
4(240 1198 1605 1235)
4(241 1201 1603 1173)
4(241 1235 1605 1201)
4(1606 1139 1557 789)
4(1606 789 1587 1140)
4(1607 789 1557 1172)
4(1607 1173 1603 789)
4(1607 789 1606 1175)
4(214 1175 1606 1139)
4(1608 1200 1587 789)
4(1608 789 1603 1201)
4(1608 1204 1606 789)
4(228 1140 1606 1204)
4(228 1204 1608 1200)
4(1608 789 1607 1237)
4(241 1201 1608 1237)
4(242 1204 1606 1175)
4(242 1237 1608 1204)
4(1609 1142 1560 790)
4(1609 790 1588 1143)
4(1610 790 1560 1174)
4(1610 1175 1606 790)
4(1610 790 1609 1177)
4(215 1177 1609 1142)
4(1611 1203 1588 790)
4(1611 790 1606 1204)
4(1611 1207 1609 790)
4(229 1143 1609 1207)
4(229 1207 1611 1203)
4(1611 790 1610 1239)
4(242 1204 1611 1239)
4(243 1207 1609 1177)
4(243 1239 1611 1207)
4(1612 1145 1563 791)
4(1612 791 1589 1146)
4(1613 791 1563 1176)
4(1613 1177 1609 791)
4(1613 791 1612 1179)
4(216 1179 1612 1145)
4(1614 1206 1589 791)
4(1614 791 1609 1207)
4(1614 1210 1612 791)
4(230 1146 1612 1210)
4(230 1210 1614 1206)
4(1614 791 1613 1241)
4(243 1207 1614 1241)
4(244 1210 1612 1179)
4(244 1241 1614 1210)
4(1615 1148 1566 792)
4(1615 792 1590 1149)
4(1616 792 1566 1178)
4(1616 1179 1612 792)
4(1616 792 1615 1181)
4(217 1181 1615 1148)
4(1617 1209 1590 792)
4(1617 792 1612 1210)
4(1617 1213 1615 792)
4(231 1149 1615 1213)
4(231 1213 1617 1209)
4(1617 792 1616 1243)
4(244 1210 1617 1243)
4(245 1213 1615 1181)
4(245 1243 1617 1213)
4(1618 1151 1569 793)
4(1618 793 1591 1152)
4(1619 793 1569 1180)
4(1619 1181 1615 793)
4(1619 793 1618 1183)
4(218 1183 1618 1151)
4(1620 1212 1591 793)
4(1620 793 1615 1213)
4(1620 1216 1618 793)
4(232 1152 1618 1216)
4(232 1216 1620 1212)
4(1620 793 1619 1245)
4(245 1213 1620 1245)
4(246 1216 1618 1183)
4(246 1245 1620 1216)
4(1621 1154 1572 794)
4(1621 794 1592 1155)
4(1622 794 1572 1182)
4(1622 1183 1618 794)
4(1622 794 1621 1185)
4(219 1185 1621 1154)
4(1623 1215 1592 794)
4(1623 794 1618 1216)
4(1623 1219 1621 794)
4(233 1155 1621 1219)
4(233 1219 1623 1215)
4(1623 794 1622 1247)
4(246 1216 1623 1247)
4(247 1219 1621 1185)
4(247 1247 1623 1219)
4(1624 1157 1575 795)
4(1624 795 1593 1158)
4(1625 795 1575 1184)
4(1625 1185 1621 795)
4(1625 795 1624 1187)
4(220 1187 1624 1157)
4(1626 1218 1593 795)
4(1626 795 1621 1219)
4(1626 1222 1624 795)
4(234 1158 1624 1222)
4(234 1222 1626 1218)
4(1626 795 1625 1249)
4(247 1219 1626 1249)
4(248 1222 1624 1187)
4(248 1249 1626 1222)
4(1627 1160 1578 796)
4(1627 796 1594 1161)
4(1628 796 1578 1186)
4(1628 1187 1624 796)
4(1628 796 1627 1189)
4(221 1189 1627 1160)
4(1629 1221 1594 796)
4(1629 796 1624 1222)
4(1629 1225 1627 796)
4(235 1161 1627 1225)
4(235 1225 1629 1221)
4(1629 796 1628 1251)
4(248 1222 1629 1251)
4(249 1225 1627 1189)
4(249 1251 1629 1225)
4(1630 1163 1581 797)
4(1630 797 1595 1164)
4(1631 797 1581 1188)
4(1631 1189 1627 797)
4(1631 797 1630 1191)
4(222 1191 1630 1163)
4(1632 1224 1595 797)
4(1632 797 1627 1225)
4(1632 1228 1630 797)
4(236 1164 1630 1228)
4(236 1228 1632 1224)
4(1632 797 1631 1253)
4(249 1225 1632 1253)
4(250 1228 1630 1191)
4(250 1253 1632 1228)
4(1693 1165 1583 798)
4(1693 798 1596 1166)
4(1633 798 1583 1190)
4(1633 1191 1630 798)
4(1693 1192 1633 798)
4(1634 1227 1596 798)
4(1634 798 1630 1228)
4(1693 798 1634 1230)
4(237 1230 1634 1227)
4(1634 798 1633 1255)
4(250 1228 1634 1255)
4(251 1255 1634 1230)
4(1648 1195 1599 799)
4(1648 799 1635 1196)
4(1649 799 1599 1232)
4(1649 498 613 799)
4(1649 799 1648 1234)
4(239 1234 1648 1195)
4(614 499 1635 799)
4(614 799 613 500)
4(614 503 1648 799)
4(253 1196 1648 503)
4(1649 517 614 799)
4(267 503 1648 1234)
4(1650 1198 1602 800)
4(1650 800 1636 1199)
4(1651 800 1602 1233)
4(1651 1234 1648 800)
4(1651 800 1650 1236)
4(240 1236 1650 1198)
4(615 502 1636 800)
4(615 800 1648 503)
4(615 506 1650 800)
4(254 1199 1650 506)
4(1651 519 615 800)
4(268 506 1650 1236)
4(1652 1201 1605 801)
4(1652 801 1637 1202)
4(1653 801 1605 1235)
4(1653 1236 1650 801)
4(1653 801 1652 1238)
4(241 1238 1652 1201)
4(688 505 1637 801)
4(688 801 1650 506)
4(688 655 1652 801)
4(255 1202 1652 655)
4(1653 663 688 801)
4(269 655 1652 1238)
4(1654 1204 1608 802)
4(1654 802 1638 1205)
4(1655 802 1608 1237)
4(1655 1238 1652 802)
4(1655 802 1654 1240)
4(242 1240 1654 1204)
4(689 508 1638 802)
4(689 802 1652 655)
4(689 656 1654 802)
4(256 1205 1654 656)
4(1655 664 689 802)
4(270 656 1654 1240)
4(1656 1207 1611 803)
4(1656 803 1639 1208)
4(1657 803 1611 1239)
4(1657 1240 1654 803)
4(1657 803 1656 1242)
4(243 1242 1656 1207)
4(690 510 1639 803)
4(690 803 1654 656)
4(690 657 1656 803)
4(257 1208 1656 657)
4(1657 666 690 803)
4(271 657 1656 1242)
4(1658 1210 1614 804)
4(1658 804 1640 1211)
4(1659 804 1614 1241)
4(1659 1242 1656 804)
4(1659 804 1658 1244)
4(244 1244 1658 1210)
4(691 512 1640 804)
4(691 804 1656 657)
4(691 658 1658 804)
4(258 1211 1658 658)
4(1659 668 691 804)
4(272 658 1658 1244)
4(1660 1213 1617 805)
4(1660 805 1641 1214)
4(1661 805 1617 1243)
4(1661 1244 1658 805)
4(1661 805 1660 1246)
4(245 1246 1660 1213)
4(692 514 1641 805)
4(692 805 1658 658)
4(692 660 1660 805)
4(259 1214 1660 660)
4(1661 670 692 805)
4(273 660 1660 1246)
4(1662 1216 1620 806)
4(1662 806 1642 1217)
4(1663 806 1620 1245)
4(1663 1246 1660 806)
4(1663 806 1662 1248)
4(246 1248 1662 1216)
4(693 659 1642 806)
4(693 806 1660 660)
4(693 661 1662 806)
4(260 1217 1662 661)
4(1663 672 693 806)
4(274 661 1662 1248)
4(1664 1219 1623 807)
4(1664 807 1643 1220)
4(1665 807 1623 1247)
4(1665 1248 1662 807)
4(1665 807 1664 1250)
4(247 1250 1664 1219)
4(1666 1258 1643 807)
4(1666 807 1662 661)
4(1666 1260 1664 807)
4(261 1220 1664 1260)
4(261 1260 1666 1258)
4(1666 807 1665 1273)
4(274 661 1666 1273)
4(275 1260 1664 1250)
4(275 1273 1666 1260)
4(1667 1222 1626 808)
4(1667 808 1644 1223)
4(1668 808 1626 1249)
4(1668 1250 1664 808)
4(1668 808 1667 1252)
4(248 1252 1667 1222)
4(1669 1259 1644 808)
4(1669 808 1664 1260)
4(1669 1263 1667 808)
4(262 1223 1667 1263)
4(262 1263 1669 1259)
4(1669 808 1668 1274)
4(275 1260 1669 1274)
4(276 1263 1667 1252)
4(276 1274 1669 1263)
4(1670 1225 1629 809)
4(1670 809 1645 1226)
4(1671 809 1629 1251)
4(1671 1252 1667 809)
4(1671 809 1670 1254)
4(249 1254 1670 1225)
4(1672 1262 1645 809)
4(1672 809 1667 1263)
4(1672 1266 1670 809)
4(263 1226 1670 1266)
4(263 1266 1672 1262)
4(1672 809 1671 1276)
4(276 1263 1672 1276)
4(277 1266 1670 1254)
4(277 1276 1672 1266)
4(1673 1228 1632 810)
4(1673 810 1646 1229)
4(1674 810 1632 1253)
4(1674 1254 1670 810)
4(1674 810 1673 1256)
4(250 1256 1673 1228)
4(1675 1265 1646 810)
4(1675 810 1670 1266)
4(1675 1269 1673 810)
4(264 1229 1673 1269)
4(264 1269 1675 1265)
4(1675 810 1674 1278)
4(277 1266 1675 1278)
4(278 1269 1673 1256)
4(278 1278 1675 1269)
4(1694 1230 1634 811)
4(1694 811 1647 1231)
4(1676 811 1634 1255)
4(1676 1256 1673 811)
4(1694 1257 1676 811)
4(1677 1268 1647 811)
4(1677 811 1673 1269)
4(1694 811 1677 1271)
4(265 1271 1677 1268)
4(1677 811 1676 1280)
4(278 1269 1677 1280)
4(279 1280 1677 1271)
4(1683 1260 1666 812)
4(1683 812 1678 1261)
4(1684 812 1666 1273)
4(1684 674 705 812)
4(1684 812 1683 1275)
4(275 1275 1683 1260)
4(1696 1283 1678 812)
4(705 681 1696 812)
4(1696 1285 1683 812)
4(289 1261 1683 1285)
4(1696 812 1684 1293)
4(303 1285 1683 1275)
4(1685 1263 1669 813)
4(1685 813 1679 1264)
4(1686 813 1669 1274)
4(1686 1275 1683 813)
4(1686 813 1685 1277)
4(276 1277 1685 1263)
4(1697 1284 1679 813)
4(1697 813 1683 1285)
4(1697 1287 1685 813)
4(290 1264 1685 1287)
4(1697 813 1686 1294)
4(304 1287 1685 1277)
4(1687 1266 1672 814)
4(1687 814 1680 1267)
4(1688 814 1672 1276)
4(1688 1277 1685 814)
4(1688 814 1687 1279)
4(277 1279 1687 1266)
4(1698 1286 1680 814)
4(1698 814 1685 1287)
4(1698 1289 1687 814)
4(291 1267 1687 1289)
4(1698 814 1688 1295)
4(305 1289 1687 1279)
4(1689 1269 1675 815)
4(1689 815 1681 1270)
4(1690 815 1675 1278)
4(1690 1279 1687 815)
4(1690 815 1689 1281)
4(278 1281 1689 1269)
4(1699 1288 1681 815)
4(1699 815 1687 1289)
4(1699 1291 1689 815)
4(292 1270 1689 1291)
4(1699 815 1690 1296)
4(306 1291 1689 1281)
4(1695 1271 1677 816)
4(1695 816 1682 1272)
4(1691 816 1677 1280)
4(1691 1281 1689 816)
4(1695 1282 1691 816)
4(1700 1290 1682 816)
4(1700 816 1689 1291)
4(1700 1292 1695 816)
4(1700 816 1691 1297)
4(13 367 628 368)
4(41 424 629 425)
4(69 447 630 448)
4(97 458 631 459)
4(125 469 632 470)
4(153 480 633 481)
4(181 490 1692 1102)
4(209 1165 1693 1166)
4(237 1230 1694 1231)
4(265 1271 1695 1272)
4(27 395 628 367)
4(55 424 628 395)
4(41 368 628 424)
4(55 441 629 424)
4(83 447 629 441)
4(69 425 629 447)
4(83 452 630 447)
4(111 458 630 452)
4(97 448 630 458)
4(111 463 631 458)
4(139 469 631 463)
4(125 459 631 469)
4(139 474 632 469)
4(167 480 632 474)
4(153 470 632 480)
4(167 485 633 480)
4(195 490 633 485)
4(181 481 633 490)
4(195 1127 1692 490)
4(223 1165 1692 1127)
4(209 1102 1692 1165)
4(223 1192 1693 1165)
4(251 1230 1693 1192)
4(237 1166 1693 1230)
4(251 1257 1694 1230)
4(279 1271 1694 1257)
4(265 1231 1694 1271)
4(279 1282 1695 1271)
4(307 1292 1695 1282)
4(293 1272 1695 1292)
4(0 329 634 328)
4(1 332 635 331)
4(2 335 636 334)
4(3 338 637 337)
4(4 341 638 340)
4(5 344 639 343)
4(6 347 640 346)
4(7 350 641 349)
4(8 353 642 352)
4(9 356 643 355)
4(10 359 644 358)
4(11 362 645 361)
4(12 365 646 364)
4(14 369 634 329)
4(15 332 634 369)
4(1 328 634 332)
4(15 371 635 332)
4(16 335 635 371)
4(2 331 635 335)
4(16 373 636 335)
4(17 338 636 373)
4(3 334 636 338)
4(17 375 637 338)
4(18 341 637 375)
4(4 337 637 341)
4(18 377 638 341)
4(19 344 638 377)
4(5 340 638 344)
4(19 379 639 344)
4(20 347 639 379)
4(6 343 639 347)
4(20 381 640 347)
4(21 350 640 381)
4(7 346 640 350)
4(21 383 641 350)
4(22 353 641 383)
4(8 349 641 353)
4(22 385 642 353)
4(23 356 642 385)
4(9 352 642 356)
4(23 387 643 356)
4(24 359 643 387)
4(10 355 643 359)
4(24 389 644 359)
4(25 362 644 389)
4(11 358 644 362)
4(25 391 645 362)
4(26 365 645 391)
4(12 361 645 365)
4(26 393 646 365)
4(27 367 646 393)
4(13 364 646 367)
4(280 522 647 523)
4(281 524 648 525)
4(282 526 707 527)
4(283 528 708 675)
4(284 529 709 676)
4(285 530 710 677)
4(286 531 711 678)
4(287 679 712 680)
4(288 1283 1696 681)
4(289 1284 1697 1285)
4(290 1286 1698 1287)
4(291 1288 1699 1289)
4(292 1290 1700 1291)
4(281 525 647 522)
4(295 532 647 525)
4(294 523 647 532)
4(282 527 648 524)
4(296 533 648 527)
4(295 525 648 533)
4(283 675 707 526)
4(297 682 707 675)
4(296 527 707 682)
4(284 676 708 528)
4(298 683 708 676)
4(297 675 708 683)
4(285 677 709 529)
4(299 684 709 677)
4(298 676 709 684)
4(286 678 710 530)
4(300 685 710 678)
4(299 677 710 685)
4(287 680 711 531)
4(301 686 711 680)
4(300 678 711 686)
4(288 681 712 679)
4(302 687 712 681)
4(301 680 712 687)
4(289 1285 1696 1283)
4(303 1293 1696 1285)
4(302 681 1696 1293)
4(290 1287 1697 1284)
4(304 1294 1697 1287)
4(303 1285 1697 1294)
4(291 1289 1698 1286)
4(305 1295 1698 1289)
4(304 1287 1698 1295)
4(292 1291 1699 1288)
4(306 1296 1699 1291)
4(305 1289 1699 1296)
4(293 1292 1700 1290)
4(307 1297 1700 1292)
4(306 1291 1700 1297)
4(0 328 534 330)
4(1 331 535 333)
4(2 334 536 336)
4(3 337 537 339)
4(4 340 538 342)
4(5 343 539 345)
4(6 346 540 348)
4(7 349 541 351)
4(8 352 542 354)
4(9 355 543 357)
4(10 358 544 360)
4(11 361 545 363)
4(12 364 546 366)
4(28 396 1298 398)
4(29 399 1299 817)
4(30 401 1300 818)
4(31 403 1301 819)
4(32 405 1302 820)
4(33 407 1303 821)
4(34 409 1304 822)
4(35 411 1305 823)
4(36 413 1306 824)
4(37 415 1307 825)
4(38 417 1308 826)
4(39 419 1309 827)
4(40 421 586 423)
4(56 839 1345 443)
4(57 840 1346 842)
4(58 843 1347 845)
4(59 846 1348 848)
4(60 849 1349 851)
4(61 852 1350 854)
4(62 855 1351 857)
4(63 858 1352 860)
4(64 861 1353 863)
4(65 864 1354 866)
4(66 867 1355 869)
4(67 870 1356 872)
4(68 444 591 446)
4(84 896 1392 454)
4(85 897 1393 899)
4(86 900 1394 902)
4(87 903 1395 905)
4(88 906 1396 908)
4(89 909 1397 911)
4(90 912 1398 914)
4(91 915 1399 917)
4(92 918 1400 920)
4(93 921 1401 923)
4(94 924 1402 926)
4(95 927 1403 929)
4(96 455 596 457)
4(112 953 1439 465)
4(113 954 1440 956)
4(114 957 1441 959)
4(115 960 1442 962)
4(116 963 1443 965)
4(117 966 1444 968)
4(118 969 1445 971)
4(119 972 1446 974)
4(120 975 1447 977)
4(121 978 1448 980)
4(122 981 1449 983)
4(123 984 1450 986)
4(124 466 601 468)
4(140 1010 1486 476)
4(141 1011 1487 1013)
4(142 1014 1488 1016)
4(143 1017 1489 1019)
4(144 1020 1490 1022)
4(145 1023 1491 1025)
4(146 1026 1492 1028)
4(147 1029 1493 1031)
4(148 1032 1494 1034)
4(149 1035 1495 1037)
4(150 1038 1496 1040)
4(151 1041 1497 1043)
4(152 477 606 479)
4(168 1067 1533 487)
4(169 1068 1534 1070)
4(170 1071 1535 1073)
4(171 1074 1536 1076)
4(172 1077 1537 1079)
4(173 1080 1538 1082)
4(174 1083 1539 1085)
4(175 1086 1540 1088)
4(176 1089 1541 1091)
4(177 1092 1542 1094)
4(178 1095 1543 1097)
4(179 1098 1544 1100)
4(180 488 1545 1101)
4(196 1128 1584 494)
4(197 1129 1585 1131)
4(198 1132 1586 1134)
4(199 1135 1587 1137)
4(200 1138 1588 1140)
4(201 1141 1589 1143)
4(202 1144 1590 1146)
4(203 1147 1591 1149)
4(204 1150 1592 1152)
4(205 1153 1593 1155)
4(206 1156 1594 1158)
4(207 1159 1595 1161)
4(208 1162 1596 1164)
4(224 1193 1635 497)
4(225 1194 1636 1196)
4(226 1197 1637 1199)
4(227 1200 1638 1202)
4(228 1203 1639 1205)
4(229 1206 1640 1208)
4(230 1209 1641 1211)
4(231 1212 1642 1214)
4(232 1215 1643 1217)
4(233 1218 1644 1220)
4(234 1221 1645 1223)
4(235 1224 1646 1226)
4(236 1227 1647 1229)
4(252 499 616 501)
4(253 502 617 504)
4(254 505 618 507)
4(255 508 619 509)
4(256 510 620 511)
4(257 512 621 513)
4(258 514 622 515)
4(259 659 694 516)
4(260 1258 1678 662)
4(261 1259 1679 1261)
4(262 1262 1680 1264)
4(263 1265 1681 1267)
4(264 1268 1682 1270)
4(1 333 534 328)
4(28 330 534 396)
4(29 396 534 333)
4(2 336 535 331)
4(29 333 535 399)
4(30 399 535 336)
4(3 339 536 334)
4(30 336 536 401)
4(31 401 536 339)
4(4 342 537 337)
4(31 339 537 403)
4(32 403 537 342)
4(5 345 538 340)
4(32 342 538 405)
4(33 405 538 345)
4(6 348 539 343)
4(33 345 539 407)
4(34 407 539 348)
4(7 351 540 346)
4(34 348 540 409)
4(35 409 540 351)
4(8 354 541 349)
4(35 351 541 411)
4(36 411 541 354)
4(9 357 542 352)
4(36 354 542 413)
4(37 413 542 357)
4(10 360 543 355)
4(37 357 543 415)
4(38 415 543 360)
4(11 363 544 358)
4(38 360 544 417)
4(39 417 544 363)
4(12 366 545 361)
4(39 363 545 419)
4(40 419 545 366)
4(13 368 546 364)
4(40 366 546 421)
4(41 421 546 368)
4(41 425 586 421)
4(68 423 586 444)
4(69 444 586 425)
4(69 448 591 444)
4(96 446 591 455)
4(97 455 591 448)
4(97 459 596 455)
4(124 457 596 466)
4(125 466 596 459)
4(125 470 601 466)
4(152 468 601 477)
4(153 477 601 470)
4(153 481 606 477)
4(180 479 606 488)
4(181 488 606 481)
4(253 504 616 499)
4(280 501 616 522)
4(281 522 616 504)
4(254 507 617 502)
4(281 504 617 524)
4(282 524 617 507)
4(255 509 618 505)
4(282 507 618 526)
4(283 526 618 509)
4(256 511 619 508)
4(283 509 619 528)
4(284 528 619 511)
4(257 513 620 510)
4(284 511 620 529)
4(285 529 620 513)
4(258 515 621 512)
4(285 513 621 530)
4(286 530 621 515)
4(259 516 622 514)
4(286 515 622 531)
4(287 531 622 516)
4(260 662 694 659)
4(287 516 694 679)
4(288 679 694 662)
4(29 817 1298 396)
4(56 398 1298 839)
4(57 839 1298 817)
4(30 818 1299 399)
4(57 817 1299 840)
4(58 840 1299 818)
4(31 819 1300 401)
4(58 818 1300 843)
4(59 843 1300 819)
4(32 820 1301 403)
4(59 819 1301 846)
4(60 846 1301 820)
4(33 821 1302 405)
4(60 820 1302 849)
4(61 849 1302 821)
4(34 822 1303 407)
4(61 821 1303 852)
4(62 852 1303 822)
4(35 823 1304 409)
4(62 822 1304 855)
4(63 855 1304 823)
4(36 824 1305 411)
4(63 823 1305 858)
4(64 858 1305 824)
4(37 825 1306 413)
4(64 824 1306 861)
4(65 861 1306 825)
4(38 826 1307 415)
4(65 825 1307 864)
4(66 864 1307 826)
4(39 827 1308 417)
4(66 826 1308 867)
4(67 867 1308 827)
4(40 423 1309 419)
4(67 827 1309 870)
4(68 870 1309 423)
4(57 842 1345 839)
4(84 443 1345 896)
4(85 896 1345 842)
4(58 845 1346 840)
4(85 842 1346 897)
4(86 897 1346 845)
4(59 848 1347 843)
4(86 845 1347 900)
4(87 900 1347 848)
4(60 851 1348 846)
4(87 848 1348 903)
4(88 903 1348 851)
4(61 854 1349 849)
4(88 851 1349 906)
4(89 906 1349 854)
4(62 857 1350 852)
4(89 854 1350 909)
4(90 909 1350 857)
4(63 860 1351 855)
4(90 857 1351 912)
4(91 912 1351 860)
4(64 863 1352 858)
4(91 860 1352 915)
4(92 915 1352 863)
4(65 866 1353 861)
4(92 863 1353 918)
4(93 918 1353 866)
4(66 869 1354 864)
4(93 866 1354 921)
4(94 921 1354 869)
4(67 872 1355 867)
4(94 869 1355 924)
4(95 924 1355 872)
4(68 446 1356 870)
4(95 872 1356 927)
4(96 927 1356 446)
4(85 899 1392 896)
4(112 454 1392 953)
4(113 953 1392 899)
4(86 902 1393 897)
4(113 899 1393 954)
4(114 954 1393 902)
4(87 905 1394 900)
4(114 902 1394 957)
4(115 957 1394 905)
4(88 908 1395 903)
4(115 905 1395 960)
4(116 960 1395 908)
4(89 911 1396 906)
4(116 908 1396 963)
4(117 963 1396 911)
4(90 914 1397 909)
4(117 911 1397 966)
4(118 966 1397 914)
4(91 917 1398 912)
4(118 914 1398 969)
4(119 969 1398 917)
4(92 920 1399 915)
4(119 917 1399 972)
4(120 972 1399 920)
4(93 923 1400 918)
4(120 920 1400 975)
4(121 975 1400 923)
4(94 926 1401 921)
4(121 923 1401 978)
4(122 978 1401 926)
4(95 929 1402 924)
4(122 926 1402 981)
4(123 981 1402 929)
4(96 457 1403 927)
4(123 929 1403 984)
4(124 984 1403 457)
4(113 956 1439 953)
4(140 465 1439 1010)
4(141 1010 1439 956)
4(114 959 1440 954)
4(141 956 1440 1011)
4(142 1011 1440 959)
4(115 962 1441 957)
4(142 959 1441 1014)
4(143 1014 1441 962)
4(116 965 1442 960)
4(143 962 1442 1017)
4(144 1017 1442 965)
4(117 968 1443 963)
4(144 965 1443 1020)
4(145 1020 1443 968)
4(118 971 1444 966)
4(145 968 1444 1023)
4(146 1023 1444 971)
4(119 974 1445 969)
4(146 971 1445 1026)
4(147 1026 1445 974)
4(120 977 1446 972)
4(147 974 1446 1029)
4(148 1029 1446 977)
4(121 980 1447 975)
4(148 977 1447 1032)
4(149 1032 1447 980)
4(122 983 1448 978)
4(149 980 1448 1035)
4(150 1035 1448 983)
4(123 986 1449 981)
4(150 983 1449 1038)
4(151 1038 1449 986)
4(124 468 1450 984)
4(151 986 1450 1041)
4(152 1041 1450 468)
4(141 1013 1486 1010)
4(168 476 1486 1067)
4(169 1067 1486 1013)
4(142 1016 1487 1011)
4(169 1013 1487 1068)
4(170 1068 1487 1016)
4(143 1019 1488 1014)
4(170 1016 1488 1071)
4(171 1071 1488 1019)
4(144 1022 1489 1017)
4(171 1019 1489 1074)
4(172 1074 1489 1022)
4(145 1025 1490 1020)
4(172 1022 1490 1077)
4(173 1077 1490 1025)
4(146 1028 1491 1023)
4(173 1025 1491 1080)
4(174 1080 1491 1028)
4(147 1031 1492 1026)
4(174 1028 1492 1083)
4(175 1083 1492 1031)
4(148 1034 1493 1029)
4(175 1031 1493 1086)
4(176 1086 1493 1034)
4(149 1037 1494 1032)
4(176 1034 1494 1089)
4(177 1089 1494 1037)
4(150 1040 1495 1035)
4(177 1037 1495 1092)
4(178 1092 1495 1040)
4(151 1043 1496 1038)
4(178 1040 1496 1095)
4(179 1095 1496 1043)
4(152 479 1497 1041)
4(179 1043 1497 1098)
4(180 1098 1497 479)
4(169 1070 1533 1067)
4(196 487 1533 1128)
4(197 1128 1533 1070)
4(170 1073 1534 1068)
4(197 1070 1534 1129)
4(198 1129 1534 1073)
4(171 1076 1535 1071)
4(198 1073 1535 1132)
4(199 1132 1535 1076)
4(172 1079 1536 1074)
4(199 1076 1536 1135)
4(200 1135 1536 1079)
4(173 1082 1537 1077)
4(200 1079 1537 1138)
4(201 1138 1537 1082)
4(174 1085 1538 1080)
4(201 1082 1538 1141)
4(202 1141 1538 1085)
4(175 1088 1539 1083)
4(202 1085 1539 1144)
4(203 1144 1539 1088)
4(176 1091 1540 1086)
4(203 1088 1540 1147)
4(204 1147 1540 1091)
4(177 1094 1541 1089)
4(204 1091 1541 1150)
4(205 1150 1541 1094)
4(178 1097 1542 1092)
4(205 1094 1542 1153)
4(206 1153 1542 1097)
4(179 1100 1543 1095)
4(206 1097 1543 1156)
4(207 1156 1543 1100)
4(180 1101 1544 1098)
4(207 1100 1544 1159)
4(208 1159 1544 1101)
4(181 1102 1545 488)
4(208 1101 1545 1162)
4(209 1162 1545 1102)
4(197 1131 1584 1128)
4(224 494 1584 1193)
4(225 1193 1584 1131)
4(198 1134 1585 1129)
4(225 1131 1585 1194)
4(226 1194 1585 1134)
4(199 1137 1586 1132)
4(226 1134 1586 1197)
4(227 1197 1586 1137)
4(200 1140 1587 1135)
4(227 1137 1587 1200)
4(228 1200 1587 1140)
4(201 1143 1588 1138)
4(228 1140 1588 1203)
4(229 1203 1588 1143)
4(202 1146 1589 1141)
4(229 1143 1589 1206)
4(230 1206 1589 1146)
4(203 1149 1590 1144)
4(230 1146 1590 1209)
4(231 1209 1590 1149)
4(204 1152 1591 1147)
4(231 1149 1591 1212)
4(232 1212 1591 1152)
4(205 1155 1592 1150)
4(232 1152 1592 1215)
4(233 1215 1592 1155)
4(206 1158 1593 1153)
4(233 1155 1593 1218)
4(234 1218 1593 1158)
4(207 1161 1594 1156)
4(234 1158 1594 1221)
4(235 1221 1594 1161)
4(208 1164 1595 1159)
4(235 1161 1595 1224)
4(236 1224 1595 1164)
4(209 1166 1596 1162)
4(236 1164 1596 1227)
4(237 1227 1596 1166)
4(225 1196 1635 1193)
4(252 497 1635 499)
4(253 499 1635 1196)
4(226 1199 1636 1194)
4(253 1196 1636 502)
4(254 502 1636 1199)
4(227 1202 1637 1197)
4(254 1199 1637 505)
4(255 505 1637 1202)
4(228 1205 1638 1200)
4(255 1202 1638 508)
4(256 508 1638 1205)
4(229 1208 1639 1203)
4(256 1205 1639 510)
4(257 510 1639 1208)
4(230 1211 1640 1206)
4(257 1208 1640 512)
4(258 512 1640 1211)
4(231 1214 1641 1209)
4(258 1211 1641 514)
4(259 514 1641 1214)
4(232 1217 1642 1212)
4(259 1214 1642 659)
4(260 659 1642 1217)
4(233 1220 1643 1215)
4(260 1217 1643 1258)
4(261 1258 1643 1220)
4(234 1223 1644 1218)
4(261 1220 1644 1259)
4(262 1259 1644 1223)
4(235 1226 1645 1221)
4(262 1223 1645 1262)
4(263 1262 1645 1226)
4(236 1229 1646 1224)
4(263 1226 1646 1265)
4(264 1265 1646 1229)
4(237 1231 1647 1227)
4(264 1229 1647 1268)
4(265 1268 1647 1231)
4(261 1261 1678 1258)
4(288 662 1678 1283)
4(289 1283 1678 1261)
4(262 1264 1679 1259)
4(289 1261 1679 1284)
4(290 1284 1679 1264)
4(263 1267 1680 1262)
4(290 1264 1680 1286)
4(291 1286 1680 1267)
4(264 1270 1681 1265)
4(291 1267 1681 1288)
4(292 1288 1681 1270)
4(265 1272 1682 1268)
4(292 1270 1682 1290)
4(293 1290 1682 1272)
4(14 370 549 369)
4(15 372 552 371)
4(16 374 555 373)
4(17 376 558 375)
4(18 378 561 377)
4(19 380 564 379)
4(20 382 567 381)
4(21 384 570 383)
4(22 386 573 385)
4(23 388 576 387)
4(24 390 579 389)
4(25 392 582 391)
4(26 394 584 393)
4(42 427 1311 426)
4(43 828 1314 428)
4(44 829 1317 429)
4(45 830 1320 430)
4(46 831 1323 431)
4(47 832 1326 432)
4(48 833 1329 433)
4(49 834 1332 434)
4(50 835 1335 435)
4(51 836 1338 436)
4(52 837 1341 437)
4(53 838 1343 438)
4(54 440 589 439)
4(70 449 1358 873)
4(71 875 1361 874)
4(72 877 1364 876)
4(73 879 1367 878)
4(74 881 1370 880)
4(75 883 1373 882)
4(76 885 1376 884)
4(77 887 1379 886)
4(78 889 1382 888)
4(79 891 1385 890)
4(80 893 1388 892)
4(81 895 1390 894)
4(82 451 594 450)
4(98 460 1405 930)
4(99 932 1408 931)
4(100 934 1411 933)
4(101 936 1414 935)
4(102 938 1417 937)
4(103 940 1420 939)
4(104 942 1423 941)
4(105 944 1426 943)
4(106 946 1429 945)
4(107 948 1432 947)
4(108 950 1435 949)
4(109 952 1437 951)
4(110 462 599 461)
4(126 471 1452 987)
4(127 989 1455 988)
4(128 991 1458 990)
4(129 993 1461 992)
4(130 995 1464 994)
4(131 997 1467 996)
4(132 999 1470 998)
4(133 1001 1473 1000)
4(134 1003 1476 1002)
4(135 1005 1479 1004)
4(136 1007 1482 1006)
4(137 1009 1484 1008)
4(138 473 604 472)
4(154 482 1499 1044)
4(155 1046 1502 1045)
4(156 1048 1505 1047)
4(157 1050 1508 1049)
4(158 1052 1511 1051)
4(159 1054 1514 1053)
4(160 1056 1517 1055)
4(161 1058 1520 1057)
4(162 1060 1523 1059)
4(163 1062 1526 1061)
4(164 1064 1529 1063)
4(165 1066 1531 1065)
4(166 484 609 483)
4(182 491 1547 1103)
4(183 1105 1550 1104)
4(184 1107 1553 1106)
4(185 1109 1556 1108)
4(186 1111 1559 1110)
4(187 1113 1562 1112)
4(188 1115 1565 1114)
4(189 1117 1568 1116)
4(190 1119 1571 1118)
4(191 1121 1574 1120)
4(192 1123 1577 1122)
4(193 1125 1580 1124)
4(194 1126 1582 492)
4(210 495 1598 1167)
4(211 1169 1601 1168)
4(212 1171 1604 1170)
4(213 1173 1607 1172)
4(214 1175 1610 1174)
4(215 1177 1613 1176)
4(216 1179 1616 1178)
4(217 1181 1619 1180)
4(218 1183 1622 1182)
4(219 1185 1625 1184)
4(220 1187 1628 1186)
4(221 1189 1631 1188)
4(222 1191 1633 1190)
4(238 498 1649 1232)
4(239 1234 1651 1233)
4(240 1236 1653 1235)
4(241 1238 1655 1237)
4(242 1240 1657 1239)
4(243 1242 1659 1241)
4(244 1244 1661 1243)
4(245 1246 1663 1245)
4(246 1248 1665 1247)
4(247 1250 1668 1249)
4(248 1252 1671 1251)
4(249 1254 1674 1253)
4(250 1256 1676 1255)
4(266 518 625 517)
4(267 520 627 519)
4(268 521 696 663)
4(269 665 698 664)
4(270 667 700 666)
4(271 669 702 668)
4(272 671 704 670)
4(273 673 706 672)
4(274 674 1684 1273)
4(275 1275 1686 1274)
4(276 1277 1688 1276)
4(277 1279 1690 1278)
4(278 1281 1691 1280)
4(15 369 549 372)
4(42 426 549 370)
4(43 372 549 426)
4(16 371 552 374)
4(43 428 552 372)
4(44 374 552 428)
4(17 373 555 376)
4(44 429 555 374)
4(45 376 555 429)
4(18 375 558 378)
4(45 430 558 376)
4(46 378 558 430)
4(19 377 561 380)
4(46 431 561 378)
4(47 380 561 431)
4(20 379 564 382)
4(47 432 564 380)
4(48 382 564 432)
4(21 381 567 384)
4(48 433 567 382)
4(49 384 567 433)
4(22 383 570 386)
4(49 434 570 384)
4(50 386 570 434)
4(23 385 573 388)
4(50 435 573 386)
4(51 388 573 435)
4(24 387 576 390)
4(51 436 576 388)
4(52 390 576 436)
4(25 389 579 392)
4(52 437 579 390)
4(53 392 579 437)
4(26 391 582 394)
4(53 438 582 392)
4(54 394 582 438)
4(27 393 584 395)
4(54 439 584 394)
4(55 395 584 439)
4(55 439 589 441)
4(82 450 589 440)
4(83 441 589 450)
4(83 450 594 452)
4(110 461 594 451)
4(111 452 594 461)
4(111 461 599 463)
4(138 472 599 462)
4(139 463 599 472)
4(139 472 604 474)
4(166 483 604 473)
4(167 474 604 483)
4(167 483 609 485)
4(194 492 609 484)
4(195 485 609 492)
4(267 517 625 520)
4(294 532 625 518)
4(295 520 625 532)
4(268 519 627 521)
4(295 533 627 520)
4(296 521 627 533)
4(269 663 696 665)
4(296 682 696 521)
4(297 665 696 682)
4(270 664 698 667)
4(297 683 698 665)
4(298 667 698 683)
4(271 666 700 669)
4(298 684 700 667)
4(299 669 700 684)
4(272 668 702 671)
4(299 685 702 669)
4(300 671 702 685)
4(273 670 704 673)
4(300 686 704 671)
4(301 673 704 686)
4(274 672 706 674)
4(301 687 706 673)
4(302 674 706 687)
4(43 426 1311 828)
4(70 873 1311 427)
4(71 828 1311 873)
4(44 428 1314 829)
4(71 874 1314 828)
4(72 829 1314 874)
4(45 429 1317 830)
4(72 876 1317 829)
4(73 830 1317 876)
4(46 430 1320 831)
4(73 878 1320 830)
4(74 831 1320 878)
4(47 431 1323 832)
4(74 880 1323 831)
4(75 832 1323 880)
4(48 432 1326 833)
4(75 882 1326 832)
4(76 833 1326 882)
4(49 433 1329 834)
4(76 884 1329 833)
4(77 834 1329 884)
4(50 434 1332 835)
4(77 886 1332 834)
4(78 835 1332 886)
4(51 435 1335 836)
4(78 888 1335 835)
4(79 836 1335 888)
4(52 436 1338 837)
4(79 890 1338 836)
4(80 837 1338 890)
4(53 437 1341 838)
4(80 892 1341 837)
4(81 838 1341 892)
4(54 438 1343 440)
4(81 894 1343 838)
4(82 440 1343 894)
4(71 873 1358 875)
4(98 930 1358 449)
4(99 875 1358 930)
4(72 874 1361 877)
4(99 931 1361 875)
4(100 877 1361 931)
4(73 876 1364 879)
4(100 933 1364 877)
4(101 879 1364 933)
4(74 878 1367 881)
4(101 935 1367 879)
4(102 881 1367 935)
4(75 880 1370 883)
4(102 937 1370 881)
4(103 883 1370 937)
4(76 882 1373 885)
4(103 939 1373 883)
4(104 885 1373 939)
4(77 884 1376 887)
4(104 941 1376 885)
4(105 887 1376 941)
4(78 886 1379 889)
4(105 943 1379 887)
4(106 889 1379 943)
4(79 888 1382 891)
4(106 945 1382 889)
4(107 891 1382 945)
4(80 890 1385 893)
4(107 947 1385 891)
4(108 893 1385 947)
4(81 892 1388 895)
4(108 949 1388 893)
4(109 895 1388 949)
4(82 894 1390 451)
4(109 951 1390 895)
4(110 451 1390 951)
4(99 930 1405 932)
4(126 987 1405 460)
4(127 932 1405 987)
4(100 931 1408 934)
4(127 988 1408 932)
4(128 934 1408 988)
4(101 933 1411 936)
4(128 990 1411 934)
4(129 936 1411 990)
4(102 935 1414 938)
4(129 992 1414 936)
4(130 938 1414 992)
4(103 937 1417 940)
4(130 994 1417 938)
4(131 940 1417 994)
4(104 939 1420 942)
4(131 996 1420 940)
4(132 942 1420 996)
4(105 941 1423 944)
4(132 998 1423 942)
4(133 944 1423 998)
4(106 943 1426 946)
4(133 1000 1426 944)
4(134 946 1426 1000)
4(107 945 1429 948)
4(134 1002 1429 946)
4(135 948 1429 1002)
4(108 947 1432 950)
4(135 1004 1432 948)
4(136 950 1432 1004)
4(109 949 1435 952)
4(136 1006 1435 950)
4(137 952 1435 1006)
4(110 951 1437 462)
4(137 1008 1437 952)
4(138 462 1437 1008)
4(127 987 1452 989)
4(154 1044 1452 471)
4(155 989 1452 1044)
4(128 988 1455 991)
4(155 1045 1455 989)
4(156 991 1455 1045)
4(129 990 1458 993)
4(156 1047 1458 991)
4(157 993 1458 1047)
4(130 992 1461 995)
4(157 1049 1461 993)
4(158 995 1461 1049)
4(131 994 1464 997)
4(158 1051 1464 995)
4(159 997 1464 1051)
4(132 996 1467 999)
4(159 1053 1467 997)
4(160 999 1467 1053)
4(133 998 1470 1001)
4(160 1055 1470 999)
4(161 1001 1470 1055)
4(134 1000 1473 1003)
4(161 1057 1473 1001)
4(162 1003 1473 1057)
4(135 1002 1476 1005)
4(162 1059 1476 1003)
4(163 1005 1476 1059)
4(136 1004 1479 1007)
4(163 1061 1479 1005)
4(164 1007 1479 1061)
4(137 1006 1482 1009)
4(164 1063 1482 1007)
4(165 1009 1482 1063)
4(138 1008 1484 473)
4(165 1065 1484 1009)
4(166 473 1484 1065)
4(155 1044 1499 1046)
4(182 1103 1499 482)
4(183 1046 1499 1103)
4(156 1045 1502 1048)
4(183 1104 1502 1046)
4(184 1048 1502 1104)
4(157 1047 1505 1050)
4(184 1106 1505 1048)
4(185 1050 1505 1106)
4(158 1049 1508 1052)
4(185 1108 1508 1050)
4(186 1052 1508 1108)
4(159 1051 1511 1054)
4(186 1110 1511 1052)
4(187 1054 1511 1110)
4(160 1053 1514 1056)
4(187 1112 1514 1054)
4(188 1056 1514 1112)
4(161 1055 1517 1058)
4(188 1114 1517 1056)
4(189 1058 1517 1114)
4(162 1057 1520 1060)
4(189 1116 1520 1058)
4(190 1060 1520 1116)
4(163 1059 1523 1062)
4(190 1118 1523 1060)
4(191 1062 1523 1118)
4(164 1061 1526 1064)
4(191 1120 1526 1062)
4(192 1064 1526 1120)
4(165 1063 1529 1066)
4(192 1122 1529 1064)
4(193 1066 1529 1122)
4(166 1065 1531 484)
4(193 1124 1531 1066)
4(194 484 1531 1124)
4(183 1103 1547 1105)
4(210 1167 1547 491)
4(211 1105 1547 1167)
4(184 1104 1550 1107)
4(211 1168 1550 1105)
4(212 1107 1550 1168)
4(185 1106 1553 1109)
4(212 1170 1553 1107)
4(213 1109 1553 1170)
4(186 1108 1556 1111)
4(213 1172 1556 1109)
4(214 1111 1556 1172)
4(187 1110 1559 1113)
4(214 1174 1559 1111)
4(215 1113 1559 1174)
4(188 1112 1562 1115)
4(215 1176 1562 1113)
4(216 1115 1562 1176)
4(189 1114 1565 1117)
4(216 1178 1565 1115)
4(217 1117 1565 1178)
4(190 1116 1568 1119)
4(217 1180 1568 1117)
4(218 1119 1568 1180)
4(191 1118 1571 1121)
4(218 1182 1571 1119)
4(219 1121 1571 1182)
4(192 1120 1574 1123)
4(219 1184 1574 1121)
4(220 1123 1574 1184)
4(193 1122 1577 1125)
4(220 1186 1577 1123)
4(221 1125 1577 1186)
4(194 1124 1580 1126)
4(221 1188 1580 1125)
4(222 1126 1580 1188)
4(195 492 1582 1127)
4(222 1190 1582 1126)
4(223 1127 1582 1190)
4(211 1167 1598 1169)
4(238 1232 1598 495)
4(239 1169 1598 1232)
4(212 1168 1601 1171)
4(239 1233 1601 1169)
4(240 1171 1601 1233)
4(213 1170 1604 1173)
4(240 1235 1604 1171)
4(241 1173 1604 1235)
4(214 1172 1607 1175)
4(241 1237 1607 1173)
4(242 1175 1607 1237)
4(215 1174 1610 1177)
4(242 1239 1610 1175)
4(243 1177 1610 1239)
4(216 1176 1613 1179)
4(243 1241 1613 1177)
4(244 1179 1613 1241)
4(217 1178 1616 1181)
4(244 1243 1616 1179)
4(245 1181 1616 1243)
4(218 1180 1619 1183)
4(245 1245 1619 1181)
4(246 1183 1619 1245)
4(219 1182 1622 1185)
4(246 1247 1622 1183)
4(247 1185 1622 1247)
4(220 1184 1625 1187)
4(247 1249 1625 1185)
4(248 1187 1625 1249)
4(221 1186 1628 1189)
4(248 1251 1628 1187)
4(249 1189 1628 1251)
4(222 1188 1631 1191)
4(249 1253 1631 1189)
4(250 1191 1631 1253)
4(223 1190 1633 1192)
4(250 1255 1633 1191)
4(251 1192 1633 1255)
4(239 1232 1649 1234)
4(266 517 1649 498)
4(267 1234 1649 517)
4(240 1233 1651 1236)
4(267 519 1651 1234)
4(268 1236 1651 519)
4(241 1235 1653 1238)
4(268 663 1653 1236)
4(269 1238 1653 663)
4(242 1237 1655 1240)
4(269 664 1655 1238)
4(270 1240 1655 664)
4(243 1239 1657 1242)
4(270 666 1657 1240)
4(271 1242 1657 666)
4(244 1241 1659 1244)
4(271 668 1659 1242)
4(272 1244 1659 668)
4(245 1243 1661 1246)
4(272 670 1661 1244)
4(273 1246 1661 670)
4(246 1245 1663 1248)
4(273 672 1663 1246)
4(274 1248 1663 672)
4(247 1247 1665 1250)
4(274 1273 1665 1248)
4(275 1250 1665 1273)
4(248 1249 1668 1252)
4(275 1274 1668 1250)
4(276 1252 1668 1274)
4(249 1251 1671 1254)
4(276 1276 1671 1252)
4(277 1254 1671 1276)
4(250 1253 1674 1256)
4(277 1278 1674 1254)
4(278 1256 1674 1278)
4(251 1255 1676 1257)
4(278 1280 1676 1256)
4(279 1257 1676 1280)
4(275 1273 1684 1275)
4(302 1293 1684 674)
4(303 1275 1684 1293)
4(276 1274 1686 1277)
4(303 1294 1686 1275)
4(304 1277 1686 1294)
4(277 1276 1688 1279)
4(304 1295 1688 1277)
4(305 1279 1688 1295)
4(278 1278 1690 1281)
4(305 1296 1690 1279)
4(306 1281 1690 1296)
4(279 1280 1691 1282)
4(306 1297 1691 1281)
4(307 1282 1691 1297)
4(0 330 547 329)
4(28 398 587 397)
4(56 443 592 442)
4(84 454 597 453)
4(112 465 602 464)
4(140 476 607 475)
4(168 487 611 486)
4(196 494 612 493)
4(224 497 613 496)
4(252 501 623 500)
4(14 329 547 370)
4(28 397 547 330)
4(42 370 547 397)
4(42 397 587 427)
4(56 442 587 398)
4(70 427 587 442)
4(70 442 592 449)
4(84 453 592 443)
4(98 449 592 453)
4(98 453 597 460)
4(112 464 597 454)
4(126 460 597 464)
4(126 464 602 471)
4(140 475 602 465)
4(154 471 602 475)
4(154 475 607 482)
4(168 486 607 476)
4(182 482 607 486)
4(182 486 611 491)
4(196 493 611 487)
4(210 491 611 493)
4(210 493 612 495)
4(224 496 612 494)
4(238 495 612 496)
4(238 496 613 498)
4(252 500 613 497)
4(266 498 613 500)
4(266 500 623 518)
4(280 523 623 501)
4(294 518 623 523)
)


// ************************************************************************* //
