/*--------------------------------*- C++ -*----------------------------------*\
| =========                 |                                                 |
| \\      /  F ield         | OpenFOAM: The Open Source CFD Toolbox           |
|  \\    /   O peration     | Version:  v2012                                 |
|   \\  /    A nd           | Website:  www.openfoam.com                      |
|    \\/     M anipulation  |                                                 |
\*---------------------------------------------------------------------------*/
FoamFile
{
    version     2.0;
    format      ascii;
    class       labelList;
    note        "nPoints:1701  nCells:1040  nFaces:3732  nInternalFaces:2508";
    location    "constant/rightSolid/polyMesh";
    object      neighbour;
}
// * * * * * * * * * * * * * * * * * * * * * * * * * * * * * * * * * * * * * //


2508
(
130
131
133
130
137
138
140
137
144
145
147
144
151
152
154
151
158
159
161
158
165
166
168
165
172
173
175
172
179
180
182
179
186
187
189
186
193
194
196
193
200
201
203
200
207
208
210
207
214
215
217
133
312
313
315
140
312
319
320
322
147
319
326
327
329
154
326
333
334
336
161
333
340
341
343
168
340
347
348
350
175
347
354
355
357
182
354
361
362
364
189
361
368
369
371
196
368
375
376
378
203
375
382
383
385
210
382
389
390
392
217
221
222
224
389
315
396
397
399
322
396
403
404
406
329
403
410
411
413
336
410
417
418
420
343
417
424
425
427
350
424
431
432
434
357
431
438
439
441
364
438
445
446
448
371
445
452
453
455
378
452
459
460
462
385
459
466
467
469
392
466
473
474
476
224
228
229
231
473
399
480
481
483
406
480
487
488
490
413
487
494
495
497
420
494
501
502
504
427
501
508
509
511
434
508
515
516
518
441
515
522
523
525
448
522
529
530
532
455
529
536
537
539
462
536
543
544
546
469
543
550
551
553
476
550
557
558
560
231
235
236
238
557
483
564
565
567
490
564
571
572
574
497
571
578
579
581
504
578
585
586
588
511
585
592
593
595
518
592
599
600
602
525
599
606
607
609
532
606
613
614
616
539
613
620
621
623
546
620
627
628
630
553
627
634
635
637
560
634
641
642
644
238
242
243
245
641
567
648
649
651
574
648
655
656
658
581
655
662
663
665
588
662
669
670
672
595
669
676
677
679
602
676
683
684
686
609
683
690
691
693
616
690
697
698
700
623
697
704
705
707
630
704
711
712
714
637
711
718
719
721
644
718
725
726
728
245
249
250
252
725
651
732
733
735
658
732
739
740
742
665
739
746
747
749
672
746
753
754
756
679
753
760
761
763
686
760
767
768
770
693
767
774
775
777
700
774
781
782
784
707
781
788
789
791
714
788
795
796
798
721
795
802
803
805
728
802
809
810
812
252
809
816
817
819
735
823
824
826
742
823
830
831
833
749
830
837
838
840
756
837
844
845
847
763
844
851
852
854
770
851
858
859
861
777
858
865
866
868
784
865
872
873
875
791
872
879
880
882
798
879
886
887
889
805
886
893
894
896
812
893
900
901
903
819
900
907
908
910
826
914
915
917
833
914
921
922
924
840
921
928
929
931
847
928
935
936
938
854
935
942
943
945
861
942
949
950
952
868
949
956
957
959
875
956
963
964
966
882
963
970
971
973
889
970
977
978
980
896
977
984
985
987
903
984
991
992
994
910
991
998
999
1001
256
257
259
917
256
263
264
266
924
263
270
271
273
931
270
277
278
280
938
277
284
285
287
945
284
291
292
294
952
291
298
299
301
959
298
305
306
308
966
305
973
1005
1006
1008
980
1005
1012
1013
1015
987
1012
1019
1020
1022
994
1019
1026
1027
1029
1001
1026
1033
1034
1036
132
134
132
135
136
138
134
135
136
140
312
136
313
142
314
139
141
139
142
143
145
141
142
143
147
319
143
320
149
321
146
148
146
149
150
152
148
149
150
154
326
150
327
156
328
153
155
153
156
157
159
155
156
157
161
333
157
334
163
335
160
162
160
163
164
166
162
163
164
168
340
164
341
170
342
167
169
167
170
171
173
169
170
171
175
347
171
348
177
349
174
176
174
177
178
180
176
177
178
182
354
178
355
184
356
181
183
181
184
185
187
183
184
185
189
361
185
362
191
363
188
190
188
191
192
194
190
191
192
196
368
192
369
198
370
195
197
195
198
199
201
197
198
199
203
375
199
376
205
377
202
204
202
205
206
208
204
205
206
210
382
206
383
212
384
209
211
209
212
213
215
211
212
213
217
389
213
390
219
391
216
218
216
219
220
218
219
220
221
220
222
223
223
225
223
226
391
227
225
226
393
227
228
227
229
395
230
230
232
230
233
475
234
232
233
477
234
235
234
236
479
237
237
239
237
240
559
241
239
240
561
241
242
241
243
563
244
244
246
244
247
643
248
246
247
645
248
249
248
250
647
251
251
253
251
254
727
255
253
254
729
255
816
255
731
817
818
258
260
918
258
261
919
262
264
920
260
261
262
266
262
268
265
267
925
265
268
926
269
271
927
267
268
269
273
269
275
272
274
932
272
275
933
276
278
934
274
275
276
280
276
282
279
281
939
279
282
940
283
285
941
281
282
283
287
283
289
286
288
946
286
289
947
290
292
948
288
289
290
294
290
296
293
295
953
293
296
954
297
299
955
295
296
297
301
297
303
300
302
960
300
303
961
304
306
962
302
303
304
308
304
310
307
309
967
307
310
968
311
969
1006
309
310
311
1008
311
1010
314
316
314
317
318
320
316
317
318
322
396
318
397
324
398
321
323
321
324
325
327
323
324
325
329
403
325
404
331
405
328
330
328
331
332
334
330
331
332
336
410
332
411
338
412
335
337
335
338
339
341
337
338
339
343
417
339
418
345
419
342
344
342
345
346
348
344
345
346
350
424
346
425
352
426
349
351
349
352
353
355
351
352
353
357
431
353
432
359
433
356
358
356
359
360
362
358
359
360
364
438
360
439
366
440
363
365
363
366
367
369
365
366
367
371
445
367
446
373
447
370
372
370
373
374
376
372
373
374
378
452
374
453
380
454
377
379
377
380
381
383
379
380
381
385
459
381
460
387
461
384
386
384
387
388
390
386
387
388
392
466
388
467
394
468
391
393
391
394
395
393
394
395
473
395
474
475
398
400
398
401
402
404
400
401
402
406
480
402
481
408
482
405
407
405
408
409
411
407
408
409
413
487
409
488
415
489
412
414
412
415
416
418
414
415
416
420
494
416
495
422
496
419
421
419
422
423
425
421
422
423
427
501
423
502
429
503
426
428
426
429
430
432
428
429
430
434
508
430
509
436
510
433
435
433
436
437
439
435
436
437
441
515
437
516
443
517
440
442
440
443
444
446
442
443
444
448
522
444
523
450
524
447
449
447
450
451
453
449
450
451
455
529
451
530
457
531
454
456
454
457
458
460
456
457
458
462
536
458
537
464
538
461
463
461
464
465
467
463
464
465
469
543
465
544
471
545
468
470
468
471
472
474
470
471
472
476
550
472
551
478
552
475
477
475
478
479
477
478
479
557
479
558
559
482
484
482
485
486
488
484
485
486
490
564
486
565
492
566
489
491
489
492
493
495
491
492
493
497
571
493
572
499
573
496
498
496
499
500
502
498
499
500
504
578
500
579
506
580
503
505
503
506
507
509
505
506
507
511
585
507
586
513
587
510
512
510
513
514
516
512
513
514
518
592
514
593
520
594
517
519
517
520
521
523
519
520
521
525
599
521
600
527
601
524
526
524
527
528
530
526
527
528
532
606
528
607
534
608
531
533
531
534
535
537
533
534
535
539
613
535
614
541
615
538
540
538
541
542
544
540
541
542
546
620
542
621
548
622
545
547
545
548
549
551
547
548
549
553
627
549
628
555
629
552
554
552
555
556
558
554
555
556
560
634
556
635
562
636
559
561
559
562
563
561
562
563
641
563
642
643
566
568
566
569
570
572
568
569
570
574
648
570
649
576
650
573
575
573
576
577
579
575
576
577
581
655
577
656
583
657
580
582
580
583
584
586
582
583
584
588
662
584
663
590
664
587
589
587
590
591
593
589
590
591
595
669
591
670
597
671
594
596
594
597
598
600
596
597
598
602
676
598
677
604
678
601
603
601
604
605
607
603
604
605
609
683
605
684
611
685
608
610
608
611
612
614
610
611
612
616
690
612
691
618
692
615
617
615
618
619
621
617
618
619
623
697
619
698
625
699
622
624
622
625
626
628
624
625
626
630
704
626
705
632
706
629
631
629
632
633
635
631
632
633
637
711
633
712
639
713
636
638
636
639
640
642
638
639
640
644
718
640
719
646
720
643
645
643
646
647
645
646
647
725
647
726
727
650
652
650
653
654
656
652
653
654
658
732
654
733
660
734
657
659
657
660
661
663
659
660
661
665
739
661
740
667
741
664
666
664
667
668
670
666
667
668
672
746
668
747
674
748
671
673
671
674
675
677
673
674
675
679
753
675
754
681
755
678
680
678
681
682
684
680
681
682
686
760
682
761
688
762
685
687
685
688
689
691
687
688
689
693
767
689
768
695
769
692
694
692
695
696
698
694
695
696
700
774
696
775
702
776
699
701
699
702
703
705
701
702
703
707
781
703
782
709
783
706
708
706
709
710
712
708
709
710
714
788
710
789
716
790
713
715
713
716
717
719
715
716
717
721
795
717
796
723
797
720
722
720
723
724
726
722
723
724
728
802
724
803
730
804
727
729
727
730
731
729
730
731
809
731
810
811
734
736
734
737
738
740
736
737
738
742
823
738
824
744
825
741
743
741
744
745
747
743
744
745
749
830
745
831
751
832
748
750
748
751
752
754
750
751
752
756
837
752
838
758
839
755
757
755
758
759
761
757
758
759
763
844
759
845
765
846
762
764
762
765
766
768
764
765
766
770
851
766
852
772
853
769
771
769
772
773
775
771
772
773
777
858
773
859
779
860
776
778
776
779
780
782
778
779
780
784
865
780
866
786
867
783
785
783
786
787
789
785
786
787
791
872
787
873
793
874
790
792
790
793
794
796
792
793
794
798
879
794
880
800
881
797
799
797
800
801
803
799
800
801
805
886
801
887
807
888
804
806
804
807
808
810
806
807
808
812
893
808
894
814
895
811
813
811
814
815
817
813
814
815
819
900
815
901
821
902
818
820
818
821
822
820
821
822
907
822
908
909
825
827
825
828
829
831
827
828
829
833
914
829
915
835
916
832
834
832
835
836
838
834
835
836
840
921
836
922
842
923
839
841
839
842
843
845
841
842
843
847
928
843
929
849
930
846
848
846
849
850
852
848
849
850
854
935
850
936
856
937
853
855
853
856
857
859
855
856
857
861
942
857
943
863
944
860
862
860
863
864
866
862
863
864
868
949
864
950
870
951
867
869
867
870
871
873
869
870
871
875
956
871
957
877
958
874
876
874
877
878
880
876
877
878
882
963
878
964
884
965
881
883
881
884
885
887
883
884
885
889
970
885
971
891
972
888
890
888
891
892
894
890
891
892
896
977
892
978
898
979
895
897
895
898
899
901
897
898
899
903
984
899
985
905
986
902
904
902
905
906
908
904
905
906
910
991
906
992
912
993
909
911
909
912
913
911
912
913
998
913
999
1000
916
918
916
919
920
922
918
919
920
924
920
926
923
925
923
926
927
929
925
926
927
931
927
933
930
932
930
933
934
936
932
933
934
938
934
940
937
939
937
940
941
943
939
940
941
945
941
947
944
946
944
947
948
950
946
947
948
952
948
954
951
953
951
954
955
957
953
954
955
959
955
961
958
960
958
961
962
964
960
961
962
966
962
968
965
967
965
968
969
971
967
968
969
973
969
975
972
974
972
975
976
978
974
975
976
980
1005
976
1006
982
1007
979
981
979
982
983
985
981
982
983
987
1012
983
1013
989
1014
986
988
986
989
990
992
988
989
990
994
1019
990
1020
996
1021
993
995
993
996
997
999
995
996
997
1001
1026
997
1027
1003
1028
1000
1002
1000
1003
1004
1002
1003
1004
1033
1004
1034
1035
1007
1009
1007
1010
1011
1013
1009
1010
1011
1015
1011
1017
1014
1016
1014
1017
1018
1020
1016
1017
1018
1022
1018
1024
1021
1023
1021
1024
1025
1027
1023
1024
1025
1029
1025
1031
1028
1030
1028
1031
1032
1034
1030
1031
1032
1036
1032
1038
1035
1037
1035
1038
1039
1037
1038
1039
1039
)


// ************************************************************************* //
