/*--------------------------------*- C++ -*----------------------------------*\
| =========                 |                                                 |
| \\      /  F ield         | OpenFOAM: The Open Source CFD Toolbox           |
|  \\    /   O peration     | Version:  v2012                                 |
|   \\  /    A nd           | Website:  www.openfoam.com                      |
|    \\/     M anipulation  |                                                 |
\*---------------------------------------------------------------------------*/
FoamFile
{
    version     2.0;
    format      ascii;
    class       labelList;
    location    "constant/rightSolid/polyMesh";
    object      pointRegionAddressing;
}
// * * * * * * * * * * * * * * * * * * * * * * * * * * * * * * * * * * * * * //


1701
(
172
173
174
175
176
177
178
179
180
181
182
183
184
185
203
204
205
206
207
208
209
210
211
212
213
214
215
216
513
514
515
516
517
518
519
520
521
522
523
524
525
526
544
545
546
547
548
549
550
551
552
553
554
555
556
557
854
855
856
857
858
859
860
861
862
863
864
865
866
867
885
886
887
888
889
890
891
892
893
894
895
896
897
898
1195
1196
1197
1198
1199
1200
1201
1202
1203
1204
1205
1206
1207
1208
1226
1227
1228
1229
1230
1231
1232
1233
1234
1235
1236
1237
1238
1239
1536
1537
1538
1539
1540
1541
1542
1543
1544
1545
1546
1547
1548
1549
1567
1568
1569
1570
1571
1572
1573
1574
1575
1576
1577
1578
1579
1580
1877
1878
1879
1880
1881
1882
1883
1884
1885
1886
1887
1888
1889
1890
1908
1909
1910
1911
1912
1913
1914
1915
1916
1917
1918
1919
1920
1921
2218
2219
2220
2221
2222
2223
2224
2225
2226
2227
2228
2229
2230
2231
2249
2250
2251
2252
2253
2254
2255
2256
2257
2258
2259
2260
2261
2262
2559
2560
2561
2562
2563
2564
2565
2566
2567
2568
2569
2570
2571
2572
2590
2591
2592
2593
2594
2595
2596
2597
2598
2599
2600
2601
2602
2603
2900
2901
2902
2903
2904
2905
2906
2907
2908
2909
2910
2911
2912
2913
2931
2932
2933
2934
2935
2936
2937
2938
2939
2940
2941
2942
2943
2944
3241
3242
3243
3244
3245
3246
3247
3248
3249
3250
3251
3252
3253
3254
3272
3273
3274
3275
3276
3277
3278
3279
3280
3281
3282
3283
3284
3285
3582
3583
3584
3585
3586
3587
3588
3589
3590
3591
3592
3593
3594
3595
3613
3614
3615
3616
3617
3618
3619
3620
3621
3622
3623
3624
3625
3626
3769
3770
3771
3772
3773
3774
3775
3776
3777
3778
3779
3780
3781
3789
3796
3805
3821
3827
3882
3883
3946
3947
3948
3949
3950
3951
3952
3953
3954
3955
3956
3957
3958
3959
3960
3961
3962
3963
3964
3965
3966
3967
3968
3969
3970
3971
3972
3973
3974
3975
3976
3977
3978
3979
3980
3981
3982
3983
3984
3985
3986
4021
4022
4023
4024
4025
4026
4027
4028
4029
4030
4031
4032
4033
4034
4035
4036
4037
4038
4039
4041
4042
4044
4045
4047
4048
4050
4052
4104
4105
4106
4107
4108
4109
4110
4111
4112
4113
4114
4115
4116
4117
4118
4119
4120
4121
4122
4123
4124
4125
4126
4127
4128
4129
4130
4131
4132
4133
4156
4157
4158
4159
4160
4161
4162
4163
4164
4165
4166
4168
4170
4172
4174
4176
4206
4207
4208
4209
4210
4211
4212
4221
4222
4224
4226
4269
4270
4271
4272
4273
4274
4275
4284
4285
4286
4287
4365
4366
4367
4368
4369
4370
4371
4380
4381
4382
4383
4441
4442
4443
4444
4445
4446
4447
4458
4459
4460
4461
4539
4540
4541
4542
4543
4557
4558
4613
4614
4627
4649
4650
4661
4745
4746
4747
4748
4749
4750
4751
4752
4753
4754
4755
4756
4757
4758
4759
4760
4761
4762
4804
4805
4806
4807
4808
4875
4876
4877
4878
4879
4880
4881
4882
4883
4884
4909
4910
4938
4939
4940
4941
4942
4943
4944
4945
4946
4947
4948
4949
4950
4999
5002
5003
5004
5005
5006
5007
5008
5009
5010
5011
5012
5013
5014
5015
5016
5017
5018
5019
5020
5021
5022
5023
5024
5025
5026
5027
5028
5029
5030
5031
5032
5033
5034
5035
5036
5037
5038
5039
5057
5066
5069
5070
5071
5089
5098
5101
5102
5103
5135
5144
5147
5148
5149
5198
5207
5210
5211
5212
5235
5246
5249
5250
5251
5317
5336
5380
5383
5384
5424
5426
5428
5430
5432
5434
5436
5469
5471
5472
5473
5474
5498
5500
5502
5503
5504
5505
5535
5536
5537
5538
5539
5540
5541
5542
5543
5544
5546
5548
5550
5578
5580
5943
5944
5945
5946
5947
5948
5964
5965
5966
5967
5968
5969
5970
5971
5972
5973
5974
5975
5976
5977
5978
5979
5980
5981
5982
5983
5984
5985
5986
5987
5988
5989
5990
5991
5992
5993
5994
5995
5996
6010
6011
6012
6013
6014
6015
6016
6017
6018
6019
6020
6021
6022
6023
6024
6025
6026
6027
6028
6032
6033
6034
6035
6036
6037
6125
6126
6127
6128
6129
6130
6131
6132
6133
6134
6135
6136
6206
6207
6208
6209
6210
6211
6212
6213
6214
6215
6216
6217
6295
6296
6297
6298
6299
6300
6301
6302
6303
6304
6305
6306
6389
6390
6391
6392
6393
6394
6395
6396
6397
6398
6399
6400
6483
6484
6485
6486
6487
6488
6489
6490
6491
6492
6493
6494
6569
6570
6571
6572
6573
6574
6575
6576
6577
6578
6579
6580
6581
6654
6655
6656
6657
6658
6659
6660
6661
6662
6663
6664
6665
6666
6738
6739
6740
6741
6742
6743
6744
6745
6746
6747
6748
6749
6750
6800
6801
6802
6803
6804
7056
7057
7058
7059
7060
7061
7062
7063
7064
7065
7066
7092
7093
7094
7095
7096
7097
7098
7099
7100
7101
7102
7262
7263
7264
7265
7266
7267
7268
7269
7270
7271
7272
7273
7274
7275
7276
7277
7278
7279
7280
7281
7282
7283
7284
7285
7286
7287
7288
7289
7290
7291
7292
7293
7294
7295
7336
7337
7339
7340
7342
7343
7345
7346
7348
7349
7351
7352
7354
7355
7357
7358
7360
7361
7363
7364
7366
7367
7369
7555
7556
7557
7558
7559
7560
7561
7562
7563
7564
7565
7566
7567
7568
7569
7570
7571
7572
7573
7574
7575
7576
7577
7578
7579
7580
7581
7582
7583
7584
7585
7586
7587
7588
7629
7630
7632
7633
7635
7636
7638
7639
7641
7642
7644
7645
7647
7648
7650
7651
7653
7654
7656
7657
7659
7660
7662
7865
7866
7867
7868
7869
7870
7871
7872
7873
7874
7875
7876
7877
7878
7879
7880
7881
7882
7883
7884
7885
7886
7887
7888
7889
7890
7891
7892
7893
7894
7895
7896
7897
7898
7936
7937
7939
7940
7942
7943
7945
7946
7948
7949
7951
7952
7954
7955
7957
7958
7960
7961
7963
7964
7966
7967
7969
8173
8174
8175
8176
8177
8178
8179
8180
8181
8182
8183
8184
8185
8186
8187
8188
8189
8190
8191
8192
8193
8194
8195
8196
8197
8198
8199
8200
8201
8202
8203
8204
8205
8206
8244
8245
8247
8248
8250
8251
8253
8254
8256
8257
8259
8260
8262
8263
8265
8266
8268
8269
8271
8272
8274
8275
8277
8476
8477
8478
8479
8480
8481
8482
8483
8484
8485
8486
8487
8488
8489
8490
8491
8492
8493
8494
8495
8496
8497
8498
8499
8500
8501
8502
8503
8504
8505
8506
8507
8508
8509
8510
8511
8549
8550
8552
8553
8555
8556
8558
8559
8561
8562
8564
8565
8567
8568
8570
8571
8573
8574
8576
8577
8579
8580
8582
8584
8586
8770
8771
8772
8773
8774
8775
8776
8777
8778
8779
8780
8781
8782
8783
8784
8785
8786
8787
8788
8789
8790
8791
8792
8793
8794
8795
8796
8797
8798
8799
8800
8801
8802
8803
8804
8805
8806
8807
8808
8847
8848
8850
8851
8853
8854
8856
8857
8859
8860
8862
8863
8865
8866
8868
8869
8871
8872
8874
8875
8877
8878
8880
8881
8883
8885
9066
9067
9068
9069
9070
9071
9072
9073
9074
9075
9076
9077
9078
9079
9080
9081
9082
9083
9084
9085
9086
9087
9088
9089
9090
9091
9092
9093
9094
9095
9096
9097
9098
9099
9100
9101
9102
9103
9104
9145
9146
9148
9149
9151
9152
9154
9155
9157
9158
9160
9161
9163
9164
9166
9167
9169
9170
9172
9173
9175
9176
9178
9179
9181
9183
9302
9303
9304
9305
9306
9307
9308
9309
9310
9311
9312
9313
9314
9315
9316
9333
9335
9337
9338
9340
9341
9343
9344
9346
9348
9436
9437
9438
9439
9440
9441
9442
9443
9444
9445
9462
9464
9466
9468
9470
9698
9701
9704
9707
9710
9713
9716
9719
9722
9725
9728
9731
9774
9775
9776
9777
9778
9779
9780
9781
9782
9783
9784
9785
9786
9787
9788
9789
9790
9791
9792
9793
9794
9795
9796
9797
9798
9799
9800
9801
9802
9803
9804
9805
9806
9807
9808
9965
9968
9971
9974
9977
9980
9983
9986
9989
9992
9995
9998
10041
10042
10043
10044
10045
10046
10047
10048
10049
10050
10051
10052
10053
10054
10055
10056
10057
10058
10059
10060
10061
10062
10063
10064
10065
10066
10067
10068
10069
10070
10071
10072
10073
10074
10075
10249
10252
10255
10258
10261
10264
10267
10270
10273
10276
10279
10282
10323
10324
10325
10326
10327
10328
10329
10330
10331
10332
10333
10334
10335
10336
10337
10338
10339
10340
10341
10342
10343
10344
10345
10346
10347
10348
10349
10350
10351
10352
10353
10354
10355
10356
10357
10541
10544
10547
10550
10553
10556
10559
10562
10565
10568
10571
10574
10612
10613
10614
10615
10616
10617
10618
10619
10620
10621
10622
10623
10624
10625
10626
10627
10628
10629
10630
10631
10632
10633
10634
10635
10636
10637
10638
10639
10640
10641
10642
10643
10644
10645
10646
10832
10835
10838
10841
10844
10847
10850
10853
10856
10859
10862
10865
10903
10904
10905
10906
10907
10908
10909
10910
10911
10912
10913
10914
10915
10916
10917
10918
10919
10920
10921
10922
10923
10924
10925
10926
10927
10928
10929
10930
10931
10932
10933
10934
10935
10936
10937
11101
11104
11107
11110
11113
11116
11119
11122
11125
11128
11131
11134
11136
11173
11174
11175
11176
11177
11178
11179
11180
11181
11182
11183
11184
11185
11186
11187
11188
11189
11190
11191
11192
11193
11194
11195
11196
11197
11198
11199
11200
11201
11202
11203
11204
11205
11206
11207
11208
11209
11210
11370
11373
11376
11379
11382
11385
11388
11391
11394
11397
11400
11403
11405
11447
11448
11449
11450
11451
11452
11453
11454
11455
11456
11457
11458
11459
11460
11461
11462
11463
11464
11465
11466
11467
11468
11469
11470
11471
11472
11473
11474
11475
11476
11477
11478
11479
11480
11481
11482
11483
11484
11640
11642
11644
11646
11648
11650
11652
11654
11657
11660
11663
11666
11668
11696
11697
11698
11699
11700
11701
11702
11703
11704
11705
11706
11707
11708
11709
11710
11711
11712
11713
11714
11715
11716
11717
11718
11719
11720
11721
11722
11723
11724
11725
11839
11841
11843
11845
11846
11847
11848
11849
11850
11851
11852
11853
11854
11855
11930
11933
11936
11939
12024
12027
12030
12033
12036
)


// ************************************************************************* //
