/*--------------------------------*- C++ -*----------------------------------*\
| =========                 |                                                 |
| \\      /  F ield         | OpenFOAM: The Open Source CFD Toolbox           |
|  \\    /   O peration     | Version:  v2012                                 |
|   \\  /    A nd           | Website:  www.openfoam.com                      |
|    \\/     M anipulation  |                                                 |
\*---------------------------------------------------------------------------*/
FoamFile
{
    version     2.0;
    format      ascii;
    class       volScalarField;
    location    "1500/bottomAir";
    object      p_rgh;
}
// * * * * * * * * * * * * * * * * * * * * * * * * * * * * * * * * * * * * * //

dimensions      [1 -1 -2 0 0 0 0];


internalField   nonuniform List<scalar> 
1460
(
155952.2
155952.2
155952.2
155952.2
155952.2
155952.2
155952.2
155952.2
155952.2
155952.2
155952.2
155952.2
155952.2
155952.2
155952.2
155952.2
155952.2
155952.2
155952.2
155952.2
155952.2
155952.2
155952.2
155952.2
155952.2
155952.2
155952.2
155952.2
155952.2
155952.2
155952.2
155952.2
155952.2
155952.2
155952.2
155952.2
155952.2
155952.2
155952.2
155952.2
155952.2
155952.2
155952.2
155952.2
155952.2
155952.2
155952.2
155952.2
155952.2
155952.2
155952.2
155952.2
155952.2
155952.2
155952.2
155952.2
155952.2
155952.2
155952.2
155952.2
155952.2
155952.2
155952.2
155952.2
155952.2
155952.2
155952.2
155952.2
155952.2
155952.2
155952.2
155952.2
155952.2
155952.2
155952.2
155952.2
155952.2
155952.2
155952.2
155952.2
155952.2
155952.2
155952.2
155952.2
155952.2
155952.2
155952.2
155952.2
155952.2
155952.2
155952.2
155952.2
155952.2
155952.2
155952.2
155952.2
155952.2
155952.2
155952.2
155952.2
155952.2
155952.2
155952.2
155952.2
155952.2
155952.2
155952.2
155952.2
155952.2
155952.2
155952.2
155952.2
155952.2
155952.2
155952.2
155952.2
155952.2
155952.2
155952.2
155952.2
155952.2
155952.2
155952.2
155952.2
155952.2
155952.2
155952.2
155952.2
155952.2
155952.2
155952.2
155952.2
155952.2
155952.2
155952.2
155952.2
155952.2
155952.2
155952.2
155952.2
155952.2
155952.2
155952.2
155952.2
155952.2
155952.2
155952.2
155952.2
155952.2
155952.2
155952.2
155952.2
155952.2
155952.2
155952.2
155952.2
155952.2
155952.2
155952.2
155952.2
155952.2
155952.2
155952.2
155952.2
155952.2
155952.2
155952.2
155952.2
155952.2
155952.2
155952.2
155952.2
155952.2
155952.2
155952.2
155952.2
155952.2
155952.2
155952.2
155952.2
155952.2
155952.2
155952.2
155952.2
155952.2
155952.2
155952.2
155952.2
155952.2
155952.2
155952.2
155952.2
155952.2
155952.2
155952.2
155952.2
155952.2
155952.2
155952.2
155952.2
155952.2
155952.2
155952.2
155952.2
155952.2
155952.2
155952.2
155952.2
155952.2
155952.2
155952.2
155952.2
155952.2
155952.2
155952.2
155952.2
155952.2
155952.2
155952.2
155952.2
155952.2
155952.2
155952.2
155952.2
155952.2
155952.2
155952.2
155952.2
155952.2
155952.2
155952.2
155952.2
155952.2
155952.2
155952.2
155952.2
155952.2
155952.2
155952.2
155952.2
155952.2
155952.2
155952.2
155952.2
155952.2
155952.2
155952.2
155952.2
155952.2
155952.2
155952.2
155952.2
155952.2
155952.2
155952.2
155952.2
155952.2
155952.2
155952.2
155952.2
155952.2
155952.2
155952.2
155952.2
155952.2
155952.2
155952.2
155952.2
155952.2
155952.2
155952.2
155952.2
155952.2
155952.2
155952.2
155952.2
155952.2
155952.2
155952.2
155952.2
155952.2
155952.2
155952.2
155952.2
155952.2
155952.2
155952.2
155952.2
155952.2
155952.2
155952.2
155952.2
155952.2
155952.2
155952.2
155952.2
155952.2
155952.2
155952.2
155952.2
155952.2
155952.2
155952.2
155952.2
155952.2
155952.2
155952.2
155952.2
155952.2
155952.2
155952.2
155952.2
155952.2
155952.2
155952.2
155952.2
155952.2
155952.2
155952.2
155952.2
155952.2
155952.2
155952.2
155952.2
155952.2
155952.2
155952.2
155952.2
155952.2
155952.2
155952.2
155952.2
155952.2
155952.2
155952.2
155952.2
155952.2
155952.2
155952.2
155952.2
155952.2
155952.2
155952.2
155952.2
155952.2
155952.2
155952.2
155952.2
155952.2
155952.2
155952.2
155952.2
155952.2
155952.2
155952.2
155952.2
155952.2
155952.2
155952.2
155952.2
155952.2
155952.2
155952.2
155952.2
155952.2
155952.2
155952.2
155952.2
155952.2
155952.2
155952.2
155952.2
155952.2
155952.2
155952.2
155952.2
155952.2
155952.2
155952.2
155952.2
155952.2
155952.2
155952.2
155952.2
155952.2
155952.2
155952.2
155952.2
155952.2
155952.2
155952.2
155952.2
155952.2
155952.2
155952.2
155952.2
155952.2
155952.2
155952.2
155952.2
155952.2
155952.2
155952.2
155952.2
155952.2
155952.2
155952.2
155952.2
155952.2
155952.2
155952.2
155952.2
155952.2
155952.2
155952.2
155952.2
155952.2
155952.2
155952.2
155952.2
155952.2
155952.2
155952.2
155952.2
155952.2
155952.2
155952.2
155952.2
155952.2
155952.2
155952.2
155952.2
155952.2
155952.2
155952.2
155952.2
155952.2
155952.2
155952.2
155952.2
155952.2
155952.2
155952.2
155952.2
155952.2
155952.2
155952.2
155952.2
155952.2
155952.2
155952.2
155952.2
155952.2
155952.2
155952.2
155952.2
155952.2
155952.2
155952.2
155952.2
155952.2
155952.2
155952.2
155952.2
155952.2
155952.2
155952.2
155952.2
155952.2
155952.2
155952.2
155952.2
155952.2
155952.2
155952.2
155952.2
155952.2
155952.2
155952.2
155952.2
155952.2
155952.2
155952.2
155952.2
155952.2
155952.2
155952.2
155952.2
155952.2
155952.2
155952.2
155952.2
155952.2
155952.2
155952.2
155952.2
155952.2
155952.2
155952.2
155952.2
155952.2
155952.2
155952.2
155952.2
155952.2
155952.2
155952.2
155952.2
155952.2
155952.2
155952.2
155952.2
155952.2
155952.2
155952.2
155952.2
155952.2
155952.2
155952.2
155952.2
155952.2
155952.2
155952.2
155952.2
155952.2
155952.2
155952.2
155952.2
155952.2
155952.2
155952.2
155952.2
155952.2
155952.2
155952.2
155952.2
155952.2
155952.2
155952.2
155952.2
155952.2
155952.2
155952.2
155952.2
155952.2
155952.2
155952.2
155952.2
155952.2
155952.2
155952.2
155952.2
155952.2
155952.2
155952.2
155952.2
155952.2
155952.2
155952.2
155952.2
155952.2
155952.2
155952.2
155952.2
155952.2
155952.2
155952.2
155952.2
155952.2
155952.2
155952.2
155952.2
155952.2
155952.2
155952.2
155952.2
155952.2
155952.2
155952.2
155952.2
155952.2
155952.2
155952.2
155952.2
155952.2
155952.2
155952.2
155952.2
155952.2
155952.2
155952.2
155952.2
155952.2
155952.2
155952.2
155952.2
155952.2
155952.2
155952.2
155952.2
155952.2
155952.2
155952.2
155952.2
155952.2
155952.2
155952.2
155952.2
155952.2
155952.2
155952.2
155952.2
155952.2
155952.2
155952.2
155952.2
155952.2
155952.2
155952.2
155952.2
155952.2
155952.2
155952.2
155952.2
155952.2
155952.2
155952.2
155952.2
155952.2
155952.2
155952.2
155952.2
155952.2
155952.2
155952.2
155952.2
155952.2
155952.2
155952.2
155952.2
155952.2
155952.2
155952.2
155952.2
155952.2
155952.2
155952.2
155952.2
155952.2
155952.2
155952.2
155952.2
155952.2
155952.2
155952.2
155952.2
155952.2
155952.2
155952.2
155952.2
155952.2
155952.2
155952.2
155952.2
155952.2
155952.2
155952.2
155952.2
155952.2
155952.2
155952.2
155952.2
155952.2
155952.2
155952.2
155952.2
155952.2
155952.2
155952.2
155952.2
155952.2
155952.2
155952.2
155952.2
155952.2
155952.2
155952.2
155952.2
155952.2
155952.2
155952.2
155952.2
155952.2
155952.2
155952.2
155952.2
155952.2
155952.2
155952.2
155952.2
155952.2
155952.2
155952.2
155952.2
155952.2
155952.2
155952.2
155952.2
155952.2
155952.2
155952.2
155952.2
155952.2
155952.2
155952.2
155952.2
155952.2
155952.2
155952.2
155952.2
155952.2
155952.2
155952.2
155952.2
155952.2
155952.2
155952.2
155952.2
155952.2
155952.2
155952.2
155952.2
155952.2
155952.2
155952.2
155952.2
155952.2
155952.2
155952.2
155952.2
155952.2
155952.2
155952.2
155952.2
155952.2
155952.2
155952.2
155952.2
155952.2
155952.2
155952.2
155952.2
155952.2
155952.2
155952.2
155952.2
155952.2
155952.2
155952.2
155952.2
155952.2
155952.2
155952.2
155952.2
155952.2
155952.2
155952.2
155952.2
155952.2
155952.2
155952.2
155952.2
155952.2
155952.2
155952.2
155952.2
155952.2
155952.2
155952.2
155952.2
155952.2
155952.2
155952.2
155952.2
155952.2
155952.2
155952.2
155952.2
155952.2
155952.2
155952.2
155952.2
155952.2
155952.2
155952.2
155952.2
155952.2
155952.2
155952.2
155952.2
155952.2
155952.2
155952.2
155952.2
155952.2
155952.2
155952.2
155952.2
155952.2
155952.2
155952.2
155952.2
155952.2
155952.2
155952.2
155952.2
155952.2
155952.2
155952.2
155952.2
155952.2
155952.2
155952.2
155952.2
155952.2
155952.2
155952.2
155952.2
155952.2
155952.2
155952.2
155952.2
155952.2
155952.2
155952.2
155952.2
155952.2
155952.2
155952.2
155952.2
155952.2
155952.2
155952.2
155952.2
155952.2
155952.2
155952.2
155952.2
155952.2
155952.2
155952.2
155952.2
155952.2
155952.2
155952.2
155952.2
155952.2
155952.2
155952.2
155952.2
155952.2
155952.2
155952.2
155952.2
155952.2
155952.2
155952.2
155952.2
155952.2
155952.2
155952.2
155952.2
155952.2
155952.2
155952.2
155952.2
155952.2
155952.2
155952.2
155952.2
155952.2
155952.2
155952.2
155952.2
155952.2
155952.2
155952.2
155952.2
155952.2
155952.2
155952.2
155952.2
155952.2
155952.2
155952.2
155952.2
155952.2
155952.2
155952.2
155952.2
155952.2
155952.2
155952.2
155952.2
155952.2
155952.2
155952.2
155952.2
155952.2
155952.2
155952.2
155952.2
155952.2
155952.2
155952.2
155952.2
155952.2
155952.2
155952.2
155952.2
155952.2
155952.2
155952.2
155952.2
155952.2
155952.2
155952.2
155952.2
155952.2
155952.2
155952.2
155952.2
155952.2
155952.2
155952.2
155952.2
155952.2
155952.2
155952.2
155952.2
155952.2
155952.2
155952.2
155952.2
155952.2
155952.2
155952.2
155952.2
155952.2
155952.2
155952.2
155952.2
155952.2
155952.2
155952.2
155952.2
155952.2
155952.2
155952.2
155952.2
155952.2
155952.2
155952.2
155952.2
155952.2
155952.2
155952.2
155952.2
155952.2
155952.2
155952.2
155952.2
155952.2
155952.2
155952.2
155952.2
155952.2
155952.2
155952.2
155952.2
155952.2
155952.2
155952.2
155952.2
155952.2
155952.2
155952.2
155952.2
155952.2
155952.2
155952.2
155952.2
155952.2
155952.2
155952.2
155952.2
155952.2
155952.2
155952.2
155952.2
155952.2
155952.2
155952.2
155952.2
155952.2
155952.2
155952.2
155952.2
155952.2
155952.2
155952.2
155952.2
155952.2
155952.2
155952.2
155952.2
155952.2
155952.2
155952.2
155952.2
155952.2
155952.2
155952.2
155952.2
155952.2
155952.2
155952.2
155952.2
155952.2
155952.2
155952.2
155952.2
155952.2
155952.2
155952.2
155952.2
155952.2
155952.2
155952.2
155952.2
155952.2
155952.2
155952.2
155952.2
155952.2
155952.2
155952.2
155952.2
155952.2
155952.2
155952.2
155952.2
155952.2
155952.2
155952.2
155952.2
155952.2
155952.2
155952.2
155952.2
155952.2
155952.2
155952.2
155952.2
155952.2
155952.2
155952.2
155952.2
155952.2
155952.2
155952.2
155952.2
155952.2
155952.2
155952.2
155952.2
155952.2
155952.2
155952.2
155952.2
155952.2
155952.2
155952.2
155952.2
155952.2
155952.2
155952.2
155952.2
155952.2
155952.2
155952.2
155952.2
155952.2
155952.2
155952.2
155952.2
155952.2
155952.2
155952.2
155952.2
155952.2
155952.2
155952.2
155952.2
155952.2
155952.2
155952.2
155952.2
155952.2
155952.2
155952.2
155952.2
155952.2
155952.2
155952.2
155952.2
155952.2
155952.2
155952.2
155952.2
155952.2
155952.2
155952.2
155952.2
155952.2
155952.2
155952.2
155952.2
155952.2
155952.2
155952.2
155952.2
155952.2
155952.2
155952.2
155952.2
155952.2
155952.2
155952.2
155952.2
155952.2
155952.2
155952.2
155952.2
155952.2
155952.2
155952.2
155952.2
155952.2
155952.2
155952.2
155952.2
155952.2
155952.2
155952.2
155952.2
155952.2
155952.2
155952.2
155952.2
155952.2
155952.2
155952.2
155952.2
155952.2
155952.2
155952.2
155952.2
155952.2
155952.2
155952.2
155952.2
155952.2
155952.2
155952.2
155952.2
155952.2
155952.2
155952.2
155952.2
155952.2
155952.2
155952.2
155952.2
155952.2
155952.2
155952.2
155952.2
155952.2
155952.2
155952.2
155952.2
155952.2
155952.2
155952.2
155952.2
155952.2
155952.2
155952.2
155952.2
155952.2
155952.2
155952.2
155952.2
155952.2
155952.2
155952.2
155952.2
155952.2
155952.2
155952.2
155952.2
155952.2
155952.2
155952.2
155952.2
155952.2
155952.2
155952.2
155952.2
155952.2
155952.2
155952.2
155952.2
155952.2
155952.2
155952.2
155952.2
155952.2
155952.2
155952.2
155952.2
155952.2
155952.2
155952.2
155952.2
155952.2
155952.2
155952.2
155952.2
155952.2
155952.2
155952.2
155952.2
155952.2
155952.2
155952.2
155952.2
155952.2
155952.2
155952.2
155952.2
155952.2
155952.2
155952.2
155952.2
155952.2
155952.2
155952.2
155952.2
155952.2
155952.2
155952.2
155952.2
155952.2
155952.2
155952.2
155952.2
155952.2
155952.2
155952.2
155952.2
155952.2
155952.2
155952.2
155952.2
155952.2
155952.2
155952.2
155952.2
155952.2
155952.2
155952.2
155952.2
155952.2
155952.2
155952.2
155952.2
155952.2
155952.2
155952.2
155952.2
155952.2
155952.2
155952.2
155952.2
155952.2
155952.2
155952.2
155952.2
155952.2
155952.2
155952.2
155952.2
155952.2
155952.2
155952.2
155952.2
155952.2
155952.2
155952.2
155952.2
155952.2
155952.2
155952.2
155952.2
155952.2
155952.2
155952.2
155952.2
155952.2
155952.2
155952.2
155952.2
155952.2
155952.2
155952.2
155952.2
155952.2
155952.2
155952.2
155952.2
155952.2
155952.2
155952.2
155952.2
155952.2
155952.2
155952.2
155952.2
155952.2
155952.2
155952.2
155952.2
155952.2
155952.2
155952.2
155952.2
155952.2
155952.2
155952.2
155952.2
155952.2
155952.2
155952.2
155952.2
155952.2
155952.2
155952.2
155952.2
155952.2
155952.2
155952.2
155952.2
155952.2
155952.2
155952.2
155952.2
155952.2
155952.2
155952.2
155952.2
155952.2
155952.2
155952.2
155952.2
155952.2
155952.2
155952.2
155952.2
155952.2
155952.2
155952.2
155952.2
155952.2
155952.2
155952.2
155952.2
155952.2
155952.2
155952.2
155952.2
155952.2
155952.2
155952.2
155952.2
155952.2
155952.2
155952.2
155952.2
155952.2
155952.2
155952.2
155952.2
155952.2
155952.2
155952.2
155952.2
155952.2
155952.2
155952.2
155952.2
155952.2
155952.2
155952.2
155952.2
155952.2
155952.2
155952.2
155952.2
155952.2
155952.2
155952.2
155952.2
155952.2
155952.2
155952.2
155952.2
155952.2
155952.2
155952.2
155952.2
155952.2
155952.2
155952.2
155952.2
155952.2
155952.2
155952.2
155952.2
155952.2
155952.2
155952.2
155952.2
155952.2
155952.2
155952.2
155952.2
155952.2
155952.2
155952.2
155952.2
155952.2
155952.2
155952.2
155952.2
155952.2
155952.2
155952.2
155952.2
)
;

boundaryField
{
    minX
    {
        type            fixedFluxPressure;
        gradient        uniform 0;
        value           nonuniform List<scalar> 
50
(
155952.2
155952.2
155952.2
155952.2
155952.2
155952.2
155952.2
155952.2
155952.2
155952.2
155952.2
155952.2
155952.2
155952.2
155952.2
155952.2
155952.2
155952.2
155952.2
155952.2
155952.2
155952.2
155952.2
155952.2
155952.2
155952.2
155952.2
155952.2
155952.2
155952.2
155952.2
155952.2
155952.2
155952.2
155952.2
155952.2
155952.2
155952.2
155952.2
155952.2
155952.2
155952.2
155952.2
155952.2
155952.2
155952.2
155952.2
155952.2
155952.2
155952.2
)
;
    }
    maxX
    {
        type            fixedFluxPressure;
        gradient        uniform 0;
        value           nonuniform List<scalar> 
50
(
155952.2
155952.2
155952.2
155952.2
155952.2
155952.2
155952.2
155952.2
155952.2
155952.2
155952.2
155952.2
155952.2
155952.2
155952.2
155952.2
155952.2
155952.2
155952.2
155952.2
155952.2
155952.2
155952.2
155952.2
155952.2
155952.2
155952.2
155952.2
155952.2
155952.2
155952.2
155952.2
155952.2
155952.2
155952.2
155952.2
155952.2
155952.2
155952.2
155952.2
155952.2
155952.2
155952.2
155952.2
155952.2
155952.2
155952.2
155952.2
155952.2
155952.2
)
;
    }
    minY
    {
        type            fixedFluxPressure;
        gradient        nonuniform List<scalar> 
292
(
-3.350706e-05
-3.348428e-05
-3.3473e-05
-3.347478e-05
-3.348094e-05
-3.348081e-05
-3.347449e-05
-3.347262e-05
-3.348397e-05
-3.350709e-05
-3.348541e-05
-3.346509e-05
-3.345563e-05
-3.345717e-05
-3.346236e-05
-3.346225e-05
-3.345692e-05
-3.345532e-05
-3.346481e-05
-3.348531e-05
-3.34635e-05
-3.344882e-05
-3.344185e-05
-3.344276e-05
-3.344627e-05
-3.344619e-05
-3.344257e-05
-3.34416e-05
-3.344858e-05
-3.346333e-05
-3.344652e-05
-3.343764e-05
-3.343297e-05
-3.343321e-05
-3.343499e-05
-3.343493e-05
-3.343307e-05
-3.343279e-05
-3.343744e-05
-3.34463e-05
-3.343428e-05
-3.343003e-05
-3.342693e-05
-3.342687e-05
-3.342728e-05
-3.342724e-05
-3.342677e-05
-3.342679e-05
-3.342987e-05
-3.343403e-05
-3.342376e-05
-3.342264e-05
-3.342089e-05
-3.342105e-05
-3.342126e-05
-3.342123e-05
-3.342097e-05
-3.342078e-05
-3.342249e-05
-3.342347e-05
-3.341278e-05
-3.341481e-05
-3.341463e-05
-3.341517e-05
-3.341531e-05
-3.341528e-05
-3.341511e-05
-3.341454e-05
-3.341467e-05
-3.341245e-05
-3.340086e-05
-3.340626e-05
-3.34079e-05
-3.340905e-05
-3.340923e-05
-3.340921e-05
-3.3409e-05
-3.340782e-05
-3.340611e-05
-3.34005e-05
-3.338756e-05
-3.339666e-05
-3.340044e-05
-3.340245e-05
-3.340264e-05
-3.340262e-05
-3.340242e-05
-3.340038e-05
-3.339651e-05
-3.338717e-05
-3.337249e-05
-3.338567e-05
-3.33919e-05
-3.339475e-05
-3.339348e-05
-3.339347e-05
-3.339474e-05
-3.339185e-05
-3.33855e-05
-3.337207e-05
-3.335527e-05
-3.33728e-05
-3.338148e-05
-3.338305e-05
-3.336955e-05
-3.336954e-05
-3.338304e-05
-3.338143e-05
-3.337262e-05
-3.335484e-05
-3.333546e-05
-3.33572e-05
-3.336659e-05
-3.335523e-05
-3.323861e-05
-3.323855e-05
-3.335522e-05
-3.336653e-05
-3.335701e-05
-3.333502e-05
-3.331238e-05
-3.333717e-05
-3.334051e-05
-3.324784e-05
-3.230341e-05
-3.230317e-05
-3.324783e-05
-3.334043e-05
-3.333695e-05
-3.331194e-05
-3.328508e-05
-3.330966e-05
-3.328683e-05
-3.283168e-05
-3.283175e-05
-3.328675e-05
-3.330942e-05
-3.328464e-05
-3.325304e-05
-3.327273e-05
-3.321638e-05
-3.253761e-05
-3.253767e-05
-3.321629e-05
-3.327247e-05
-3.325262e-05
-3.321926e-05
-3.322943e-05
-3.314492e-05
-3.238809e-05
-3.238778e-05
-3.31447e-05
-3.322913e-05
-3.321891e-05
-3.31968e-05
-3.320426e-05
-3.315089e-05
-3.261805e-05
-3.26173e-05
-3.315027e-05
-3.320386e-05
-3.31966e-05
-3.320167e-05
-3.321758e-05
-3.321124e-05
-3.309954e-05
-3.221122e-05
-3.221036e-05
-3.309879e-05
-3.32106e-05
-3.321714e-05
-3.320153e-05
-3.321661e-05
-3.323461e-05
-3.32423e-05
-3.322739e-05
-3.311507e-05
-3.311461e-05
-3.322677e-05
-3.324169e-05
-3.323416e-05
-3.321649e-05
-3.323288e-05
-3.324902e-05
-3.325805e-05
-3.326002e-05
-3.324712e-05
-3.324684e-05
-3.325949e-05
-3.325747e-05
-3.324856e-05
-3.323275e-05
-3.324808e-05
-3.326106e-05
-3.326828e-05
-3.327179e-05
-3.327142e-05
-3.32712e-05
-3.32713e-05
-3.326769e-05
-3.326057e-05
-3.324793e-05
-3.326176e-05
-3.327139e-05
-3.327632e-05
-3.327887e-05
-3.327965e-05
-3.327945e-05
-3.327839e-05
-3.327572e-05
-3.327086e-05
-3.326158e-05
-3.327401e-05
-3.328043e-05
-3.328323e-05
-3.32846e-05
-3.328506e-05
-3.328487e-05
-3.328412e-05
-3.328261e-05
-3.327987e-05
-3.327379e-05
-3.328506e-05
-3.328851e-05
-3.328941e-05
-3.328975e-05
-3.32898e-05
-3.328961e-05
-3.328928e-05
-3.328877e-05
-3.328792e-05
-3.328479e-05
-3.32953e-05
-3.329588e-05
-3.329509e-05
-3.329458e-05
-3.329429e-05
-3.329411e-05
-3.329411e-05
-3.329445e-05
-3.329526e-05
-3.329497e-05
-3.330507e-05
-3.330277e-05
-3.330049e-05
-3.329926e-05
-3.329872e-05
-3.329855e-05
-3.32988e-05
-3.329985e-05
-3.330212e-05
-3.330468e-05
-3.33167e-05
-3.331042e-05
-3.330599e-05
-3.330411e-05
-3.330373e-05
-3.330355e-05
-3.330364e-05
-3.330533e-05
-3.330972e-05
-3.331621e-05
-3.333153e-05
-3.332078e-05
-3.331381e-05
-3.331114e-05
-3.331097e-05
-3.331079e-05
-3.331067e-05
-3.331312e-05
-3.332003e-05
-3.333094e-05
-3.334894e-05
-3.333444e-05
-3.332496e-05
-3.332143e-05
-3.332136e-05
-3.332119e-05
-3.332096e-05
-3.332427e-05
-3.333365e-05
-3.334825e-05
-3.336458e-05
-3.334892e-05
-3.333773e-05
-3.33334e-05
-3.33332e-05
-3.333304e-05
-3.333294e-05
-3.333704e-05
-3.33481e-05
-3.336382e-05
)
;
        value           nonuniform List<scalar> 
292
(
155952.2
155952.2
155952.2
155952.2
155952.2
155952.2
155952.2
155952.2
155952.2
155952.2
155952.2
155952.2
155952.2
155952.2
155952.2
155952.2
155952.2
155952.2
155952.2
155952.2
155952.2
155952.2
155952.2
155952.2
155952.2
155952.2
155952.2
155952.2
155952.2
155952.2
155952.2
155952.2
155952.2
155952.2
155952.2
155952.2
155952.2
155952.2
155952.2
155952.2
155952.2
155952.2
155952.2
155952.2
155952.2
155952.2
155952.2
155952.2
155952.2
155952.2
155952.2
155952.2
155952.2
155952.2
155952.2
155952.2
155952.2
155952.2
155952.2
155952.2
155952.2
155952.2
155952.2
155952.2
155952.2
155952.2
155952.2
155952.2
155952.2
155952.2
155952.2
155952.2
155952.2
155952.2
155952.2
155952.2
155952.2
155952.2
155952.2
155952.2
155952.2
155952.2
155952.2
155952.2
155952.2
155952.2
155952.2
155952.2
155952.2
155952.2
155952.2
155952.2
155952.2
155952.2
155952.2
155952.2
155952.2
155952.2
155952.2
155952.2
155952.2
155952.2
155952.2
155952.2
155952.2
155952.2
155952.2
155952.2
155952.2
155952.2
155952.2
155952.2
155952.2
155952.2
155952.2
155952.2
155952.2
155952.2
155952.2
155952.2
155952.2
155952.2
155952.2
155952.2
155952.2
155952.2
155952.2
155952.2
155952.2
155952.2
155952.2
155952.2
155952.2
155952.2
155952.2
155952.2
155952.2
155952.2
155952.2
155952.2
155952.2
155952.2
155952.2
155952.2
155952.2
155952.2
155952.2
155952.2
155952.2
155952.2
155952.2
155952.2
155952.2
155952.2
155952.2
155952.2
155952.2
155952.2
155952.2
155952.2
155952.2
155952.2
155952.2
155952.2
155952.2
155952.2
155952.2
155952.2
155952.2
155952.2
155952.2
155952.2
155952.2
155952.2
155952.2
155952.2
155952.2
155952.2
155952.2
155952.2
155952.2
155952.2
155952.2
155952.2
155952.2
155952.2
155952.2
155952.2
155952.2
155952.2
155952.2
155952.2
155952.2
155952.2
155952.2
155952.2
155952.2
155952.2
155952.2
155952.2
155952.2
155952.2
155952.2
155952.2
155952.2
155952.2
155952.2
155952.2
155952.2
155952.2
155952.2
155952.2
155952.2
155952.2
155952.2
155952.2
155952.2
155952.2
155952.2
155952.2
155952.2
155952.2
155952.2
155952.2
155952.2
155952.2
155952.2
155952.2
155952.2
155952.2
155952.2
155952.2
155952.2
155952.2
155952.2
155952.2
155952.2
155952.2
155952.2
155952.2
155952.2
155952.2
155952.2
155952.2
155952.2
155952.2
155952.2
155952.2
155952.2
155952.2
155952.2
155952.2
155952.2
155952.2
155952.2
155952.2
155952.2
155952.2
155952.2
155952.2
155952.2
155952.2
155952.2
155952.2
155952.2
155952.2
155952.2
155952.2
155952.2
155952.2
155952.2
155952.2
155952.2
155952.2
155952.2
155952.2
155952.2
155952.2
155952.2
155952.2
155952.2
155952.2
155952.2
155952.2
155952.2
155952.2
155952.2
155952.2
155952.2
155952.2
155952.2
155952.2
)
;
    }
    minZ
    {
        type            fixedFluxPressure;
        gradient        uniform 0;
        value           nonuniform List<scalar> 
150
(
155952.2
155952.2
155952.2
155952.2
155952.2
155952.2
155952.2
155952.2
155952.2
155952.2
155952.2
155952.2
155952.2
155952.2
155952.2
155952.2
155952.2
155952.2
155952.2
155952.2
155952.2
155952.2
155952.2
155952.2
155952.2
155952.2
155952.2
155952.2
155952.2
155952.2
155952.2
155952.2
155952.2
155952.2
155952.2
155952.2
155952.2
155952.2
155952.2
155952.2
155952.2
155952.2
155952.2
155952.2
155952.2
155952.2
155952.2
155952.2
155952.2
155952.2
155952.2
155952.2
155952.2
155952.2
155952.2
155952.2
155952.2
155952.2
155952.2
155952.2
155952.2
155952.2
155952.2
155952.2
155952.2
155952.2
155952.2
155952.2
155952.2
155952.2
155952.2
155952.2
155952.2
155952.2
155952.2
155952.2
155952.2
155952.2
155952.2
155952.2
155952.2
155952.2
155952.2
155952.2
155952.2
155952.2
155952.2
155952.2
155952.2
155952.2
155952.2
155952.2
155952.2
155952.2
155952.2
155952.2
155952.2
155952.2
155952.2
155952.2
155952.2
155952.2
155952.2
155952.2
155952.2
155952.2
155952.2
155952.2
155952.2
155952.2
155952.2
155952.2
155952.2
155952.2
155952.2
155952.2
155952.2
155952.2
155952.2
155952.2
155952.2
155952.2
155952.2
155952.2
155952.2
155952.2
155952.2
155952.2
155952.2
155952.2
155952.2
155952.2
155952.2
155952.2
155952.2
155952.2
155952.2
155952.2
155952.2
155952.2
155952.2
155952.2
155952.2
155952.2
155952.2
155952.2
155952.2
155952.2
155952.2
155952.2
)
;
    }
    maxZ
    {
        type            fixedFluxPressure;
        gradient        uniform 0;
        value           nonuniform List<scalar> 
150
(
155952.2
155952.2
155952.2
155952.2
155952.2
155952.2
155952.2
155952.2
155952.2
155952.2
155952.2
155952.2
155952.2
155952.2
155952.2
155952.2
155952.2
155952.2
155952.2
155952.2
155952.2
155952.2
155952.2
155952.2
155952.2
155952.2
155952.2
155952.2
155952.2
155952.2
155952.2
155952.2
155952.2
155952.2
155952.2
155952.2
155952.2
155952.2
155952.2
155952.2
155952.2
155952.2
155952.2
155952.2
155952.2
155952.2
155952.2
155952.2
155952.2
155952.2
155952.2
155952.2
155952.2
155952.2
155952.2
155952.2
155952.2
155952.2
155952.2
155952.2
155952.2
155952.2
155952.2
155952.2
155952.2
155952.2
155952.2
155952.2
155952.2
155952.2
155952.2
155952.2
155952.2
155952.2
155952.2
155952.2
155952.2
155952.2
155952.2
155952.2
155952.2
155952.2
155952.2
155952.2
155952.2
155952.2
155952.2
155952.2
155952.2
155952.2
155952.2
155952.2
155952.2
155952.2
155952.2
155952.2
155952.2
155952.2
155952.2
155952.2
155952.2
155952.2
155952.2
155952.2
155952.2
155952.2
155952.2
155952.2
155952.2
155952.2
155952.2
155952.2
155952.2
155952.2
155952.2
155952.2
155952.2
155952.2
155952.2
155952.2
155952.2
155952.2
155952.2
155952.2
155952.2
155952.2
155952.2
155952.2
155952.2
155952.2
155952.2
155952.2
155952.2
155952.2
155952.2
155952.2
155952.2
155952.2
155952.2
155952.2
155952.2
155952.2
155952.2
155952.2
155952.2
155952.2
155952.2
155952.2
155952.2
155952.2
)
;
    }
    bottomAir_to_rightSolid
    {
        type            fixedFluxPressure;
        gradient        nonuniform List<scalar> 
130
(
-1.499496e-18
-1.586578e-18
0
-8.887312e-19
9.266579e-19
1.256438e-33
-3.829941e-18
-4.719169e-18
-6.350928e-18
-8.444057e-19
3.747153e-18
1.85316e-18
4.728408e-19
-3.685981e-18
-3.908594e-18
0
-1.074699e-18
-1.105931e-18
-1.120477e-18
-3.349039e-18
-5.461414e-18
-7.325151e-18
-9.756551e-19
4.365724e-18
2.189654e-18
5.618385e-19
-1.858627e-18
-3.084986e-18
-1.117875e-18
-2.371289e-18
-2.451083e-18
-1.237544e-18
-2.448821e-18
-4.75445e-18
-7.911856e-18
-1.047362e-18
4.666562e-18
2.433228e-18
6.73754e-19
0
-1.079762e-18
-1.177998e-18
-2.511662e-18
0
1.862431e-33
-3.868938e-18
-4.981044e-18
-8.236146e-18
-1.083015e-18
4.791746e-18
2.479089e-18
6.809033e-19
0
0
0
-2.603862e-18
0
1.898791e-33
-5.232192e-18
-6.290137e-18
-8.286432e-18
-1.08482e-18
4.775792e-18
2.357762e-18
5.958396e-19
0
0
0
-2.603663e-18
0
1.898609e-33
-5.23168e-18
-6.289507e-18
-8.285583e-18
-1.08472e-18
4.775477e-18
2.357637e-18
5.957967e-19
0
0
0
-2.511033e-18
-2.597639e-18
0
-2.578806e-18
-6.224994e-18
-8.233993e-18
-1.082756e-18
4.791269e-18
2.379723e-18
6.051081e-19
0
0
0
-2.370902e-18
-2.450722e-18
0
-2.448309e-18
-5.941427e-18
-7.90893e-18
-1.046958e-18
4.665251e-18
2.33518e-18
5.98608e-19
0
0
0
-2.149279e-18
-3.317485e-18
-3.360921e-18
-4.464354e-18
-4.913663e-18
-6.798952e-18
-9.751437e-19
4.363093e-18
2.188084e-18
5.613895e-19
0
0
0
-1.778101e-18
-2.780778e-18
-2.853136e-18
-3.830282e-18
-4.247121e-18
-5.89632e-18
-8.441591e-19
3.745444e-18
1.851791e-18
4.722685e-19
)
;
        value           nonuniform List<scalar> 
130
(
155952.2
155952.2
155952.2
155952.2
155952.2
155952.2
155952.2
155952.2
155952.2
155952.2
155952.2
155952.2
155952.2
155952.2
155952.2
155952.2
155952.2
155952.2
155952.2
155952.2
155952.2
155952.2
155952.2
155952.2
155952.2
155952.2
155952.2
155952.2
155952.2
155952.2
155952.2
155952.2
155952.2
155952.2
155952.2
155952.2
155952.2
155952.2
155952.2
155952.2
155952.2
155952.2
155952.2
155952.2
155952.2
155952.2
155952.2
155952.2
155952.2
155952.2
155952.2
155952.2
155952.2
155952.2
155952.2
155952.2
155952.2
155952.2
155952.2
155952.2
155952.2
155952.2
155952.2
155952.2
155952.2
155952.2
155952.2
155952.2
155952.2
155952.2
155952.2
155952.2
155952.2
155952.2
155952.2
155952.2
155952.2
155952.2
155952.2
155952.2
155952.2
155952.2
155952.2
155952.2
155952.2
155952.2
155952.2
155952.2
155952.2
155952.2
155952.2
155952.2
155952.2
155952.2
155952.2
155952.2
155952.2
155952.2
155952.2
155952.2
155952.2
155952.2
155952.2
155952.2
155952.2
155952.2
155952.2
155952.2
155952.2
155952.2
155952.2
155952.2
155952.2
155952.2
155952.2
155952.2
155952.2
155952.2
155952.2
155952.2
155952.2
155952.2
155952.2
155952.2
155952.2
155952.2
155952.2
155952.2
155952.2
155952.2
)
;
    }
    bottomAir_to_leftSolid
    {
        type            fixedFluxPressure;
        gradient        nonuniform List<scalar> 
130
(
0
0
0
0
0
0
-5.207055e-18
-5.097119e-18
2.445381e-18
-2.301631e-18
-4.257685e-18
-1.941924e-18
-1.758191e-18
0
0
4.95707e-18
5.407215e-18
0
0
-5.855205e-18
-5.777953e-18
2.802302e-18
-2.671996e-18
-7.516891e-18
-6.942276e-18
-4.21798e-18
0
0
5.168998e-18
5.657171e-18
0
0
-6.234968e-18
-9.287417e-18
3.014545e-18
0
-7.999092e-18
-4.822204e-18
-2.121636e-18
0
0
0
0
0
0
-6.458433e-18
-9.653441e-18
3.13749e-18
0
-5.48327e-18
0
0
0
0
0
0
0
0
-6.468478e-18
-6.452739e-18
6.293066e-18
0
-5.528799e-18
0
0
0
0
0
0
0
0
-6.467951e-18
-6.452197e-18
6.292531e-18
0
-5.52825e-18
0
0
0
0
0
0
0
0
-6.455507e-18
-6.432473e-18
6.271847e-18
0
-5.479797e-18
0
0
0
0
0
0
0
0
-6.229645e-18
-6.185851e-18
6.023173e-18
0
-5.326185e-18
0
0
0
0
0
0
0
0
-5.848379e-18
-5.770553e-18
5.596804e-18
0
-2.501435e-18
2.309918e-18
0
0
0
0
0
0
0
-5.199964e-18
-5.08956e-18
4.882859e-18
0
-2.124571e-18
1.937536e-18
0
)
;
        value           nonuniform List<scalar> 
130
(
155952.2
155952.2
155952.2
155952.2
155952.2
155952.2
155952.2
155952.2
155952.2
155952.2
155952.2
155952.2
155952.2
155952.2
155952.2
155952.2
155952.2
155952.2
155952.2
155952.2
155952.2
155952.2
155952.2
155952.2
155952.2
155952.2
155952.2
155952.2
155952.2
155952.2
155952.2
155952.2
155952.2
155952.2
155952.2
155952.2
155952.2
155952.2
155952.2
155952.2
155952.2
155952.2
155952.2
155952.2
155952.2
155952.2
155952.2
155952.2
155952.2
155952.2
155952.2
155952.2
155952.2
155952.2
155952.2
155952.2
155952.2
155952.2
155952.2
155952.2
155952.2
155952.2
155952.2
155952.2
155952.2
155952.2
155952.2
155952.2
155952.2
155952.2
155952.2
155952.2
155952.2
155952.2
155952.2
155952.2
155952.2
155952.2
155952.2
155952.2
155952.2
155952.2
155952.2
155952.2
155952.2
155952.2
155952.2
155952.2
155952.2
155952.2
155952.2
155952.2
155952.2
155952.2
155952.2
155952.2
155952.2
155952.2
155952.2
155952.2
155952.2
155952.2
155952.2
155952.2
155952.2
155952.2
155952.2
155952.2
155952.2
155952.2
155952.2
155952.2
155952.2
155952.2
155952.2
155952.2
155952.2
155952.2
155952.2
155952.2
155952.2
155952.2
155952.2
155952.2
155952.2
155952.2
155952.2
155952.2
155952.2
155952.2
)
;
    }
    bottomAir_to_heater
    {
        type            fixedFluxPressure;
        gradient        nonuniform List<scalar> 
92
(
0
0
0
0
0
0
0
0
0
0
0
0
4.540398
4.176125
3.989784
4.275297
2.922342
2.640472
2.501089
2.731707
1.583891
1.417172
1.339349
1.482145
0.6307149
0.5727214
0.5428793
0.5996865
0
0.1142637
0
0.1082313
0
0.1030721
0
0.1108577
5.824505
5.651904
3.623824
3.490845
1.897463
1.809387
0.7091829
0.6673025
0.1152298
0.105147
5.824017
4.540459
4.176182
3.989382
5.650294
4.274361
3.623649
2.922336
2.640567
2.500923
3.489667
2.731206
1.897335
1.583839
1.417213
1.339278
1.808847
1.48193
0.7091174
0.6306742
0.5727325
0.5428574
0.6670982
0.5996389
0.1152135
0.1142471
0.1082289
0.1030677
0.1051067
0.110855
0
0
0
0
0
0
0
0
0
0
0
0
0
0
0
0
)
;
        value           nonuniform List<scalar> 
92
(
155952.2
155952.2
155952.2
155952.2
155952.2
155952.2
155952.2
155952.2
155952.2
155952.2
155952.2
155952.2
155952.2
155952.2
155952.2
155952.2
155952.2
155952.2
155952.2
155952.2
155952.2
155952.2
155952.2
155952.2
155952.2
155952.2
155952.2
155952.2
155952.2
155952.2
155952.2
155952.2
155952.2
155952.2
155952.2
155952.2
155952.2
155952.2
155952.2
155952.2
155952.2
155952.2
155952.2
155952.2
155952.2
155952.2
155952.2
155952.2
155952.2
155952.2
155952.2
155952.2
155952.2
155952.2
155952.2
155952.2
155952.2
155952.2
155952.2
155952.2
155952.2
155952.2
155952.2
155952.2
155952.2
155952.2
155952.2
155952.2
155952.2
155952.2
155952.2
155952.2
155952.2
155952.2
155952.2
155952.2
155952.2
155952.2
155952.2
155952.2
155952.2
155952.2
155952.2
155952.2
155952.2
155952.2
155952.2
155952.2
155952.2
155952.2
155952.2
155952.2
)
;
    }
}


// ************************************************************************* //
