/*--------------------------------*- C++ -*----------------------------------*\
| =========                 |                                                 |
| \\      /  F ield         | OpenFOAM: The Open Source CFD Toolbox           |
|  \\    /   O peration     | Version:  v2012                                 |
|   \\  /    A nd           | Website:  www.openfoam.com                      |
|    \\/     M anipulation  |                                                 |
\*---------------------------------------------------------------------------*/
FoamFile
{
    version     2.0;
    format      ascii;
    class       volScalarField;
    location    "1500/bottomAir";
    object      rho;
}
// * * * * * * * * * * * * * * * * * * * * * * * * * * * * * * * * * * * * * //

dimensions      [1 -3 0 0 0 0 0];


internalField   nonuniform List<scalar> 
1460
(
1.165071
1.164695
1.164314
1.164019
1.163805
1.163622
1.163431
1.163224
1.162992
1.162729
1.162429
1.162084
1.161682
1.161206
1.160647
1.160057
1.159665
1.159749
1.16001
1.160294
1.160559
1.160798
1.161012
1.161205
1.161383
1.161554
1.161757
1.162015
1.162319
1.162591
1.165247
1.164433
1.163557
1.162885
1.162462
1.16223
1.162061
1.161845
1.16157
1.161235
1.160847
1.160417
1.15996
1.159505
1.15909
1.158785
1.158664
1.158738
1.158938
1.159192
1.159458
1.159711
1.159934
1.16012
1.160293
1.160554
1.160953
1.161513
1.162173
1.162732
1.165499
1.164141
1.162552
1.161203
1.160313
1.159712
1.159251
1.158797
1.158269
1.157703
1.157156
1.156681
1.156331
1.156145
1.156124
1.156202
1.156207
1.156198
1.156318
1.156549
1.156864
1.157225
1.157596
1.157975
1.158425
1.158997
1.159781
1.160848
1.162013
1.162937
1.165886
1.164093
1.162141
1.160559
1.159335
1.158333
1.157453
1.156644
1.155891
1.155202
1.154593
1.154084
1.153699
1.153455
1.153343
1.153348
1.153456
1.153632
1.153934
1.154353
1.154862
1.155441
1.156074
1.156757
1.157501
1.158342
1.159344
1.160582
1.162018
1.16325
1.167193
1.165844
1.16445
1.163145
1.161881
1.160626
1.159372
1.158129
1.156919
1.155766
1.154704
1.153772
1.153016
1.152486
1.152151
1.152059
1.152304
1.152682
1.153297
1.154079
1.154974
1.155946
1.156962
1.158
1.159041
1.160073
1.161102
1.162148
1.163229
1.164208
1.164675
1.164342
1.164059
1.163864
1.163732
1.163603
1.163466
1.163317
1.16315
1.162959
1.162735
1.162463
1.162114
1.161634
1.16099
1.160235
1.159795
1.160027
1.160324
1.160576
1.160786
1.160966
1.161124
1.161265
1.161394
1.161514
1.161647
1.161828
1.162066
1.162318
1.164708
1.163904
1.163193
1.162733
1.162481
1.162365
1.162243
1.162086
1.161882
1.161624
1.161312
1.160943
1.160507
1.160001
1.159465
1.159013
1.158933
1.159119
1.159352
1.159584
1.159803
1.159998
1.160164
1.160304
1.160426
1.160567
1.160821
1.161226
1.161786
1.162355
1.164826
1.16338
1.161958
1.160947
1.160328
1.159957
1.159726
1.1594
1.158978
1.158504
1.158052
1.157661
1.157365
1.157183
1.157115
1.157105
1.157101
1.157115
1.157193
1.157352
1.15758
1.157843
1.158092
1.158315
1.158562
1.158952
1.159524
1.160365
1.161447
1.162456
1.165081
1.163104
1.161231
1.159818
1.158744
1.157863
1.157086
1.156372
1.155698
1.155078
1.154543
1.154127
1.153847
1.153693
1.153629
1.15371
1.153862
1.153977
1.154104
1.154347
1.154722
1.155199
1.155754
1.156367
1.157037
1.157793
1.158696
1.159837
1.161268
1.162668
1.166532
1.165059
1.163621
1.162287
1.16098
1.15966
1.158316
1.156957
1.1556
1.154276
1.153023
1.151896
1.150979
1.150396
1.150066
1.150015
1.15029
1.150678
1.151448
1.152414
1.153494
1.154638
1.155809
1.156979
1.158128
1.159247
1.160343
1.161444
1.162597
1.163708
1.164479
1.164177
1.163937
1.163783
1.163678
1.163572
1.163463
1.163346
1.163216
1.163067
1.162886
1.162626
1.162172
1.161236
1.160007
1.158759
1.158862
1.159916
1.160458
1.160733
1.160912
1.161052
1.161173
1.161281
1.16138
1.161474
1.16157
1.161706
1.161901
1.162123
1.164511
1.163752
1.16312
1.162745
1.162563
1.162473
1.162374
1.162248
1.162085
1.161878
1.161617
1.161273
1.16072
1.159752
1.158595
1.157641
1.158089
1.15907
1.159563
1.159836
1.160037
1.160201
1.160337
1.160449
1.160545
1.160638
1.160813
1.161127
1.161611
1.162141
1.164635
1.16323
1.161902
1.161033
1.160543
1.160301
1.160094
1.159813
1.159459
1.15906
1.158647
1.158225
1.157698
1.156963
1.156309
1.155946
1.156401
1.15715
1.157531
1.157771
1.158006
1.158248
1.158478
1.158681
1.158861
1.159111
1.15955
1.160256
1.161253
1.162233
1.164903
1.16294
1.161083
1.159716
1.158712
1.15792
1.15725
1.156604
1.155966
1.155348
1.15474
1.154071
1.153192
1.15235
1.151777
1.15164
1.152227
1.153097
1.153891
1.154448
1.15492
1.155404
1.155911
1.156438
1.157007
1.157682
1.158523
1.159623
1.161039
1.162446
1.166308
1.164776
1.163273
1.161861
1.160456
1.159015
1.157524
1.15599
1.154435
1.152889
1.151388
1.149982
1.148765
1.148006
1.147444
1.14727
1.147833
1.148467
1.149526
1.150739
1.152041
1.153393
1.15476
1.156107
1.157408
1.158655
1.159857
1.161045
1.162275
1.163457
1.16451
1.164204
1.163953
1.163787
1.163677
1.163575
1.163473
1.163366
1.163251
1.163117
1.162913
1.162428
1.160556
1.153275
1.148102
1.145461
1.149516
1.157965
1.160198
1.160768
1.160973
1.161097
1.161197
1.161287
1.161371
1.161453
1.161537
1.16166
1.161839
1.162048
1.164584
1.163836
1.163199
1.162811
1.162611
1.162522
1.162432
1.162322
1.162184
1.162007
1.161753
1.161174
1.158921
1.151992
1.146836
1.144293
1.148507
1.156945
1.159319
1.159927
1.160168
1.160322
1.160443
1.160541
1.160624
1.160702
1.160854
1.161137
1.161587
1.162088
1.16474
1.163375
1.162069
1.161211
1.160731
1.160476
1.16028
1.160038
1.159738
1.159389
1.158965
1.158215
1.155628
1.149071
1.144779
1.142782
1.146446
1.154492
1.157154
1.157877
1.158216
1.158479
1.158709
1.158908
1.159085
1.15929
1.159669
1.160318
1.161261
1.162197
1.165028
1.163113
1.161255
1.159872
1.158866
1.158088
1.157437
1.156783
1.15609
1.155329
1.154371
1.152835
1.14981
1.145569
1.142969
1.141669
1.144173
1.149125
1.152239
1.153759
1.154662
1.155355
1.15597
1.156541
1.157088
1.157734
1.158554
1.159644
1.161048
1.16242
1.166285
1.164702
1.163125
1.161628
1.160125
1.158565
1.156931
1.155221
1.153441
1.151595
1.149671
1.147599
1.145336
1.143718
1.142378
1.141648
1.143092
1.144788
1.146964
1.148881
1.150631
1.152294
1.153889
1.15541
1.156852
1.158217
1.159517
1.160789
1.16209
1.163325
1.164617
1.164294
1.164014
1.163818
1.163684
1.163579
1.163475
1.163369
1.163254
1.163095
1.162678
1.160395
1.143965
1.142331
1.158237
1.160543
1.160967
1.16111
1.161205
1.161287
1.161366
1.161443
1.161531
1.161657
1.161838
1.162044
1.164723
1.16397
1.163299
1.162866
1.162622
1.162492
1.162412
1.162315
1.162193
1.162018
1.161576
1.159209
1.14277
1.141142
1.157304
1.15974
1.160202
1.160373
1.160487
1.160578
1.160655
1.160734
1.16089
1.161175
1.161618
1.162105
1.164902
1.163567
1.162254
1.161361
1.160845
1.16056
1.16035
1.160138
1.159896
1.159603
1.159061
1.156614
1.140942
1.139413
1.155108
1.157743
1.158332
1.158616
1.158837
1.159028
1.159206
1.159408
1.159775
1.160408
1.161325
1.162229
1.165205
1.163347
1.161502
1.160103
1.159082
1.158302
1.15765
1.157033
1.156378
1.155597
1.154286
1.150834
1.138859
1.137595
1.149522
1.153174
1.154627
1.155453
1.156099
1.156672
1.15721
1.157846
1.158659
1.159744
1.161128
1.16246
1.166363
1.164769
1.16316
1.161623
1.16007
1.158446
1.156732
1.154909
1.152957
1.150831
1.148361
1.144974
1.138948
1.137899
1.143858
1.147216
1.149612
1.151619
1.153424
1.155081
1.156613
1.158045
1.159397
1.160711
1.162043
1.163294
1.164615
1.164292
1.164013
1.163817
1.163683
1.163578
1.163475
1.163369
1.163254
1.163095
1.162678
1.160394
1.143961
1.142316
1.158228
1.160538
1.160963
1.161107
1.161201
1.161284
1.161363
1.16144
1.161528
1.161654
1.161835
1.162041
1.16472
1.163968
1.163298
1.162865
1.162622
1.162493
1.162412
1.162316
1.162194
1.162019
1.161577
1.15921
1.142769
1.141128
1.157297
1.159736
1.160199
1.160371
1.160485
1.160576
1.160654
1.160732
1.160888
1.161172
1.161616
1.162102
1.164899
1.163564
1.162252
1.16136
1.160845
1.160561
1.160351
1.160138
1.159896
1.159604
1.159062
1.156615
1.140941
1.139404
1.155104
1.157742
1.158332
1.158615
1.158836
1.159027
1.159204
1.159407
1.159773
1.160406
1.161323
1.162227
1.165202
1.163344
1.161499
1.1601
1.159079
1.1583
1.157648
1.157031
1.156376
1.155596
1.154285
1.150833
1.138859
1.137589
1.14952
1.153174
1.154628
1.155454
1.156099
1.156673
1.15721
1.157846
1.158658
1.159742
1.161126
1.162458
1.166361
1.164768
1.163159
1.161622
1.160069
1.158446
1.156731
1.154908
1.152957
1.15083
1.14836
1.144973
1.138947
1.137894
1.143855
1.147214
1.149611
1.151618
1.153423
1.15508
1.156611
1.158043
1.159395
1.160709
1.162042
1.163292
1.164505
1.1642
1.16395
1.163784
1.163675
1.163574
1.163472
1.163365
1.163251
1.163117
1.162913
1.162428
1.160556
1.153276
1.148103
1.145456
1.149503
1.157951
1.160187
1.160758
1.160965
1.161088
1.161188
1.161278
1.161363
1.161445
1.161529
1.161652
1.161831
1.16204
1.164578
1.163831
1.163196
1.16281
1.16261
1.162523
1.162433
1.162323
1.162185
1.162008
1.161755
1.161176
1.158918
1.151993
1.146838
1.14429
1.148498
1.156936
1.159312
1.159921
1.160162
1.160317
1.160437
1.160536
1.160619
1.160697
1.160848
1.161131
1.16158
1.162081
1.164734
1.16337
1.162065
1.161208
1.16073
1.160476
1.160281
1.160038
1.159738
1.159388
1.158964
1.158214
1.155625
1.149071
1.144781
1.142781
1.14644
1.154483
1.157151
1.157876
1.158216
1.158479
1.158709
1.158908
1.159084
1.159287
1.159665
1.160313
1.161255
1.162191
1.165023
1.163108
1.16125
1.159867
1.158862
1.158085
1.157434
1.15678
1.156088
1.155326
1.154369
1.152834
1.149808
1.145568
1.142969
1.141669
1.14417
1.149123
1.15224
1.15376
1.154664
1.155356
1.155971
1.156542
1.157089
1.157733
1.158552
1.159641
1.161043
1.162414
1.166282
1.164698
1.163122
1.161626
1.160124
1.158564
1.15693
1.155221
1.15344
1.151595
1.149671
1.147598
1.145333
1.143717
1.142377
1.141647
1.143091
1.144787
1.146963
1.148879
1.150628
1.15229
1.153885
1.155406
1.156847
1.158212
1.159512
1.160784
1.162085
1.163319
1.164473
1.164172
1.163933
1.16378
1.163675
1.163571
1.163462
1.163345
1.163215
1.163066
1.162885
1.162625
1.162171
1.161235
1.160006
1.158755
1.158851
1.159905
1.160448
1.160723
1.160902
1.161042
1.161162
1.16127
1.161369
1.161463
1.161559
1.161695
1.161889
1.162111
1.164505
1.163746
1.163116
1.162742
1.162562
1.162473
1.162374
1.162248
1.162085
1.161878
1.161616
1.161273
1.160719
1.15975
1.158593
1.157637
1.158081
1.159062
1.159556
1.15983
1.16003
1.160194
1.16033
1.160443
1.160539
1.160631
1.160805
1.161118
1.161601
1.16213
1.164629
1.163224
1.161896
1.161028
1.16054
1.160301
1.160094
1.159812
1.159457
1.159057
1.158644
1.158221
1.157694
1.156959
1.156306
1.155942
1.156396
1.157146
1.157527
1.157769
1.158004
1.158248
1.158479
1.158682
1.15886
1.159107
1.159544
1.160249
1.161244
1.162223
1.164897
1.162934
1.161077
1.15971
1.158707
1.157916
1.157246
1.1566
1.155963
1.155345
1.154738
1.15407
1.153191
1.152348
1.151775
1.151637
1.152224
1.153095
1.15389
1.154447
1.154919
1.155404
1.15591
1.156438
1.157005
1.15768
1.158519
1.159617
1.161032
1.162437
1.166303
1.164772
1.163269
1.161858
1.160455
1.159014
1.157523
1.15599
1.154435
1.152889
1.151389
1.149982
1.148764
1.148005
1.147442
1.147266
1.147828
1.148463
1.14952
1.150733
1.152034
1.153385
1.154752
1.156099
1.1574
1.158647
1.159848
1.161036
1.162266
1.163447
1.16467
1.164337
1.164054
1.163861
1.163729
1.1636
1.163464
1.163315
1.163148
1.162956
1.162732
1.162459
1.16211
1.16163
1.160985
1.160229
1.159788
1.160019
1.160316
1.160568
1.160777
1.160957
1.161114
1.161255
1.161383
1.161503
1.161635
1.161815
1.162052
1.162304
1.164702
1.163899
1.163188
1.162729
1.162478
1.162363
1.162241
1.162084
1.16188
1.161621
1.161309
1.160939
1.160503
1.159997
1.159461
1.159007
1.158927
1.159113
1.159347
1.159579
1.159798
1.159993
1.16016
1.160299
1.160421
1.16056
1.160812
1.161215
1.161773
1.162341
1.164821
1.163374
1.161952
1.160942
1.160325
1.159955
1.159725
1.159398
1.158975
1.1585
1.158047
1.157657
1.15736
1.157178
1.15711
1.157101
1.157096
1.15711
1.15719
1.157349
1.157578
1.157842
1.158093
1.158316
1.158559
1.158946
1.159517
1.160355
1.161435
1.162442
1.165075
1.163099
1.161225
1.159813
1.158739
1.157859
1.157083
1.15637
1.155696
1.155076
1.154541
1.154125
1.153846
1.153691
1.153627
1.153707
1.153859
1.153973
1.1541
1.154343
1.154718
1.155196
1.15575
1.156362
1.157031
1.157786
1.158688
1.159827
1.161256
1.162654
1.166526
1.165054
1.163617
1.162283
1.160977
1.159657
1.158314
1.156956
1.1556
1.154276
1.153023
1.151896
1.150977
1.150393
1.150062
1.150009
1.150283
1.15067
1.151439
1.152404
1.153484
1.154627
1.155798
1.156968
1.158116
1.159235
1.16033
1.161431
1.162583
1.163694
1.165072
1.164693
1.164311
1.164015
1.163801
1.163617
1.163425
1.163217
1.162985
1.162722
1.162422
1.162076
1.161674
1.161198
1.160639
1.160051
1.159661
1.159747
1.160008
1.160292
1.160557
1.160795
1.161008
1.1612
1.161378
1.161547
1.161748
1.162005
1.162307
1.162578
1.165247
1.16443
1.163553
1.162881
1.162458
1.162226
1.162057
1.16184
1.161565
1.16123
1.160842
1.160411
1.159955
1.159499
1.159084
1.15878
1.15866
1.158735
1.158935
1.159189
1.159456
1.15971
1.159933
1.16012
1.160291
1.16055
1.160945
1.161502
1.16216
1.162717
1.165498
1.164138
1.162548
1.161199
1.160311
1.15971
1.159251
1.158796
1.158268
1.157702
1.157155
1.15668
1.156329
1.156142
1.156121
1.156199
1.156204
1.156195
1.156315
1.156547
1.156862
1.157224
1.157596
1.157973
1.158421
1.15899
1.159772
1.160836
1.161999
1.162921
1.165884
1.164089
1.162137
1.160556
1.159333
1.158331
1.157452
1.156643
1.15589
1.155201
1.154591
1.154082
1.153696
1.153452
1.15334
1.153343
1.15345
1.153624
1.153925
1.154343
1.154852
1.15543
1.156063
1.156745
1.157488
1.158328
1.159329
1.160566
1.162001
1.163233
1.16719
1.16584
1.164445
1.163141
1.161877
1.160622
1.159369
1.158127
1.156916
1.155764
1.154702
1.153769
1.153013
1.152482
1.152145
1.152051
1.152294
1.152671
1.153284
1.154065
1.15496
1.155931
1.156947
1.157985
1.159025
1.160057
1.161086
1.162131
1.163211
1.164189
)
;

boundaryField
{
    minX
    {
        type            calculated;
        value           nonuniform List<scalar> 
50
(
1.165071
1.165247
1.165499
1.165886
1.167193
1.164675
1.164708
1.164826
1.165081
1.166532
1.164479
1.164511
1.164635
1.164903
1.166308
1.16451
1.164584
1.16474
1.165028
1.166285
1.164617
1.164723
1.164902
1.165205
1.166363
1.164615
1.16472
1.164899
1.165202
1.166361
1.164505
1.164578
1.164734
1.165023
1.166282
1.164473
1.164505
1.164629
1.164897
1.166303
1.16467
1.164702
1.164821
1.165075
1.166526
1.165072
1.165247
1.165498
1.165884
1.16719
)
;
    }
    maxX
    {
        type            calculated;
        value           nonuniform List<scalar> 
50
(
1.162591
1.162732
1.162937
1.16325
1.164208
1.162318
1.162355
1.162456
1.162668
1.163708
1.162123
1.162141
1.162233
1.162446
1.163457
1.162048
1.162088
1.162197
1.16242
1.163325
1.162044
1.162105
1.162229
1.16246
1.163294
1.162041
1.162102
1.162227
1.162458
1.163292
1.16204
1.162081
1.162191
1.162414
1.163319
1.162111
1.16213
1.162223
1.162437
1.163447
1.162304
1.162341
1.162442
1.162654
1.163694
1.162578
1.162717
1.162921
1.163233
1.164189
)
;
    }
    minY
    {
        type            calculated;
        value           nonuniform List<scalar> 
292
(
1.165072
1.164676
1.16448
1.164511
1.164618
1.164615
1.164506
1.164473
1.16467
1.165072
1.164695
1.164342
1.164178
1.164204
1.164294
1.164293
1.1642
1.164172
1.164337
1.164694
1.164314
1.164059
1.163938
1.163954
1.164015
1.164013
1.16395
1.163933
1.164055
1.164311
1.164019
1.163864
1.163783
1.163787
1.163818
1.163817
1.163785
1.16378
1.163861
1.164015
1.163806
1.163732
1.163678
1.163677
1.163684
1.163683
1.163675
1.163675
1.163729
1.163801
1.163623
1.163603
1.163573
1.163575
1.163579
1.163579
1.163574
1.163571
1.163601
1.163618
1.163431
1.163467
1.163464
1.163473
1.163475
1.163475
1.163472
1.163462
1.163464
1.163426
1.163224
1.163318
1.163346
1.163366
1.163369
1.163369
1.163366
1.163345
1.163315
1.163218
1.162992
1.163151
1.163216
1.163251
1.163255
1.163254
1.163251
1.163215
1.163148
1.162985
1.16273
1.162959
1.163068
1.163117
1.163095
1.163095
1.163117
1.163067
1.162956
1.162722
1.16243
1.162735
1.162886
1.162913
1.162678
1.162678
1.162913
1.162885
1.162732
1.162422
1.162084
1.162463
1.162627
1.162429
1.160396
1.160395
1.162429
1.162626
1.16246
1.162077
1.161682
1.162114
1.162172
1.160557
1.143965
1.143961
1.160557
1.162171
1.16211
1.161674
1.161206
1.161634
1.161237
1.153275
1.153276
1.161235
1.16163
1.161198
1.160647
1.16099
1.160008
1.148102
1.148103
1.160006
1.160986
1.16064
1.160057
1.160235
1.158759
1.145462
1.145456
1.158755
1.16023
1.160051
1.159665
1.159795
1.158862
1.149517
1.149503
1.158852
1.159788
1.159661
1.15975
1.160027
1.159916
1.157965
1.142331
1.142316
1.157952
1.159905
1.160019
1.159747
1.16001
1.160324
1.160459
1.160198
1.158237
1.158229
1.160188
1.160448
1.160317
1.160008
1.160295
1.160576
1.160734
1.160768
1.160543
1.160538
1.160759
1.160723
1.160568
1.160292
1.16056
1.160786
1.160912
1.160973
1.160967
1.160963
1.160965
1.160902
1.160778
1.160557
1.160799
1.160966
1.161052
1.161097
1.161111
1.161107
1.161089
1.161042
1.160957
1.160795
1.161012
1.161124
1.161173
1.161197
1.161205
1.161202
1.161189
1.161162
1.161115
1.161008
1.161205
1.161265
1.161281
1.161287
1.161288
1.161285
1.161279
1.16127
1.161255
1.161201
1.161384
1.161394
1.16138
1.161371
1.161366
1.161363
1.161363
1.161369
1.161383
1.161378
1.161554
1.161514
1.161474
1.161453
1.161444
1.161441
1.161445
1.161463
1.161503
1.161548
1.161757
1.161648
1.16157
1.161538
1.161531
1.161528
1.161529
1.161559
1.161635
1.161749
1.162016
1.161828
1.161707
1.16166
1.161657
1.161654
1.161652
1.161695
1.161815
1.162005
1.162319
1.162066
1.161901
1.16184
1.161838
1.161835
1.161831
1.161889
1.162053
1.162307
1.162591
1.162319
1.162124
1.162048
1.162045
1.162042
1.16204
1.162112
1.162304
1.162578
)
;
    }
    minZ
    {
        type            calculated;
        value           nonuniform List<scalar> 
150
(
1.165071
1.165247
1.165499
1.165886
1.167193
1.164695
1.164433
1.164141
1.164093
1.165844
1.164314
1.163557
1.162552
1.162141
1.16445
1.164019
1.162885
1.161203
1.160559
1.163145
1.163805
1.162462
1.160313
1.159335
1.161881
1.163622
1.16223
1.159712
1.158333
1.160626
1.163431
1.162061
1.159251
1.157453
1.159372
1.163224
1.161845
1.158797
1.156644
1.158129
1.162992
1.16157
1.158269
1.155891
1.156919
1.162729
1.161235
1.157703
1.155202
1.155766
1.162429
1.160847
1.157156
1.154593
1.154704
1.162084
1.160417
1.156681
1.154084
1.153772
1.161682
1.15996
1.156331
1.153699
1.153016
1.161206
1.159505
1.156145
1.153455
1.152486
1.160647
1.15909
1.156124
1.153343
1.152151
1.160057
1.158785
1.156202
1.153348
1.152059
1.159665
1.158664
1.156207
1.153456
1.152304
1.159749
1.158738
1.156198
1.153632
1.152682
1.16001
1.158938
1.156318
1.153934
1.153297
1.160294
1.159192
1.156549
1.154353
1.154079
1.160559
1.159458
1.156864
1.154862
1.154974
1.160798
1.159711
1.157225
1.155441
1.155946
1.161012
1.159934
1.157596
1.156074
1.156962
1.161205
1.16012
1.157975
1.156757
1.158
1.161383
1.160293
1.158425
1.157501
1.159041
1.161554
1.160554
1.158997
1.158342
1.160073
1.161757
1.160953
1.159781
1.159344
1.161102
1.162015
1.161513
1.160848
1.160582
1.162148
1.162319
1.162173
1.162013
1.162018
1.163229
1.162591
1.162732
1.162937
1.16325
1.164208
)
;
    }
    maxZ
    {
        type            calculated;
        value           nonuniform List<scalar> 
150
(
1.165072
1.165247
1.165498
1.165884
1.16719
1.164693
1.16443
1.164138
1.164089
1.16584
1.164311
1.163553
1.162548
1.162137
1.164445
1.164015
1.162881
1.161199
1.160556
1.163141
1.163801
1.162458
1.160311
1.159333
1.161877
1.163617
1.162226
1.15971
1.158331
1.160622
1.163425
1.162057
1.159251
1.157452
1.159369
1.163217
1.16184
1.158796
1.156643
1.158127
1.162985
1.161565
1.158268
1.15589
1.156916
1.162722
1.16123
1.157702
1.155201
1.155764
1.162422
1.160842
1.157155
1.154591
1.154702
1.162076
1.160411
1.15668
1.154082
1.153769
1.161674
1.159955
1.156329
1.153696
1.153013
1.161198
1.159499
1.156142
1.153452
1.152482
1.160639
1.159084
1.156121
1.15334
1.152145
1.160051
1.15878
1.156199
1.153343
1.152051
1.159661
1.15866
1.156204
1.15345
1.152294
1.159747
1.158735
1.156195
1.153624
1.152671
1.160008
1.158935
1.156315
1.153925
1.153284
1.160292
1.159189
1.156547
1.154343
1.154065
1.160557
1.159456
1.156862
1.154852
1.15496
1.160795
1.15971
1.157224
1.15543
1.155931
1.161008
1.159933
1.157596
1.156063
1.156947
1.1612
1.16012
1.157973
1.156745
1.157985
1.161378
1.160291
1.158421
1.157488
1.159025
1.161547
1.16055
1.15899
1.158328
1.160057
1.161748
1.160945
1.159772
1.159329
1.161086
1.162005
1.161502
1.160836
1.160566
1.162131
1.162307
1.16216
1.161999
1.162001
1.163211
1.162578
1.162717
1.162921
1.163233
1.164189
)
;
    }
    bottomAir_to_rightSolid
    {
        type            calculated;
        value           nonuniform List<scalar> 
130
(
1.15691
1.15777
1.158826
1.159986
1.161171
1.162324
1.163399
1.164362
1.165189
1.165863
1.166373
1.166711
1.166874
1.155875
1.156958
1.158222
1.159555
1.160874
1.162127
1.163274
1.164287
1.165147
1.165844
1.166367
1.166712
1.166876
1.153709
1.155325
1.157043
1.158727
1.160303
1.161738
1.163011
1.16411
1.165028
1.165762
1.166308
1.166665
1.166834
1.150377
1.153054
1.155525
1.157713
1.159619
1.161269
1.162682
1.163873
1.164851
1.165624
1.166193
1.166563
1.166738
1.146389
1.150885
1.154275
1.156954
1.159137
1.160948
1.162457
1.163706
1.164719
1.165513
1.166096
1.166474
1.166653
1.146387
1.150884
1.154273
1.156953
1.159135
1.160946
1.162455
1.163704
1.164717
1.165511
1.166094
1.166472
1.166651
1.150373
1.153049
1.15552
1.157708
1.159614
1.161264
1.162677
1.163867
1.164844
1.165617
1.166187
1.166557
1.166731
1.153701
1.155318
1.157036
1.158719
1.160295
1.161729
1.163002
1.1641
1.165017
1.165751
1.166297
1.166654
1.166822
1.155865
1.156948
1.158211
1.159543
1.160862
1.162115
1.163261
1.164273
1.165133
1.165828
1.166351
1.166695
1.166859
1.156899
1.157759
1.158815
1.159973
1.161158
1.16231
1.163384
1.164347
1.165172
1.165845
1.166354
1.166691
1.166851
)
;
    }
    bottomAir_to_leftSolid
    {
        type            calculated;
        value           nonuniform List<scalar> 
130
(
1.171321
1.171094
1.170631
1.169946
1.169053
1.167968
1.166712
1.165315
1.163814
1.162256
1.160707
1.159248
1.157974
1.171314
1.171081
1.17061
1.16991
1.168994
1.167875
1.166571
1.165102
1.163502
1.16181
1.160088
1.158421
1.156926
1.171285
1.171046
1.17056
1.169836
1.168882
1.167705
1.166314
1.164719
1.162935
1.160984
1.158907
1.156781
1.154748
1.171252
1.171006
1.170505
1.169756
1.168762
1.167522
1.166036
1.164294
1.162287
1.159995
1.157402
1.154509
1.1514
1.17123
1.17098
1.170469
1.169704
1.168684
1.167403
1.165852
1.164006
1.16183
1.159252
1.156156
1.152326
1.147366
1.171229
1.170978
1.170468
1.169702
1.168682
1.167402
1.16585
1.164005
1.161828
1.15925
1.156154
1.152324
1.147365
1.171248
1.171002
1.170501
1.169751
1.168757
1.167518
1.166031
1.16429
1.162283
1.159991
1.157397
1.154504
1.151396
1.171278
1.171039
1.170553
1.169828
1.168874
1.167697
1.166306
1.164711
1.162927
1.160975
1.158898
1.156772
1.15474
1.171305
1.171072
1.1706
1.1699
1.168984
1.167864
1.166559
1.165091
1.16349
1.161798
1.160076
1.158409
1.156913
1.171315
1.171084
1.17062
1.169934
1.16904
1.167955
1.166699
1.165302
1.1638
1.162242
1.160693
1.159233
1.157957
)
;
    }
    bottomAir_to_heater
    {
        type            calculated;
        value           nonuniform List<scalar> 
92
(
1.156988
1.156351
1.156138
1.15635
1.155749
1.155003
1.154792
1.155118
1.15306
1.152025
1.151819
1.152439
1.089019
1.089002
1.088999
1.089014
1.098819
1.098793
1.098786
1.098805
1.108725
1.108681
1.108667
1.108692
1.118793
1.118655
1.118623
1.118715
1.148439
1.129166
1.14678
1.128595
1.146586
1.128522
1.147846
1.128974
1.089014
1.089009
1.098814
1.0988
1.10872
1.108688
1.118788
1.11871
1.129165
1.128972
1.089014
1.08902
1.089002
1.088999
1.089009
1.089014
1.098814
1.09882
1.098793
1.098787
1.0988
1.098805
1.108721
1.108726
1.108681
1.108667
1.108688
1.108692
1.118789
1.118794
1.118655
1.118623
1.11871
1.118715
1.129165
1.129167
1.128594
1.128521
1.128971
1.128973
1.148434
1.146775
1.146581
1.147841
1.153051
1.152016
1.151811
1.152432
1.155737
1.154991
1.154781
1.155107
1.156976
1.156339
1.156126
1.156337
)
;
    }
}


// ************************************************************************* //
