/*--------------------------------*- C++ -*----------------------------------*\
| =========                 |                                                 |
| \\      /  F ield         | OpenFOAM: The Open Source CFD Toolbox           |
|  \\    /   O peration     | Version:  v2012                                 |
|   \\  /    A nd           | Website:  www.openfoam.com                      |
|    \\/     M anipulation  |                                                 |
\*---------------------------------------------------------------------------*/
FoamFile
{
    version     2.0;
    format      ascii;
    class       volVectorField;
    location    "1500/bottomAir";
    object      U;
}
// * * * * * * * * * * * * * * * * * * * * * * * * * * * * * * * * * * * * * //

dimensions      [0 1 -1 0 0 0 0];


internalField   nonuniform List<vector> 
1460
(
(0.003425814 -0.005164665 0.0005475081)
(0.009484229 -0.004650002 0.001036989)
(0.01399368 -0.002803359 0.001240203)
(0.01602866 -0.001128043 0.001202957)
(0.01619778 2.294081e-05 0.001023622)
(0.01531693 0.0006251536 0.0007980559)
(0.0140267 0.0008057739 0.0005872235)
(0.01273735 0.0007645449 0.0004120524)
(0.01160099 0.000651678 0.0002813012)
(0.01061449 0.0005302332 0.0002030326)
(0.009704529 0.0004144065 0.000182975)
(0.008762025 0.0003075447 0.000229498)
(0.007663411 0.0002260838 0.0003355061)
(0.006247292 0.0002344181 0.0004647459)
(0.004312762 0.000427235 0.0004769485)
(0.001896428 0.0008810945 0.0002357676)
(-0.0010285 0.00122393 2.442011e-05)
(-0.003383098 0.0009946424 0.000146417)
(-0.005293715 0.0007545526 0.0001617184)
(-0.006753215 0.0006256173 0.0001863909)
(-0.007988542 0.0005898389 0.0002334028)
(-0.009152661 0.0006163223 0.0003180557)
(-0.01035211 0.0006643686 0.0004418332)
(-0.01159869 0.0006519648 0.0006026172)
(-0.0127498 0.0004331754 0.0007935396)
(-0.01343724 -0.000142781 0.000990247)
(-0.01317449 -0.001130803 0.001125518)
(-0.01132008 -0.002486312 0.001123556)
(-0.007479466 -0.00386515 0.0009220876)
(-0.002527254 -0.003906815 0.0005019629)
(0.002465329 -0.01254957 -1.511845e-05)
(0.006848936 -0.01187331 0.0005673486)
(0.00997451 -0.00806713 0.001077358)
(0.01145841 -0.004470604 0.001327369)
(0.01177944 -0.001844503 0.001369479)
(0.01159252 -0.0001814349 0.001275382)
(0.01110387 0.0006564803 0.00113494)
(0.0103846 0.0009400935 0.001051775)
(0.009543445 0.0009830151 0.001040137)
(0.008515587 0.001001134 0.001094479)
(0.007265675 0.001084948 0.001188678)
(0.005786067 0.001245946 0.001288506)
(0.004116991 0.001450796 0.001331918)
(0.002305236 0.001730387 0.001277578)
(0.0004867388 0.002187138 0.0009838887)
(-0.0009407098 0.00289082 0.0006428759)
(-0.001932086 0.003122514 0.0006736113)
(-0.002952759 0.002655077 0.0009562147)
(-0.004181971 0.002102923 0.00109504)
(-0.005403206 0.001654547 0.00113458)
(-0.006534808 0.001345149 0.001127724)
(-0.00753323 0.001128944 0.001125551)
(-0.008404713 0.0008893683 0.001158284)
(-0.009137989 0.0004204461 0.001241179)
(-0.009612277 -0.0005181948 0.001353478)
(-0.009851361 -0.002086728 0.001392178)
(-0.009559763 -0.004374548 0.001296656)
(-0.008259096 -0.007320795 0.001018449)
(-0.005578628 -0.01020229 0.0005465158)
(-0.001927227 -0.0100013 7.545349e-05)
(0.0007976654 -0.0163156 -0.0005306369)
(0.001120046 -0.0151511 7.333095e-05)
(0.0005759947 -0.01020112 0.0008424435)
(-0.0004699283 -0.005645115 0.001377358)
(-0.001518704 -0.002746271 0.001631569)
(-0.002379199 -0.001080426 0.00175868)
(-0.002951984 -0.0001873356 0.001792574)
(-0.003405828 0.0002716379 0.001836882)
(-0.003986268 0.0005066383 0.00196285)
(-0.004642727 0.0005846675 0.00208586)
(-0.005249497 0.0005005112 0.002134727)
(-0.005630008 0.000275916 0.002072815)
(-0.005578772 1.222133e-05 0.00186771)
(-0.004994863 -7.906735e-05 0.001582726)
(-0.003872137 0.0001555951 0.001224823)
(-0.002307812 0.0006779718 0.0009922187)
(-0.0004871514 0.0007636922 0.001078113)
(0.001183748 0.0004532172 0.001386797)
(0.002225165 0.0003161386 0.00163462)
(0.002803504 0.0002273242 0.001761622)
(0.003038977 0.000139104 0.00179714)
(0.003053195 1.656765e-06 0.001782193)
(0.002930926 -0.0002463735 0.00175994)
(0.002687517 -0.0007195938 0.001749084)
(0.002129677 -0.001594962 0.001682457)
(0.001328867 -0.003129647 0.001523867)
(0.0003518861 -0.005643735 0.001252264)
(-0.0005869339 -0.009312686 0.0007496492)
(-0.0009954155 -0.01306041 8.172084e-05)
(-0.0007117762 -0.01315663 -0.0003651586)
(-0.001516648 -0.01388003 -0.00123309)
(-0.005649995 -0.01185152 -0.000690812)
(-0.009627569 -0.007869389 8.236317e-05)
(-0.01247832 -0.005166985 0.0005920725)
(-0.01428787 -0.003753784 0.0008654413)
(-0.0154007 -0.003153933 0.0009999298)
(-0.01605124 -0.00303472 0.001030087)
(-0.01634323 -0.003216226 0.0009522009)
(-0.01628595 -0.003636057 0.0007607068)
(-0.01583834 -0.004265421 0.000443959)
(-0.01494378 -0.005031916 -1.425181e-06)
(-0.01353065 -0.005814853 -0.0005668429)
(-0.01148591 -0.006418026 -0.001212595)
(-0.008790754 -0.006592597 -0.001792373)
(-0.005475292 -0.006293565 -0.00234687)
(-0.001531114 -0.00593251 -0.002579464)
(0.002802709 -0.00626677 -0.002171561)
(0.006048823 -0.006490478 -0.001620297)
(0.008679341 -0.006163361 -0.0009672806)
(0.01058002 -0.005544559 -0.0003769411)
(0.01189601 -0.004862051 8.89698e-05)
(0.01271751 -0.004249037 0.0004186183)
(0.01311105 -0.003783836 0.0006217725)
(0.01311647 -0.003516207 0.00072194)
(0.01271478 -0.003542564 0.0007276562)
(0.01181675 -0.004019234 0.0006340671)
(0.01024648 -0.005193827 0.0004102251)
(0.007780058 -0.007378903 -1.891592e-05)
(0.004489631 -0.01041054 -0.0006519291)
(0.001066442 -0.01134416 -0.0009953236)
(-0.004146807 -0.006476188 -0.002074959)
(-0.01047683 -0.004945585 -0.001910967)
(-0.01503997 -0.003337417 -0.001471056)
(-0.01771895 -0.002502682 -0.001281373)
(-0.01934631 -0.002173998 -0.001317676)
(-0.02033796 -0.002120257 -0.001526432)
(-0.02090431 -0.00221956 -0.001900632)
(-0.02110155 -0.002402774 -0.002450843)
(-0.02090787 -0.002628093 -0.00319132)
(-0.0202556 -0.002860617 -0.004137642)
(-0.01903409 -0.003055021 -0.005287205)
(-0.01708665 -0.003153114 -0.006603394)
(-0.01421234 -0.003087182 -0.00797388)
(-0.01047676 -0.002792296 -0.009064465)
(-0.006060727 -0.002150946 -0.01017239)
(-0.0001402108 -0.001600199 -0.01068467)
(0.005259011 -0.002256939 -0.009685283)
(0.009502488 -0.002747358 -0.008715707)
(0.0129595 -0.003027659 -0.00728105)
(0.01529229 -0.003079755 -0.005871273)
(0.01676141 -0.002972197 -0.004640244)
(0.01757901 -0.002777386 -0.003625106)
(0.017893 -0.002556773 -0.00281998)
(0.01779441 -0.002359828 -0.002204616)
(0.01731422 -0.002235401 -0.001763763)
(0.01640416 -0.002244836 -0.001486363)
(0.01489094 -0.002487137 -0.001375519)
(0.01244436 -0.003136581 -0.001471201)
(0.008468833 -0.004345546 -0.001772278)
(0.003136748 -0.005228511 -0.001751487)
(0.00387058 -0.005306114 0.001265086)
(0.01055312 -0.004243198 0.001825525)
(0.01564107 -0.002192729 0.00202734)
(0.01824648 -0.0005627066 0.001938508)
(0.01903173 0.0004738852 0.001687548)
(0.01873074 0.0009494964 0.001396624)
(0.01795645 0.001038648 0.001125483)
(0.0170635 0.0009340943 0.0009006515)
(0.01620455 0.0007533764 0.0007427742)
(0.01540131 0.0005438355 0.0006816539)
(0.01460625 0.0003054027 0.0007570755)
(0.01370673 3.464245e-05 0.001036244)
(0.01251621 -0.0002381706 0.001570989)
(0.01067022 -0.0003569875 0.002412302)
(0.007670968 -0.0001260454 0.003182078)
(0.003351522 0.0007283393 0.003268099)
(-0.002900467 0.001288629 0.002377966)
(-0.006517461 0.0007997466 0.001847035)
(-0.009070039 0.0005654383 0.001289861)
(-0.01071116 0.0005428393 0.0009904184)
(-0.01196885 0.0006126369 0.0008886003)
(-0.01304677 0.0007174552 0.0009380368)
(-0.01405814 0.0008177905 0.00109744)
(-0.01500106 0.0008501706 0.001334913)
(-0.01574148 0.0007003794 0.001621939)
(-0.01596489 0.0002117461 0.001917571)
(-0.01519789 -0.0007346402 0.002138746)
(-0.01284592 -0.002132529 0.002174695)
(-0.008456236 -0.003753613 0.001935586)
(-0.002920424 -0.004184034 0.001369173)
(0.002537713 -0.01305824 0.0006423007)
(0.007366867 -0.01139584 0.001527299)
(0.01120064 -0.007123191 0.002183108)
(0.01355202 -0.003624614 0.002439529)
(0.01483831 -0.001242391 0.002420454)
(0.01554619 0.0001900416 0.002245314)
(0.015649 0.0008242076 0.002106949)
(0.01550939 0.0009462383 0.002083052)
(0.01513446 0.0008591746 0.002186911)
(0.01443256 0.0007455588 0.002425769)
(0.01331011 0.0006802914 0.00278003)
(0.01166048 0.0007030266 0.00321963)
(0.009436161 0.0008395485 0.003609368)
(0.006509859 0.001311918 0.0039798)
(0.002989485 0.00240949 0.003766098)
(-0.0009443958 0.004174122 0.002908002)
(-0.004212684 0.004086371 0.002707786)
(-0.006612199 0.0027798 0.003018271)
(-0.008743537 0.001958493 0.003004428)
(-0.01036584 0.001496139 0.00282481)
(-0.01156613 0.001269326 0.002621732)
(-0.01239936 0.001158656 0.002472639)
(-0.01293368 0.001029267 0.002415822)
(-0.01321442 0.0006785699 0.002462085)
(-0.01316717 -0.0001303449 0.002596623)
(-0.01255486 -0.001570922 0.002700966)
(-0.01142366 -0.003757484 0.002612784)
(-0.009368013 -0.006787341 0.002250295)
(-0.006076936 -0.01020476 0.001567015)
(-0.002064769 -0.01072919 0.0007891285)
(0.0002776411 -0.0170919 -0.0001187863)
(0.0002759031 -0.01462597 0.001064159)
(7.000296e-05 -0.008846375 0.002281217)
(-6.469678e-05 -0.004358366 0.003095738)
(-9.321393e-05 -0.001546564 0.003543613)
(5.052101e-05 0.0001054645 0.003749958)
(0.0005616008 0.0009489076 0.003836357)
(0.0005673659 0.001393477 0.004122154)
(0.0003086361 0.001721091 0.004623867)
(-0.0002175927 0.002050765 0.005241883)
(-0.0009408875 0.002313469 0.005794247)
(-0.001842405 0.002469876 0.006112383)
(-0.002641343 0.00260312 0.005842069)
(-0.003173901 0.003096073 0.005194038)
(-0.003303674 0.004084488 0.004038052)
(-0.003045792 0.005102021 0.003186745)
(-0.002467639 0.004618879 0.003572231)
(-0.001753423 0.003439929 0.004507641)
(-0.001502747 0.002844098 0.004980555)
(-0.001406178 0.002427938 0.004911105)
(-0.00129773 0.002056278 0.004623436)
(-0.001134553 0.001684272 0.004283016)
(-0.0008139114 0.001263465 0.003993377)
(-0.0003638233 0.0006889323 0.003835004)
(0.0001438279 -0.000294598 0.003725859)
(0.00019824 -0.001941694 0.00343425)
(0.0001058349 -0.004517916 0.00291133)
(-0.0001097358 -0.008388004 0.002047319)
(-0.0003104558 -0.01302603 0.000894159)
(-0.0003869998 -0.01413434 -2.867699e-05)
(-0.002900608 -0.01431076 -0.001007667)
(-0.008302712 -0.01091304 0.0001636469)
(-0.01266261 -0.006436662 0.001362287)
(-0.0152067 -0.003717143 0.002195124)
(-0.01653486 -0.002337504 0.002723959)
(-0.0170874 -0.001722224 0.003062783)
(-0.01718248 -0.001489618 0.003246022)
(-0.01694755 -0.001446689 0.003304945)
(-0.01650726 -0.001584755 0.003221919)
(-0.01585164 -0.001839034 0.002918449)
(-0.0149182 -0.002105703 0.00231015)
(-0.01358452 -0.002191751 0.001333901)
(-0.01150009 -0.001732743 -7.942457e-05)
(-0.0088678 -0.0005452206 -0.001484927)
(-0.005792435 0.001405395 -0.003187349)
(-0.00241913 0.002688842 -0.003804214)
(0.00148314 0.0008853624 -0.002482137)
(0.004907775 -0.00132893 -0.0008407606)
(0.007716101 -0.002323838 0.0003348462)
(0.009830772 -0.002592808 0.001127011)
(0.01143052 -0.002468471 0.001677255)
(0.01264898 -0.002254645 0.002033068)
(0.01351329 -0.002084714 0.002237159)
(0.01404108 -0.00203322 0.002312812)
(0.01420355 -0.002176107 0.002244071)
(0.01384673 -0.002710069 0.002005991)
(0.0127218 -0.003938801 0.001571081)
(0.01048861 -0.006282843 0.0008479576)
(0.006752283 -0.009921474 -0.0001808255)
(0.002118806 -0.0120134 -0.0009925967)
(-0.006190376 -0.006484961 -0.002278378)
(-0.0140143 -0.004188224 -0.002131229)
(-0.01926656 -0.002400639 -0.001982602)
(-0.02204966 -0.001516019 -0.002115339)
(-0.02358538 -0.001094126 -0.002498985)
(-0.02439082 -0.0008859975 -0.003116435)
(-0.02474163 -0.0007567675 -0.00399437)
(-0.02472572 -0.0006145465 -0.005171963)
(-0.02435003 -0.0004050837 -0.006695629)
(-0.02356125 -8.702392e-05 -0.0086144)
(-0.02223872 0.0003846022 -0.01094429)
(-0.02017865 0.00104489 -0.01362891)
(-0.01694762 0.001890644 -0.01637502)
(-0.01278402 0.002896632 -0.01806709)
(-0.00765127 0.004432927 -0.01990238)
(0.0002194961 0.005665089 -0.02065761)
(0.007283323 0.004124279 -0.01928441)
(0.01248218 0.002837678 -0.0179639)
(0.01631802 0.001607174 -0.01510527)
(0.01871361 0.0006597181 -0.01226449)
(0.02019939 -1.172085e-06 -0.009794557)
(0.02106752 -0.0004298391 -0.007752841)
(0.02147688 -0.0006968057 -0.006106679)
(0.02150376 -0.0008712195 -0.004801732)
(0.0211575 -0.001020245 -0.003798929)
(0.02036145 -0.001226243 -0.003062976)
(0.01887975 -0.001606186 -0.002565985)
(0.01627409 -0.002365834 -0.002318024)
(0.01158552 -0.003820157 -0.002326251)
(0.004795067 -0.005403646 -0.002217602)
(0.003867805 -0.004770063 0.000813245)
(0.01059825 -0.003595762 0.001101073)
(0.01568773 -0.001638117 0.001132127)
(0.01836657 -0.0001630828 0.001031112)
(0.0192938 0.0007053478 0.0008777199)
(0.0192178 0.001051611 0.0007414959)
(0.01871604 0.001066405 0.0006535206)
(0.01810214 0.0009179404 0.0006431383)
(0.01752518 0.0006927335 0.0007481694)
(0.01703329 0.0004128895 0.001038812)
(0.01663253 5.857438e-05 0.001635766)
(0.01623385 -0.0003490901 0.002774252)
(0.01565915 -0.0006689492 0.004723813)
(0.01415489 -0.0003226621 0.007376309)
(0.01057589 0.0007577333 0.009639437)
(0.003845541 0.002536728 0.01042836)
(-0.005597819 0.002111207 0.008061588)
(-0.009410101 0.0004486824 0.005553389)
(-0.01168058 6.99558e-05 0.003337114)
(-0.01279642 0.0001879081 0.002069417)
(-0.01361933 0.0004050878 0.001403709)
(-0.01433091 0.0006068996 0.001106742)
(-0.01501303 0.0007727465 0.00104297)
(-0.01564697 0.0008703172 0.001133286)
(-0.0161129 0.0008216175 0.001325459)
(-0.01614146 0.0004832163 0.001568244)
(-0.01525699 -0.0002978342 0.001796341)
(-0.01286727 -0.001549111 0.001915808)
(-0.00850257 -0.003095827 0.00183791)
(-0.002922943 -0.003681124 0.001381274)
(0.002612874 -0.01226355 0.0007598934)
(0.007759291 -0.01040941 0.001252751)
(0.01192848 -0.006222137 0.001557381)
(0.01463701 -0.002927861 0.001691677)
(0.01630562 -0.0007745901 0.001699097)
(0.01726248 0.0003967687 0.001669213)
(0.01770659 0.0008265475 0.00172318)
(0.01792886 0.0008188805 0.001897263)
(0.01793703 0.0006206568 0.002220017)
(0.01764892 0.0003846734 0.002729534)
(0.01696968 0.0002053157 0.003451725)
(0.01569963 0.0002389781 0.004413992)
(0.0139088 0.0008430536 0.005442336)
(0.0111556 0.00292011 0.006321112)
(0.006841687 0.006370637 0.006064561)
(0.0002571217 0.00997132 0.005211656)
(-0.006291445 0.007637861 0.004966896)
(-0.009568516 0.003373451 0.004902452)
(-0.01210448 0.001592184 0.004248909)
(-0.0136762 0.0009957241 0.0035501)
(-0.01462548 0.0008677475 0.002974937)
(-0.01513862 0.0008876994 0.002553183)
(-0.01533336 0.0009030208 0.002292794)
(-0.01527458 0.0007479781 0.00217476)
(-0.01493925 0.0002058181 0.002172666)
(-0.01404851 -0.0009562725 0.002218133)
(-0.01253127 -0.002912456 0.002164437)
(-0.01010864 -0.005760595 0.001946217)
(-0.00648709 -0.009130588 0.001558735)
(-0.002149181 -0.009926009 0.001008222)
(0.0004161545 -0.01648663 0.0007408674)
(0.0009335129 -0.01381098 0.001438293)
(0.001357832 -0.008060613 0.002206471)
(0.001882266 -0.003763798 0.002874551)
(0.002457988 -0.001082441 0.003334893)
(0.003291006 0.0004344227 0.003588376)
(0.003876277 0.00115488 0.003851878)
(0.004179997 0.001478758 0.004351564)
(0.004254001 0.001750503 0.005058145)
(0.004048273 0.002117537 0.005919019)
(0.003581732 0.002625789 0.006767528)
(0.002623777 0.003388336 0.007306703)
(0.001928378 0.004884015 0.006359632)
(0.001445822 0.007844167 0.004362453)
(0.0003233314 0.0120157 0.001432687)
(-0.001952942 0.01497172 0.0001529256)
(-0.003898263 0.01166211 0.001769987)
(-0.00411939 0.006609266 0.004177341)
(-0.004632791 0.004065181 0.005390471)
(-0.004988299 0.002932126 0.005397873)
(-0.00497876 0.002373796 0.004987681)
(-0.004752915 0.002007242 0.0044759)
(-0.004342361 0.001692506 0.004033083)
(-0.003801232 0.001255785 0.003744307)
(-0.003069141 0.0004006297 0.003593161)
(-0.002331139 -0.001164304 0.003300351)
(-0.001797031 -0.003669543 0.002758489)
(-0.001351869 -0.007425138 0.002020037)
(-0.000951808 -0.01210252 0.001230466)
(-0.000522133 -0.01351742 0.0006262819)
(-0.002695033 -0.01413895 0.0005847302)
(-0.007575463 -0.01055045 0.001239239)
(-0.01136813 -0.005858415 0.002045816)
(-0.01334957 -0.002997316 0.002740824)
(-0.01413766 -0.0015162 0.003237705)
(-0.01416497 -0.0007811376 0.003569203)
(-0.013672 -0.0003917451 0.003763313)
(-0.01311942 -0.0001943498 0.003809204)
(-0.01255065 -8.09074e-05 0.003612439)
(-0.01193632 0.0001145953 0.00301281)
(-0.0112349 0.0006802824 0.001748305)
(-0.01035533 0.002038783 -0.0004650049)
(-0.008525788 0.004667052 -0.003874307)
(-0.006330527 0.008177368 -0.006302357)
(-0.003877668 0.01267744 -0.008967848)
(-0.001346718 0.0155448 -0.009846356)
(0.001422366 0.01158886 -0.007905477)
(0.004532459 0.006213024 -0.005501274)
(0.006376761 0.002451884 -0.002383642)
(0.007409882 0.0004792964 -0.0002994201)
(0.008366168 -0.0003146752 0.001083248)
(0.009235365 -0.0005575941 0.001915967)
(0.01011539 -0.0006366602 0.002327132)
(0.01095631 -0.0007660258 0.002482278)
(0.01161977 -0.001076611 0.002463339)
(0.01173867 -0.001737707 0.002268142)
(0.01111413 -0.003086119 0.001879287)
(0.009394015 -0.005598574 0.001285929)
(0.006160248 -0.009481908 0.0005923249)
(0.001965323 -0.01184449 0.0001466526)
(-0.006230974 -0.00646767 -0.0003864569)
(-0.0140735 -0.003895855 -0.0007927414)
(-0.01930657 -0.001917375 -0.001213516)
(-0.02208122 -0.000902773 -0.001759888)
(-0.02366002 -0.0003542085 -0.002468674)
(-0.02458946 1.065145e-05 -0.003378284)
(-0.02515955 0.0003585328 -0.004552273)
(-0.02546648 0.0007796767 -0.006049298)
(-0.02552344 0.001325785 -0.007945839)
(-0.02527249 0.002079376 -0.01034633)
(-0.02451768 0.003130353 -0.01331951)
(-0.02285328 0.00452927 -0.01685365)
(-0.01913587 0.006252716 -0.02035671)
(-0.01475061 0.008075627 -0.02116261)
(-0.009092179 0.01121058 -0.02358931)
(0.001017527 0.01368981 -0.02461524)
(0.009715257 0.01047434 -0.02294161)
(0.01590836 0.007795422 -0.02229757)
(0.02030627 0.005463943 -0.01876596)
(0.02227501 0.003700328 -0.01516516)
(0.02309561 0.002405925 -0.01207033)
(0.02330274 0.001472138 -0.00951665)
(0.02312532 0.0007884688 -0.007420719)
(0.0226762 0.0002812299 -0.005720452)
(0.02198016 -0.000111177 -0.004379467)
(0.02094784 -0.0004905329 -0.003341584)
(0.01932474 -0.001009506 -0.002540997)
(0.01663415 -0.001908406 -0.001936534)
(0.01186088 -0.003556076 -0.001483273)
(0.004933361 -0.005422899 -0.0009539721)
(0.003859352 -0.004927338 -3.349624e-05)
(0.01059578 -0.003850293 -1.211962e-05)
(0.01572511 -0.001914105 -2.26545e-05)
(0.01846496 -0.0004249335 -2.11484e-05)
(0.01946939 0.0004890024 2.028734e-06)
(0.0194988 0.0008867676 6.201576e-05)
(0.01914102 0.0009409776 0.0001508654)
(0.01874145 0.0008135239 0.0002794405)
(0.01850395 0.0005796769 0.0004783211)
(0.01857482 0.0002449359 0.0008104384)
(0.0191464 -0.0002040062 0.001374076)
(0.02029885 -0.000511702 0.002389415)
(0.02127407 0.0005553372 0.003622969)
(0.01925427 0.005114611 0.005538577)
(0.01368483 0.01055177 0.008324554)
(0.001286747 0.01455575 0.009886044)
(-0.01123139 0.009162609 0.007452813)
(-0.01529276 0.0017672 0.00604886)
(-0.01615305 -0.0002287723 0.003866481)
(-0.01558335 -0.0001973599 0.002280707)
(-0.01532863 0.0001663872 0.001428948)
(-0.01537307 0.000468493 0.0009816599)
(-0.01562489 0.0006856172 0.0007809598)
(-0.0159648 0.0008143769 0.000727372)
(-0.01622902 0.0008019367 0.0007644459)
(-0.01613628 0.000516063 0.0008493928)
(-0.01520046 -0.0002028702 0.0009467645)
(-0.01279487 -0.001397464 0.001007013)
(-0.008454149 -0.00290165 0.0009839444)
(-0.002883503 -0.003502621 0.0007441182)
(0.002685356 -0.01244288 0.0004186552)
(0.007966167 -0.01075004 0.0006716905)
(0.01222845 -0.0066251 0.0008079437)
(0.01503295 -0.003331815 0.0008984494)
(0.01679347 -0.001181819 0.0009648774)
(0.01798525 -3.332857e-06 0.001038573)
(0.0186969 0.0004581155 0.001178726)
(0.01925552 0.0004782451 0.00137508)
(0.01970965 0.0002740467 0.001646371)
(0.02001177 -8.424804e-06 0.001992506)
(0.02011592 -0.0001890391 0.002290327)
(0.01972507 0.000570884 0.002414553)
(0.01840808 0.005302217 0.0009803588)
(0.01477778 0.01537636 0.003084907)
(0.009408344 0.02581089 0.005304826)
(0.0007650409 0.03193344 0.006435843)
(-0.007952837 0.02278076 0.004486501)
(-0.01258353 0.008041456 0.002765412)
(-0.01562682 0.001967975 0.003381186)
(-0.01676397 0.0005575154 0.002924768)
(-0.01714616 0.000441783 0.002457123)
(-0.01716392 0.0005533811 0.002033238)
(-0.01694676 0.0006453257 0.001734901)
(-0.01655333 0.0005709046 0.001551599)
(-0.01595294 0.0001448411 0.001461223)
(-0.01487855 -0.0008821286 0.001428473)
(-0.01319194 -0.002739719 0.001366566)
(-0.01059144 -0.005521355 0.001235764)
(-0.006787694 -0.008833028 0.001030975)
(-0.002221842 -0.009641574 0.0006961723)
(0.0006385396 -0.01664454 0.000772939)
(0.001588324 -0.01416397 0.001235774)
(0.002361258 -0.008518371 0.001686553)
(0.003184327 -0.004217177 0.002126769)
(0.004083224 -0.001520273 0.002473202)
(0.005101262 9.316357e-06 0.002767082)
(0.006051529 0.0007833805 0.003104815)
(0.0068474 0.001177672 0.003584792)
(0.007528641 0.001519144 0.004198201)
(0.008003992 0.00202288 0.004895779)
(0.008250325 0.003000057 0.005338034)
(0.007546995 0.00549108 0.004872297)
(0.007187942 0.01300066 0.0007861992)
(0.005871908 0.0243814 0.001626797)
(0.003941956 0.03654433 0.002633259)
(0.0005634707 0.04346298 0.003368222)
(-0.002932566 0.03294163 0.002058179)
(-0.004797804 0.01575217 0.0008055393)
(-0.007071872 0.006817458 0.003934573)
(-0.008177264 0.00368005 0.004412177)
(-0.008186412 0.00252763 0.004186342)
(-0.007754947 0.001972385 0.003708022)
(-0.00708168 0.001594843 0.003271273)
(-0.00628153 0.001164948 0.002940039)
(-0.005392998 0.0003669317 0.002718202)
(-0.004318326 -0.001132708 0.002446784)
(-0.003389922 -0.003606743 0.002046661)
(-0.002522213 -0.007330245 0.001545712)
(-0.001664156 -0.01193319 0.001055099)
(-0.0007226289 -0.01332177 0.000647231)
(-0.002267886 -0.01445602 0.0009815055)
(-0.00650545 -0.01108427 0.001463373)
(-0.009787994 -0.006263441 0.002019778)
(-0.01131309 -0.003150231 0.002542871)
(-0.01166427 -0.001424072 0.002927569)
(-0.01128697 -0.0005035085 0.00318413)
(-0.01052508 -1.138777e-05 0.003329802)
(-0.009713355 0.0002791257 0.00340793)
(-0.008987406 0.0005827121 0.00325741)
(-0.008461974 0.001243948 0.002655981)
(-0.008262949 0.00296548 0.001240429)
(-0.008656374 0.006896754 -0.001223772)
(-0.006481773 0.01499167 -0.005083389)
(-0.004916714 0.02391516 -0.002491504)
(-0.002327776 0.03459404 -0.002246901)
(0.001179763 0.04098942 -0.001742376)
(0.004341917 0.03139087 -0.002458982)
(0.006899095 0.01790177 -0.005578127)
(0.007877135 0.00827262 -0.002526038)
(0.007029884 0.003481761 -0.0004530445)
(0.006771422 0.001364412 0.0009267527)
(0.006986037 0.0005544187 0.001679336)
(0.00754325 0.0002250295 0.002040872)
(0.008261257 -4.407856e-05 0.002199746)
(0.009073795 -0.0005112234 0.002226264)
(0.009510154 -0.00136955 0.002077234)
(0.009270394 -0.002935355 0.001773504)
(0.007979139 -0.005665607 0.001322491)
(0.005228946 -0.009681445 0.0008402486)
(0.001626986 -0.01194459 0.0005201787)
(-0.005962398 -0.006672562 0.0005149073)
(-0.01364537 -0.004024722 0.0001731181)
(-0.01888962 -0.001851314 -0.0002858555)
(-0.02171833 -0.0006350565 -0.0008137155)
(-0.02337611 0.0001157753 -0.001448788)
(-0.02444089 0.0006894222 -0.002226218)
(-0.02521002 0.0012476 -0.003189384)
(-0.02593397 0.001938771 -0.004461325)
(-0.02663609 0.002889459 -0.006130612)
(-0.02725557 0.004251489 -0.008307392)
(-0.02752932 0.006220321 -0.0111009)
(-0.02641998 0.009008933 -0.01431542)
(-0.02048119 0.01296099 -0.01630653)
(-0.01616717 0.01623609 -0.01185407)
(-0.01046663 0.02280673 -0.01239823)
(0.002314185 0.02761855 -0.01229803)
(0.01257003 0.02078855 -0.0124734)
(0.0196459 0.01509908 -0.0174004)
(0.02581517 0.01015254 -0.01568786)
(0.02697435 0.006903138 -0.01261142)
(0.02650599 0.004685396 -0.009795527)
(0.02558722 0.003150287 -0.00750437)
(0.02457212 0.002063806 -0.005683158)
(0.02355618 0.001262505 -0.004256352)
(0.02250511 0.0006306536 -0.003154168)
(0.02120213 3.719133e-05 -0.002278903)
(0.01939193 -0.0006709615 -0.001586806)
(0.01656149 -0.001746377 -0.001037278)
(0.0116954 -0.003564099 -0.0005853379)
(0.004813091 -0.005537137 -0.0001507153)
(0.003823921 -0.005324819 -0.0001420742)
(0.01051769 -0.004448456 -0.0001766683)
(0.01568624 -0.002531157 -0.0001959725)
(0.01847752 -0.0009805125 -0.0001925311)
(0.01952749 3.149039e-05 -0.000169588)
(0.01960502 0.0005615423 -0.0001325552)
(0.01927326 0.0007203114 -8.794712e-05)
(0.01890559 0.0006439903 -4.047943e-05)
(0.01872884 0.0004015964 1.266944e-05)
(0.01889625 -1.626808e-06 8.314396e-05)
(0.01964695 -0.0004088462 0.000173033)
(0.02000208 0.001207197 0.0003818252)
(0.01517408 0.01334539 0.0004985309)
(-0.0137944 0.01335468 0.00252605)
(-0.0182449 0.001410405 0.001714107)
(-0.01742474 -0.0004266481 0.0009308814)
(-0.01637748 -0.0001050816 0.0005439653)
(-0.01597081 0.0002901765 0.0003406812)
(-0.01594539 0.0005562463 0.0002459755)
(-0.01611391 0.0006941498 0.0002108444)
(-0.01626684 0.0006712795 0.0002113251)
(-0.01610299 0.0003658354 0.0002317581)
(-0.0151282 -0.0003636343 0.0002601998)
(-0.01269995 -0.001551356 0.0002835057)
(-0.008367011 -0.003019627 0.0002875664)
(-0.002839112 -0.003539388 0.0002226556)
(0.002660156 -0.01290551 0.000139822)
(0.007883244 -0.01151998 0.0002124056)
(0.01209279 -0.007478406 0.0002369197)
(0.01485088 -0.00414386 0.0002570396)
(0.01659654 -0.001900938 0.0002771398)
(0.01779797 -0.0006165614 0.0003166144)
(0.01872657 -4.349809e-05 0.0003716933)
(0.01942925 7.667661e-05 0.0004318844)
(0.01997503 -5.177041e-05 0.0004880015)
(0.02012789 -0.0001956438 0.0004962525)
(0.01962218 0.000445897 0.0002811798)
(0.01592394 0.006530808 -0.0002853931)
(0.01080175 0.0306075 -0.001533175)
(-0.009712096 0.03095425 0.0005820879)
(-0.0144112 0.007408959 0.001068593)
(-0.01770842 0.001031047 0.001003436)
(-0.01821091 0.0001806984 0.0009138865)
(-0.01812866 0.0002346568 0.0007626952)
(-0.01770138 0.0003384573 0.0006406776)
(-0.01710519 0.0002689069 0.0005580264)
(-0.01631659 -0.0001475335 0.0005113537)
(-0.01510483 -0.001152119 0.0004897384)
(-0.01335742 -0.002990809 0.0004645753)
(-0.01070087 -0.00574226 0.0004258784)
(-0.006848993 -0.008972209 0.0003699761)
(-0.002227859 -0.009646174 0.0002606639)
(0.0007252634 -0.01695959 0.0003623391)
(0.001815772 -0.01479797 0.0005305917)
(0.002696345 -0.009293266 0.0006788986)
(0.003604713 -0.004985228 0.0008441373)
(0.004620216 -0.002234325 0.0009935718)
(0.005807533 -0.00065522 0.001134864)
(0.00698853 0.0002569706 0.001320208)
(0.008194084 0.0008477748 0.001554552)
(0.009373296 0.001429345 0.001818975)
(0.01024299 0.002431784 0.002043049)
(0.0105893 0.005102128 0.001857779)
(0.00741307 0.01451044 0.0006735848)
(0.006160764 0.04320387 -0.002173731)
(-0.005417874 0.0437706 -0.0004646003)
(-0.006825563 0.01550906 0.001324244)
(-0.01024248 0.005831004 0.001830813)
(-0.01031262 0.003043781 0.001863109)
(-0.009711254 0.002016321 0.001649212)
(-0.008731773 0.001441351 0.001431292)
(-0.00765707 0.0008922629 0.0012523)
(-0.006567109 2.483457e-05 0.001113062)
(-0.005322622 -0.001461002 0.0009670568)
(-0.004184769 -0.003897099 0.0007966007)
(-0.003108637 -0.007575471 0.0006054014)
(-0.002019518 -0.01205976 0.0004390891)
(-0.0008253644 -0.01329246 0.0002959563)
(-0.001995213 -0.01474273 0.0005172325)
(-0.005829229 -0.0116757 0.0007078723)
(-0.008761391 -0.006876195 0.0009280376)
(-0.009947668 -0.00361227 0.001164922)
(-0.009925966 -0.001679598 0.001356635)
(-0.009193401 -0.0005706347 0.001491709)
(-0.008131438 5.622227e-05 0.001589192)
(-0.006842174 0.0004689468 0.001661948)
(-0.005688104 0.001060615 0.001614056)
(-0.004947647 0.002574649 0.001314032)
(-0.004813879 0.006930169 0.0005010996)
(-0.006581458 0.01790981 -0.0009473015)
(-4.692936e-05 0.04280364 -0.003599411)
(0.0005962407 0.04323843 -0.002475541)
(0.006834009 0.01887049 -0.0006297994)
(0.004877277 0.007785552 0.0002473177)
(0.004386433 0.003132157 0.0007679844)
(0.004538515 0.001424565 0.000990203)
(0.005249374 0.0007610407 0.001060882)
(0.006190211 0.0003373778 0.001059472)
(0.007238 -0.0002549977 0.001025786)
(0.007886697 -0.001294483 0.0009399211)
(0.007970825 -0.003050023 0.0007909907)
(0.006999148 -0.005919329 0.0005938518)
(0.004592912 -0.009946261 0.0004129121)
(0.001390504 -0.01202366 0.0002979863)
(-0.005660925 -0.006840299 0.0003884608)
(-0.01310308 -0.004191485 0.0002487844)
(-0.01824316 -0.001865714 3.783391e-05)
(-0.02100764 -0.0004617523 -0.0002002991)
(-0.02259512 0.0004863829 -0.0004852969)
(-0.02357288 0.001262091 -0.0008354578)
(-0.02431664 0.002059942 -0.001276854)
(-0.02513749 0.003119248 -0.001868135)
(-0.02609684 0.004685661 -0.002661494)
(-0.02713113 0.007084945 -0.003718213)
(-0.02755292 0.01091396 -0.00511005)
(-0.02471112 0.0174094 -0.006732151)
(-0.01138725 0.02938344 -0.007798375)
(0.01166116 0.02973443 -0.007247184)
(0.0249152 0.01788001 -0.006678155)
(0.0278575 0.0113294 -0.005390483)
(0.02724761 0.007417092 -0.004169176)
(0.02583508 0.004921188 -0.00317007)
(0.02443854 0.003253894 -0.002368565)
(0.02318649 0.002093779 -0.001734688)
(0.02204455 0.001234976 -0.0012446)
(0.02075017 0.0004624742 -0.0008612979)
(0.0189451 -0.0004195889 -0.0005563514)
(0.01613048 -0.00165442 -0.0003107331)
(0.0113174 -0.00360313 -0.0001015663)
(0.004603015 -0.005606702 8.05852e-05)
(0.00382387 -0.005319089 0.0001688502)
(0.01051742 -0.004441128 0.0002089432)
(0.01568473 -0.002524267 0.0002301321)
(0.0184747 -0.0009747495 0.000226408)
(0.01952362 3.578009e-05 0.0002013837)
(0.01960053 0.0005641019 0.0001609859)
(0.01926899 0.0007214309 0.0001126615)
(0.01890193 0.0006442007 6.171278e-05)
(0.01872596 0.0004011416 5.620132e-06)
(0.01889442 -2.680612e-06 -6.706789e-05)
(0.01964656 -0.0004103105 -0.0001580819)
(0.02000341 0.001206519 -0.0003664416)
(0.01517519 0.01334857 -0.000482732)
(-0.0137994 0.01337071 -0.002476314)
(-0.01825052 0.001417299 -0.001658217)
(-0.01742715 -0.000423856 -0.0008754471)
(-0.01637635 -0.000102988 -0.0004874118)
(-0.01596753 0.0002922998 -0.0002816995)
(-0.01594053 0.0005584871 -0.0001838026)
(-0.0161082 0.0006966977 -0.0001454926)
(-0.01626099 0.0006744691 -0.0001436145)
(-0.0160978 0.0003698276 -0.000163517)
(-0.01512423 -0.0003593608 -0.0001943511)
(-0.01269733 -0.001547232 -0.0002225904)
(-0.008365823 -0.003016057 -0.0002336437)
(-0.002838834 -0.003536983 -0.0001803653)
(0.002661059 -0.01289779 -0.0001321851)
(0.007885901 -0.01150982 -0.0002051528)
(0.01209657 -0.007468328 -0.0002276519)
(0.01485528 -0.004134899 -0.000245679)
(0.01660093 -0.001893791 -0.0002648289)
(0.01780217 -0.0006116124 -0.0003047901)
(0.01872938 -4.070265e-05 -0.0003609253)
(0.01943147 7.766853e-05 -0.0004219253)
(0.01997673 -5.224087e-05 -0.0004786796)
(0.02012901 -0.0001973304 -0.0004873194)
(0.01962277 0.0004434738 -0.0002721234)
(0.01592334 0.00653012 0.0002960716)
(0.01080222 0.03060938 0.00154528)
(-0.009713042 0.03097997 -0.0005481195)
(-0.01440884 0.0074253 -0.001037143)
(-0.01770652 0.001041358 -0.0009748173)
(-0.01820898 0.0001895438 -0.0008840906)
(-0.0181264 0.0002432257 -0.0007312029)
(-0.01769906 0.0003471731 -0.0006080129)
(-0.0171032 0.0002778656 -0.0005251774)
(-0.01631623 -0.0001387652 -0.0004798453)
(-0.01510439 -0.001144011 -0.0004621576)
(-0.01335679 -0.002983448 -0.0004427119)
(-0.01070019 -0.005735879 -0.0004106842)
(-0.006848559 -0.008967013 -0.0003594842)
(-0.002227806 -0.00964264 -0.0002494196)
(0.0007261743 -0.01695342 -0.0003696304)
(0.0018188 -0.01478933 -0.0005437473)
(0.002701284 -0.009284038 -0.0006918135)
(0.003611016 -0.004976378 -0.0008555593)
(0.004626921 -0.002226783 -0.001003729)
(0.005813829 -0.0006493312 -0.001145074)
(0.006993144 0.0002608895 -0.001331666)
(0.008196677 0.0008496784 -0.001566752)
(0.009373599 0.001429917 -0.001831281)
(0.01024106 0.002431429 -0.00205452)
(0.01058573 0.005101234 -0.001865981)
(0.007409274 0.01451052 -0.0006735215)
(0.006160118 0.04320682 0.002181171)
(-0.005418024 0.04379482 0.0004809295)
(-0.006823092 0.01552316 -0.001322863)
(-0.01024316 0.005838873 -0.001843026)
(-0.01031533 0.00305079 -0.001879206)
(-0.009714688 0.002023221 -0.001665139)
(-0.008734964 0.001448659 -0.001445817)
(-0.007659279 0.0009002834 -0.001265606)
(-0.006566172 3.329625e-05 -0.001126806)
(-0.005321581 -0.001453713 -0.0009837928)
(-0.0041827 -0.003891167 -0.0008176369)
(-0.003106656 -0.007570483 -0.0006298148)
(-0.002018325 -0.01205569 -0.0004634327)
(-0.0008251444 -0.01328961 -0.0003094672)
(-0.001994981 -0.0147391 -0.0005349845)
(-0.005828691 -0.01167008 -0.0007343771)
(-0.008760689 -0.00686948 -0.0009573199)
(-0.009947141 -0.003605623 -0.001195658)
(-0.009926118 -0.001673997 -0.00138751)
(-0.009195298 -0.0005664815 -0.001521312)
(-0.008133249 5.89019e-05 -0.001617213)
(-0.006846169 0.0004708477 -0.001687729)
(-0.005693497 0.001061943 -0.001635854)
(-0.004953782 0.002575547 -0.001330293)
(-0.004820007 0.006930904 -0.0005104637)
(-0.006585531 0.01791165 0.000944973)
(-4.83439e-05 0.04280575 0.00360222)
(0.0005965971 0.04326021 0.002477679)
(0.006837073 0.01888328 0.0006195668)
(0.004878979 0.007792013 -0.0002697509)
(0.004388486 0.003134079 -0.0007980203)
(0.004540278 0.001425023 -0.0010254)
(0.005251269 0.0007608569 -0.001099029)
(0.006192463 0.0003365515 -0.001099179)
(0.007240471 -0.0002560878 -0.001066739)
(0.007891007 -0.001294863 -0.0009818461)
(0.007975041 -0.003049285 -0.0008341248)
(0.007002623 -0.005917334 -0.0006374928)
(0.004595075 -0.009943595 -0.0004548207)
(0.001391095 -0.01202173 -0.0003264519)
(-0.005661242 -0.006838584 -0.0004104215)
(-0.01310371 -0.004189323 -0.0002756643)
(-0.01824343 -0.001863772 -6.386714e-05)
(-0.02100755 -0.0004601735 0.0001761057)
(-0.02259488 0.0004874844 0.0004632505)
(-0.02357269 0.001262634 0.000815506)
(-0.02431742 0.002060283 0.001258918)
(-0.02513907 0.003119647 0.001852309)
(-0.02609908 0.004686032 0.002648061)
(-0.02713382 0.007085338 0.003707317)
(-0.02755576 0.01091452 0.005101819)
(-0.0247133 0.01741045 0.006726635)
(-0.01138851 0.02938501 0.007795697)
(0.01166339 0.02975203 0.007232037)
(0.0249214 0.01789164 0.006657658)
(0.02786442 0.0113368 0.005367027)
(0.02725416 0.007421587 0.004143931)
(0.02584076 0.004923852 0.003143536)
(0.02444347 0.003255326 0.002341018)
(0.02319072 0.002094324 0.001706198)
(0.02204796 0.001234763 0.001214985)
(0.02075242 0.0004617942 0.0008298129)
(0.01894647 -0.0004202635 0.0005221742)
(0.01613128 -0.001654719 0.0002733684)
(0.01131783 -0.003602811 6.166635e-05)
(0.004603237 -0.005605948 -0.0001130263)
(0.003858465 -0.004917441 4.74582e-05)
(0.01059372 -0.003837793 2.954799e-05)
(0.01572016 -0.001902164 4.237219e-05)
(0.01845725 -0.00041488 4.223267e-05)
(0.01945957 0.0004963228 1.934546e-05)
(0.01948813 0.0008908425 -4.156423e-05)
(0.0191311 0.0009425912 -0.0001318417)
(0.01873318 0.000813548 -0.0002618368)
(0.01849778 0.0005786122 -0.0004619282)
(0.01857116 0.0002429889 -0.0007949885)
(0.01914599 -0.0002067563 -0.001359437)
(0.0203029 -0.000514941 -0.002375348)
(0.02128281 0.0005524942 -0.0036096)
(0.01926451 0.005109041 -0.005529138)
(0.0136949 0.01054395 -0.008317646)
(0.001306892 0.01455518 -0.009881285)
(-0.01122821 0.009171765 -0.007443199)
(-0.01529471 0.001777482 -0.00602899)
(-0.01615115 -0.0002216353 -0.003840197)
(-0.01557708 -0.0001918442 -0.002249148)
(-0.01531817 0.0001713763 -0.001392546)
(-0.01535915 0.00047347 -0.0009404802)
(-0.01560842 0.0006909487 -0.0007350245)
(-0.01594707 0.0008204783 -0.0006768777)
(-0.01621157 0.000809309 -0.0007101439)
(-0.01612103 0.0005252674 -0.0007927836)
(-0.01518851 -0.0001925598 -0.0008908376)
(-0.01278668 -0.001387528 -0.0009541795)
(-0.008449886 -0.002893127 -0.0009363547)
(-0.002882068 -0.003496676 -0.0007062518)
(0.002686509 -0.01242948 -0.0004164458)
(0.00796973 -0.01073233 -0.0006701247)
(0.01223349 -0.006606906 -0.0008043662)
(0.01503886 -0.003315022 -0.0008921786)
(0.01679935 -0.001167908 -0.0009566715)
(0.01799066 6.405515e-06 -0.001029142)
(0.01870023 0.0004635066 -0.001169015)
(0.01925839 0.0004800335 -0.001365339)
(0.01971225 0.0002730594 -0.001636784)
(0.02001427 -1.159732e-05 -0.001983208)
(0.02011842 -0.0001940072 -0.002281232)
(0.01972854 0.0005652 -0.00240557)
(0.0184127 0.005302891 -0.0009702658)
(0.01478359 0.01536928 -0.003078173)
(0.009411369 0.02579975 -0.005299876)
(0.0007729483 0.03193242 -0.006430687)
(-0.007955641 0.02279302 -0.004475546)
(-0.01258747 0.008061405 -0.002746452)
(-0.01562614 0.001984369 -0.003360824)
(-0.01676033 0.0005722994 -0.002902979)
(-0.01714047 0.0004566076 -0.002433602)
(-0.01715659 0.0005690379 -0.002007895)
(-0.01693831 0.0006623332 -0.001708001)
(-0.01654465 0.0005895217 -0.001523824)
(-0.01594545 0.0001646212 -0.001433859)
(-0.0148753 -0.0008632248 -0.001403459)
(-0.01318846 -0.002723073 -0.001345839)
(-0.01058836 -0.005507254 -0.001220256)
(-0.006785537 -0.008821616 -0.001019356)
(-0.002221185 -0.00963304 -0.0006844121)
(0.0006397769 -0.0166345 -0.0007797951)
(0.001592413 -0.01415005 -0.00124705)
(0.002367888 -0.008503333 -0.001697521)
(0.003193185 -0.004202583 -0.00213597)
(0.004092984 -0.001507632 -0.002480054)
(0.005111196 1.886074e-05 -0.00277307)
(0.006058431 0.0007889804 -0.00311127)
(0.00685101 0.001179931 -0.003591873)
(0.007528279 0.001519544 -0.00420613)
(0.00799958 0.002022336 -0.004904682)
(0.008242591 0.002998939 -0.005347287)
(0.007536749 0.005489743 -0.004879444)
(0.007182873 0.01300306 -0.0007861991)
(0.005869997 0.02437386 -0.001624852)
(0.00393812 0.036532 -0.002630206)
(0.0005621206 0.04346062 -0.00336341)
(-0.002941451 0.03295186 -0.002048249)
(-0.004807863 0.01577733 -0.0007942003)
(-0.00707746 0.006828828 -0.00393085)
(-0.008184566 0.003688483 -0.004413927)
(-0.008195859 0.002536251 -0.004190448)
(-0.007765631 0.001981821 -0.003712913)
(-0.007092451 0.001605609 -0.003275983)
(-0.006290976 0.00117769 -0.00294436)
(-0.005400437 0.0003817821 -0.002722861)
(-0.004318341 -0.001118131 -0.002455344)
(-0.003387445 -0.003594936 -0.002059878)
(-0.002518661 -0.007320328 -0.001562611)
(-0.001661747 -0.01192478 -0.001072716)
(-0.0007222167 -0.01331471 -0.0006565334)
(-0.002267691 -0.01445034 -0.0009943902)
(-0.006505271 -0.01107566 -0.001482078)
(-0.009787906 -0.006253709 -0.002039813)
(-0.01131311 -0.003141171 -0.002563357)
(-0.0116649 -0.001416822 -0.00294786)
(-0.01128901 -0.0004980679 -0.003204024)
(-0.01052822 -7.34292e-06 -0.003349089)
(-0.00972014 0.0002819916 -0.003426764)
(-0.008997002 0.0005847956 -0.003275173)
(-0.008473552 0.001245492 -0.002671852)
(-0.008275377 0.002966647 -0.001253369)
(-0.008667817 0.006897474 0.001215208)
(-0.006488848 0.01499251 0.005079064)
(-0.004922351 0.02390873 0.002491611)
(-0.002336135 0.03458202 0.002248659)
(0.001171778 0.04098656 0.001746212)
(0.004329822 0.03139798 0.002466355)
(0.006889984 0.01791708 0.005581454)
(0.007876372 0.008279875 0.002518898)
(0.007030262 0.003484929 0.0004365206)
(0.006771305 0.001366306 -0.0009510628)
(0.006985325 0.0005557345 -0.001708197)
(0.007542273 0.0002258356 -0.00207195)
(0.008260534 -4.421972e-05 -0.002231667)
(0.009074431 -0.000512809 -0.002258846)
(0.009514057 -0.001370712 -0.002110664)
(0.009275238 -0.002934707 -0.001807633)
(0.007983688 -0.005662722 -0.001357074)
(0.005231911 -0.009676787 -0.0008736709)
(0.001627536 -0.01193984 -0.0005428156)
(-0.005962952 -0.006670136 -0.0005294938)
(-0.01364679 -0.004021806 -0.0001910968)
(-0.01889137 -0.001848909 0.0002688513)
(-0.02171996 -0.0006334756 0.0007979367)
(-0.02337803 0.0001165389 0.001434189)
(-0.0244436 0.0006895264 0.002212671)
(-0.02521355 0.001247346 0.003176695)
(-0.02593861 0.001938417 0.004449792)
(-0.02664151 0.002888924 0.006120342)
(-0.02726156 0.004250778 0.008298445)
(-0.02753555 0.00621945 0.01109333)
(-0.02642608 0.009007919 0.01430936)
(-0.02048621 0.01295942 0.01630181)
(-0.01617262 0.01623132 0.01185237)
(-0.01047574 0.02279846 0.01239759)
(0.002300095 0.02761617 0.01229883)
(0.01255787 0.02079174 0.01247525)
(0.01964118 0.01510639 0.01739921)
(0.02581705 0.01015728 0.0156804)
(0.02697754 0.006905899 0.01259841)
(0.02650916 0.004686467 0.009777611)
(0.02559063 0.003150211 0.007482702)
(0.02457572 0.00206292 0.005658652)
(0.02355989 0.001260876 0.004229668)
(0.02250807 0.0006282555 0.003125509)
(0.02120398 3.462282e-05 0.00224832)
(0.01939283 -0.0006730716 0.001554258)
(0.01656178 -0.001747502 0.001002791)
(0.01169548 -0.003563765 0.0005497193)
(0.004812781 -0.00553534 0.0001222905)
(0.003866811 -0.004760734 -0.000811551)
(0.01059562 -0.003583849 -0.001098275)
(0.01568146 -0.001626329 -0.00112684)
(0.01835665 -0.0001528502 -0.001023012)
(0.01928042 0.0007121784 -0.0008674329)
(0.01920329 0.001055041 -0.0007295511)
(0.01870234 0.001067383 -0.0006403983)
(0.01809048 0.0009173714 -0.0006292379)
(0.01751614 0.0006911945 -0.0007337849)
(0.01702708 0.000410712 -0.00102428)
(0.0166292 5.587934e-05 -0.001621567)
(0.01623354 -0.000352186 -0.002761304)
(0.01566195 -0.0006723622 -0.004713418)
(0.01416119 -0.0003267358 -0.007369213)
(0.0105848 0.0007528563 -0.009634699)
(0.003862953 0.002534236 -0.01042572)
(-0.005587456 0.002117407 -0.008059782)
(-0.009401562 0.0004543922 -0.005546639)
(-0.01167049 7.454013e-05 -0.003325802)
(-0.0127828 0.0001920987 -0.002054045)
(-0.01360147 0.0004093636 -0.001384375)
(-0.01430885 0.0006115713 -0.001083187)
(-0.01498746 0.0007782745 -0.00101478)
(-0.01561946 0.0008774144 -0.001100152)
(-0.0160858 0.0008311729 -0.00128756)
(-0.01611778 0.0004958592 -0.001526624)
(-0.01523814 -0.0002832325 -0.001753498)
(-0.0128541 -0.001534473 -0.001873571)
(-0.008495401 -0.003082648 -0.001798396)
(-0.002920222 -0.003671375 -0.001348875)
(0.002613611 -0.01225167 -0.0007612792)
(0.007761506 -0.01039346 -0.001254824)
(0.01193134 -0.006205059 -0.001557484)
(0.01463977 -0.002911409 -0.001688781)
(0.01630847 -0.0007600866 -0.001693232)
(0.01726133 0.0004066472 -0.00166159)
(0.01770476 0.0008312812 -0.001714409)
(0.01792716 0.0008200129 -0.001888168)
(0.01793548 0.0006195482 -0.002211176)
(0.01764732 0.0003823361 -0.00272146)
(0.01696775 0.0002023554 -0.003444904)
(0.01569721 0.0002356046 -0.004408654)
(0.01390633 0.0008391983 -0.00543927)
(0.01115331 0.002914931 -0.006320898)
(0.006838744 0.006363968 -0.006064619)
(0.0002548915 0.009970368 -0.005207474)
(-0.006294232 0.007646961 -0.004958527)
(-0.009569931 0.003383131 -0.00488885)
(-0.0121039 0.001600748 -0.004232414)
(-0.01367379 0.00100437 -0.003531799)
(-0.01462115 0.000877682 -0.002954993)
(-0.01513232 0.0008997969 -0.002531592)
(-0.01532526 0.000918382 -0.002269461)
(-0.01526548 0.0007676132 -0.002149681)
(-0.01493134 0.0002295662 -0.002146314)
(-0.01404559 -0.000931373 -0.00219347)
(-0.01252764 -0.00288939 -0.002143832)
(-0.01010509 -0.005739933 -0.001929405)
(-0.006484316 -0.009112849 -0.001544833)
(-0.002148035 -0.009911769 -0.0009949133)
(0.0004167458 -0.01647806 -0.0007462927)
(0.0009356276 -0.01379872 -0.001446611)
(0.001361502 -0.008046578 -0.002214463)
(0.00188823 -0.003749469 -0.00288082)
(0.002464714 -0.001069324 -0.003338409)
(0.003303294 0.0004440221 -0.003589065)
(0.003882188 0.001160197 -0.003853313)
(0.004182587 0.001481387 -0.004354701)
(0.004252683 0.001752265 -0.005062943)
(0.00404295 0.002119337 -0.005925589)
(0.003572889 0.002627557 -0.006775398)
(0.002611686 0.003389477 -0.007314896)
(0.001915209 0.004884116 -0.006365304)
(0.001433302 0.007841907 -0.004366267)
(0.0003100245 0.0120124 -0.001432804)
(-0.001964786 0.01496989 -0.0001488839)
(-0.003910381 0.01166876 -0.001760781)
(-0.00413014 0.006617283 -0.004165114)
(-0.004642659 0.004071845 -0.00538071)
(-0.004999782 0.002938575 -0.0053905)
(-0.00499282 0.002380672 -0.004981706)
(-0.00476949 0.002014986 -0.004470699)
(-0.004361104 0.001702168 -0.004027305)
(-0.003819563 0.001268992 -0.003737303)
(-0.003088309 0.0004180044 -0.003589194)
(-0.002336687 -0.001145988 -0.003302123)
(-0.001798957 -0.003653483 -0.002763687)
(-0.00135078 -0.007410503 -0.002028784)
(-0.000950318 -0.01208925 -0.001240331)
(-0.000521831 -0.01350519 -0.0006302662)
(-0.002695587 -0.01413377 -0.0005932635)
(-0.007577047 -0.01054266 -0.001251124)
(-0.0113702 -0.005849943 -0.002058486)
(-0.01335153 -0.002989747 -0.002753688)
(-0.01413963 -0.001510322 -0.003250383)
(-0.01416763 -0.000776229 -0.003581785)
(-0.01367501 -0.0003868975 -0.003775849)
(-0.01312607 -0.0001906143 -0.003821788)
(-0.01256016 -7.822262e-05 -0.003625476)
(-0.01194834 0.0001164485 -0.003025533)
(-0.01124881 0.0006811623 -0.001759867)
(-0.01037059 0.002038228 0.0004556871)
(-0.008540382 0.004666477 0.003868436)
(-0.006345034 0.008175306 0.006299268)
(-0.003892639 0.01267285 0.008966298)
(-0.001361638 0.01554408 0.009847726)
(0.001409425 0.01159537 0.007908462)
(0.004524579 0.00621919 0.005502952)
(0.006373005 0.002454829 0.002376473)
(0.007408364 0.0004803014 0.0002847)
(0.008364424 -0.0003124642 -0.001102926)
(0.009232422 -0.0005544511 -0.001938186)
(0.01011117 -0.0006333008 -0.00235089)
(0.01095116 -0.0007630978 -0.002507397)
(0.01161771 -0.001075252 -0.002490088)
(0.01173879 -0.001736281 -0.002295674)
(0.01111572 -0.003083136 -0.001906729)
(0.009396145 -0.005593638 -0.001313211)
(0.00616191 -0.009475047 -0.0006179717)
(0.001965457 -0.01183645 -0.0001631877)
(-0.006231812 -0.006465347 0.0003779089)
(-0.01407536 -0.003893194 0.0007822237)
(-0.01930864 -0.001915339 0.001203011)
(-0.02208337 -0.000901526 0.001749569)
(-0.02366267 -0.0003537497 0.002458588)
(-0.0245931 1.051469e-05 0.003368406)
(-0.02516417 0.0003582311 0.004542683)
(-0.02547179 0.0007792672 0.006040016)
(-0.02552972 0.001325122 0.007937285)
(-0.02527963 0.002078508 0.01033862)
(-0.02452562 0.003129252 0.01331272)
(-0.02286216 0.004527841 0.01684782)
(-0.01914553 0.006250785 0.02035165)
(-0.01476135 0.008072755 0.02115845)
(-0.00910395 0.01120608 0.02358518)
(0.001001079 0.01368819 0.02461259)
(0.009704234 0.01047572 0.02293858)
(0.01590263 0.007797784 0.02229296)
(0.02030462 0.005465284 0.0187555)
(0.02227469 0.00370067 0.01514922)
(0.0230958 0.00240531 0.01204979)
(0.02330356 0.001470821 0.009492433)
(0.02312675 0.0007866553 0.007393802)
(0.02267777 0.0002788558 0.005691291)
(0.02198133 -0.0001137608 0.004348318)
(0.02094818 -0.0004927455 0.003308971)
(0.01932441 -0.001010994 0.002507586)
(0.01663337 -0.001908759 0.001902935)
(0.0118601 -0.00355477 0.001450828)
(0.004932655 -0.005419624 0.0009299317)
(0.003870542 -0.005301526 -0.001273338)
(0.01055177 -0.004236699 -0.001833655)
(0.01563654 -0.002185801 -0.002032653)
(0.01823815 -0.000556323 -0.001940047)
(0.01902021 0.0004784091 -0.001685404)
(0.01871729 0.0009517702 -0.001391364)
(0.0179434 0.001039239 -0.001117606)
(0.01705247 0.0009337936 -0.0008907151)
(0.01619631 0.0007527572 -0.0007313578)
(0.01539604 0.0005432196 -0.0006693224)
(0.01460379 0.0003048949 -0.0007443786)
(0.01370683 3.423625e-05 -0.001023771)
(0.01251845 -0.0002384994 -0.001559536)
(0.01067404 -0.0003572476 -0.002402807)
(0.007675956 -0.0001264654 -0.003175658)
(0.003357549 0.0007278372 -0.003264337)
(-0.002892268 0.001289675 -0.002377699)
(-0.006509538 0.0008009106 -0.001846721)
(-0.009058655 0.0005662129 -0.001288243)
(-0.01069549 0.0005435166 -0.0009868949)
(-0.01194803 0.0006134243 -0.0008827853)
(-0.01302049 0.0007186769 -0.0009295349)
(-0.01402693 0.0008202773 -0.001085812)
(-0.01496685 0.0008554086 -0.001319662)
(-0.01570767 0.0007102595 -0.00160286)
(-0.01593558 0.0002264372 -0.001894997)
(-0.01517428 -0.0007175159 -0.002114031)
(-0.01282924 -0.002114127 -0.002148857)
(-0.008447306 -0.003735593 -0.001910279)
(-0.00291708 -0.004169912 -0.001347621)
(0.002538009 -0.01305244 -0.0006455603)
(0.007367145 -0.01138667 -0.001531167)
(0.01120006 -0.007112127 -0.002185572)
(0.01355019 -0.003612751 -0.002439634)
(0.01483548 -0.001230909 -0.002417886)
(0.01553974 0.0001990887 -0.00224051)
(0.01564213 0.0008293207 -0.002101189)
(0.01550311 0.0009488559 -0.002077171)
(0.01512894 0.0008608532 -0.002181478)
(0.01442754 0.0007471691 -0.002421137)
(0.0133054 0.0006821379 -0.002776296)
(0.01165602 0.000705045 -0.003216752)
(0.009431991 0.0008413202 -0.003607271)
(0.006505733 0.001313138 -0.003978577)
(0.002985034 0.002409749 -0.003765073)
(-0.0009494705 0.004174356 -0.002903439)
(-0.004216408 0.004087558 -0.002698945)
(-0.006615257 0.002780873 -0.003006286)
(-0.008745162 0.001959092 -0.00299056)
(-0.01036651 0.001497107 -0.002809456)
(-0.01156582 0.001271466 -0.002605048)
(-0.01239785 0.001163157 -0.00245469)
(-0.01293107 0.001038645 -0.00239659)
(-0.01321157 0.0006956615 -0.002441166)
(-0.01317028 -0.0001065077 -0.002574656)
(-0.01255642 -0.001544077 -0.002681406)
(-0.0114237 -0.003729776 -0.00259584)
(-0.009367037 -0.006759212 -0.002235548)
(-0.006076043 -0.01017781 -0.00155418)
(-0.002064095 -0.01070688 -0.0007770863)
(0.0002774066 -0.01708772 0.0001164262)
(0.0002752298 -0.01461828 -0.00106833)
(6.886753e-05 -0.008835944 -0.002285633)
(-6.450222e-05 -0.004346116 -0.003099447)
(-9.240504e-05 -0.001534557 -0.003546016)
(5.860989e-05 0.0001153352 -0.003749096)
(0.0005684733 0.0009560705 -0.003834453)
(0.0005690987 0.001399039 -0.004122244)
(0.0003085236 0.001725952 -0.004626071)
(-0.0002204985 0.002055682 -0.00524573)
(-0.0009460338 0.002317902 -0.005798634)
(-0.001849575 0.002473477 -0.006116445)
(-0.002649813 0.002605686 -0.005845045)
(-0.003183088 0.003097955 -0.005195405)
(-0.00331325 0.004085805 -0.004037442)
(-0.003054908 0.005103856 -0.003182093)
(-0.002476918 0.004622806 -0.003562234)
(-0.001763107 0.003445363 -0.004495218)
(-0.001512822 0.00285072 -0.004967975)
(-0.00141886 0.002435652 -0.004898291)
(-0.001314761 0.002064748 -0.004610211)
(-0.001155511 0.001694406 -0.004269136)
(-0.0008440565 0.001276961 -0.003979354)
(-0.000395488 0.0007068277 -0.003821254)
(0.0001224741 -0.0002699236 -0.003718257)
(0.0001822112 -0.001917614 -0.003430297)
(9.544177e-05 -0.004496113 -0.002908649)
(-0.0001162168 -0.008364458 -0.002047894)
(-0.0003137372 -0.01300271 -0.0008965028)
(-0.0003879815 -0.01411371 2.962359e-05)
(-0.002901931 -0.01430768 0.001005397)
(-0.008305928 -0.01090727 -0.0001679804)
(-0.01266689 -0.006430069 -0.001367195)
(-0.01521083 -0.003710929 -0.002200276)
(-0.01653866 -0.002332337 -0.002729035)
(-0.01709125 -0.001717417 -0.00306796)
(-0.01718681 -0.001484257 -0.003251331)
(-0.01695139 -0.001441382 -0.003310735)
(-0.01651326 -0.00158031 -0.003228132)
(-0.01585962 -0.001835259 -0.002924672)
(-0.0149283 -0.002102725 -0.002315923)
(-0.01359651 -0.002189612 -0.001338847)
(-0.01151367 -0.001731601 7.55696e-05)
(-0.008881744 -0.0005443186 0.001482921)
(-0.005806215 0.00140535 0.003186626)
(-0.002432007 0.002690605 0.003805664)
(0.001469545 0.0008933592 0.002486763)
(0.004897685 -0.001322505 0.0008397528)
(0.007708013 -0.002317494 -0.0003412114)
(0.009822106 -0.002584396 -0.001136994)
(0.01142062 -0.002458483 -0.001689797)
(0.01263678 -0.002243025 -0.002047307)
(0.01350303 -0.002073584 -0.002251733)
(0.01403067 -0.002023203 -0.002328202)
(0.01419423 -0.002165552 -0.00226069)
(0.01383942 -0.002698453 -0.002023149)
(0.01271587 -0.003926406 -0.001588095)
(0.01048366 -0.006269706 -0.0008649817)
(0.00674944 -0.009907656 0.0001650075)
(0.002117397 -0.01200011 0.0009838585)
(-0.006191604 -0.006483389 0.002277079)
(-0.01401648 -0.004186289 0.002128393)
(-0.01926911 -0.00239905 0.001979074)
(-0.02205253 -0.001514892 0.00211134)
(-0.02358895 -0.001093602 0.002494629)
(-0.02439549 -0.0008860031 0.003111782)
(-0.02474741 -0.0007570884 0.003989555)
(-0.02473245 -0.0006149582 0.005167059)
(-0.02435768 -0.0004055055 0.006690718)
(-0.02356975 -8.76182e-05 0.00860952)
(-0.02224807 0.0003837648 0.01093946)
(-0.02018886 0.001043758 0.01362411)
(-0.01695886 0.001889195 0.01637037)
(-0.01279649 0.002894834 0.01806292)
(-0.007663548 0.004430443 0.01989827)
(0.0002033722 0.005664151 0.02065402)
(0.007272596 0.004124503 0.01927914)
(0.01247499 0.00283873 0.01795765)
(0.0163134 0.001608137 0.01509457)
(0.01871056 0.0006602766 0.0122495)
(0.02019757 -1.060002e-06 0.009776037)
(0.02106648 -0.0004302297 0.007731283)
(0.02147621 -0.0006971983 0.006082625)
(0.02150281 -0.0008711926 0.004775565)
(0.02115607 -0.001019417 0.003771019)
(0.02035972 -0.001224749 0.003034077)
(0.01887778 -0.001604124 0.002537067)
(0.01627184 -0.002362878 0.002290075)
(0.01158344 -0.003815952 0.00230103)
(0.004793454 -0.005398266 0.002200448)
(0.003427312 -0.005172271 -0.0005540508)
(0.00948559 -0.004654889 -0.001043583)
(0.01399264 -0.002805346 -0.001245306)
(0.01602393 -0.00112778 -0.001205956)
(0.01618958 2.411491e-05 -0.001024423)
(0.01530656 0.0006263283 -0.0007969095)
(0.0140161 0.0008070431 -0.000584493)
(0.01272791 0.0007663633 -0.000408159)
(0.01159336 0.000654221 -0.0002767101)
(0.0106088 0.0005334533 -0.0001981445)
(0.00970064 0.0004181379 -0.0001781027)
(0.008759672 0.0003115519 -0.0002249203)
(0.007662244 0.0002301008 -0.000331504)
(0.006246793 0.0002381652 -0.0004616325)
(0.00431225 0.0004302225 -0.0004750993)
(0.001895547 0.0008822795 -0.0002356572)
(-0.001028669 0.00122202 -2.584915e-05)
(-0.003380691 0.0009912885 -0.0001480717)
(-0.005287518 0.0007507013 -0.0001633513)
(-0.006742333 0.0006214443 -0.0001875556)
(-0.007971934 0.0005853262 -0.0002338517)
(-0.009129399 0.0006116779 -0.0003175401)
(-0.01032187 0.0006605634 -0.0004400895)
(-0.01156302 0.0006513667 -0.0005992749)
(-0.01271229 0.0004382757 -0.0007884367)
(-0.01340327 -0.0001317774 -0.0009834682)
(-0.01314612 -0.001115843 -0.001117638)
(-0.0112996 -0.00246844 -0.001115075)
(-0.007468231 -0.003846489 -0.000913735)
(-0.002523455 -0.00389184 -0.000494886)
(0.002464604 -0.01255951 1.33273e-05)
(0.006845966 -0.01187826 -0.0005693745)
(0.009968583 -0.008067139 -0.001079155)
(0.01144964 -0.004466315 -0.001328479)
(0.01176811 -0.001838195 -0.001369446)
(0.01158162 -0.0001743692 -0.001274134)
(0.01109253 0.0006629016 -0.001133305)
(0.01037485 0.0009457683 -0.001050252)
(0.009535461 0.0009884716 -0.001039056)
(0.008509305 0.001006642 -0.00109394)
(0.007261059 0.001090506 -0.001188589)
(0.005783073 0.001251353 -0.00128873)
(0.004115556 0.001455772 -0.00133236)
(0.00230509 0.00173469 -0.001278166)
(0.0004874485 0.002190126 -0.0009842119)
(-0.0009396185 0.002891166 -0.0006420786)
(-0.001930689 0.003119217 -0.0006709987)
(-0.002950746 0.002649651 -0.0009517269)
(-0.004179252 0.002096631 -0.001089397)
(-0.0054 0.001648029 -0.001127994)
(-0.00653117 0.001339159 -0.001120279)
(-0.007529076 0.001124984 -0.001117282)
(-0.008399858 0.0008903813 -0.001149283)
(-0.009136136 0.0004293897 -0.00123139)
(-0.00961115 -0.0005005136 -0.001344511)
(-0.009850163 -0.002062454 -0.001384668)
(-0.009558153 -0.004346281 -0.001290016)
(-0.00825743 -0.007289268 -0.001012782)
(-0.005577855 -0.01017063 -0.000541617)
(-0.001926803 -0.009974934 -7.079199e-05)
(0.000796077 -0.0163238 0.0005304098)
(0.001114847 -0.01515405 -7.400734e-05)
(0.000567299 -0.01019917 -0.0008437611)
(-0.0004801793 -0.005638229 -0.001379065)
(-0.001528891 -0.002741191 -0.001632896)
(-0.002387437 -0.001075702 -0.001758794)
(-0.002954754 -0.0001828421 -0.001791562)
(-0.003406599 0.0002760805 -0.001836837)
(-0.003986037 0.0005110714 -0.00196412)
(-0.004642936 0.0005890261 -0.002087852)
(-0.005250631 0.0005046484 -0.002136998)
(-0.005632143 0.00027974 -0.002074995)
(-0.005581644 1.574862e-05 -0.001869488)
(-0.004998018 -7.566663e-05 -0.001583957)
(-0.003874861 0.0001593072 -0.001225166)
(-0.002310132 0.0006832362 -0.0009913342)
(-0.0004902999 0.0007706262 -0.00107588)
(0.001179188 0.0004624928 -0.001383406)
(0.002217945 0.0003283907 -0.001630768)
(0.002792357 0.0002418906 -0.001757228)
(0.00302305 0.0001553656 -0.001791881)
(0.003033188 1.949788e-05 -0.00177547)
(0.002906988 -0.0002260296 -0.001752318)
(0.002667007 -0.000695319 -0.001743373)
(0.002110571 -0.001566951 -0.001679029)
(0.00131211 -0.003099067 -0.001521653)
(0.0003385462 -0.005614382 -0.001250703)
(-0.0005960417 -0.009280668 -0.0007494958)
(-0.001001054 -0.01302898 -8.214434e-05)
(-0.0007134706 -0.01312966 0.0003660855)
(-0.001518766 -0.01388439 0.001233486)
(-0.005655332 -0.01185157 0.0006908831)
(-0.00963517 -0.007867856 -8.262842e-05)
(-0.01248582 -0.005165326 -0.0005924778)
(-0.01429504 -0.003752807 -0.0008657396)
(-0.01540824 -0.003153025 -0.001000221)
(-0.01605913 -0.003033416 -0.0010304)
(-0.01635148 -0.003214385 -0.0009524973)
(-0.01629459 -0.003634112 -0.0007609759)
(-0.01584746 -0.004263456 -0.0004443345)
(-0.01495341 -0.005029946 9.063171e-07)
(-0.01354076 -0.005812884 0.0005661728)
(-0.01149645 -0.006416113 0.001211797)
(-0.00880154 -0.006590552 0.001791414)
(-0.005485222 -0.006290976 0.002345747)
(-0.001541649 -0.005927121 0.002578431)
(0.002796236 -0.006257417 0.002169857)
(0.006043935 -0.006479781 0.001617697)
(0.008675612 -0.006150145 0.0009635615)
(0.0105765 -0.005528946 0.0003721965)
(0.01189202 -0.004844308 -9.458826e-05)
(0.01271245 -0.004229553 -0.0004251512)
(0.01310448 -0.00376359 -0.0006289168)
(0.01310872 -0.003494822 -0.0007294269)
(0.01270666 -0.00351962 -0.0007351726)
(0.0118092 -0.003994883 -0.000641642)
(0.01023933 -0.005169194 -0.0004176531)
(0.007773489 -0.00735472 1.177176e-05)
(0.004484304 -0.01038843 0.0006458633)
(0.001064117 -0.01132475 0.0009923006)
(-0.004148531 -0.006477665 0.002076126)
(-0.01047942 -0.004945389 0.001911671)
(-0.01504256 -0.003336911 0.001471336)
(-0.01772156 -0.002502124 0.001281321)
(-0.01934945 -0.002173704 0.001317347)
(-0.02034216 -0.00212007 0.001525833)
(-0.02090963 -0.002219373 0.001899799)
(-0.02110788 -0.002402512 0.002449784)
(-0.02091513 -0.002627792 0.003190039)
(-0.02026381 -0.002860314 0.004136104)
(-0.01904326 -0.003054736 0.005285373)
(-0.01709678 -0.003152865 0.00660124)
(-0.01422349 -0.003086986 0.00797143)
(-0.01048901 -0.002792201 0.009061986)
(-0.006072263 -0.002150848 0.0101697)
(-0.0001536761 -0.001598647 0.01068189)
(0.005249863 -0.002253759 0.009681001)
(0.009494922 -0.002743327 0.008710145)
(0.01295419 -0.003022996 0.007273267)
(0.01528838 -0.003074472 0.005861591)
(0.0167582 -0.002966303 0.004628943)
(0.01757589 -0.002770918 0.003612421)
(0.01788935 -0.002549671 0.002806173)
(0.01778975 -0.002351917 0.002189996)
(0.01730859 -0.002226627 0.001748736)
(0.01639799 -0.002235328 0.001471341)
(0.01488461 -0.002477216 0.001360992)
(0.01243832 -0.003126147 0.001457672)
(0.008463731 -0.0043351 0.001760635)
(0.003133733 -0.005218803 0.001744056)
)
;

boundaryField
{
    minX
    {
        type            fixedValue;
        value           uniform (0 0 0);
    }
    maxX
    {
        type            fixedValue;
        value           uniform (0 0 0);
    }
    minY
    {
        type            fixedValue;
        value           uniform (0 0 0);
    }
    minZ
    {
        type            fixedValue;
        value           uniform (0 0 0);
    }
    maxZ
    {
        type            fixedValue;
        value           uniform (0 0 0);
    }
    bottomAir_to_rightSolid
    {
        type            fixedValue;
        value           uniform (0 0 0);
    }
    bottomAir_to_leftSolid
    {
        type            fixedValue;
        value           uniform (0 0 0);
    }
    bottomAir_to_heater
    {
        type            fixedValue;
        value           uniform (0 0 0);
    }
}


// ************************************************************************* //
