/*--------------------------------*- C++ -*----------------------------------*\
| =========                 |                                                 |
| \\      /  F ield         | OpenFOAM: The Open Source CFD Toolbox           |
|  \\    /   O peration     | Version:  v2012                                 |
|   \\  /    A nd           | Website:  www.openfoam.com                      |
|    \\/     M anipulation  |                                                 |
\*---------------------------------------------------------------------------*/
FoamFile
{
    version     2.0;
    format      ascii;
    class       volScalarField;
    location    "1500/topAir";
    object      qr;
}
// * * * * * * * * * * * * * * * * * * * * * * * * * * * * * * * * * * * * * //

dimensions      [1 0 -3 0 0 0 0];


internalField   uniform 0;

boundaryField
{
    maxY
    {
        type            greyDiffusiveRadiationViewFactor;
        value           nonuniform List<scalar> 
300
(
102.9467
102.9467
134.4938
134.4938
139.7177
139.7177
134.5314
134.5314
103.0037
103.0037
102.9467
102.9467
134.4938
134.4938
139.7177
139.7177
134.5314
134.5314
103.0037
103.0037
102.9467
102.9467
134.4938
134.4938
139.7177
139.7177
134.5314
134.5314
103.0037
103.0037
102.9467
102.9467
134.4938
134.4938
139.7177
139.7177
134.5314
134.5314
103.0037
103.0037
154.7327
154.7327
199.0324
199.0324
204.4205
204.4205
199.1416
199.1416
154.994
154.994
154.7327
154.7327
199.0324
199.0324
204.4205
204.4205
199.1416
199.1416
154.994
154.994
154.7327
154.7327
199.0324
199.0324
204.4205
204.4205
199.1416
199.1416
154.994
154.994
154.7327
154.7327
199.0324
199.0324
204.4205
204.4205
199.1416
199.1416
154.994
154.994
186.4728
186.4728
236.7843
236.7843
240.4193
240.4193
236.3339
236.3339
186.9169
186.9169
186.4728
186.4728
236.7843
236.7843
240.4193
240.4193
236.3339
236.3339
186.9169
186.9169
186.4728
186.4728
236.7843
236.7843
240.4193
240.4193
236.3339
236.3339
186.9169
186.9169
186.4728
186.4728
236.7843
236.7843
240.4193
240.4193
236.3339
236.3339
186.9169
186.9169
218.4609
218.4609
272.0687
272.0687
273.5814
273.5814
271.6766
271.6766
218.8401
218.8401
218.4609
218.4609
272.0687
272.0687
273.5814
273.5814
271.6766
271.6766
218.8401
218.8401
218.4609
218.4609
272.0687
272.0687
273.5814
273.5814
271.6766
271.6766
218.8401
218.8401
218.4609
218.4609
272.0687
272.0687
273.5814
273.5814
271.6766
271.6766
218.8401
218.8401
245.8184
245.8184
310.5528
310.5528
308.7281
308.7281
310.7398
310.7398
246.1588
246.1588
245.8184
245.8184
310.5528
310.5528
308.7281
308.7281
310.7398
310.7398
246.1588
246.1588
245.8184
245.8184
310.5528
310.5528
308.7281
308.7281
310.7398
310.7398
246.1588
246.1588
245.8184
245.8184
310.5528
310.5528
308.7281
308.7281
310.7398
310.7398
246.1588
246.1588
207.9964
207.9964
333.0016
333.0016
348.4013
348.4013
333.7671
333.7671
208.9053
208.9053
207.9964
207.9964
333.0016
333.0016
348.4013
348.4013
333.7671
333.7671
208.9053
208.9053
207.9964
207.9964
333.0016
333.0016
348.4013
348.4013
333.7671
333.7671
208.9053
208.9053
207.9964
207.9964
333.0016
333.0016
348.4013
348.4013
333.7671
333.7671
208.9053
208.9053
135.9747
135.9747
271.3518
271.3518
305.0091
305.0091
272.1377
272.1377
115.3705
115.3705
135.9747
135.9747
271.3518
271.3518
305.0091
305.0091
272.1377
272.1377
115.3705
115.3705
135.9747
135.9747
271.3518
271.3518
305.0091
305.0091
272.1377
272.1377
115.3705
115.3705
135.9747
135.9747
271.3518
271.3518
305.0091
305.0091
272.1377
272.1377
115.3705
115.3705
94.02678
94.02678
94.02678
94.02678
116.8716
116.8716
116.8716
116.8716
115.3705
115.3705
94.02678
94.02678
94.02678
94.02678
116.8716
116.8716
116.8716
116.8716
115.3705
115.3705
)
;
        qro             uniform 0;
    }
    minX
    {
        type            greyDiffusiveRadiationViewFactor;
        value           nonuniform List<scalar> 
40
(
128.1428
128.1428
79.08474
79.08474
128.1428
128.1428
79.08474
79.08474
138.9489
138.9489
100.7137
100.7137
138.9489
138.9489
100.7137
100.7137
140.2341
140.2341
104.8375
104.8375
140.2341
140.2341
104.8375
104.8375
138.9647
138.9647
100.7398
100.7398
138.9647
138.9647
100.7398
100.7398
128.1673
128.1673
79.12577
79.12577
128.1673
128.1673
79.12577
79.12577
)
;
        qro             uniform 0;
    }
    maxX
    {
        type            greyDiffusiveRadiationViewFactor;
        value           nonuniform List<scalar> 
40
(
-45.78804
-45.78804
10.20545
10.20545
-45.78804
-45.78804
10.20545
10.20545
-2.186708
-2.186708
72.35792
72.35792
-2.186708
-2.186708
72.35792
72.35792
-405.7232
-405.7232
-82.22889
-82.22889
-405.7232
-405.7232
-82.22889
-82.22889
1.236644
1.236644
68.46274
68.46274
1.236644
1.236644
68.46274
68.46274
-40.14031
-40.14031
9.253492
9.253492
-40.14031
-40.14031
9.253492
9.253492
)
;
        qro             uniform 0;
    }
    minZ
    {
        type            greyDiffusiveRadiationViewFactor;
        value           nonuniform List<scalar> 
120
(
48.15066
48.15066
70.43851
70.43851
48.15066
48.15066
70.43851
70.43851
48.15066
48.15066
70.43851
70.43851
48.15066
48.15066
70.43851
70.43851
-10.43395
-10.43395
98.56158
98.56158
-10.43395
-10.43395
98.56158
98.56158
-10.43395
-10.43395
98.56158
98.56158
-10.43395
-10.43395
98.56158
98.56158
-81.76331
-81.76331
116.4702
116.4702
-81.76331
-81.76331
116.4702
116.4702
-81.76331
-81.76331
116.4702
116.4702
-81.76331
-81.76331
116.4702
116.4702
-151.9468
-151.9468
130.9038
130.9038
-151.9468
-151.9468
130.9038
130.9038
-151.9468
-151.9468
130.9038
130.9038
-151.9468
-151.9468
130.9038
130.9038
-219.5073
-219.5073
114.8961
114.8961
-219.5073
-219.5073
114.8961
114.8961
-219.5073
-219.5073
114.8961
114.8961
-219.5073
-219.5073
114.8961
114.8961
-229.076
-229.076
40.8946
40.8946
-229.076
-229.076
40.8946
40.8946
-229.076
-229.076
40.8946
40.8946
-229.076
-229.076
40.8946
40.8946
-160.7594
-160.7594
-3.239232
-3.239232
-160.7594
-160.7594
-3.239232
-3.239232
-160.7594
-160.7594
-3.239232
-3.239232
-160.7594
-160.7594
-3.239232
-3.239232
-94.67329
-94.67329
-94.67329
-94.67329
-94.67329
-94.67329
-94.67329
-94.67329
)
;
        qro             uniform 0;
    }
    maxZ
    {
        type            greyDiffusiveRadiationViewFactor;
        value           nonuniform List<scalar> 
120
(
48.14896
48.14896
70.43266
70.43266
48.14896
48.14896
70.43266
70.43266
48.14896
48.14896
70.43266
70.43266
48.14896
48.14896
70.43266
70.43266
-10.29259
-10.29259
98.59867
98.59867
-10.29259
-10.29259
98.59867
98.59867
-10.29259
-10.29259
98.59867
98.59867
-10.29259
-10.29259
98.59867
98.59867
-80.17835
-80.17835
116.5429
116.5429
-80.17835
-80.17835
116.5429
116.5429
-80.17835
-80.17835
116.5429
116.5429
-80.17835
-80.17835
116.5429
116.5429
-150.5239
-150.5239
130.9267
130.9267
-150.5239
-150.5239
130.9267
130.9267
-150.5239
-150.5239
130.9267
130.9267
-150.5239
-150.5239
130.9267
130.9267
-219.3797
-219.3797
114.9397
114.9397
-219.3797
-219.3797
114.9397
114.9397
-219.3797
-219.3797
114.9397
114.9397
-219.3797
-219.3797
114.9397
114.9397
-228.0431
-228.0431
41.9804
41.9804
-228.0431
-228.0431
41.9804
41.9804
-228.0431
-228.0431
41.9804
41.9804
-228.0431
-228.0431
41.9804
41.9804
-156.856
-156.856
3.567152
3.567152
-156.856
-156.856
3.567152
3.567152
-156.856
-156.856
3.567152
3.567152
-156.856
-156.856
3.567152
3.567152
-93.01576
-93.01576
-93.01576
-93.01576
-93.01576
-93.01576
-93.01576
-93.01576
)
;
        qro             uniform 0;
    }
    topAir_to_rightSolid
    {
        type            greyDiffusiveRadiationViewFactor;
        value           nonuniform List<scalar> 
130
(
-208.7114
-208.7114
-208.7114
-208.7114
-198.1552
-198.1552
-198.1552
-198.1552
-189.3284
-189.3284
-189.3284
-189.3284
-189.774
-208.7114
-208.7114
-208.7114
-208.7114
-198.1552
-198.1552
-198.1552
-198.1552
-189.3284
-189.3284
-189.3284
-189.3284
-189.774
-220.8918
-220.8918
-220.8918
-220.8918
-208.4718
-208.4718
-208.4718
-208.4718
-200.1961
-200.1961
-189.774
-189.774
-189.774
-220.8918
-220.8918
-220.8918
-220.8918
-208.4718
-208.4718
-208.4718
-208.4718
-200.1961
-200.1961
-189.774
-189.774
-189.774
-225.4762
-225.4762
-225.4762
-225.4762
-211.0478
-211.0478
-211.0478
-211.0478
-200.1961
-200.1961
-186.1997
-186.1997
-186.1997
-225.4762
-225.4762
-225.4762
-225.4762
-211.0478
-211.0478
-211.0478
-211.0478
-200.1961
-200.1961
-186.1997
-186.1997
-186.1997
-220.8727
-220.8727
-220.8727
-220.8727
-208.3854
-208.3854
-208.3854
-208.3854
-196.3634
-196.3634
-196.3634
-196.3634
-186.1997
-220.8727
-220.8727
-220.8727
-220.8727
-208.3854
-208.3854
-208.3854
-208.3854
-196.3634
-196.3634
-196.3634
-196.3634
-186.1997
-208.6827
-208.6827
-208.6827
-208.6827
-198.0006
-198.0006
-198.0006
-198.0006
-187.9108
-187.9108
-187.9108
-187.9108
-187.9108
-208.6827
-208.6827
-208.6827
-208.6827
-198.0006
-198.0006
-198.0006
-198.0006
-187.9108
-187.9108
-187.9108
-187.9108
-187.9108
)
;
        qro             uniform 0;
    }
    topAir_to_heater
    {
        type            greyDiffusiveRadiationViewFactor;
        value           nonuniform List<scalar> 
40
(
-212.7629
-212.7629
-210.4265
-210.4265
-221.4629
-221.4629
-220.0999
-220.0999
-226.865
-226.865
-225.9494
-225.9494
-232.731
-232.731
-232.0446
-232.0446
-241.5423
-241.5423
-240.9007
-240.9007
-241.5433
-241.5433
-240.9007
-240.9007
-232.7336
-232.7336
-232.0439
-232.0439
-226.8689
-226.8689
-225.9483
-225.9483
-221.4686
-221.4686
-220.0992
-220.0992
-212.7689
-212.7689
-210.4272
-210.4272
)
;
        qro             uniform 0;
    }
    topAir_to_leftSolid
    {
        type            greyDiffusiveRadiationViewFactor;
        value           nonuniform List<scalar> 
130
(
-212.6734
-212.6734
-212.6734
-212.6734
-213.1498
-213.1498
-213.1498
-213.1498
-215.6636
-215.6636
-215.6636
-215.6636
-223.2657
-212.6734
-212.6734
-212.6734
-212.6734
-213.1498
-213.1498
-213.1498
-213.1498
-215.6636
-215.6636
-215.6636
-215.6636
-223.2657
-213.8714
-213.8714
-213.8714
-213.8714
-216.6124
-216.6124
-216.6124
-216.6124
-221.4509
-221.4509
-223.2657
-223.2657
-223.2657
-213.8714
-213.8714
-213.8714
-213.8714
-216.6124
-216.6124
-216.6124
-216.6124
-221.4509
-221.4509
-223.2657
-223.2657
-223.2657
-214.0715
-214.0715
-214.0715
-214.0715
-217.2564
-217.2564
-217.2564
-217.2564
-221.4509
-221.4509
-229.2148
-229.2148
-229.2148
-214.0715
-214.0715
-214.0715
-214.0715
-217.2564
-217.2564
-217.2564
-217.2564
-221.4509
-221.4509
-229.2148
-229.2148
-229.2148
-213.8764
-213.8764
-213.8764
-213.8764
-216.6178
-216.6178
-216.6178
-216.6178
-222.5892
-222.5892
-222.5892
-222.5892
-229.2148
-213.8764
-213.8764
-213.8764
-213.8764
-216.6178
-216.6178
-216.6178
-216.6178
-222.5892
-222.5892
-222.5892
-222.5892
-229.2148
-212.6817
-212.6817
-212.6817
-212.6817
-213.16
-213.16
-213.16
-213.16
-215.8915
-215.8915
-215.8915
-215.8915
-215.8915
-212.6817
-212.6817
-212.6817
-212.6817
-213.16
-213.16
-213.16
-213.16
-215.8915
-215.8915
-215.8915
-215.8915
-215.8915
)
;
        qro             uniform 0;
    }
}


// ************************************************************************* //
