/*--------------------------------*- C++ -*----------------------------------*\
| =========                 |                                                 |
| \\      /  F ield         | OpenFOAM: The Open Source CFD Toolbox           |
|  \\    /   O peration     | Version:  v2012                                 |
|   \\  /    A nd           | Website:  www.openfoam.com                      |
|    \\/     M anipulation  |                                                 |
\*---------------------------------------------------------------------------*/
FoamFile
{
    version     2.0;
    format      ascii;
    class       volScalarField;
    location    "1500/topAir";
    object      rho;
}
// * * * * * * * * * * * * * * * * * * * * * * * * * * * * * * * * * * * * * //

dimensions      [1 -3 0 0 0 0 0];


internalField   nonuniform List<scalar> 
1200
(
1.133024
1.109629
1.088856
1.070195
1.053239
1.03767
1.023233
1.009729
0.9971171
0.9855206
0.9748648
0.9651026
0.9562142
0.9482124
0.9411416
0.9350802
0.930135
0.9264238
0.9240464
0.9230412
0.9233541
0.9248428
0.9273085
0.9305241
0.9342271
0.9380631
0.9415184
0.9439212
0.9440454
0.9414958
1.15805
1.156955
1.155429
1.153533
1.151316
1.148817
1.146067
1.143089
1.139743
1.135694
1.130818
1.124895
1.117635
1.108867
1.098392
1.086159
1.072463
1.058022
1.04386
1.031021
1.020281
1.012022
1.006256
1.002697
1.000818
0.9998377
0.9986142
0.99564
0.9877241
0.9749476
1.158607
1.15857
1.158502
1.158395
1.158244
1.158042
1.157786
1.157471
1.157089
1.156624
1.156055
1.155353
1.154372
1.152601
1.149431
1.144016
1.135442
1.123169
1.107598
1.090102
1.072462
1.056226
1.042378
1.031309
1.022921
1.016747
1.012004
1.007588
1.001489
0.9919247
1.158618
1.158617
1.158614
1.158608
1.158599
1.158584
1.158561
1.158529
1.158485
1.158425
1.158347
1.158242
1.1581
1.157884
1.157514
1.156586
1.154023
1.147982
1.136863
1.12114
1.103145
1.085246
1.068944
1.054945
1.04341
1.034141
1.026669
1.020269
1.013622
1.005514
1.133027
1.109882
1.089537
1.07145
1.055213
1.040523
1.027157
1.014963
1.003838
0.9937095
0.9845584
0.9764105
0.9693401
0.9634669
0.9589188
0.9558164
0.9542388
0.9541822
0.9555228
0.958006
0.9613104
0.96517
0.9694423
0.9740587
0.9788826
0.9835118
0.9872159
0.9889452
0.9861531
0.9806292
1.15805
1.156975
1.155503
1.153706
1.151643
1.149364
1.14691
1.14432
1.141628
1.138866
1.136069
1.133289
1.130601
1.128086
1.125778
1.123742
1.122028
1.120646
1.119542
1.118571
1.11755
1.116362
1.114993
1.113466
1.111745
1.10967
1.106948
1.103296
1.098366
1.087736
1.158607
1.158571
1.158506
1.158407
1.15827
1.158092
1.157871
1.157606
1.157297
1.156944
1.156547
1.156107
1.155622
1.155078
1.15444
1.153647
1.152615
1.151226
1.149293
1.146464
1.142422
1.137243
1.131349
1.125106
1.118465
1.11084
1.101255
1.089289
1.074091
1.056603
1.158618
1.158617
1.158614
1.158609
1.158601
1.158588
1.158569
1.158543
1.158509
1.158465
1.158409
1.158339
1.158253
1.158144
1.157997
1.157755
1.157214
1.15578
1.152186
1.144799
1.132867
1.117469
1.100782
1.084693
1.070225
1.057675
1.046871
1.03739
1.028424
1.019338
1.133026
1.109841
1.089465
1.071362
1.055119
1.040423
1.027043
1.014811
1.003611
0.9933677
0.9840499
0.9756649
0.9682655
0.9619559
0.9568946
0.9532884
0.9513837
0.9514493
0.9537375
0.9584038
0.965369
0.9741909
0.98409
0.9941628
1.003496
1.011065
1.016308
1.018561
1.015383
1.005658
1.15805
1.156972
1.155497
1.153698
1.151636
1.149363
1.146921
1.144349
1.141681
1.138954
1.136207
1.133484
1.13084
1.128339
1.126057
1.124084
1.122522
1.12147
1.121005
1.121131
1.121706
1.122395
1.122752
1.122397
1.121092
1.118598
1.114551
1.108453
1.099057
1.085514
1.158607
1.158571
1.158506
1.158407
1.15827
1.158093
1.157874
1.157614
1.157313
1.15697
1.15659
1.156174
1.155729
1.155261
1.15478
1.154299
1.153833
1.153403
1.152987
1.15247
1.151518
1.149567
1.146116
1.14107
1.134592
1.126559
1.116577
1.104422
1.089546
1.073885
1.158618
1.158617
1.158614
1.158609
1.158601
1.158588
1.15857
1.158545
1.158512
1.15847
1.158418
1.158355
1.158279
1.15819
1.158085
1.15796
1.157795
1.157519
1.156883
1.15521
1.151187
1.143293
1.131037
1.115691
1.099394
1.083762
1.069424
1.05641
1.044283
1.033318
1.133022
1.109818
1.089402
1.071238
1.054907
1.040087
1.02653
1.014044
1.002478
0.9917135
0.9816516
0.9722133
0.9633376
0.9549949
0.9472225
0.9400849
0.933682
0.9281675
0.9237454
0.9207365
0.9195912
0.9208185
0.9248033
0.931539
0.9405098
0.9506043
0.959383
0.9639237
0.9583688
0.9479163
1.15805
1.156971
1.155491
1.153684
1.151609
1.149315
1.146842
1.144223
1.141486
1.138655
1.135754
1.132802
1.12982
1.126831
1.123861
1.120946
1.118132
1.115482
1.11308
1.111039
1.109487
1.108525
1.108115
1.107933
1.107336
1.105257
1.100325
1.090956
1.072839
1.036821
1.158607
1.158571
1.158506
1.158406
1.158268
1.158089
1.157868
1.157604
1.157297
1.156946
1.156553
1.156118
1.155644
1.155133
1.154589
1.154017
1.153426
1.152829
1.152241
1.15168
1.151148
1.150563
1.149639
1.147777
1.144072
1.136814
1.12449
1.107842
1.086634
1.059287
1.158618
1.158617
1.158614
1.158609
1.158601
1.158588
1.158569
1.158544
1.158511
1.158468
1.158415
1.158351
1.158273
1.158182
1.158076
1.157953
1.157812
1.15765
1.157457
1.157199
1.156742
1.155636
1.152823
1.146748
1.136194
1.119688
1.098553
1.078897
1.059555
1.03726
1.133021
1.109807
1.089376
1.071193
1.054838
1.039985
1.026381
1.013827
1.002164
0.9912576
0.9809884
0.971243
0.9619037
0.9529524
0.9445499
0.9367428
0.9295748
0.9231486
0.9173448
0.9121174
0.9074921
0.9035787
0.9005648
0.8986624
0.8979993
0.898466
0.8995207
0.8999769
0.8970898
0.8894443
1.15805
1.15697
1.155488
1.153678
1.151598
1.149296
1.146813
1.144179
1.141419
1.138556
1.135606
1.132583
1.129494
1.126162
1.122502
1.118432
1.113837
1.108574
1.102448
1.095228
1.086699
1.076933
1.066121
1.054698
1.043611
1.031167
1.016238
0.9978655
0.9741509
0.9416433
1.158607
1.158571
1.158506
1.158405
1.158267
1.158088
1.157866
1.1576
1.15729
1.156936
1.156538
1.156095
1.155609
1.155076
1.15449
1.153845
1.153132
1.152339
1.151452
1.150454
1.149324
1.147846
1.146103
1.144543
1.142961
1.136356
1.117734
1.08847
1.046692
0.9949149
1.158618
1.158617
1.158614
1.158609
1.158601
1.158588
1.158569
1.158543
1.15851
1.158467
1.158414
1.158348
1.15827
1.158176
1.158066
1.157938
1.157788
1.157613
1.157408
1.157165
1.15687
1.156481
1.155907
1.154856
1.151201
1.125859
1.084468
1.072755
1.046058
1.007855
1.133021
1.109807
1.089376
1.071193
1.054837
1.039984
1.02638
1.013827
1.002164
0.9912571
0.9809879
0.9712425
0.9619031
0.9529518
0.9445493
0.9367421
0.9295741
0.9231478
0.917344
0.9121166
0.9074913
0.9035779
0.9005642
0.8986617
0.8979987
0.8984652
0.8995194
0.8999752
0.8970883
0.8894432
1.15805
1.15697
1.155488
1.153678
1.151598
1.149296
1.146813
1.144178
1.141419
1.138556
1.135606
1.132583
1.129494
1.126162
1.122502
1.118432
1.113837
1.108574
1.102449
1.095229
1.086701
1.076936
1.066126
1.054707
1.043633
1.03119
1.016258
0.9978819
0.9741636
0.9416516
1.158607
1.158571
1.158506
1.158405
1.158267
1.158088
1.157866
1.1576
1.15729
1.156936
1.156538
1.156095
1.155609
1.155076
1.15449
1.153845
1.153132
1.152339
1.151452
1.150454
1.149324
1.147848
1.146108
1.144556
1.14297
1.136341
1.117721
1.088461
1.046689
0.994919
1.158618
1.158617
1.158614
1.158609
1.158601
1.158588
1.158569
1.158543
1.15851
1.158467
1.158414
1.158348
1.15827
1.158176
1.158066
1.157938
1.157788
1.157613
1.157408
1.157165
1.15687
1.156481
1.155907
1.154855
1.151185
1.125708
1.084421
1.072732
1.046054
1.007859
1.133022
1.109817
1.089401
1.071237
1.054906
1.040086
1.026529
1.014042
1.002477
0.9917119
0.98165
0.9722116
0.9633358
0.954993
0.9472206
0.9400829
0.93368
0.9281655
0.9237435
0.9207348
0.91959
0.920818
0.9248035
0.9315396
0.9405117
0.9506048
0.9593805
0.9639192
0.9583649
0.9479127
1.15805
1.156971
1.155491
1.153684
1.151608
1.149315
1.146842
1.144222
1.141485
1.138655
1.135754
1.132802
1.12982
1.126831
1.123861
1.120946
1.118132
1.115482
1.11308
1.11104
1.109488
1.108527
1.108117
1.107935
1.107338
1.105257
1.100323
1.090953
1.07284
1.036828
1.158607
1.158571
1.158506
1.158406
1.158268
1.158089
1.157868
1.157604
1.157297
1.156946
1.156553
1.156118
1.155644
1.155133
1.154589
1.154017
1.153426
1.152829
1.152241
1.15168
1.151148
1.150563
1.149639
1.147775
1.144066
1.136798
1.12447
1.107823
1.086623
1.05929
1.158618
1.158617
1.158614
1.158609
1.158601
1.158588
1.158569
1.158544
1.158511
1.158468
1.158415
1.158351
1.158273
1.158182
1.158076
1.157953
1.157812
1.15765
1.157457
1.157199
1.156741
1.155633
1.152815
1.146731
1.136163
1.119636
1.098506
1.07886
1.059539
1.037283
1.133025
1.10984
1.089464
1.071361
1.055117
1.040421
1.027041
1.014809
1.003608
0.9933652
0.9840472
0.975662
0.9682626
0.9619531
0.9568919
0.953286
0.9513817
0.9514479
0.9537371
0.9584044
0.9653706
0.974193
0.9840921
0.9941639
1.003493
1.011059
1.016298
1.018548
1.015367
1.005642
1.15805
1.156972
1.155497
1.153698
1.151636
1.149363
1.146921
1.144349
1.141681
1.138954
1.136207
1.133484
1.13084
1.128338
1.126056
1.124084
1.122522
1.12147
1.121005
1.121132
1.121707
1.122396
1.122751
1.122396
1.12109
1.118594
1.114546
1.108447
1.099051
1.085509
1.158607
1.158571
1.158506
1.158407
1.15827
1.158093
1.157874
1.157614
1.157313
1.15697
1.15659
1.156174
1.155729
1.155261
1.15478
1.154299
1.153833
1.153403
1.152987
1.152469
1.151517
1.149565
1.146111
1.141064
1.134584
1.126548
1.116565
1.104407
1.089529
1.073867
1.158618
1.158617
1.158614
1.158609
1.158601
1.158588
1.15857
1.158545
1.158512
1.15847
1.158418
1.158355
1.158279
1.15819
1.158085
1.157959
1.157795
1.157519
1.156882
1.155208
1.151182
1.143283
1.131021
1.115671
1.099371
1.083737
1.069398
1.056382
1.044253
1.033283
1.133027
1.109881
1.089535
1.071448
1.055211
1.04052
1.027154
1.01496
1.003835
0.9937058
0.9845545
0.9764063
0.9693357
0.9634624
0.9589143
0.955812
0.9542345
0.9541781
0.9555187
0.9580017
0.9613058
0.9651651
0.9694369
0.9740528
0.9788754
0.9835027
0.9872041
0.9889303
0.9861346
0.9806098
1.15805
1.156975
1.155503
1.153706
1.151643
1.149363
1.146909
1.144319
1.141628
1.138865
1.136069
1.133289
1.1306
1.128085
1.125777
1.123741
1.122027
1.120646
1.119541
1.11857
1.117549
1.11636
1.11499
1.113462
1.111741
1.109664
1.106942
1.103289
1.098357
1.087718
1.158607
1.158571
1.158506
1.158407
1.15827
1.158092
1.157871
1.157606
1.157297
1.156944
1.156547
1.156107
1.155622
1.155078
1.154439
1.153647
1.152615
1.151225
1.149292
1.146461
1.142418
1.137237
1.131342
1.125096
1.118453
1.110824
1.101235
1.089267
1.074065
1.056573
1.158618
1.158617
1.158614
1.158609
1.158601
1.158588
1.158569
1.158543
1.158509
1.158465
1.158409
1.158339
1.158253
1.158144
1.157997
1.157754
1.157214
1.155779
1.152183
1.144791
1.132856
1.117454
1.100765
1.084675
1.070207
1.057656
1.046851
1.03737
1.028402
1.019312
1.133023
1.109628
1.088855
1.070193
1.053237
1.037667
1.02323
1.009725
0.9971129
0.985516
0.97486
0.9650975
0.9562087
0.9482068
0.9411359
0.9350744
0.9301291
0.926418
0.9240408
0.9230355
0.9233484
0.924837
0.9273023
0.9305175
0.9342197
0.9380544
0.941508
0.9439085
0.9440299
0.9414773
1.15805
1.156955
1.155429
1.153533
1.151316
1.148817
1.146067
1.143088
1.139742
1.135693
1.130816
1.124892
1.117631
1.108862
1.098385
1.086151
1.072453
1.058011
1.043849
1.031009
1.02027
1.012012
1.006246
1.002687
1.000807
0.999826
0.9986004
0.9956229
0.9877018
0.9749235
1.158607
1.15857
1.158502
1.158395
1.158244
1.158042
1.157786
1.157471
1.157089
1.156624
1.156055
1.155353
1.154372
1.1526
1.149429
1.144012
1.135435
1.123159
1.107586
1.090088
1.072446
1.056211
1.042364
1.031295
1.022907
1.016733
1.011989
1.007572
1.00147
0.9919013
1.158618
1.158617
1.158614
1.158608
1.158599
1.158584
1.158561
1.158529
1.158485
1.158425
1.158347
1.158242
1.1581
1.157884
1.157514
1.156585
1.154021
1.147977
1.136852
1.121126
1.103129
1.085229
1.068927
1.054928
1.043393
1.034125
1.026653
1.020251
1.013602
1.00549
)
;

boundaryField
{
    maxY
    {
        type            calculated;
        value           nonuniform List<scalar> 
300
(
1.158618
1.158618
1.158618
1.158618
1.158618
1.158618
1.158618
1.158618
1.158618
1.158618
1.158616
1.158616
1.158616
1.158616
1.158616
1.158616
1.158616
1.158616
1.158616
1.158616
1.158614
1.158614
1.158614
1.158614
1.158614
1.158614
1.158614
1.158614
1.158614
1.158614
1.158608
1.158609
1.158609
1.158609
1.158609
1.158609
1.158609
1.158609
1.158609
1.158608
1.158598
1.1586
1.1586
1.1586
1.1586
1.1586
1.1586
1.1586
1.1586
1.158598
1.158583
1.158587
1.158587
1.158587
1.158587
1.158587
1.158587
1.158587
1.158587
1.158583
1.158561
1.158569
1.158569
1.158569
1.158568
1.158568
1.158569
1.158569
1.158569
1.158561
1.158528
1.158543
1.158544
1.158543
1.158543
1.158543
1.158543
1.158544
1.158543
1.158528
1.158484
1.158509
1.158511
1.15851
1.158509
1.158509
1.15851
1.158511
1.158509
1.158484
1.158425
1.158465
1.15847
1.158468
1.158467
1.158467
1.158468
1.15847
1.158465
1.158425
1.158346
1.158409
1.158418
1.158415
1.158413
1.158413
1.158415
1.158418
1.158409
1.158346
1.158242
1.158339
1.158354
1.15835
1.158348
1.158348
1.15835
1.158354
1.158339
1.158242
1.158099
1.158253
1.158278
1.158273
1.158269
1.158269
1.158273
1.158278
1.158252
1.158099
1.157883
1.158143
1.158189
1.158182
1.158176
1.158176
1.158182
1.158189
1.158143
1.157883
1.157513
1.157996
1.158084
1.158075
1.158066
1.158066
1.158075
1.158084
1.157996
1.157513
1.156585
1.157754
1.157959
1.157952
1.157937
1.157937
1.157952
1.157959
1.157754
1.156584
1.154022
1.157214
1.157795
1.157812
1.157787
1.157787
1.157812
1.157794
1.157213
1.15402
1.147982
1.15578
1.157518
1.15765
1.157612
1.157612
1.15765
1.157518
1.155778
1.147976
1.136862
1.152186
1.156882
1.157457
1.157407
1.157407
1.157457
1.156882
1.152182
1.136852
1.121139
1.144798
1.15521
1.157199
1.157165
1.157165
1.157199
1.155208
1.144791
1.121125
1.103145
1.132867
1.151187
1.156742
1.156869
1.156869
1.156741
1.151182
1.132855
1.103129
1.085245
1.117469
1.143292
1.155635
1.156481
1.15648
1.155633
1.143282
1.117454
1.085228
1.068943
1.100781
1.131036
1.152822
1.155907
1.155906
1.152815
1.131021
1.100764
1.068926
1.054944
1.084692
1.11569
1.146748
1.154856
1.154855
1.146731
1.11567
1.084674
1.054927
1.043409
1.070225
1.099394
1.136193
1.151201
1.151185
1.136163
1.099371
1.070206
1.043393
1.03414
1.057674
1.083761
1.119688
1.125859
1.125708
1.119635
1.083736
1.057655
1.034124
1.026669
1.04687
1.069424
1.098552
1.084468
1.084421
1.098506
1.069397
1.046851
1.026652
1.020268
1.03739
1.056409
1.078896
1.072755
1.072731
1.078859
1.056381
1.03737
1.020251
1.013622
1.028424
1.044282
1.059554
1.046058
1.046053
1.059539
1.044252
1.028401
1.013602
1.005513
1.019337
1.033317
1.037259
1.007855
1.007859
1.037282
1.033282
1.019311
1.00549
)
;
    }
    minX
    {
        type            calculated;
        value           nonuniform List<scalar> 
40
(
1.158622
1.158621
1.158619
1.158618
1.158622
1.158621
1.158619
1.158618
1.158622
1.158621
1.158619
1.158618
1.158622
1.158621
1.158619
1.158618
1.158622
1.158621
1.158619
1.158618
1.158622
1.158621
1.158619
1.158618
1.158622
1.158621
1.158619
1.158618
1.158622
1.158621
1.158619
1.158618
1.158622
1.158621
1.158619
1.158618
1.158622
1.158621
1.158619
1.158618
)
;
    }
    maxX
    {
        type            calculated;
        value           nonuniform List<scalar> 
40
(
0.9415077
0.9749569
0.9919334
1.005522
0.9806402
1.087741
1.056609
1.019346
1.005669
1.08552
1.073895
1.033326
0.9479257
1.036827
1.0593
1.037277
0.8894589
0.9416524
0.9949252
1.007869
0.8894577
0.9416608
0.9949294
1.007874
0.9479222
1.036834
1.059303
1.0373
1.005652
1.085515
1.073876
1.033291
0.9806208
1.087723
1.056578
1.01932
0.9414892
0.9749327
0.99191
1.005499
)
;
    }
    minZ
    {
        type            calculated;
        value           nonuniform List<scalar> 
120
(
1.133024
1.15805
1.158607
1.158618
1.109629
1.156955
1.15857
1.158617
1.088856
1.155429
1.158502
1.158614
1.070195
1.153533
1.158395
1.158608
1.053239
1.151316
1.158244
1.158599
1.03767
1.148817
1.158042
1.158584
1.023233
1.146067
1.157786
1.158561
1.009729
1.143089
1.157471
1.158529
0.9971171
1.139743
1.157089
1.158485
0.9855206
1.135694
1.156624
1.158425
0.9748648
1.130818
1.156055
1.158347
0.9651026
1.124895
1.155353
1.158242
0.9562142
1.117635
1.154372
1.1581
0.9482124
1.108867
1.152601
1.157884
0.9411416
1.098392
1.149431
1.157514
0.9350802
1.086159
1.144016
1.156586
0.930135
1.072463
1.135442
1.154023
0.9264238
1.058022
1.123169
1.147982
0.9240464
1.04386
1.107598
1.136863
0.9230412
1.031021
1.090102
1.12114
0.9233541
1.020281
1.072462
1.103145
0.9248428
1.012022
1.056226
1.085246
0.9273085
1.006256
1.042378
1.068944
0.9305241
1.002697
1.031309
1.054945
0.9342271
1.000818
1.022921
1.04341
0.9380631
0.9998377
1.016747
1.034141
0.9415184
0.9986142
1.012004
1.026669
0.9439212
0.99564
1.007588
1.020269
0.9440454
0.9877241
1.001489
1.013622
0.9414958
0.9749476
0.9919247
1.005514
)
;
    }
    maxZ
    {
        type            calculated;
        value           nonuniform List<scalar> 
120
(
1.133023
1.15805
1.158607
1.158618
1.109628
1.156955
1.15857
1.158617
1.088855
1.155429
1.158502
1.158614
1.070193
1.153533
1.158395
1.158608
1.053237
1.151316
1.158244
1.158599
1.037667
1.148817
1.158042
1.158584
1.02323
1.146067
1.157786
1.158561
1.009725
1.143088
1.157471
1.158529
0.9971129
1.139742
1.157089
1.158485
0.985516
1.135693
1.156624
1.158425
0.97486
1.130816
1.156055
1.158347
0.9650975
1.124892
1.155353
1.158242
0.9562087
1.117631
1.154372
1.1581
0.9482068
1.108862
1.1526
1.157884
0.9411359
1.098385
1.149429
1.157514
0.9350744
1.086151
1.144012
1.156585
0.9301291
1.072453
1.135435
1.154021
0.926418
1.058011
1.123159
1.147977
0.9240408
1.043849
1.107586
1.136852
0.9230355
1.031009
1.090088
1.121126
0.9233484
1.02027
1.072446
1.103129
0.924837
1.012012
1.056211
1.085229
0.9273023
1.006246
1.042364
1.068927
0.9305175
1.002687
1.031295
1.054928
0.9342197
1.000807
1.022907
1.043393
0.9380544
0.999826
1.016733
1.034125
0.941508
0.9986004
1.011989
1.026653
0.9439085
0.9956229
1.007572
1.020251
0.9440299
0.9877018
1.00147
1.013602
0.9414773
0.9749235
0.9919013
1.00549
)
;
    }
    topAir_to_rightSolid
    {
        type            calculated;
        value           nonuniform List<scalar> 
130
(
0.7419211
0.7424724
0.7431493
0.7438927
0.7446522
0.7453922
0.7460822
0.7467005
0.7472305
0.7476635
0.7479909
0.7482076
0.7483112
0.7412633
0.7419584
0.7427691
0.7436242
0.7444704
0.7452746
0.7460106
0.7466611
0.747213
0.7476601
0.7479959
0.7482162
0.74832
0.7398748
0.7409117
0.7420144
0.7430954
0.7441071
0.745029
0.7458469
0.7465533
0.7471426
0.7476139
0.7479631
0.7481914
0.7482978
0.7377343
0.7394495
0.7410332
0.7424358
0.7436579
0.7447167
0.7456241
0.7463894
0.7470178
0.7475146
0.7478796
0.7481156
0.7482253
0.7351767
0.738058
0.7402301
0.7419472
0.7433451
0.7445057
0.7454729
0.7462735
0.7469223
0.7474315
0.7478039
0.7480457
0.7481582
0.7351757
0.7380571
0.7402291
0.7419461
0.743344
0.7445045
0.7454717
0.7462722
0.7469209
0.7474301
0.7478026
0.7480444
0.7481568
0.7377313
0.7394466
0.7410302
0.7424327
0.7436546
0.7447132
0.7456203
0.7463854
0.7470131
0.74751
0.7478763
0.7481124
0.7482207
0.7398699
0.7409068
0.7420094
0.7430902
0.7441016
0.7450232
0.7458408
0.7465468
0.7471353
0.7476064
0.7479569
0.7481851
0.7482901
0.7412569
0.7419518
0.7427624
0.743617
0.7444629
0.7452666
0.7460022
0.7466522
0.7472034
0.7476502
0.7479856
0.7482055
0.748309
0.7419144
0.7424654
0.7431418
0.7438847
0.7446438
0.7453832
0.7460727
0.7466904
0.7472197
0.747652
0.7479787
0.7481945
0.7482966
)
;
    }
    topAir_to_heater
    {
        type            calculated;
        value           nonuniform List<scalar> 
40
(
0.7419761
0.7415663
0.7414281
0.7415628
0.7411853
0.7407059
0.7405703
0.7407786
0.7394607
0.738796
0.7386632
0.7390608
0.7364973
0.7354321
0.7353064
0.7361126
0.7314082
0.7297485
0.7296503
0.7310917
0.731407
0.7297472
0.729649
0.7310905
0.7364939
0.7354287
0.7353031
0.7361096
0.7394554
0.7387908
0.7386582
0.739056
0.7411778
0.7406987
0.7405633
0.740772
0.7419681
0.7415583
0.7414201
0.7415546
)
;
    }
    topAir_to_leftSolid
    {
        type            calculated;
        value           nonuniform List<scalar> 
130
(
0.7511972
0.7510485
0.7507488
0.7503068
0.7497314
0.7490331
0.7482258
0.7473276
0.7463626
0.7453617
0.7443664
0.7434287
0.7426104
0.7511929
0.7510409
0.7507355
0.7502842
0.7496945
0.7489747
0.7481358
0.7471923
0.746164
0.7450775
0.7439717
0.7429014
0.7419412
0.7511746
0.7510183
0.7507037
0.7502368
0.7496229
0.7488659
0.7479716
0.7469467
0.745801
0.7445479
0.7432145
0.7418497
0.7405445
0.7511534
0.7509927
0.7506686
0.7501855
0.7495457
0.7487487
0.7477931
0.7466745
0.7453857
0.7439141
0.7422494
0.7403924
0.7383973
0.7511393
0.7509758
0.7506457
0.7501522
0.7494958
0.7486724
0.7476751
0.7464898
0.7450922
0.7434372
0.7414502
0.7389929
0.7358114
0.7511384
0.7509749
0.7506448
0.7501512
0.7494948
0.7486713
0.747674
0.7464888
0.7450911
0.7434361
0.7414491
0.7389918
0.7358103
0.7511507
0.75099
0.7506658
0.7501826
0.7495427
0.7487457
0.74779
0.7466714
0.7453827
0.743911
0.742246
0.7403891
0.7383949
0.7511703
0.7510139
0.7506991
0.7502321
0.749618
0.7488609
0.7479665
0.7469415
0.7457959
0.7445426
0.7432089
0.7418441
0.7405399
0.7511874
0.7510349
0.7507292
0.7502776
0.7496876
0.7489676
0.7481286
0.747185
0.7461567
0.7450699
0.743964
0.7428935
0.7419325
0.7511935
0.7510423
0.7507418
0.7502993
0.7497236
0.749025
0.7482175
0.7473191
0.746354
0.7453529
0.7443574
0.7434192
0.7425996
)
;
    }
}


// ************************************************************************* //
