/*--------------------------------*- C++ -*----------------------------------*\
| =========                 |                                                 |
| \\      /  F ield         | OpenFOAM: The Open Source CFD Toolbox           |
|  \\    /   O peration     | Version:  v2012                                 |
|   \\  /    A nd           | Website:  www.openfoam.com                      |
|    \\/     M anipulation  |                                                 |
\*---------------------------------------------------------------------------*/
FoamFile
{
    version     2.0;
    format      ascii;
    class       volScalarField;
    location    "1500/topAir";
    object      T;
}
// * * * * * * * * * * * * * * * * * * * * * * * * * * * * * * * * * * * * * //

dimensions      [0 0 0 1 0 0 0];


internalField   nonuniform List<scalar> 
1200
(
306.7778
313.2456
319.2216
324.788
330.0167
334.9681
339.6943
344.2375
348.5914
352.6932
356.5483
360.1549
363.5027
366.5702
369.3243
371.7183
373.6946
375.1916
376.1569
376.5665
376.4389
375.8329
374.8336
373.5383
372.0577
370.5363
369.1764
368.2367
368.1882
369.1853
300.1479
300.4319
300.8285
301.323
301.9033
302.5601
303.2861
304.0763
304.969
306.0561
307.3759
308.9944
311.0015
313.4607
316.4499
320.014
324.1007
328.5244
332.9814
337.1281
340.6769
343.457
345.4251
346.6511
347.3021
347.6426
348.0685
349.1082
351.9061
356.5177
300.0033
300.0128
300.0304
300.0581
300.0973
300.1495
300.2159
300.2976
300.3968
300.5177
300.6656
300.8482
301.1038
301.5665
302.3982
303.8295
306.1239
309.4689
313.8194
318.8562
324.1009
329.0828
333.4546
337.0337
339.7974
341.8607
343.463
344.9681
347.069
350.4156
300.0001
300.0004
300.0011
300.0026
300.0051
300.009
300.0148
300.0232
300.0346
300.05
300.0704
300.0974
300.1344
300.1903
300.2863
300.5273
301.1946
302.7796
305.741
310.0287
315.0859
320.2828
325.1673
329.4823
333.1247
336.1105
338.5566
340.6804
342.9144
345.6796
306.7768
313.1742
319.0222
324.4075
329.3993
334.0499
338.3966
342.4622
346.2574
349.7868
353.0379
355.9839
358.5805
360.7663
362.4774
363.654
364.2552
364.2768
363.7657
362.8228
361.5756
360.1297
358.5426
356.8434
355.0849
353.4136
352.0875
351.4718
352.467
354.4524
300.1478
300.4266
300.8093
301.2778
301.8175
302.4162
303.0633
303.7492
304.4652
305.2037
305.9551
306.7056
307.435
308.1202
308.752
309.3114
309.7839
310.1657
310.4718
310.7413
311.0251
311.3561
311.7384
312.166
312.649
313.2338
314.0039
315.0433
316.4574
319.5499
300.0033
300.0125
300.0293
300.055
300.0906
300.1368
300.194
300.2626
300.3427
300.4344
300.5376
300.652
300.7781
300.9198
301.0862
301.2931
301.5628
301.9266
302.4344
303.1808
304.2534
305.639
307.2313
308.9362
310.7705
312.9037
315.627
319.0941
323.6092
328.9654
300.0001
300.0004
300.0011
300.0024
300.0046
300.0079
300.0128
300.0194
300.0283
300.0397
300.0542
300.0722
300.0946
300.123
300.1611
300.2238
300.364
300.7367
301.6747
303.6215
306.8193
311.047
315.7624
320.4461
324.7779
328.6318
332.0234
335.0576
337.9788
340.9916
306.7773
313.1858
319.0432
324.4341
329.4288
334.0819
338.4341
342.5134
346.336
349.9071
353.2203
356.256
358.9784
361.333
363.2442
364.6183
365.3483
365.3231
364.4466
362.6722
360.0555
356.795
353.2059
349.6273
346.3755
343.7825
342.0089
341.2525
342.3206
345.6307
300.1478
300.4273
300.811
301.2801
301.8194
302.4163
303.0601
303.7414
304.4512
305.1801
305.918
306.6528
307.3699
308.0512
308.6755
309.2171
309.6474
309.9379
310.0665
310.0317
309.8727
309.6825
309.5841
309.6819
310.0424
310.7337
311.8619
313.5776
316.2585
320.2042
300.0033
300.0125
300.0294
300.0551
300.0906
300.1365
300.193
300.2605
300.3388
300.4276
300.5265
300.6344
300.7503
300.8721
300.9974
301.123
301.2445
301.3567
301.4655
301.6009
301.85
302.3623
303.2729
304.6139
306.3531
308.5377
311.2958
314.722
319.0188
323.6712
300.0001
300.0004
300.0011
300.0024
300.0046
300.0079
300.0126
300.0191
300.0276
300.0384
300.0519
300.0683
300.0879
300.1111
300.1382
300.1707
300.2133
300.285
300.4501
300.8851
301.9365
304.0214
307.3158
311.5429
316.1609
320.7214
325.0212
329.0253
332.8462
336.3781
306.7781
313.1924
319.0618
324.4719
329.495
334.1898
338.6034
342.7727
346.7271
350.4908
354.0833
357.5208
360.8148
363.9668
366.9533
369.7394
372.275
374.4867
376.2795
377.5091
377.9793
377.4755
375.849
373.1314
369.5723
365.6479
362.302
360.5953
362.6854
366.6847
300.1478
300.4278
300.8125
301.2838
301.8267
302.4291
303.0812
303.775
304.5033
305.2602
306.0401
306.8375
307.6473
308.4634
309.2785
310.0828
310.8632
311.6018
312.2741
312.8478
313.2855
313.5573
313.6733
313.725
313.8941
314.4845
315.894
318.6068
323.9871
335.242
300.0033
300.0126
300.0295
300.0553
300.0911
300.1374
300.1946
300.2631
300.3428
300.4338
300.536
300.649
300.7724
300.9055
301.0474
301.1966
301.3508
301.507
301.6608
301.8077
301.9472
302.1006
302.3434
302.834
303.8146
305.7544
309.1053
313.7504
319.8739
328.132
300.0001
300.0004
300.0011
300.0024
300.0046
300.008
300.0128
300.0193
300.0279
300.0389
300.0526
300.0693
300.0893
300.113
300.1406
300.1724
300.2089
300.2509
300.3009
300.3679
300.4866
300.7742
301.5083
303.1054
305.9209
310.4307
316.4031
322.1676
328.0487
335.0998
306.7785
313.1954
319.0692
324.4853
329.5165
334.2226
338.6525
342.8458
346.8358
350.652
354.3227
357.8779
361.3526
364.7469
367.9916
371.0586
373.9198
376.5227
378.9049
381.0764
383.0187
384.6775
385.9649
386.782
387.0676
386.8665
386.4129
386.217
387.46
390.7905
300.1478
300.428
300.8132
301.2853
301.8295
302.4339
303.0888
303.7866
304.521
305.2869
306.0799
306.8968
307.7361
308.6466
309.653
310.7799
312.0621
313.5434
315.2856
317.3642
319.8551
322.7555
326.0288
329.5597
333.0612
337.0803
342.0323
348.3296
356.8093
369.1272
300.0033
300.0126
300.0295
300.0554
300.0913
300.1378
300.1953
300.2642
300.3445
300.4365
300.54
300.655
300.7814
300.9203
301.073
301.2413
301.4277
301.6352
301.8675
302.1293
302.4264
302.8157
303.2763
303.6897
304.11
305.8776
310.9738
319.3342
332.0803
349.3624
300.0001
300.0004
300.0011
300.0024
300.0046
300.008
300.0128
300.0194
300.0281
300.0392
300.053
300.0699
300.0903
300.1145
300.143
300.1763
300.2152
300.2606
300.3138
300.3768
300.4534
300.5544
300.7037
300.9773
301.9328
308.7292
320.5124
324.012
332.2812
344.8765
306.7785
313.1954
319.0693
324.4854
329.5166
334.2228
338.6526
342.846
346.836
350.6521
354.3229
357.8781
361.3529
364.7471
367.9918
371.0588
373.9201
376.5231
378.9052
381.0767
383.019
384.6778
385.9652
386.7823
387.0678
386.8668
386.4135
386.2178
387.4606
390.791
300.1478
300.428
300.8132
301.2854
301.8295
302.4339
303.0888
303.7867
304.5211
305.2869
306.0799
306.8968
307.7361
308.6466
309.653
310.7799
312.062
313.5434
315.2855
317.364
319.8546
322.7546
326.0273
329.5569
333.0538
337.0729
342.0256
348.3239
356.8047
369.1239
300.0033
300.0126
300.0295
300.0554
300.0913
300.1378
300.1953
300.2642
300.3445
300.4365
300.54
300.655
300.7814
300.9203
301.073
301.2413
301.4277
301.6352
301.8675
302.1293
302.4264
302.8153
303.2748
303.6863
304.1075
305.8816
310.9773
319.337
332.0814
349.3609
300.0001
300.0004
300.0011
300.0024
300.0046
300.008
300.0128
300.0194
300.0281
300.0392
300.053
300.0699
300.0903
300.1145
300.143
300.1763
300.2152
300.2606
300.3138
300.3768
300.4534
300.5545
300.7037
300.9776
301.9371
308.7705
320.5263
324.0191
332.2826
344.875
306.7782
313.1925
319.062
324.4721
329.4953
334.1902
338.6038
342.7731
346.7276
350.4913
354.0839
357.5214
360.8154
363.9675
366.954
369.7402
372.2758
374.4875
376.2802
377.5098
377.9798
377.4757
375.8489
373.1311
369.5716
365.6477
362.303
360.597
362.6869
366.6861
300.1478
300.4278
300.8125
301.2838
301.8267
302.4291
303.0812
303.775
304.5034
305.2603
306.0401
306.8376
307.6473
308.4635
309.2786
310.0828
310.8633
311.6018
312.2741
312.8477
313.2852
313.5569
313.6727
313.7243
313.8936
314.4846
315.8948
318.6077
323.9869
335.2399
300.0033
300.0126
300.0295
300.0553
300.0911
300.1374
300.1946
300.2631
300.3428
300.4338
300.536
300.649
300.7724
300.9055
301.0474
301.1966
301.3508
301.507
301.6608
301.8077
301.9472
302.1006
302.3435
302.8345
303.8162
305.7585
309.1108
313.7557
319.8771
328.1308
300.0001
300.0004
300.0011
300.0024
300.0046
300.008
300.0128
300.0193
300.0279
300.0389
300.0526
300.0693
300.0893
300.113
300.1406
300.1724
300.2089
300.2509
300.3009
300.3679
300.4868
300.7749
301.5102
303.1098
305.9292
310.4452
316.4165
322.1787
328.0535
335.0923
306.7774
313.186
319.0435
324.4345
329.4293
334.0825
338.4348
342.5142
346.3368
349.908
353.2213
356.257
358.9795
361.3341
363.2452
364.6193
365.3491
365.3236
364.4468
362.672
360.0549
356.7942
353.2052
349.6269
346.3764
343.7847
342.0123
341.2569
342.3257
345.6365
300.1478
300.4274
300.811
301.2801
301.8194
302.4163
303.0602
303.7415
304.4512
305.1801
305.918
306.6529
307.37
308.0513
308.6756
309.2172
309.6475
309.9379
310.0664
310.0315
309.8725
309.6824
309.5842
309.6823
310.0431
310.7348
311.8635
313.5794
316.2603
320.2056
300.0033
300.0125
300.0294
300.0551
300.0906
300.1365
300.193
300.2605
300.3388
300.4276
300.5265
300.6345
300.7503
300.8721
300.9974
301.123
301.2445
301.3567
301.4655
301.6009
301.8503
302.3629
303.274
304.6155
306.3553
308.5407
311.2993
314.7263
319.0238
323.6768
300.0001
300.0004
300.0011
300.0024
300.0046
300.0079
300.0126
300.0191
300.0276
300.0384
300.0519
300.0683
300.0879
300.1111
300.1382
300.1707
300.2134
300.285
300.4503
300.8856
301.9379
304.0241
307.3201
311.5485
316.1676
320.7288
325.0292
329.034
332.8558
336.3895
306.777
313.1745
319.0227
324.4081
329.3999
334.0507
338.3975
342.4633
346.2586
349.7881
353.0393
355.9854
358.5821
360.768
362.4791
363.6556
364.2568
364.2784
363.7673
362.8244
361.5773
360.1316
358.5446
356.8456
355.0875
353.4168
352.0917
351.4771
352.4736
354.4594
300.1478
300.4266
300.8093
301.2779
301.8176
302.4162
303.0633
303.7492
304.4653
305.2039
305.9552
306.7058
307.4351
308.1204
308.7522
309.3116
309.7841
310.1659
310.472
310.7416
311.0255
311.3566
311.7391
312.1669
312.6502
313.2353
314.0057
315.0455
316.4599
319.5553
300.0033
300.0125
300.0293
300.055
300.0906
300.1368
300.194
300.2626
300.3427
300.4344
300.5376
300.652
300.7781
300.9198
301.0863
301.2931
301.5629
301.9268
302.4348
303.1815
304.2545
305.6406
307.2332
308.9387
310.7737
312.908
315.6327
319.1008
323.617
328.9748
300.0001
300.0004
300.0011
300.0024
300.0046
300.0079
300.0128
300.0194
300.0283
300.0397
300.0542
300.0722
300.0946
300.123
300.1611
300.2239
300.3642
300.7371
301.6757
303.6235
306.8225
311.0512
315.7673
320.4514
324.7835
328.6376
332.0295
335.0642
337.9862
341.0003
306.7779
313.2458
319.222
324.7886
330.0174
334.969
339.6954
344.2388
348.5929
352.6949
356.5501
360.1568
363.5048
366.5724
369.3265
371.7206
373.6969
375.1939
376.1592
376.5688
376.4412
375.8353
374.8361
373.541
372.0607
370.5397
369.1805
368.2416
368.1943
369.1925
300.1479
300.4319
300.8286
301.323
301.9034
302.5602
303.2862
304.0764
304.9692
306.0565
307.3764
308.9951
311.0025
313.4621
316.4519
320.0165
324.1037
328.5279
332.9852
337.1319
340.6807
343.4606
345.4286
346.6545
347.3057
347.6466
348.0733
349.1142
351.914
356.5266
300.0033
300.0128
300.0304
300.0581
300.0973
300.1495
300.2159
300.2976
300.3968
300.5177
300.6656
300.8482
301.1039
301.5668
302.3988
303.8305
306.1257
309.4716
313.8229
318.8604
324.1056
329.0876
333.4593
337.0383
339.8019
341.8653
343.4679
344.9736
347.0757
350.4238
300.0001
300.0004
300.0011
300.0026
300.0051
300.009
300.0148
300.0232
300.0346
300.05
300.0704
300.0974
300.1344
300.1903
300.2863
300.5275
301.1953
302.781
305.7437
310.0326
315.0905
320.2879
325.1725
329.4876
333.1299
336.1157
338.562
340.6862
342.921
345.6876
)
;

boundaryField
{
    maxY
    {
        type            zeroGradient;
    }
    minX
    {
        type            fixedValue;
        value           uniform 300;
    }
    maxX
    {
        type            inletOutlet;
        inletValue      uniform 300;
        value           nonuniform List<scalar> 
40
(
369.1806
356.5143
350.4125
345.6766
354.4484
319.5486
328.9636
340.9888
345.627
320.2024
323.6684
336.3754
366.6811
335.2401
328.1279
335.0943
390.7842
369.1236
349.3588
344.8716
390.7846
369.1204
349.3573
344.8702
366.6824
335.238
328.1268
335.0869
345.6328
320.2037
323.674
336.3868
354.4555
319.5539
328.973
340.9975
369.1879
356.5232
350.4208
345.6846
)
;
    }
    minZ
    {
        type            zeroGradient;
    }
    maxZ
    {
        type            zeroGradient;
    }
    topAir_to_rightSolid
    {
        type            compressible::turbulentTemperatureRadCoupledMixed;
        refValue        nonuniform List<scalar> 
130
(
468.5357
468.1874
467.7607
467.2932
466.8161
466.3529
465.9219
465.5365
465.2063
464.9372
464.734
464.5994
464.5347
468.9551
468.5159
468.0046
467.4668
466.9352
466.4318
465.972
465.5666
465.2227
464.9448
464.7363
464.5991
464.534
469.8357
469.1783
468.4815
467.8006
467.1649
466.5878
466.0772
465.6371
465.2702
464.9774
464.76
464.6178
464.5506
471.1962
470.1024
469.0971
468.2105
467.4405
466.7763
466.2089
465.7319
465.3409
465.0326
464.8057
464.6583
464.5889
472.8354
470.9883
469.6052
468.5176
467.635
466.9054
466.2992
465.7987
465.3936
465.0766
464.8443
464.6936
464.6226
472.8361
470.9889
469.6059
468.5182
467.6357
466.9062
466.3
465.7996
465.3944
465.0774
464.8451
464.6944
464.6235
471.1981
470.1043
469.099
468.2125
467.4426
466.7785
466.2113
465.7344
465.3436
465.0353
464.808
464.6607
464.5916
469.8388
469.1814
468.4846
467.8039
467.1683
466.5915
466.081
465.6412
465.2746
464.9818
464.7641
464.622
464.5552
468.9592
468.52
468.0089
467.4713
466.9399
466.4368
465.9773
465.5721
465.2286
464.951
464.7426
464.6057
464.5407
468.5399
468.1918
467.7655
467.2982
466.8214
466.3585
465.9279
465.5428
465.2129
464.9443
464.7415
464.6075
464.5437
)
;
        refGradient     nonuniform List<scalar> 
130
(
-8113.294
-8113.294
-8113.294
-8113.294
-7702.672
-7702.672
-7702.672
-7702.672
-7359.34
-7359.34
-7359.34
-7359.34
-7376.653
-8113.294
-8113.294
-8113.294
-8113.294
-7702.672
-7702.672
-7702.672
-7702.672
-7359.34
-7359.34
-7359.34
-7359.34
-7376.653
-8586.969
-8586.969
-8586.969
-8586.969
-8103.82
-8103.82
-8103.82
-8103.82
-7781.964
-7781.964
-7376.653
-7376.653
-7376.653
-8586.969
-8586.969
-8586.969
-8586.969
-8103.82
-8103.82
-8103.82
-8103.82
-7781.964
-7781.964
-7376.653
-7376.653
-7376.653
-8765.337
-8765.337
-8765.337
-8765.337
-8203.997
-8203.997
-8203.997
-8203.997
-7781.964
-7781.964
-7237.714
-7237.714
-7237.714
-8765.337
-8765.337
-8765.337
-8765.337
-8203.997
-8203.997
-8203.997
-8203.997
-7781.964
-7781.964
-7237.714
-7237.714
-7237.714
-8586.228
-8586.228
-8586.228
-8586.228
-8100.459
-8100.459
-8100.459
-8100.459
-7632.908
-7632.908
-7632.908
-7632.908
-7237.714
-8586.228
-8586.228
-8586.228
-8586.228
-8100.459
-8100.459
-8100.459
-8100.459
-7632.908
-7632.908
-7632.908
-7632.908
-7237.714
-8112.18
-8112.18
-8112.18
-8112.18
-7696.662
-7696.662
-7696.662
-7696.662
-7304.213
-7304.213
-7304.213
-7304.213
-7304.213
-8112.18
-8112.18
-8112.18
-8112.18
-7696.662
-7696.662
-7696.662
-7696.662
-7304.213
-7304.213
-7304.213
-7304.213
-7304.213
)
;
        valueFraction   uniform 0.9996787;
        value           nonuniform List<scalar> 
130
(
468.4953
468.1474
467.721
467.2536
466.777
466.3136
465.8824
465.4966
465.1664
464.897
464.6935
464.5589
464.4946
468.911
468.4718
467.9604
467.4223
466.891
466.3872
465.9271
465.5212
465.1773
464.8991
464.6904
464.5536
464.4891
469.7911
469.1336
468.4364
467.755
467.119
466.541
466.0293
465.5884
465.2212
464.9279
464.7108
464.569
464.5029
471.1541
470.0612
469.0566
468.1705
467.4011
466.7366
466.1686
465.6906
465.2989
464.9896
464.7627
464.616
464.548
472.7932
470.9474
469.5655
468.4788
467.5978
466.8689
466.2631
465.7629
465.3583
465.0413
464.8097
464.6595
464.5896
472.7939
470.9481
469.5662
468.4795
467.5985
466.8696
466.2639
465.7637
465.3592
465.0422
464.8106
464.6603
464.5905
471.156
470.0631
469.0585
468.1725
467.4032
466.7388
466.171
465.6931
465.3018
464.9925
464.7647
464.6181
464.5508
469.7941
469.1367
468.4396
467.7582
467.1224
466.5446
466.0332
465.5925
465.2257
464.9325
464.7146
464.5729
464.5077
468.9151
468.4759
467.9647
467.4268
466.8957
466.3922
465.9323
465.5267
465.1833
464.9053
464.6968
464.5602
464.496
468.4995
468.1518
467.7257
467.2586
466.7823
466.3192
465.8883
465.5029
465.1731
464.9041
464.7011
464.5671
464.5037
)
;
        Tnbr            T;
        qrNbr           none;
        qr              qr;
        thermalInertia  false;
        thicknessLayers List<scalar> 0();
        kappaLayers     List<scalar> 0();
        kappaMethod     fluidThermo;
        kappa           none;
        alphaAni        none;
        alpha           none;
    }
    topAir_to_heater
    {
        type            compressible::turbulentTemperatureRadCoupledMixed;
        refValue        nonuniform List<scalar> 
40
(
468.504
468.7621
468.8485
468.7627
469.0062
469.3093
469.3949
469.2626
470.1004
470.5228
470.6069
470.3535
471.9918
472.6746
472.7545
472.2358
475.2768
476.357
476.4201
475.4796
475.2776
476.3578
476.4209
475.4804
471.994
472.6768
472.7566
472.2377
470.1038
470.5262
470.6102
470.3566
469.011
469.3139
469.3993
469.2668
468.5091
468.7671
468.8536
468.7679
)
;
        refGradient     nonuniform List<scalar> 
40
(
-8270.89
-8270.89
-8180.059
-8180.059
-8609.184
-8609.184
-8556.199
-8556.199
-8819.332
-8819.332
-8783.742
-8783.742
-9047.617
-9047.617
-9020.935
-9020.935
-9390.586
-9390.586
-9365.648
-9365.648
-9390.629
-9390.629
-9365.65
-9365.65
-9047.72
-9047.72
-9020.909
-9020.909
-8819.484
-8819.484
-8783.698
-8783.698
-8609.408
-8609.408
-8556.174
-8556.174
-8271.127
-8271.127
-8180.088
-8180.088
)
;
        valueFraction   uniform 0.9996787;
        value           nonuniform List<scalar> 
40
(
468.4606
468.7195
468.8068
468.7216
468.9604
469.2639
469.3499
469.2178
470.0541
470.477
470.5616
470.3084
471.9455
472.629
472.7098
472.1921
475.2293
476.3101
476.3742
475.435
475.23
476.3109
476.375
475.4357
471.9477
472.6312
472.7119
472.194
470.0575
470.4804
470.5648
470.3115
468.9652
469.2685
469.3543
469.222
468.4657
468.7245
468.8119
468.7268
)
;
        Tnbr            T;
        qrNbr           none;
        qr              qr;
        thermalInertia  false;
        thicknessLayers List<scalar> 0();
        kappaLayers     List<scalar> 0();
        kappaMethod     fluidThermo;
        kappa           none;
        alphaAni        none;
        alpha           none;
    }
    topAir_to_leftSolid
    {
        type            compressible::turbulentTemperatureRadCoupledMixed;
        refValue        nonuniform List<scalar> 
130
(
462.771
462.8605
463.0434
463.3144
463.6684
464.0992
464.5985
465.1556
465.7558
466.3801
467.0026
467.5906
468.1052
462.7736
462.8652
463.0517
463.3285
463.6915
464.1357
464.6548
465.2404
465.8805
466.559
467.2515
467.9239
468.5291
462.7849
462.8792
463.0714
463.3578
463.7359
464.2033
464.757
465.3935
466.1076
466.8911
467.728
468.5877
469.4128
462.798
462.895
463.093
463.3896
463.7837
464.2759
464.8679
465.5631
466.3673
467.2888
468.336
469.5098
470.7776
462.8067
462.9054
463.1071
463.4101
463.8146
464.3233
464.9414
465.6783
466.551
467.5886
468.8411
470.3993
472.4326
462.8073
462.906
463.1077
463.4107
463.8152
464.3239
464.942
465.679
466.5517
467.5893
468.8418
470.4
472.4333
462.7997
462.8967
463.0947
463.3913
463.7855
464.2778
464.8698
465.5651
466.3692
467.2908
468.3381
469.5119
470.7794
462.7876
462.882
463.0742
463.3608
463.739
464.2064
464.7602
465.3968
466.1109
466.8945
467.7315
468.5912
469.416
462.777
462.8689
463.0556
463.3326
463.6957
464.1401
464.6593
465.2449
465.8852
466.5637
467.2564
467.9289
468.5342
462.7733
462.8644
463.0477
463.3191
463.6733
464.1042
464.6036
465.1608
465.7612
466.3856
467.0082
467.5965
468.1116
)
;
        refGradient     nonuniform List<scalar> 
130
(
-8266.938
-8266.938
-8266.938
-8266.938
-8285.572
-8285.572
-8285.572
-8285.572
-8383.508
-8383.508
-8383.508
-8383.508
-8679.267
-8266.938
-8266.938
-8266.938
-8266.938
-8285.572
-8285.572
-8285.572
-8285.572
-8383.508
-8383.508
-8383.508
-8383.508
-8679.267
-8313.514
-8313.514
-8313.514
-8313.514
-8420.201
-8420.201
-8420.201
-8420.201
-8608.522
-8608.522
-8679.267
-8679.267
-8679.267
-8313.514
-8313.514
-8313.514
-8313.514
-8420.201
-8420.201
-8420.201
-8420.201
-8608.522
-8608.522
-8679.267
-8679.267
-8679.267
-8321.292
-8321.292
-8321.292
-8321.292
-8445.254
-8445.254
-8445.254
-8445.254
-8608.522
-8608.522
-8910.728
-8910.728
-8910.728
-8321.292
-8321.292
-8321.292
-8321.292
-8445.254
-8445.254
-8445.254
-8445.254
-8608.522
-8608.522
-8910.728
-8910.728
-8910.728
-8313.708
-8313.708
-8313.708
-8313.708
-8420.414
-8420.414
-8420.414
-8420.414
-8652.847
-8652.847
-8652.847
-8652.847
-8910.728
-8313.708
-8313.708
-8313.708
-8313.708
-8420.414
-8420.414
-8420.414
-8420.414
-8652.847
-8652.847
-8652.847
-8652.847
-8910.728
-8267.263
-8267.263
-8267.263
-8267.263
-8285.97
-8285.97
-8285.97
-8285.97
-8392.399
-8392.399
-8392.399
-8392.399
-8392.399
-8267.263
-8267.263
-8267.263
-8267.263
-8285.97
-8285.97
-8285.97
-8285.97
-8392.399
-8392.399
-8392.399
-8392.399
-8392.399
)
;
        valueFraction   uniform 0.9996787;
        value           nonuniform List<scalar> 
130
(
462.7102
462.8018
462.9865
463.2593
463.6148
464.047
464.5477
465.1061
465.7074
466.3328
466.9563
467.5453
468.0605
462.7128
462.8065
462.9948
463.2732
463.6377
464.0832
464.6036
465.1903
465.8313
466.5107
467.204
467.8771
468.4826
462.7241
462.8204
463.0144
463.3025
463.6819
464.1506
464.7056
465.3432
466.0581
466.8425
467.68
468.5404
469.3662
462.7372
462.8362
463.036
463.3342
463.7297
464.2233
464.8165
465.5129
466.3178
467.2402
468.2881
469.4626
470.7311
462.7459
462.8466
463.0502
463.3548
463.7606
464.2706
464.8899
465.628
466.5015
467.54
468.7929
470.3517
472.3854
462.7464
462.8472
463.0507
463.3554
463.7612
464.2713
464.8906
465.6287
466.5021
467.5406
468.7936
470.3524
472.3861
462.7388
462.8379
463.0378
463.336
463.7315
464.2252
464.8184
465.5148
466.3196
467.2422
468.2903
469.4648
470.7326
462.7268
462.8232
463.0172
463.3055
463.685
464.1538
464.7088
465.3464
466.0612
466.8458
467.6836
468.544
469.3691
462.7163
462.8102
462.9987
463.2773
463.6419
464.0876
464.6081
465.1948
465.8359
466.5154
467.2089
467.8821
468.4881
462.7125
462.8057
462.9909
463.2639
463.6197
464.052
464.5529
465.1113
465.7127
466.3382
466.962
467.5512
468.0672
)
;
        Tnbr            T;
        qrNbr           none;
        qr              qr;
        thermalInertia  false;
        thicknessLayers List<scalar> 0();
        kappaLayers     List<scalar> 0();
        kappaMethod     fluidThermo;
        kappa           none;
        alphaAni        none;
        alpha           none;
    }
}


// ************************************************************************* //
