/*--------------------------------*- C++ -*----------------------------------*\
| =========                 |                                                 |
| \\      /  F ield         | OpenFOAM: The Open Source CFD Toolbox           |
|  \\    /   O peration     | Version:  v2012                                 |
|   \\  /    A nd           | Website:  www.openfoam.com                      |
|    \\/     M anipulation  |                                                 |
\*---------------------------------------------------------------------------*/
FoamFile
{
    version     2.0;
    format      ascii;
    class       volScalarField;
    location    "0/topAir";
    object      viewFactorField;
}
// * * * * * * * * * * * * * * * * * * * * * * * * * * * * * * * * * * * * * //

dimensions      [0 0 0 0 0 0 0];


internalField   uniform 0;

boundaryField
{
    maxY
    {
        type            calculated;
        value           nonuniform List<scalar> 
300
(
1.097338
1.097338
1.058805
1.058805
1.057386
1.057386
1.058805
1.058805
1.097338
1.097338
1.097338
1.097338
1.058805
1.058805
1.057386
1.057386
1.058805
1.058805
1.097338
1.097338
1.097338
1.097338
1.058805
1.058805
1.057386
1.057386
1.058805
1.058805
1.097338
1.097338
1.097338
1.097338
1.058805
1.058805
1.057386
1.057386
1.058805
1.058805
1.097338
1.097338
1.041847
1.041847
1.004762
1.004762
1.003222
1.003222
1.004762
1.004762
1.041847
1.041847
1.041847
1.041847
1.004762
1.004762
1.003222
1.003222
1.004762
1.004762
1.041847
1.041847
1.041847
1.041847
1.004762
1.004762
1.003222
1.003222
1.004762
1.004762
1.041847
1.041847
1.041847
1.041847
1.004762
1.004762
1.003222
1.003222
1.004762
1.004762
1.041847
1.041847
1.041031
1.041031
1.003763
1.003763
1.002227
1.002227
1.003763
1.003763
1.041031
1.041031
1.041031
1.041031
1.003763
1.003763
1.002227
1.002227
1.003763
1.003763
1.041031
1.041031
1.041031
1.041031
1.003763
1.003763
1.002227
1.002227
1.003763
1.003763
1.041031
1.041031
1.041031
1.041031
1.003763
1.003763
1.002227
1.002227
1.003763
1.003763
1.041031
1.041031
1.04091
1.04091
1.003602
1.003602
1.002057
1.002057
1.003602
1.003602
1.04091
1.04091
1.04091
1.04091
1.003602
1.003602
1.002057
1.002057
1.003602
1.003602
1.04091
1.04091
1.04091
1.04091
1.003602
1.003602
1.002057
1.002057
1.003602
1.003602
1.04091
1.04091
1.04091
1.04091
1.003602
1.003602
1.002057
1.002057
1.003602
1.003602
1.04091
1.04091
1.040943
1.040943
1.003645
1.003645
1.002103
1.002103
1.003645
1.003645
1.040943
1.040943
1.040943
1.040943
1.003645
1.003645
1.002103
1.002103
1.003645
1.003645
1.040943
1.040943
1.040943
1.040943
1.003645
1.003645
1.002103
1.002103
1.003645
1.003645
1.040943
1.040943
1.040943
1.040943
1.003645
1.003645
1.002103
1.002103
1.003645
1.003645
1.040943
1.040943
1.041253
1.041253
1.004049
1.004049
1.002519
1.002519
1.004049
1.004049
1.041253
1.041253
1.041253
1.041253
1.004049
1.004049
1.002519
1.002519
1.004049
1.004049
1.041253
1.041253
1.041253
1.041253
1.004049
1.004049
1.002519
1.002519
1.004049
1.004049
1.041253
1.041253
1.041253
1.041253
1.004049
1.004049
1.002519
1.002519
1.004049
1.004049
1.041253
1.041253
1.043891
1.043891
1.006818
1.006818
1.005246
1.005246
1.006818
1.006818
1.078986
1.078986
1.043891
1.043891
1.006818
1.006818
1.005246
1.005246
1.006818
1.006818
1.078986
1.078986
1.043891
1.043891
1.006818
1.006818
1.005246
1.005246
1.006818
1.006818
1.078986
1.078986
1.043891
1.043891
1.006818
1.006818
1.005246
1.005246
1.006818
1.006818
1.078986
1.078986
1.129212
1.129212
1.129212
1.129212
1.108624
1.108624
1.108624
1.108624
1.078986
1.078986
1.129212
1.129212
1.129212
1.129212
1.108624
1.108624
1.108624
1.108624
1.078986
1.078986
)
;
    }
    minX
    {
        type            calculated;
        value           nonuniform List<scalar> 
40
(
1.13843
1.13843
1.13843
1.13843
1.13843
1.13843
1.13843
1.13843
1.094758
1.094758
1.094758
1.094758
1.094758
1.094758
1.094758
1.094758
1.093806
1.093806
1.093806
1.093806
1.093806
1.093806
1.093806
1.093806
1.094758
1.094758
1.094758
1.094758
1.094758
1.094758
1.094758
1.094758
1.13843
1.13843
1.13843
1.13843
1.13843
1.13843
1.13843
1.13843
)
;
    }
    maxX
    {
        type            calculated;
        value           nonuniform List<scalar> 
40
(
1.13843
1.13843
1.13843
1.13843
1.13843
1.13843
1.13843
1.13843
1.094758
1.094758
1.094758
1.094758
1.094758
1.094758
1.094758
1.094758
1.093806
1.093806
1.093806
1.093806
1.093806
1.093806
1.093806
1.093806
1.094758
1.094758
1.094758
1.094758
1.094758
1.094758
1.094758
1.094758
1.13843
1.13843
1.13843
1.13843
1.13843
1.13843
1.13843
1.13843
)
;
    }
    minZ
    {
        type            calculated;
        value           nonuniform List<scalar> 
120
(
1.07522
1.07522
1.07522
1.07522
1.07522
1.07522
1.07522
1.07522
1.07522
1.07522
1.07522
1.07522
1.07522
1.07522
1.07522
1.07522
1.049792
1.049792
1.049792
1.049792
1.049792
1.049792
1.049792
1.049792
1.049792
1.049792
1.049792
1.049792
1.049792
1.049792
1.049792
1.049792
1.049059
1.049059
1.049059
1.049059
1.049059
1.049059
1.049059
1.049059
1.049059
1.049059
1.049059
1.049059
1.049059
1.049059
1.049059
1.049059
1.048943
1.048943
1.048943
1.048943
1.048943
1.048943
1.048943
1.048943
1.048943
1.048943
1.048943
1.048943
1.048943
1.048943
1.048943
1.048943
1.048976
1.048976
1.048976
1.048976
1.048976
1.048976
1.048976
1.048976
1.048976
1.048976
1.048976
1.048976
1.048976
1.048976
1.048976
1.048976
1.049256
1.049256
1.049256
1.049256
1.049256
1.049256
1.049256
1.049256
1.049256
1.049256
1.049256
1.049256
1.049256
1.049256
1.049256
1.049256
1.052069
1.052069
1.052069
1.052069
1.052069
1.052069
1.052069
1.052069
1.052069
1.052069
1.052069
1.052069
1.052069
1.052069
1.052069
1.052069
1.096493
1.096493
1.096493
1.096493
1.096493
1.096493
1.096493
1.096493
)
;
    }
    maxZ
    {
        type            calculated;
        value           nonuniform List<scalar> 
120
(
1.07522
1.07522
1.07522
1.07522
1.07522
1.07522
1.07522
1.07522
1.07522
1.07522
1.07522
1.07522
1.07522
1.07522
1.07522
1.07522
1.049792
1.049792
1.049792
1.049792
1.049792
1.049792
1.049792
1.049792
1.049792
1.049792
1.049792
1.049792
1.049792
1.049792
1.049792
1.049792
1.049059
1.049059
1.049059
1.049059
1.049059
1.049059
1.049059
1.049059
1.049059
1.049059
1.049059
1.049059
1.049059
1.049059
1.049059
1.049059
1.048943
1.048943
1.048943
1.048943
1.048943
1.048943
1.048943
1.048943
1.048943
1.048943
1.048943
1.048943
1.048943
1.048943
1.048943
1.048943
1.048976
1.048976
1.048976
1.048976
1.048976
1.048976
1.048976
1.048976
1.048976
1.048976
1.048976
1.048976
1.048976
1.048976
1.048976
1.048976
1.049256
1.049256
1.049256
1.049256
1.049256
1.049256
1.049256
1.049256
1.049256
1.049256
1.049256
1.049256
1.049256
1.049256
1.049256
1.049256
1.052069
1.052069
1.052069
1.052069
1.052069
1.052069
1.052069
1.052069
1.052069
1.052069
1.052069
1.052069
1.052069
1.052069
1.052069
1.052069
1.096493
1.096493
1.096493
1.096493
1.096493
1.096493
1.096493
1.096493
)
;
    }
    topAir_to_rightSolid
    {
        type            calculated;
        value           nonuniform List<scalar> 
130
(
1.040977
1.040977
1.040977
1.040977
1.041474
1.041474
1.041474
1.041474
1.048938
1.048938
1.048938
1.048938
1.11612
1.040977
1.040977
1.040977
1.040977
1.041474
1.041474
1.041474
1.041474
1.048938
1.048938
1.048938
1.048938
1.11612
1.003691
1.003691
1.003691
1.003691
1.004324
1.004324
1.004324
1.004324
1.00553
1.00553
1.11612
1.11612
1.11612
1.003691
1.003691
1.003691
1.003691
1.004324
1.004324
1.004324
1.004324
1.00553
1.00553
1.11612
1.11612
1.11612
1.002152
1.002152
1.002152
1.002152
1.002792
1.002792
1.002792
1.002792
1.00553
1.00553
1.104856
1.104856
1.104856
1.002152
1.002152
1.002152
1.002152
1.002792
1.002792
1.002792
1.002792
1.00553
1.00553
1.104856
1.104856
1.104856
1.003691
1.003691
1.003691
1.003691
1.004324
1.004324
1.004324
1.004324
1.011404
1.011404
1.011404
1.011404
1.104856
1.003691
1.003691
1.003691
1.003691
1.004324
1.004324
1.004324
1.004324
1.011404
1.011404
1.011404
1.011404
1.104856
1.040977
1.040977
1.040977
1.040977
1.041474
1.041474
1.041474
1.041474
1.086397
1.086397
1.086397
1.086397
1.086397
1.040977
1.040977
1.040977
1.040977
1.041474
1.041474
1.041474
1.041474
1.086397
1.086397
1.086397
1.086397
1.086397
)
;
    }
    topAir_to_heater
    {
        type            calculated;
        value           nonuniform List<scalar> 
40
(
1.072607
1.072607
1.072607
1.072607
1.009206
1.009206
1.009206
1.009206
1.004456
1.004456
1.004456
1.004456
1.002738
1.002738
1.002738
1.002738
1.002051
1.002051
1.002051
1.002051
1.002051
1.002051
1.002051
1.002051
1.002738
1.002738
1.002738
1.002738
1.004456
1.004456
1.004456
1.004456
1.009206
1.009206
1.009206
1.009206
1.072607
1.072607
1.072607
1.072607
)
;
    }
    topAir_to_leftSolid
    {
        type            calculated;
        value           nonuniform List<scalar> 
130
(
1.097338
1.097338
1.097338
1.097338
1.041847
1.041847
1.041847
1.041847
1.041031
1.041031
1.041031
1.041031
1.012976
1.097338
1.097338
1.097338
1.097338
1.041847
1.041847
1.041847
1.041847
1.041031
1.041031
1.041031
1.041031
1.012976
1.058805
1.058805
1.058805
1.058805
1.004762
1.004762
1.004762
1.004762
1.003081
1.003081
1.012976
1.012976
1.012976
1.058805
1.058805
1.058805
1.058805
1.004762
1.004762
1.004762
1.004762
1.003081
1.003081
1.012976
1.012976
1.012976
1.057386
1.057386
1.057386
1.057386
1.003222
1.003222
1.003222
1.003222
1.003081
1.003081
1.002494
1.002494
1.002494
1.057386
1.057386
1.057386
1.057386
1.003222
1.003222
1.003222
1.003222
1.003081
1.003081
1.002494
1.002494
1.002494
1.058805
1.058805
1.058805
1.058805
1.004762
1.004762
1.004762
1.004762
1.003763
1.003763
1.003763
1.003763
1.002494
1.058805
1.058805
1.058805
1.058805
1.004762
1.004762
1.004762
1.004762
1.003763
1.003763
1.003763
1.003763
1.002494
1.097338
1.097338
1.097338
1.097338
1.041847
1.041847
1.041847
1.041847
1.04101
1.04101
1.04101
1.04101
1.04101
1.097338
1.097338
1.097338
1.097338
1.041847
1.041847
1.041847
1.041847
1.04101
1.04101
1.04101
1.04101
1.04101
)
;
    }
}


// ************************************************************************* //
