/*--------------------------------*- C++ -*----------------------------------*\
| =========                 |                                                 |
| \\      /  F ield         | OpenFOAM: The Open Source CFD Toolbox           |
|  \\    /   O peration     | Version:  v2012                                 |
|   \\  /    A nd           | Website:  www.openfoam.com                      |
|    \\/     M anipulation  |                                                 |
\*---------------------------------------------------------------------------*/
FoamFile
{
    version     2.0;
    format      ascii;
    class       volScalarField;
    location    "600";
    object      nut;
}
// * * * * * * * * * * * * * * * * * * * * * * * * * * * * * * * * * * * * * //

dimensions      [0 2 -1 0 0 0 0];


internalField   nonuniform List<scalar> 
4000
(
0.000291589
0.000282897
0.000275391
0.000270503
0.000269792
0.000274496
0.000279514
0.000281478
0.000282443
0.000284057
0.000283724
0.000281747
0.000276397
0.000270976
0.000263726
0.000255767
0.000249673
0.000243561
0.000236026
0.00023042
0.000312893
0.000304318
0.000297787
0.000303936
0.000322924
0.00034011
0.000349361
0.000351319
0.00035112
0.000352642
0.000351033
0.000343965
0.000330913
0.000314893
0.00029506
0.000276974
0.000268214
0.000259025
0.000271375
0.000280804
0.000369521
0.000369709
0.000363423
0.000353795
0.000348395
0.000343068
0.000335268
0.000340756
0.000358995
0.000379061
0.000382522
0.000374162
0.000360101
0.000339397
0.000307425
0.000283139
0.000300991
0.000329183
0.000362002
0.000412702
0.00048224
0.000481803
0.000475216
0.000460386
0.000436441
0.000411224
0.000387155
0.000370368
0.000360189
0.000354427
0.000361373
0.000368374
0.000367329
0.00035099
0.000317002
0.000315546
0.00033884
0.000376527
0.000424017
0.000460226
0.000508733
0.000515127
0.000515881
0.000511652
0.000504136
0.000494881
0.000484411
0.000470376
0.000454338
0.000435409
0.000420435
0.000412409
0.00040759
0.000402836
0.000394834
0.000389591
0.0004016
0.000431327
0.000465478
0.00048536
0.000525351
0.000542293
0.000555608
0.000565668
0.000573212
0.000578046
0.000578836
0.000574018
0.000561563
0.000541759
0.000524807
0.000517085
0.000514045
0.000511505
0.000507574
0.000503135
0.000500667
0.000501728
0.000505146
0.000502517
0.000538643
0.000567084
0.000593137
0.000615397
0.000633923
0.000648068
0.000656548
0.000658193
0.000650386
0.00063027
0.000613239
0.000607853
0.000604885
0.000600211
0.000592625
0.00058225
0.000569514
0.000555115
0.000538608
0.000517031
0.000552389
0.000591339
0.00062856
0.000660515
0.000687337
0.000709262
0.000724433
0.000731356
0.000727583
0.000708353
0.000689883
0.000685518
0.000680807
0.000672264
0.000659216
0.000641848
0.000620493
0.000595437
0.000565565
0.000529015
0.000567785
0.000619191
0.000666784
0.000707913
0.000743004
0.000771301
0.000792022
0.00080373
0.000803898
0.000788183
0.000767535
0.000763114
0.000755232
0.000741425
0.000721667
0.000696582
0.000666883
0.00063263
0.000591607
0.000541448
0.000586118
0.000646464
0.000699708
0.000743222
0.000779665
0.000809894
0.000834133
0.00085181
0.000860973
0.000857338
0.000839947
0.000833036
0.000818977
0.00079919
0.000774622
0.000745537
0.000711641
0.000671812
0.000622231
0.000559338
0.000282897
0.000295044
0.000300549
0.00030584
0.000312698
0.000323191
0.000331751
0.000337132
0.000341848
0.000346292
0.000348323
0.000347636
0.000340079
0.000329761
0.000316274
0.000303648
0.000296141
0.000279627
0.000258378
0.000242991
0.000304318
0.000388958
0.000489905
0.000655207
0.000841786
0.000996251
0.00110964
0.00118633
0.00125448
0.00129882
0.00129968
0.00124573
0.0011221
0.000965848
0.000815597
0.000703133
0.000658122
0.000546715
0.000385102
0.000297603
0.000369709
0.000459548
0.000503998
0.000563029
0.000646455
0.000748532
0.000879503
0.00107306
0.00129855
0.00143321
0.00146325
0.0014025
0.00124923
0.0010266
0.000808448
0.000651184
0.000556761
0.000510383
0.000492682
0.000426085
0.000481803
0.000660219
0.000691861
0.00067008
0.000643907
0.00063993
0.000657967
0.000706864
0.000803288
0.00100613
0.00122078
0.00130382
0.00122759
0.00101378
0.000776292
0.000612575
0.000559734
0.000573774
0.000612316
0.000470285
0.000515127
0.000724081
0.000799106
0.000812978
0.000785951
0.000737309
0.00070511
0.000691992
0.000700347
0.000736788
0.000788474
0.000840806
0.000870952
0.000840932
0.000721547
0.000626839
0.000608928
0.000658278
0.000695836
0.000495021
0.000542293
0.000800176
0.00091403
0.000975808
0.00100898
0.00101806
0.000994243
0.000956458
0.000911269
0.000869467
0.000835807
0.000809742
0.000785861
0.000761729
0.00073391
0.000713616
0.00073312
0.000771488
0.000765943
0.000512876
0.000567084
0.000864841
0.00101923
0.00114731
0.00126361
0.00134861
0.00139974
0.00141113
0.00137045
0.00127128
0.00116624
0.00109949
0.0010592
0.00103019
0.00100429
0.000976343
0.000940991
0.000894083
0.000804955
0.000529501
0.000591339
0.000914659
0.00109677
0.00127703
0.00145495
0.00158421
0.00166389
0.00170272
0.00170086
0.00166418
0.00158245
0.00151687
0.00146116
0.00139349
0.00130751
0.00120304
0.00108414
0.000957817
0.000817943
0.000547605
0.000619191
0.00090252
0.00108453
0.0012577
0.00141649
0.00154465
0.00163301
0.00167668
0.00167017
0.00160719
0.00152895
0.00147641
0.00143276
0.00137258
0.00128818
0.00118042
0.00105913
0.000933564
0.00080162
0.000572821
0.000646464
0.000716023
0.000778541
0.000831476
0.000877233
0.000916418
0.000948888
0.00097349
0.000987454
0.000986118
0.000964283
0.000950937
0.000929228
0.000900844
0.000867036
0.000828326
0.000784738
0.000735075
0.000675324
0.000602816
0.000275391
0.000300549
0.000313149
0.000322594
0.000330476
0.000338456
0.00035041
0.000362919
0.000374957
0.000385545
0.00039188
0.000392255
0.000381636
0.000364417
0.000344176
0.000327947
0.000316269
0.000291325
0.000267636
0.000252118
0.000297787
0.000489905
0.000626347
0.0007923
0.000980004
0.00117304
0.00134314
0.00149589
0.00163137
0.00171565
0.00173285
0.00166194
0.00148669
0.00124647
0.00101659
0.000854537
0.000759737
0.000567737
0.000410613
0.000310402
0.000363423
0.000503998
0.00060213
0.000712261
0.000845721
0.00100567
0.0012192
0.00150145
0.0017861
0.00195617
0.00201023
0.00192199
0.00168063
0.00132163
0.000991156
0.000755229
0.000635021
0.00057588
0.00055069
0.000438043
0.000475216
0.000691861
0.000751754
0.000762566
0.000784506
0.000831697
0.000914092
0.00105636
0.00129401
0.00163116
0.0018647
0.00190018
0.00172993
0.0013529
0.000983312
0.000755793
0.000677897
0.000680619
0.000695782
0.000481239
0.000515881
0.000799106
0.000919486
0.000941374
0.000911593
0.000889709
0.000894507
0.000942018
0.00105408
0.00123674
0.00144374
0.0015862
0.00157527
0.00134478
0.00100611
0.000818515
0.00076496
0.000803589
0.000807798
0.00050779
0.000555608
0.00091403
0.0010912
0.00117158
0.00117751
0.00116404
0.00116366
0.00118787
0.00123962
0.001308
0.00136155
0.00136081
0.00129028
0.00116234
0.00100711
0.000882835
0.000868091
0.000937986
0.000901599
0.00052956
0.000593137
0.00101923
0.00125777
0.00143305
0.00156497
0.00163475
0.00169838
0.00175283
0.00178099
0.001763
0.00170072
0.00160826
0.0014927
0.00136458
0.0012371
0.00113681
0.00110799
0.00109376
0.000959053
0.000552333
0.00062856
0.00109677
0.00139131
0.00168168
0.00195596
0.00218298
0.00232254
0.00239785
0.00239792
0.00231116
0.00218532
0.00207491
0.00196156
0.00183255
0.00168845
0.00153836
0.00138736
0.00120165
0.000978793
0.000580753
0.000666784
0.00108453
0.00142895
0.00177236
0.00207549
0.00230881
0.00246237
0.00254992
0.00257864
0.00248099
0.00236515
0.00232167
0.00223694
0.00210806
0.00195009
0.00174144
0.00149383
0.00122297
0.000960572
0.000617191
0.000699708
0.000778541
0.000848244
0.000908241
0.000961041
0.00100731
0.0010467
0.00107766
0.00109692
0.00109951
0.00107324
0.00105292
0.00102387
0.000988141
0.000946951
0.000900949
0.000850747
0.000794885
0.000729595
0.000652128
0.000270503
0.00030584
0.000322594
0.000335652
0.000346893
0.000357876
0.000370857
0.000386903
0.000406994
0.000426522
0.000436728
0.000433796
0.000413935
0.000384385
0.000357804
0.000339362
0.00032152
0.000294247
0.000271312
0.000258964
0.000303935
0.000655207
0.0007923
0.000926295
0.00107723
0.00124725
0.00145058
0.00168939
0.00190833
0.00203281
0.00205501
0.00194421
0.00170289
0.00136919
0.00107832
0.000892851
0.00073442
0.000557085
0.000417802
0.000315395
0.000353795
0.000563029
0.000712261
0.00086436
0.00103527
0.00124458
0.00154026
0.00189647
0.00220539
0.00240254
0.00245171
0.00229609
0.00193047
0.00145369
0.00103325
0.000779068
0.000663936
0.000607861
0.000577007
0.000445312
0.000460386
0.00067008
0.000762566
0.000831863
0.000912439
0.00102246
0.00119226
0.00147241
0.00188253
0.00226935
0.00246591
0.0024109
0.00205609
0.00152219
0.00106437
0.000821547
0.00074305
0.000739902
0.000733447
0.000490088
0.000511652
0.000812978
0.000941374
0.00097925
0.000997604
0.00103146
0.00111221
0.00128584
0.00159168
0.00197701
0.0022807
0.00234996
0.0021317
0.00163181
0.00118662
0.000945165
0.000871872
0.000894001
0.000862247
0.000520786
0.000565668
0.000975808
0.00117158
0.0012472
0.00127606
0.00130831
0.00138428
0.00153344
0.0017589
0.00200398
0.00216415
0.00215579
0.00195812
0.00161407
0.00125493
0.00104805
0.000998421
0.00104896
0.000977687
0.000548831
0.000615397
0.00114731
0.00143305
0.001626
0.0017569
0.0018755
0.00201095
0.00216499
0.00231243
0.00240908
0.00240846
0.00228444
0.00205954
0.00178389
0.00150659
0.00130529
0.00123854
0.0012314
0.00106561
0.000579492
0.000660515
0.00127703
0.00168168
0.00206218
0.0023693
0.00258393
0.00273667
0.00283281
0.00285672
0.00279871
0.00268259
0.00253503
0.0023676
0.00218372
0.00198346
0.00178814
0.00162111
0.00140611
0.00111644
0.000615852
0.000707913
0.0012577
0.00177236
0.00229098
0.00270888
0.00296886
0.00308057
0.00310264
0.00303119
0.00288322
0.00274809
0.00269572
0.00265525
0.00258872
0.00247248
0.00229007
0.00196868
0.00152947
0.00111243
0.000657907
0.000743222
0.000831476
0.000908241
0.000974994
0.00103465
0.0010884
0.00113565
0.00117452
0.00120148
0.00121066
0.0011795
0.0011499
0.00111195
0.00106772
0.00101858
0.000965149
0.000909112
0.000847709
0.000777089
0.000693812
0.000269792
0.000312698
0.000330476
0.000346893
0.000362554
0.000379408
0.000399629
0.000424087
0.000451445
0.000478807
0.000486095
0.000469867
0.000433711
0.00039294
0.000362549
0.000342593
0.000319929
0.000292714
0.000272107
0.000263967
0.000322924
0.000841786
0.000980004
0.00107723
0.00118552
0.00133218
0.00155374
0.00185998
0.00217868
0.00232693
0.00231354
0.00211873
0.00178059
0.00139021
0.00106393
0.000868619
0.000697747
0.000542526
0.000417843
0.000314016
0.000348395
0.000646455
0.000845721
0.00103527
0.00124693
0.00152274
0.00189499
0.00229408
0.0026197
0.00280835
0.00279376
0.00251458
0.00201208
0.00144378
0.00100427
0.000773311
0.000672459
0.000618714
0.000577131
0.000443841
0.000436441
0.000643907
0.000784506
0.000912439
0.00105627
0.0012484
0.00154966
0.00200703
0.00251943
0.00286192
0.00295929
0.00271639
0.00217195
0.00153696
0.0010628
0.000844439
0.000775655
0.000765706
0.000742161
0.000492628
0.000504136
0.000785951
0.000911593
0.000997604
0.00107978
0.00119733
0.00141156
0.00179435
0.00231514
0.00277778
0.00299403
0.00285864
0.0023585
0.00173583
0.00126071
0.0010093
0.000934828
0.0009406
0.000885517
0.000528233
0.000573212
0.00100898
0.00117751
0.00127606
0.00136434
0.00148762
0.00169917
0.00203444
0.00245138
0.00281004
0.00296812
0.0028316
0.00241088
0.00186285
0.00142251
0.00117365
0.00109884
0.00111716
0.00102551
0.000562712
0.000633923
0.00126361
0.00156497
0.0017569
0.00193403
0.00212765
0.00235884
0.00262369
0.00288292
0.00305862
0.00306094
0.00284163
0.00246748
0.00205084
0.00169956
0.00145668
0.00135505
0.00132679
0.00114989
0.000600268
0.000687337
0.00145495
0.00195596
0.0023693
0.00264691
0.00286984
0.00305197
0.00318086
0.00323494
0.0031961
0.00305283
0.00282455
0.00258643
0.00236523
0.00214953
0.00194858
0.00178567
0.0015666
0.00123184
0.000642215
0.000743004
0.00141649
0.00207549
0.00270888
0.00307633
0.00328787
0.00339877
0.00340667
0.00331162
0.00313818
0.00296727
0.00289398
0.00286649
0.00282261
0.00271812
0.00254523
0.00229426
0.00178005
0.00123952
0.000690533
0.000779665
0.000877233
0.000961041
0.00103465
0.00110259
0.00116461
0.00122046
0.00126912
0.00130704
0.00132707
0.00128941
0.0012468
0.00119737
0.00114324
0.00108553
0.0010247
0.000960737
0.000893589
0.000817441
0.000727723
0.000274496
0.000323191
0.000338456
0.000357876
0.000379408
0.000403521
0.000431084
0.000466624
0.000507869
0.000537523
0.000529103
0.000491527
0.000442079
0.000393858
0.000363472
0.000341454
0.00031504
0.000288929
0.000271261
0.000266849
0.00034011
0.000996251
0.00117304
0.00124725
0.00133218
0.00148035
0.00173663
0.00211415
0.0024567
0.00255122
0.00243609
0.00213958
0.00173581
0.001336
0.00103293
0.000839826
0.000673272
0.000527128
0.00041433
0.000315053
0.000343068
0.000748532
0.00100567
0.00124458
0.00152274
0.00188177
0.00228597
0.00269128
0.0029854
0.0030646
0.00291361
0.00251138
0.0019305
0.0013523
0.000954131
0.000759455
0.00066927
0.000612087
0.000555251
0.000428217
0.000411224
0.00063993
0.000831697
0.00102246
0.0012484
0.00156895
0.00204281
0.00260592
0.00305211
0.00323544
0.00314629
0.00273509
0.00209281
0.00144742
0.00102277
0.000844232
0.000784648
0.000765681
0.000727821
0.000485812
0.000494881
0.000737309
0.000889709
0.00103146
0.00119733
0.00144958
0.00187174
0.002458
0.00301905
0.00333013
0.00334202
0.00297361
0.00234378
0.00169724
0.00125152
0.00102826
0.000960958
0.000949572
0.000884881
0.000526497
0.000578046
0.00101806
0.00116404
0.00130831
0.00148762
0.00175062
0.00214747
0.00266155
0.00315671
0.00344027
0.00345523
0.00310336
0.00252284
0.00193645
0.00149352
0.00124551
0.00116037
0.00114996
0.0010493
0.000567561
0.000648068
0.00134861
0.00163475
0.0018755
0.00212765
0.00241458
0.00274896
0.00311497
0.0034424
0.00359254
0.00349345
0.00310204
0.00259606
0.00214817
0.00179877
0.00156081
0.00144272
0.00138675
0.00120574
0.000611501
0.000709262
0.00158421
0.00218298
0.00258393
0.00286984
0.0031184
0.00332995
0.00348922
0.00357432
0.0035229
0.0032815
0.00291319
0.0026169
0.00240121
0.00220943
0.00203336
0.00189017
0.00167827
0.00130565
0.000659696
0.000771301
0.00154465
0.00230881
0.00296886
0.00328787
0.00349495
0.00359302
0.00358434
0.00348617
0.00331185
0.00306717
0.00292669
0.00290622
0.00290126
0.00282662
0.0026617
0.00243546
0.00193477
0.00131818
0.000713766
0.000809894
0.000916418
0.00100731
0.0010884
0.00116461
0.00123548
0.00130231
0.00136455
0.00141879
0.00145576
0.00140842
0.00134611
0.00128094
0.00121435
0.00114646
0.00107704
0.00100589
0.00093224
0.00085058
0.00075466
0.000279514
0.000331751
0.00035041
0.000370857
0.000399629
0.000431084
0.000462541
0.000506323
0.000558966
0.000583645
0.000556969
0.000502042
0.000444998
0.000394975
0.000362826
0.000337465
0.000307953
0.000284107
0.000269213
0.000266406
0.000349361
0.00110964
0.00134314
0.00145058
0.00155374
0.00173663
0.0020289
0.00242575
0.00264777
0.00257101
0.00233748
0.00201712
0.00163327
0.0012736
0.00101025
0.000824119
0.000655556
0.000513462
0.000409657
0.000313412
0.000335268
0.000879503
0.0012192
0.00154026
0.00189499
0.00228597
0.00268394
0.00302656
0.0031696
0.00299602
0.00267307
0.00226792
0.00175306
0.00124866
0.000915334
0.000748055
0.000660184
0.000596191
0.000527917
0.000404698
0.000387155
0.000657967
0.000914092
0.00119226
0.00154966
0.00204281
0.00261444
0.00308015
0.00332441
0.00322325
0.00288475
0.00243873
0.00187581
0.00131916
0.000979085
0.000833343
0.000775632
0.000743194
0.000685621
0.000469955
0.000484411
0.00070511
0.000894507
0.00111221
0.00141156
0.00187174
0.00248814
0.00307821
0.00345574
0.00347984
0.00315851
0.00269749
0.0021396
0.00157694
0.00120187
0.00102027
0.000958595
0.000932504
0.000860742
0.000516449
0.000578836
0.000994243
0.00116366
0.00138428
0.00169917
0.00214747
0.00271532
0.00327642
0.00365514
0.00371332
0.00340207
0.00292836
0.0024019
0.00188265
0.00149006
0.00127018
0.00118344
0.00114833
0.00104525
0.000564695
0.000656548
0.00139974
0.00169838
0.00201095
0.00235884
0.00274896
0.00318051
0.00360699
0.00388868
0.00386467
0.00350266
0.00301648
0.00253092
0.00212193
0.00181848
0.00161163
0.00149145
0.00140693
0.00122491
0.000615085
0.000724433
0.00166389
0.00232254
0.00273667
0.00305197
0.00332995
0.00357388
0.00378578
0.00390848
0.00375894
0.00332779
0.00285959
0.00253071
0.00233894
0.0021898
0.0020519
0.00193054
0.00173032
0.00133062
0.000669019
0.000792022
0.00163301
0.00246237
0.00308057
0.00339877
0.00359302
0.00367853
0.00369013
0.00367398
0.00357794
0.00320791
0.00289457
0.00282255
0.00284509
0.00281071
0.00266762
0.00244861
0.00199522
0.00134607
0.000728226
0.000834133
0.000948888
0.0010467
0.00113565
0.00122046
0.00130231
0.00138364
0.00146513
0.00154425
0.00160805
0.00154671
0.00145312
0.00136497
0.00128178
0.00120136
0.00112202
0.0010431
0.000963205
0.00087668
0.000775416
0.000281478
0.000337132
0.000362919
0.000386903
0.000424087
0.000466624
0.000506323
0.000542003
0.000582632
0.000609498
0.000574607
0.000508959
0.000448406
0.000399463
0.000360774
0.000330713
0.000299559
0.000279228
0.000266087
0.000261522
0.000351319
0.00118633
0.00149589
0.00168939
0.00185998
0.00211415
0.00242575
0.00267044
0.00273363
0.00243946
0.00206146
0.00179494
0.00152646
0.00124468
0.00101516
0.000825346
0.000648781
0.000507134
0.000407378
0.000308243
0.000340756
0.00107306
0.00150145
0.00189647
0.00229408
0.00269128
0.00302656
0.00321835
0.00322177
0.00289737
0.00229078
0.00184995
0.00153447
0.00118769
0.000912128
0.000750245
0.000653045
0.000579268
0.000502357
0.000380113
0.000370368
0.000706864
0.00105636
0.00147241
0.00200702
0.00260592
0.00308015
0.00334822
0.00350529
0.00335463
0.00260278
0.00192071
0.00157282
0.00122141
0.000956315
0.000822457
0.000756524
0.000708647
0.000636371
0.000448829
0.000470376
0.000691992
0.000942018
0.00128584
0.00179435
0.002458
0.00307821
0.00348867
0.00382788
0.00383205
0.00301722
0.00215541
0.00179014
0.00144895
0.00115377
0.00100003
0.000935431
0.000894288
0.000814867
0.000502699
0.000574018
0.000956458
0.00118787
0.00153344
0.00203444
0.00266155
0.00327642
0.00371955
0.00410382
0.00419802
0.00337714
0.00244489
0.00207776
0.00176242
0.00145161
0.00126267
0.00117386
0.00111896
0.00101632
0.00055735
0.000658193
0.00141113
0.00175283
0.00216499
0.00262369
0.00311497
0.00360699
0.00399315
0.00431352
0.00441126
0.00360546
0.00266389
0.00229772
0.00203069
0.00179135
0.00161765
0.00149897
0.00139049
0.00120902
0.000612743
0.000731356
0.00170272
0.00239785
0.00283281
0.00318086
0.00348922
0.00378578
0.00407815
0.00433679
0.0043875
0.00364273
0.00275421
0.00238055
0.00221643
0.002111
0.00201241
0.00191192
0.00172233
0.00131107
0.000671227
0.00080373
0.00167668
0.00254992
0.00310264
0.00340667
0.00358434
0.00369013
0.00382119
0.00406992
0.00421148
0.00366136
0.00296734
0.00269069
0.00267759
0.00267526
0.00256978
0.00237082
0.00198405
0.00133041
0.000734679
0.00085181
0.00097349
0.00107766
0.00117452
0.00126912
0.00136455
0.00146513
0.00157423
0.00169119
0.0017941
0.00171457
0.00157268
0.00145028
0.00134436
0.00124837
0.00115787
0.00107087
0.000985554
0.000895292
0.000790068
0.000282443
0.000341848
0.000374957
0.000406994
0.000451445
0.000507869
0.000558966
0.000582632
0.000607734
0.000634612
0.000570329
0.0005126
0.000450814
0.000400122
0.000358646
0.000320805
0.000292752
0.000275117
0.000262245
0.000253301
0.00035112
0.00125448
0.00163137
0.00190833
0.00217868
0.0024567
0.00264777
0.00273363
0.00262228
0.0024955
0.00207995
0.00155237
0.00140675
0.00123726
0.0010368
0.000844378
0.000656192
0.000514174
0.000410632
0.000300313
0.000358995
0.00129855
0.0017861
0.00220539
0.0026197
0.0029854
0.0031696
0.00322177
0.0032785
0.00346939
0.00271309
0.00158325
0.00127399
0.0011716
0.000950806
0.000776322
0.0006578
0.000569928
0.000484943
0.000361275
0.000360189
0.000803288
0.00129401
0.00188253
0.00251943
0.00305211
0.00332441
0.00350529
0.00390149
0.00429495
0.00334729
0.00178789
0.00125157
0.00117924
0.000975905
0.000825607
0.000740503
0.000678467
0.000600553
0.000430241
0.000454338
0.000700347
0.00105408
0.00159168
0.00231514
0.00301905
0.00345574
0.00382788
0.00448753
0.00497891
0.00393169
0.00210696
0.00140429
0.00134706
0.00113826
0.000984092
0.0009057
0.000851619
0.000769817
0.000491562
0.000561563
0.000911269
0.00123962
0.0017589
0.00245138
0.00315671
0.00365514
0.00410382
0.00492858
0.00548552
0.0044085
0.00244941
0.00165297
0.00161581
0.00141869
0.00124401
0.00114576
0.00107542
0.000975196
0.000548753
0.000650386
0.00137045
0.00178099
0.00231243
0.00288292
0.0034424
0.00388868
0.00431352
0.00520181
0.00574967
0.00472314
0.00277155
0.00193699
0.00189954
0.00175186
0.0015986
0.00147653
0.00134834
0.00116424
0.000605404
0.000727583
0.00170086
0.00239792
0.00285672
0.00323494
0.00357432
0.00390848
0.00433679
0.00520589
0.00567145
0.00479464
0.00306079
0.00219232
0.00205722
0.00199278
0.00192825
0.00184661
0.00166631
0.00125599
0.000665471
0.000803898
0.00167017
0.00257864
0.00303119
0.00331162
0.00348617
0.00367398
0.00406992
0.00478456
0.00522582
0.0045207
0.00332089
0.00260971
0.00244166
0.00243347
0.00237477
0.00221481
0.00191329
0.00127227
0.000732133
0.000860973
0.000987454
0.00109692
0.00120148
0.00130704
0.00141879
0.00154425
0.00169119
0.00185854
0.00199661
0.00190507
0.00170401
0.00153416
0.00139786
0.00128293
0.00118046
0.00108581
0.000996705
0.000904325
0.00079729
0.000284057
0.000346292
0.000385545
0.000426522
0.000478807
0.000537523
0.000583645
0.000609498
0.000634612
0.000636536
0.000547564
0.000493415
0.000445235
0.000392046
0.000350769
0.000312378
0.000288249
0.000272097
0.000259492
0.000249366
0.000352642
0.00129882
0.00171565
0.00203281
0.00232693
0.00255122
0.00257101
0.00243946
0.0024955
0.00150402
0.00124263
0.00151532
0.0012175
0.00119045
0.00103497
0.00085494
0.000665395
0.000524035
0.0004162
0.000300727
0.000379061
0.00143321
0.00195617
0.00240254
0.00280835
0.0030646
0.00299602
0.00289737
0.00346939
0.00222059
0.00184422
0.00187845
0.00114652
0.00117128
0.00100191
0.000814058
0.000676846
0.000577428
0.000486731
0.000357265
0.000354427
0.00100613
0.00163116
0.00226935
0.00286192
0.00323544
0.00322325
0.00335463
0.00429495
0.00286637
0.0024214
0.00226138
0.00120465
0.00119106
0.00103931
0.000858543
0.000745322
0.000671763
0.000594749
0.000427289
0.000435409
0.000736788
0.00123674
0.00197701
0.00277778
0.00333013
0.00347984
0.00383205
0.00497891
0.00348115
0.00299309
0.00265289
0.00134805
0.00129191
0.0011733
0.000995676
0.000893755
0.000831734
0.000757164
0.000486669
0.000541759
0.000869467
0.001308
0.00200398
0.00281004
0.00344027
0.00371332
0.00419802
0.00548552
0.00406019
0.00354298
0.0030325
0.00154893
0.00147913
0.00142221
0.00124448
0.00112724
0.00104462
0.000940263
0.000541347
0.00063027
0.00127128
0.001763
0.00240908
0.00305862
0.00359254
0.00386467
0.00441126
0.00574967
0.00456866
0.00402093
0.00334641
0.00179215
0.00173405
0.00172996
0.00158808
0.00145442
0.00130744
0.00110842
0.00059548
0.000708353
0.00166418
0.00231116
0.00279871
0.0031961
0.0035229
0.00375894
0.0043875
0.00567145
0.00498727
0.00439126
0.00359004
0.00205076
0.00186444
0.00186554
0.00182931
0.00176133
0.00158875
0.00119181
0.000653349
0.000788183
0.00160719
0.00248099
0.00288322
0.00313818
0.00331185
0.00357794
0.00421148
0.00522582
0.00518367
0.0045457
0.00368254
0.00257993
0.00219277
0.00215316
0.00213482
0.00201992
0.00179277
0.00120214
0.000719531
0.000857338
0.000986118
0.00109951
0.00121066
0.00132707
0.00145576
0.00160805
0.0017941
0.00199661
0.00205825
0.00201187
0.0018166
0.0016016
0.00143133
0.00129657
0.00118298
0.00108223
0.000991239
0.000899001
0.000792522
0.000283724
0.000348323
0.00039188
0.000436728
0.000486095
0.000529103
0.000556969
0.000574607
0.000570329
0.000547564
0.000453154
0.000433127
0.000415867
0.000376135
0.000339829
0.00030668
0.000285049
0.000269505
0.000259576
0.000252102
0.000351033
0.00129968
0.00173285
0.00205501
0.00231354
0.00243609
0.00233748
0.00206146
0.00207995
0.00124263
0.000877558
0.0011883
0.00108607
0.00112028
0.000997867
0.000835979
0.00065986
0.000524542
0.000421691
0.000313192
0.000382522
0.00146325
0.00201023
0.00245171
0.00279376
0.00291361
0.00267307
0.00229078
0.00271309
0.00184422
0.00130599
0.00157654
0.00107199
0.00119173
0.00103901
0.000846565
0.000701156
0.000602584
0.000520398
0.000380176
0.000361373
0.00122078
0.0018647
0.00246591
0.00295929
0.00314629
0.00288475
0.00260278
0.00334729
0.0024214
0.00173914
0.00194526
0.00111487
0.00125066
0.00111223
0.000915969
0.000784321
0.000705425
0.000632216
0.000435482
0.000420435
0.000788474
0.00144374
0.0022807
0.00299403
0.00334202
0.00315851
0.00301722
0.00393169
0.00299309
0.0021851
0.00229372
0.00121137
0.00134603
0.00125884
0.00105428
0.000922463
0.000852827
0.000775246
0.00048796
0.000524807
0.000835807
0.00136155
0.00216415
0.00296812
0.00345523
0.00340207
0.00337714
0.0044085
0.00354298
0.00263388
0.00261944
0.00134515
0.00148408
0.00148296
0.00129039
0.00114433
0.00104977
0.000932319
0.000538019
0.000613239
0.00116624
0.00170072
0.00240846
0.00306094
0.00349345
0.00350266
0.00360546
0.00472314
0.00402093
0.00304732
0.00288695
0.00152209
0.00166808
0.00174919
0.00161429
0.00146198
0.00128803
0.00107904
0.00058858
0.000689883
0.00158245
0.00218532
0.00268259
0.00305283
0.0032815
0.00332779
0.00364273
0.00479464
0.00439126
0.00338546
0.0031103
0.00173619
0.00170717
0.00177484
0.00175967
0.00169582
0.00151651
0.00115238
0.000643257
0.000767535
0.00152895
0.00236515
0.00274809
0.00296727
0.00306717
0.00320791
0.00366136
0.0045207
0.0045457
0.00360629
0.00321637
0.00226999
0.00198294
0.00200304
0.00199153
0.00188561
0.00169258
0.00115635
0.000706215
0.000839947
0.000964283
0.00107324
0.0011795
0.00128941
0.00140842
0.00154671
0.00171457
0.00190507
0.00201187
0.00182269
0.00169903
0.0015138
0.00136238
0.00124173
0.00113881
0.00104662
0.000963229
0.000877701
0.000777792
0.000281747
0.000347636
0.000392255
0.000433796
0.000469867
0.000491527
0.000502042
0.000508959
0.000512601
0.000493415
0.000433127
0.000391731
0.000369945
0.000351235
0.000325644
0.000298523
0.000277923
0.000266975
0.000265514
0.000259981
0.000343965
0.00124573
0.00166194
0.00194421
0.00211873
0.00213958
0.00201712
0.00179494
0.00155237
0.00151532
0.0011883
0.000985845
0.00105126
0.00101381
0.000901984
0.000757657
0.000609468
0.000499839
0.000419554
0.000320072
0.000374162
0.0014025
0.00192199
0.00229609
0.00251458
0.00251138
0.00226792
0.00184995
0.00158325
0.00187845
0.00157654
0.00109699
0.00120721
0.00119473
0.00102521
0.000848496
0.000711049
0.000624866
0.000561282
0.000399591
0.000368374
0.00130382
0.00190018
0.0024109
0.00271639
0.00273509
0.00243873
0.00192072
0.00178789
0.00226138
0.00194526
0.00122958
0.0013075
0.00134597
0.00115074
0.000957247
0.000825668
0.000754717
0.00068657
0.000447973
0.000412409
0.000840806
0.0015862
0.00234996
0.00285864
0.00297361
0.00269749
0.00215541
0.00210696
0.0026529
0.00229372
0.00137556
0.00138219
0.00150414
0.00132172
0.00111639
0.000973637
0.000897401
0.000818997
0.000494783
0.000517085
0.000809742
0.00136081
0.00215579
0.0028316
0.00310336
0.00292836
0.00244489
0.00244941
0.0030325
0.00261944
0.00153729
0.00143498
0.00165635
0.00153374
0.00133745
0.0011768
0.0010711
0.000962962
0.00054145
0.000607853
0.00109949
0.00160826
0.00228444
0.00284163
0.00310204
0.00301648
0.00266389
0.00277155
0.00334641
0.00288695
0.00172793
0.00153
0.00176909
0.001734
0.0016088
0.00146666
0.00128818
0.0010918
0.000590079
0.000685518
0.00151687
0.00207491
0.00253503
0.00282455
0.00291319
0.00285959
0.00275421
0.00306079
0.00359004
0.0031103
0.00197758
0.0016548
0.00169716
0.00170482
0.00168165
0.00163088
0.00145086
0.00114192
0.000644204
0.000763114
0.00147641
0.00232167
0.00269572
0.00289398
0.00292669
0.00289457
0.00296734
0.00332089
0.00368254
0.00321637
0.00247554
0.00211185
0.00211093
0.00211187
0.00202111
0.00187909
0.00165897
0.00115315
0.000707275
0.000833036
0.000950937
0.00105292
0.0011499
0.0012468
0.00134611
0.00145312
0.00157268
0.00170401
0.0018166
0.00169903
0.00155734
0.00142627
0.00131477
0.00121512
0.00112256
0.00103676
0.000957372
0.000874073
0.000776619
0.000276397
0.000340079
0.000381636
0.000413935
0.000433711
0.000442079
0.000444998
0.000448406
0.000450814
0.000445235
0.000415867
0.000369945
0.000332438
0.000322205
0.000306632
0.000285597
0.000276671
0.000289273
0.000297785
0.000287067
0.000330913
0.0011221
0.00148669
0.00170289
0.00178059
0.00173581
0.00163327
0.00152646
0.00140675
0.0012175
0.00108607
0.00105126
0.000914824
0.000804237
0.0007099
0.000594021
0.000499649
0.000448086
0.000406379
0.000314526
0.000360101
0.00124923
0.00168063
0.00193047
0.00201208
0.0019305
0.00175306
0.00153447
0.00127399
0.00114652
0.00107199
0.00120721
0.00119369
0.00105586
0.000914159
0.000784065
0.000679668
0.000614892
0.000573993
0.000407036
0.000367329
0.00122759
0.00172993
0.00205609
0.00217195
0.00209281
0.00187581
0.00157282
0.00125157
0.00120465
0.00111487
0.0013075
0.00141499
0.00128113
0.00109754
0.000933276
0.000814535
0.000758491
0.000725909
0.000459261
0.00040759
0.000870952
0.00157527
0.0021317
0.0023585
0.00234379
0.0021396
0.00179014
0.00140429
0.00134805
0.00121137
0.00138219
0.001582
0.00147851
0.00127771
0.00109401
0.000967892
0.000919548
0.000882715
0.000503807
0.000514045
0.000785861
0.00129028
0.00195812
0.00241088
0.00252284
0.0024019
0.00207777
0.00165297
0.00154893
0.00134515
0.00143498
0.00168529
0.00163535
0.00146103
0.00128317
0.0011499
0.00108551
0.00102756
0.000547972
0.000604885
0.0010592
0.0014927
0.00205954
0.00246748
0.00259606
0.00253092
0.00229772
0.00193699
0.00179215
0.00152209
0.00153
0.00173663
0.00172958
0.0016315
0.0015087
0.00139561
0.00129054
0.00113112
0.000594293
0.000680807
0.00146116
0.00196156
0.0023676
0.00258643
0.0026169
0.00253071
0.00238055
0.00219232
0.00205076
0.00173619
0.0016548
0.0016812
0.00166956
0.00164961
0.00161265
0.00156636
0.00142236
0.00115286
0.000646495
0.000755232
0.00143276
0.00223694
0.00265526
0.00286649
0.00290622
0.00282255
0.00269069
0.00260971
0.00257993
0.00226999
0.00211185
0.00220118
0.00227178
0.00219921
0.00205175
0.00189349
0.00161439
0.00115978
0.000706775
0.000818977
0.000929228
0.00102387
0.00111195
0.00119737
0.00128094
0.00136497
0.00145028
0.00153416
0.0016016
0.00151381
0.00142627
0.0013414
0.00125811
0.00117396
0.00109117
0.00101313
0.000939325
0.000860881
0.000768855
0.000270976
0.000329761
0.000364417
0.000384385
0.00039294
0.000393858
0.000394975
0.000399463
0.000400122
0.000392046
0.000376135
0.000351235
0.000322205
0.000304414
0.000293568
0.000286926
0.00031588
0.000338983
0.000342542
0.00032697
0.000314893
0.000965848
0.00124647
0.00136919
0.00139021
0.001336
0.0012736
0.00124468
0.00123726
0.00119045
0.00112028
0.00101381
0.000804237
0.000608589
0.000513536
0.00045444
0.000440889
0.000449487
0.000421268
0.000305296
0.000339397
0.0010266
0.00132163
0.00145369
0.00144378
0.0013523
0.00124866
0.00118769
0.0011716
0.00117128
0.00119173
0.00119473
0.00105586
0.000866298
0.00073775
0.000659184
0.000617419
0.000591168
0.000555893
0.000405437
0.00035099
0.00101378
0.0013529
0.00152219
0.00153696
0.00144742
0.00131916
0.00122141
0.00117924
0.00119106
0.00125066
0.00134597
0.00128113
0.00112098
0.000962657
0.000848757
0.00076847
0.00072897
0.000736343
0.000466116
0.000402836
0.000840932
0.00134478
0.00163181
0.00173583
0.00169724
0.00157694
0.00144896
0.00134706
0.00129191
0.00134603
0.00150414
0.00147851
0.00132782
0.00115808
0.00101622
0.000917542
0.000899002
0.00093944
0.00051197
0.000511505
0.000761729
0.00116234
0.00161407
0.00186285
0.00193645
0.00188265
0.00176242
0.00161581
0.00147913
0.00148408
0.00165635
0.00163535
0.00149828
0.00133798
0.00118945
0.00108713
0.00108488
0.00111662
0.000554422
0.000600211
0.00103019
0.00136458
0.00178389
0.00205084
0.00214817
0.00212193
0.00203069
0.00189954
0.00173405
0.00166808
0.00176909
0.00172958
0.00163324
0.00152391
0.00140653
0.00131423
0.00129598
0.00120492
0.00059751
0.000672264
0.00139349
0.00183255
0.00218372
0.00236523
0.00240121
0.00233894
0.00221643
0.00205722
0.00186444
0.00170717
0.00169716
0.00166956
0.00164042
0.00161099
0.00157238
0.00153926
0.00146143
0.00118189
0.000645686
0.000741425
0.00137258
0.00210806
0.00258872
0.00282261
0.00290126
0.00284509
0.00267759
0.00244166
0.00219277
0.00198294
0.00211093
0.00227178
0.00228183
0.00217093
0.00201722
0.00187096
0.0015907
0.00115907
0.00070042
0.00079919
0.000900844
0.000988141
0.00106772
0.00114324
0.00121435
0.00128178
0.00134436
0.00139786
0.00143133
0.00136238
0.00131477
0.00125811
0.00119184
0.00111906
0.00104521
0.000975381
0.000909204
0.00083801
0.00075414
0.000263726
0.000316274
0.000344176
0.000357804
0.000362549
0.000363472
0.000362826
0.000360774
0.000358646
0.000350769
0.000339829
0.000325644
0.000306632
0.000293568
0.000290991
0.000329953
0.000362859
0.000379293
0.000378797
0.000359474
0.00029506
0.000815597
0.00101659
0.00107832
0.00106393
0.00103293
0.00101025
0.00101516
0.0010368
0.00103497
0.000997867
0.000901984
0.0007099
0.000513536
0.000433256
0.000446345
0.000507292
0.000539763
0.000489401
0.000303423
0.000307425
0.000808448
0.000991156
0.00103325
0.00100427
0.000954131
0.000915334
0.000912128
0.000950806
0.00100191
0.00103901
0.00102521
0.000914159
0.00073775
0.000618359
0.000602603
0.000634976
0.000620855
0.000545853
0.000395077
0.000317002
0.000776292
0.000983312
0.00106437
0.0010628
0.00102277
0.000979085
0.000956315
0.000975905
0.00103931
0.00111223
0.00115074
0.00109754
0.000962657
0.000838528
0.0007915
0.000772453
0.000722246
0.00069916
0.000467889
0.000394834
0.000721547
0.00100611
0.00118662
0.00126071
0.00125152
0.00120187
0.00115377
0.00113826
0.0011733
0.00125884
0.00132172
0.00127771
0.00115808
0.00103875
0.000964718
0.000914851
0.00089995
0.000975344
0.000517325
0.000507574
0.00073391
0.00100711
0.00125493
0.00142251
0.00149352
0.00149006
0.00145161
0.00141869
0.00142221
0.00148296
0.00153374
0.00146103
0.00133798
0.00122093
0.00113199
0.00107952
0.0011146
0.0012074
0.000558537
0.000592625
0.00100429
0.0012371
0.00150659
0.00169956
0.00179877
0.00181848
0.00179135
0.00175186
0.00172996
0.00174919
0.001734
0.0016315
0.00152391
0.00142664
0.00134136
0.00128911
0.00132539
0.00129702
0.000597518
0.000659216
0.00130751
0.00168845
0.00198346
0.00214953
0.00220943
0.0021898
0.002111
0.00199278
0.00186554
0.00177484
0.00170482
0.00164961
0.00161099
0.00157907
0.00155004
0.00153728
0.0015272
0.00121497
0.000639908
0.000721667
0.00128818
0.00195009
0.00247248
0.00271812
0.00282662
0.00281071
0.00267526
0.00243347
0.00215316
0.00200304
0.00211187
0.00219921
0.00217093
0.00206827
0.00193772
0.00181393
0.00156745
0.0011404
0.000687292
0.000774622
0.000867036
0.000946951
0.00101858
0.00108553
0.00114646
0.00120136
0.00124837
0.00128293
0.00129657
0.00124173
0.00121512
0.00117396
0.00111906
0.00105552
0.00098965
0.000927545
0.000869752
0.000807137
0.000733317
0.000255767
0.000303648
0.000327947
0.000339362
0.000342593
0.000341454
0.000337465
0.000330713
0.000320805
0.000312378
0.00030668
0.000298523
0.000285597
0.000286926
0.000329953
0.000370332
0.000396756
0.000410721
0.000408926
0.000384256
0.000276974
0.000703133
0.000854537
0.000892851
0.00086862
0.000839826
0.000824119
0.000825346
0.000844378
0.00085494
0.000835979
0.000757657
0.000594021
0.00045444
0.000446345
0.000532321
0.000622022
0.000657197
0.000576608
0.000353621
0.000283139
0.000651184
0.000755229
0.000779068
0.000773311
0.000759455
0.000748055
0.000750245
0.000776322
0.000814058
0.000846565
0.000848496
0.000784065
0.000659183
0.000602603
0.000673029
0.000754337
0.000730927
0.000589615
0.000404016
0.000315546
0.000612575
0.000755793
0.000821547
0.000844439
0.000844232
0.000833343
0.000822457
0.000825607
0.000858543
0.000915969
0.000957247
0.000933275
0.000848756
0.0007915
0.000841498
0.000900427
0.00084879
0.000754207
0.000472503
0.000389591
0.000626839
0.000818515
0.000945165
0.0010093
0.00102826
0.00102027
0.00100003
0.000984092
0.000995676
0.00105428
0.00111639
0.00109401
0.00101622
0.000964718
0.000997334
0.00104786
0.00104752
0.00105823
0.000520909
0.000503135
0.000713616
0.000882835
0.00104805
0.00117365
0.00124551
0.00127018
0.00126267
0.00124401
0.00124448
0.00129039
0.00133744
0.00128317
0.00118945
0.00113199
0.00114553
0.00119871
0.00126201
0.0012923
0.000559104
0.00058225
0.000976343
0.00113681
0.00130529
0.00145668
0.00156081
0.00161163
0.00161765
0.0015986
0.00158808
0.00161429
0.0016088
0.0015087
0.00140653
0.00134136
0.00132932
0.00136498
0.00142939
0.00134756
0.000592787
0.000641848
0.00120304
0.00153836
0.00178814
0.00194858
0.00203336
0.0020519
0.00201241
0.00192825
0.00182931
0.00175967
0.00168165
0.00161265
0.00157238
0.00155004
0.001551
0.00157566
0.00157823
0.00121632
0.000628062
0.000696582
0.00118042
0.00174144
0.00229007
0.00254523
0.0026617
0.00266762
0.00256978
0.00237477
0.00213482
0.00199153
0.00202111
0.00205175
0.00201722
0.00193772
0.00184074
0.00174283
0.00150423
0.00109031
0.000667568
0.000745537
0.000828326
0.000900949
0.000965149
0.0010247
0.00107704
0.00112202
0.00115787
0.00118046
0.00118298
0.00113881
0.00112256
0.00109117
0.00104521
0.00098965
0.000930562
0.00087517
0.000824795
0.000770463
0.000707258
0.000249673
0.000296141
0.000316269
0.00032152
0.000319929
0.00031504
0.000307953
0.000299559
0.000292752
0.000288249
0.000285049
0.000277923
0.000276671
0.000315879
0.000362859
0.000396756
0.000421498
0.000438499
0.000438911
0.000411355
0.000268214
0.000658122
0.000759737
0.00073442
0.000697747
0.000673272
0.000655556
0.000648781
0.000656192
0.000665395
0.00065986
0.000609468
0.000499649
0.000440889
0.000507291
0.000622022
0.000724046
0.000759246
0.000679985
0.000411853
0.000300991
0.000556761
0.000635021
0.000663936
0.000672459
0.00066927
0.000660184
0.000653045
0.0006578
0.000676846
0.000701156
0.000711049
0.000679668
0.000617419
0.000634975
0.000754337
0.000893142
0.000940164
0.000821185
0.000440169
0.00033884
0.000559734
0.000677897
0.00074305
0.000775655
0.000784648
0.000775632
0.000756524
0.000740503
0.000745322
0.000784321
0.000825668
0.000814535
0.00076847
0.000772453
0.000900426
0.0010982
0.0011845
0.0010531
0.000488368
0.0004016
0.000608928
0.00076496
0.000871872
0.000934828
0.000960958
0.000958594
0.000935431
0.0009057
0.000893755
0.000922463
0.000973637
0.000967892
0.000917542
0.000914851
0.00104786
0.00127472
0.00139624
0.00126657
0.000526215
0.000500667
0.00073312
0.000868091
0.000998421
0.00109884
0.00116037
0.00118344
0.00117386
0.00114576
0.00112724
0.00114433
0.0011768
0.0011499
0.00108713
0.00107952
0.00119871
0.00141252
0.00153199
0.00135258
0.000555873
0.000569514
0.000940991
0.00110799
0.00123854
0.00135505
0.00144272
0.00149145
0.00149897
0.00147653
0.00145442
0.00146198
0.00146666
0.00139561
0.00131423
0.00128911
0.00136498
0.00151922
0.00157719
0.00129655
0.000582234
0.000620493
0.00108414
0.00138736
0.00162111
0.00178567
0.00189017
0.00193054
0.00191192
0.00184661
0.00176133
0.00169582
0.00163088
0.00156636
0.00153926
0.00153728
0.00157566
0.00164098
0.00155482
0.00114474
0.000610014
0.000666883
0.00105913
0.00149383
0.00196868
0.00229426
0.00243546
0.00244861
0.00237082
0.00221481
0.00201992
0.00188561
0.00187909
0.00189349
0.00187096
0.00181393
0.00174283
0.00165906
0.00134773
0.00100357
0.000642368
0.000711641
0.000784738
0.000850747
0.000909112
0.000960737
0.00100589
0.0010431
0.00107087
0.00108581
0.00108223
0.00104662
0.00103676
0.00101313
0.000975381
0.000927545
0.00087517
0.000825603
0.000779408
0.000730743
0.000676725
0.000243561
0.000279627
0.000291325
0.000294247
0.000292714
0.000288929
0.000284107
0.000279228
0.000275117
0.000272097
0.000269505
0.000266975
0.000289273
0.000338983
0.000379293
0.000410721
0.000438499
0.000461997
0.000465742
0.000434451
0.000259025
0.000546715
0.000567737
0.000557085
0.000542526
0.000527128
0.000513462
0.000507134
0.000514174
0.000524035
0.000524542
0.000499839
0.000448086
0.000449487
0.000539763
0.000657197
0.000759245
0.00086831
0.000819786
0.000456885
0.000329183
0.000510383
0.00057588
0.000607861
0.000618714
0.000612087
0.000596191
0.000579268
0.000569928
0.000577428
0.000602584
0.000624866
0.000614892
0.000591168
0.000620855
0.000730927
0.000940164
0.00114337
0.00105305
0.000482584
0.000376527
0.000573774
0.000680619
0.000739902
0.000765706
0.000765681
0.000743194
0.000708647
0.000678467
0.000671763
0.000705425
0.000754717
0.000758491
0.00072897
0.000722246
0.00084879
0.0011845
0.00141433
0.00123529
0.000506621
0.000431327
0.000658278
0.000803589
0.000894001
0.0009406
0.000949572
0.000932504
0.000894288
0.000851619
0.000831734
0.000852827
0.000897401
0.000919548
0.000899002
0.000899951
0.00104752
0.00139624
0.00156307
0.00129268
0.000528368
0.000501728
0.000771488
0.000937986
0.00104896
0.00111716
0.00114996
0.00114833
0.00111896
0.00107542
0.00104462
0.00104977
0.0010711
0.00108551
0.00108488
0.0011146
0.00126201
0.00153199
0.00158199
0.00123748
0.000547318
0.000555115
0.000894083
0.00109376
0.0012314
0.00132679
0.00138675
0.00140693
0.00139049
0.00134834
0.00130744
0.00128803
0.00128818
0.00129054
0.00129598
0.00132539
0.00142939
0.00157719
0.00148746
0.0011249
0.000566227
0.000595437
0.000957817
0.00120165
0.00140611
0.0015666
0.00167827
0.00173032
0.00172233
0.00166631
0.00158875
0.00151651
0.00145086
0.00142236
0.00146143
0.0015272
0.00157823
0.00155482
0.00131131
0.00100215
0.000587178
0.00063263
0.000933564
0.00122297
0.00152947
0.00178005
0.00193477
0.00199522
0.00198405
0.00191329
0.00179277
0.00169258
0.00165897
0.00161439
0.0015907
0.00156745
0.00150423
0.00134773
0.00111692
0.000897492
0.000612814
0.000671812
0.000735075
0.000794885
0.000847709
0.000893589
0.00093224
0.000963205
0.000985554
0.000996705
0.000991239
0.000963229
0.000957372
0.000939325
0.000909204
0.000869752
0.000824795
0.000779408
0.0007353
0.000689399
0.000641723
0.000236026
0.000258378
0.000267636
0.000271312
0.000272107
0.000271261
0.000269213
0.000266087
0.000262245
0.000259492
0.000259576
0.000265514
0.000297785
0.000342542
0.000378797
0.000408926
0.000438911
0.000465742
0.000470693
0.000445527
0.000271375
0.000385102
0.000410613
0.000417802
0.000417843
0.00041433
0.000409657
0.000407378
0.000410632
0.0004162
0.000421691
0.000419554
0.000406379
0.000421268
0.000489401
0.000576608
0.000679985
0.000819786
0.00078235
0.000473529
0.000362002
0.000492682
0.00055069
0.000577007
0.000577131
0.000555251
0.000527917
0.000502357
0.000484943
0.000486731
0.000520398
0.000561282
0.000573993
0.000555893
0.000545853
0.000589615
0.000821185
0.00105305
0.000944562
0.000494306
0.000424017
0.000612316
0.000695782
0.000733447
0.000742161
0.000727821
0.000685621
0.000636371
0.000600553
0.000594749
0.000632216
0.00068657
0.00072591
0.000736343
0.00069916
0.000754208
0.0010531
0.00123529
0.00101505
0.000508706
0.000465478
0.000695836
0.000807798
0.000862247
0.000885517
0.000884881
0.000860742
0.000814868
0.000769817
0.000757164
0.000775246
0.000818997
0.000882715
0.00093944
0.000975344
0.00105823
0.00126657
0.00129268
0.000995466
0.000520881
0.000505146
0.000765943
0.000901599
0.000977687
0.00102551
0.0010493
0.00104525
0.00101632
0.000975196
0.000940263
0.000932319
0.000962962
0.00102756
0.00111662
0.0012074
0.0012923
0.00135258
0.00123748
0.000933282
0.000532725
0.000538608
0.000804955
0.000959053
0.00106561
0.00114989
0.00120574
0.00122491
0.00120902
0.00116424
0.00110842
0.00107904
0.0010918
0.00113112
0.00120492
0.00129702
0.00134756
0.00129655
0.0011249
0.000879005
0.000545346
0.000565565
0.000817943
0.000978793
0.00111644
0.00123184
0.00130565
0.00133062
0.00131107
0.00125599
0.00119181
0.00115238
0.00114192
0.00115286
0.00118189
0.00121497
0.00121632
0.00114474
0.00100215
0.000849216
0.000559672
0.000591607
0.00080162
0.000960572
0.00111243
0.00123952
0.00131818
0.00134607
0.00133041
0.00127227
0.00120214
0.00115635
0.00115315
0.00115978
0.00115907
0.0011404
0.00109031
0.00100357
0.000897492
0.000788655
0.000578181
0.000622231
0.000675324
0.000729595
0.000777089
0.000817441
0.00085058
0.00087668
0.000895292
0.000904325
0.000899001
0.000877701
0.000874073
0.000860881
0.00083801
0.000807137
0.000770463
0.000730743
0.000689399
0.000644677
0.000599814
0.00023042
0.000242991
0.000252118
0.000258964
0.000263967
0.000266849
0.000266406
0.000261522
0.000253301
0.000249366
0.000252102
0.000259981
0.000287067
0.00032697
0.000359474
0.000384256
0.000411355
0.000434451
0.000445527
0.000447938
0.000280804
0.000297604
0.000310402
0.000315395
0.000314016
0.000315053
0.000313412
0.000308243
0.000300313
0.000300727
0.000313192
0.000320072
0.000314526
0.000305296
0.000303424
0.000353621
0.000411853
0.000456885
0.000473529
0.000472716
0.000412702
0.000426085
0.000438043
0.000445312
0.000443841
0.000428217
0.000404698
0.000380113
0.000361275
0.000357265
0.000380176
0.000399591
0.000407036
0.000405437
0.000395077
0.000404016
0.000440169
0.000482584
0.000494306
0.000488336
0.000460226
0.000470285
0.000481239
0.000490088
0.000492628
0.000485812
0.000469955
0.000448829
0.000430241
0.000427289
0.000435482
0.000447973
0.000459261
0.000466116
0.00046789
0.000472503
0.000488368
0.000506621
0.000508706
0.000498438
0.00048536
0.000495021
0.00050779
0.000520786
0.000528233
0.000526497
0.000516449
0.000502699
0.000491562
0.000486669
0.00048796
0.000494783
0.000503807
0.00051197
0.000517325
0.000520909
0.000526215
0.000528368
0.000520881
0.00050656
0.000502517
0.000512876
0.00052956
0.000548831
0.000562712
0.000567561
0.000564695
0.00055735
0.000548753
0.000541347
0.000538019
0.00054145
0.000547972
0.000554422
0.000558538
0.000559104
0.000555873
0.000547318
0.000532725
0.000513878
0.000517031
0.000529501
0.000552333
0.000579492
0.000600268
0.000611501
0.000615085
0.000612743
0.000605404
0.00059548
0.00058858
0.000590079
0.000594293
0.00059751
0.000597518
0.000592787
0.000582234
0.000566227
0.000545346
0.000521095
0.000529015
0.000547605
0.000580753
0.000615852
0.000642215
0.000659696
0.000669019
0.000671227
0.000665471
0.000653349
0.000643257
0.000644204
0.000646495
0.000645686
0.000639908
0.000628062
0.000610014
0.000587178
0.000559672
0.000529107
0.000541448
0.000572821
0.000617191
0.000657907
0.000690533
0.000713766
0.000728226
0.000734679
0.000732133
0.000719531
0.000706215
0.000707275
0.000706775
0.00070042
0.000687292
0.000667568
0.000642368
0.000612814
0.000578181
0.000539373
0.000559338
0.000602816
0.000652128
0.000693812
0.000727723
0.00075466
0.000775416
0.000790068
0.00079729
0.000792522
0.000777792
0.000776619
0.000768855
0.00075414
0.000733317
0.000707258
0.000676725
0.000641723
0.000599814
0.000553586
)
;

boundaryField
{
    floor
    {
        type            nutkWallFunction;
        blending        stepwise;
        Cmu             0.09;
        kappa           0.41;
        E               9.8;
        value           nonuniform List<scalar> 
400
(
3.31852e-05
3.1705e-05
3.05136e-05
2.97552e-05
2.95761e-05
3.01201e-05
3.07625e-05
3.10066e-05
3.10806e-05
3.12357e-05
3.11396e-05
3.08269e-05
3.00865e-05
2.9401e-05
2.84525e-05
2.73717e-05
2.65488e-05
2.57365e-05
2.47232e-05
2.40689e-05
3.1705e-05
3.32593e-05
3.39471e-05
3.46038e-05
3.5468e-05
3.67986e-05
3.79091e-05
3.85831e-05
3.91503e-05
3.97135e-05
3.99599e-05
3.98431e-05
3.88492e-05
3.75141e-05
3.57097e-05
3.3996e-05
3.29694e-05
3.0623e-05
2.77692e-05
2.58405e-05
3.05136e-05
3.39471e-05
3.56986e-05
3.70024e-05
3.80703e-05
3.90812e-05
4.05193e-05
4.21073e-05
4.36704e-05
4.5075e-05
4.59027e-05
4.5918e-05
4.45171e-05
4.22245e-05
3.94873e-05
3.72767e-05
3.5583e-05
3.21322e-05
2.90053e-05
2.71405e-05
2.97552e-05
3.46038e-05
3.70024e-05
3.88759e-05
4.04626e-05
4.19692e-05
4.36509e-05
4.56999e-05
4.8235e-05
5.07599e-05
5.20228e-05
5.15429e-05
4.88564e-05
4.48969e-05
4.13124e-05
3.87805e-05
3.61982e-05
3.24861e-05
2.95026e-05
2.81427e-05
2.95761e-05
3.5468e-05
3.80703e-05
4.04626e-05
4.26999e-05
4.50525e-05
4.77281e-05
5.08984e-05
5.44458e-05
5.78405e-05
5.85967e-05
5.63119e-05
5.14445e-05
4.60542e-05
4.19641e-05
3.91749e-05
3.59382e-05
3.2274e-05
2.96496e-05
2.88964e-05
3.01201e-05
3.67986e-05
3.90813e-05
4.19692e-05
4.50525e-05
4.83648e-05
5.20676e-05
5.66477e-05
6.19914e-05
6.54888e-05
6.4139e-05
5.91262e-05
5.25554e-05
4.62516e-05
4.21291e-05
3.90112e-05
3.52768e-05
3.18212e-05
2.96113e-05
2.93272e-05
3.07625e-05
3.79091e-05
4.05193e-05
4.36509e-05
4.77281e-05
5.20676e-05
5.63901e-05
6.19808e-05
6.86997e-05
7.14241e-05
6.77519e-05
6.05665e-05
5.30808e-05
4.64238e-05
4.20869e-05
3.84908e-05
3.43956e-05
3.12948e-05
2.94286e-05
2.92527e-05
3.10066e-05
3.85831e-05
4.21073e-05
4.56999e-05
5.08984e-05
5.66477e-05
6.19808e-05
6.68915e-05
7.2077e-05
7.48952e-05
7.01287e-05
6.15841e-05
5.36412e-05
4.70935e-05
4.18481e-05
3.7652e-05
3.348e-05
3.08052e-05
2.91007e-05
2.85499e-05
3.10806e-05
3.91503e-05
4.36704e-05
4.8235e-05
5.44458e-05
6.19914e-05
6.86997e-05
7.2077e-05
7.48492e-05
7.79271e-05
6.95456e-05
6.21879e-05
5.40529e-05
4.72919e-05
4.16557e-05
3.65042e-05
3.27888e-05
3.04221e-05
2.86735e-05
2.74307e-05
3.12357e-05
3.97135e-05
4.5075e-05
5.07599e-05
5.78405e-05
6.54888e-05
7.14241e-05
7.48952e-05
7.79271e-05
7.3278e-05
6.06385e-05
5.97831e-05
5.35015e-05
4.63808e-05
4.07885e-05
3.56479e-05
3.24027e-05
3.01654e-05
2.83821e-05
2.69257e-05
3.11396e-05
3.99599e-05
4.59027e-05
5.20228e-05
5.85967e-05
6.4139e-05
6.77519e-05
7.01287e-05
6.95456e-05
6.06385e-05
4.81441e-05
5.22374e-05
4.98525e-05
4.4346e-05
3.94625e-05
3.50503e-05
3.21189e-05
2.98958e-05
2.83615e-05
2.72143e-05
3.08269e-05
3.98431e-05
4.5918e-05
5.15429e-05
5.63119e-05
5.91262e-05
6.05665e-05
6.15841e-05
6.21879e-05
5.97831e-05
5.22374e-05
4.5337e-05
4.30115e-05
4.08548e-05
3.75261e-05
3.39581e-05
3.11378e-05
2.92866e-05
2.86893e-05
2.79024e-05
3.00865e-05
3.88492e-05
4.45171e-05
4.88564e-05
5.14445e-05
5.25554e-05
5.30807e-05
5.36412e-05
5.40529e-05
5.35014e-05
4.98525e-05
4.30115e-05
3.77341e-05
3.68788e-05
3.49453e-05
3.22382e-05
3.06103e-05
3.158e-05
3.24634e-05
3.107e-05
2.9401e-05
3.75141e-05
4.22245e-05
4.48969e-05
4.60542e-05
4.62516e-05
4.64238e-05
4.70935e-05
4.72919e-05
4.63808e-05
4.4346e-05
4.08548e-05
3.68788e-05
3.46305e-05
3.32584e-05
3.20796e-05
3.51836e-05
3.80352e-05
3.84825e-05
3.64623e-05
2.84525e-05
3.57097e-05
3.94873e-05
4.13124e-05
4.19641e-05
4.21291e-05
4.20869e-05
4.18481e-05
4.16557e-05
4.07885e-05
3.94625e-05
3.75261e-05
3.49453e-05
3.32584e-05
3.27353e-05
3.71641e-05
4.12594e-05
4.33589e-05
4.33124e-05
4.07984e-05
2.73717e-05
3.3996e-05
3.72767e-05
3.87805e-05
3.91749e-05
3.90112e-05
3.84908e-05
3.7652e-05
3.65042e-05
3.56479e-05
3.50503e-05
3.39581e-05
3.22382e-05
3.20796e-05
3.71641e-05
4.2261e-05
4.56413e-05
4.74388e-05
4.72297e-05
4.40116e-05
2.65488e-05
3.29694e-05
3.5583e-05
3.61982e-05
3.59382e-05
3.52768e-05
3.43956e-05
3.348e-05
3.27888e-05
3.24027e-05
3.21189e-05
3.11378e-05
3.06103e-05
3.51836e-05
4.12594e-05
4.56413e-05
4.8816e-05
5.09861e-05
5.10741e-05
4.7475e-05
2.57365e-05
3.0623e-05
3.21322e-05
3.24861e-05
3.2274e-05
3.18212e-05
3.12948e-05
3.08052e-05
3.04221e-05
3.01654e-05
2.98958e-05
2.92866e-05
3.158e-05
3.80352e-05
4.33589e-05
4.74388e-05
5.09861e-05
5.40415e-05
5.46687e-05
5.0575e-05
2.47232e-05
2.77692e-05
2.90053e-05
2.95026e-05
2.96496e-05
2.96113e-05
2.94286e-05
2.91007e-05
2.86735e-05
2.83821e-05
2.83615e-05
2.86893e-05
3.24634e-05
3.84825e-05
4.33124e-05
4.72297e-05
5.10741e-05
5.46687e-05
5.5524e-05
5.20676e-05
2.40689e-05
2.58405e-05
2.71405e-05
2.81427e-05
2.88964e-05
2.93272e-05
2.92527e-05
2.85499e-05
2.74307e-05
2.69257e-05
2.72143e-05
2.79024e-05
3.107e-05
3.64623e-05
4.07984e-05
4.40116e-05
4.7475e-05
5.0575e-05
5.20676e-05
5.22508e-05
)
;
    }
    ceiling
    {
        type            nutkWallFunction;
        blending        stepwise;
        Cmu             0.09;
        kappa           0.41;
        E               9.8;
        value           nonuniform List<scalar> 
400
(
7.10764e-05
7.84656e-05
8.49127e-05
9.01318e-05
9.44738e-05
9.80569e-05
0.000100921
0.000103011
0.000104118
0.000103769
0.00010185
0.000100966
9.92685e-05
9.69009e-05
9.39586e-05
9.04617e-05
8.63674e-05
8.15311e-05
7.54608e-05
6.76694e-05
7.84656e-05
8.69142e-05
9.44253e-05
0.000100726
0.000106133
0.000110734
0.000114528
0.0001174
0.000119058
0.000119001
0.000116665
0.000114997
0.000112397
0.00010903
0.000105015
0.000100396
9.51636e-05
8.91603e-05
8.18669e-05
7.28766e-05
8.49127e-05
9.44253e-05
0.000102749
0.000109848
0.000116045
0.00012143
0.000125992
0.000129569
0.000131822
0.000132223
0.000129487
0.00012699
0.000123545
0.000119346
0.000114497
0.000109054
0.000103072
9.63608e-05
8.84411e-05
7.89172e-05
9.01318e-05
0.000100726
0.000109848
0.000117705
0.000124662
0.000130863
0.000136293
0.000140745
0.000143854
0.000144986
0.000141803
0.000138249
0.000133794
0.00012864
0.000122908
0.000116645
0.000110019
0.000102692
9.41843e-05
8.40338e-05
9.44738e-05
0.000106133
0.000116045
0.000124662
0.000132528
0.000139644
0.000146004
0.00015153
0.000155849
0.000158176
0.000154379
0.000149375
0.000143633
0.000137375
0.000130696
0.000123619
0.000116123
0.000108162
9.90448e-05
8.81813e-05
9.80569e-05
0.000110734
0.00012143
0.000130863
0.000139644
0.000147721
0.00015529
0.000162321
0.000168442
0.000172623
0.000167913
0.000160731
0.000153222
0.000145562
0.000137744
0.000129717
0.000121419
0.000112743
0.000103018
9.14632e-05
0.000100921
0.000114528
0.000125992
0.000136293
0.000146004
0.00015529
0.000164468
0.000173628
0.000182479
0.000189587
0.000183587
0.000172963
0.000162877
0.000153334
0.000144092
0.000134944
0.000125778
0.000116401
0.000106138
9.39871e-05
0.000103011
0.0001174
0.000129569
0.000140745
0.00015153
0.000162321
0.000173628
0.000185816
0.000198773
0.000210174
0.000202539
0.000186648
0.00017273
0.000160595
0.000149562
0.000139127
0.000129039
0.000119051
0.000108372
9.57766e-05
0.000104118
0.000119058
0.000131822
0.000143854
0.000155849
0.000168442
0.000182479
0.000198773
0.000217187
0.000232704
0.000224014
0.000201723
0.000182505
0.000166903
0.000153672
0.000141826
0.000130838
0.000120412
0.000109494
9.66889e-05
0.000103769
0.000119001
0.000132223
0.000144986
0.000158176
0.000172623
0.000189587
0.000210174
0.000232704
0.000241879
0.000236812
0.000214873
0.00019052
0.00017102
0.000155465
0.000142298
0.000130576
0.00011993
0.000109017
9.62491e-05
0.00010185
0.000116665
0.000129487
0.000141803
0.000154379
0.000167913
0.000183587
0.000202539
0.000224014
0.000236812
0.00021541
0.000203139
0.000181838
0.000164142
0.00014993
0.000137737
0.000126807
0.000116915
0.000106704
9.46358e-05
0.000100966
0.000114996
0.00012699
0.000138249
0.000149375
0.000160731
0.000172963
0.000186648
0.000201723
0.000214873
0.000203139
0.000186828
0.000171497
0.000158369
0.000146576
0.000135606
0.000125446
0.00011606
0.000106147
9.44125e-05
9.92685e-05
0.000112397
0.000123545
0.000133794
0.000143633
0.000153222
0.000162877
0.00017273
0.000182505
0.00019052
0.000181838
0.000171497
0.000161453
0.000151533
0.000141506
0.000131672
0.000122426
0.00011372
0.000104418
9.33747e-05
9.69009e-05
0.00010903
0.000119346
0.00012864
0.000137375
0.000145562
0.000153334
0.000160595
0.000166903
0.00017102
0.000164142
0.000158369
0.000151533
0.000143558
0.000134856
0.000126067
0.000117774
0.000109973
0.000101551
9.15103e-05
9.39586e-05
0.000105015
0.000114497
0.000122908
0.000130696
0.000137744
0.000144092
0.000149562
0.000153672
0.000155465
0.00014993
0.000146576
0.000141506
0.000134856
0.000127241
0.000119381
0.000111975
0.000105153
9.77545e-05
8.8926e-05
9.04617e-05
0.000100396
0.000109054
0.000116645
0.000123619
0.000129717
0.000134944
0.000139127
0.000141826
0.000142298
0.000137737
0.000135606
0.000131672
0.000126067
0.000119381
0.000112307
0.000105664
9.97149e-05
9.32946e-05
8.5725e-05
8.63674e-05
9.51636e-05
0.000103072
0.000110019
0.000116123
0.000121419
0.000125778
0.000129039
0.000130838
0.000130576
0.000126807
0.000125446
0.000122426
0.000117774
0.000111975
0.000105664
9.96909e-05
9.42458e-05
8.84837e-05
8.19833e-05
8.15311e-05
8.91603e-05
9.63608e-05
0.000102692
0.000108162
0.000112743
0.000116401
0.000119051
0.000120412
0.00011993
0.000116915
0.00011606
0.00011372
0.000109973
0.000105153
9.97149e-05
9.42458e-05
8.89883e-05
8.34931e-05
7.7685e-05
7.54608e-05
8.18669e-05
8.84411e-05
9.41843e-05
9.90448e-05
0.000103018
0.000106138
0.000108372
0.000109494
0.000109017
0.000106704
0.000106147
0.000104417
0.000101551
9.77545e-05
9.32946e-05
8.84837e-05
8.34931e-05
7.80525e-05
7.24802e-05
6.76694e-05
7.28766e-05
7.89172e-05
8.40338e-05
8.81813e-05
9.14632e-05
9.39871e-05
9.57766e-05
9.66889e-05
9.62491e-05
9.46358e-05
9.44125e-05
9.33747e-05
9.15103e-05
8.8926e-05
8.5725e-05
8.19833e-05
7.7685e-05
7.24802e-05
6.6593e-05
)
;
    }
    fixedWalls
    {
        type            nutkWallFunction;
        blending        stepwise;
        Cmu             0.09;
        kappa           0.41;
        E               9.8;
        value           nonuniform List<scalar> 
800
(
3.31736e-05
3.64357e-05
4.38516e-05
5.80517e-05
6.14296e-05
6.35388e-05
6.52084e-05
6.69221e-05
6.88257e-05
7.10716e-05
3.16934e-05
3.50482e-05
4.34733e-05
5.79503e-05
6.22031e-05
6.56405e-05
6.87463e-05
7.17571e-05
7.51789e-05
7.84623e-05
3.0502e-05
3.39205e-05
4.25587e-05
5.7023e-05
6.22428e-05
6.72559e-05
7.1956e-05
7.63372e-05
8.10044e-05
8.49107e-05
2.97434e-05
3.43576e-05
4.14932e-05
5.49934e-05
6.1683e-05
6.84906e-05
7.46954e-05
8.02489e-05
8.60016e-05
9.01309e-05
2.95641e-05
3.6623e-05
4.06722e-05
5.19738e-05
6.07374e-05
6.94252e-05
7.69741e-05
8.35176e-05
9.02388e-05
9.44738e-05
3.0108e-05
3.88952e-05
3.98022e-05
4.87617e-05
5.95925e-05
7.00381e-05
7.87152e-05
8.61778e-05
9.36341e-05
9.80576e-05
3.07504e-05
4.02133e-05
3.86328e-05
4.56672e-05
5.8277e-05
7.01445e-05
7.97591e-05
8.80139e-05
9.61055e-05
0.000100922
3.09944e-05
4.0553e-05
3.91956e-05
4.34228e-05
5.64922e-05
6.95441e-05
7.99619e-05
8.88488e-05
9.7499e-05
0.000103013
3.10684e-05
4.05262e-05
4.15062e-05
4.20324e-05
5.4414e-05
6.79803e-05
7.89768e-05
8.83909e-05
9.75368e-05
0.00010412
3.12234e-05
4.066e-05
4.41288e-05
4.12582e-05
5.1977e-05
6.55351e-05
7.65369e-05
8.60577e-05
9.56956e-05
0.000103771
3.11272e-05
4.03888e-05
4.464e-05
4.21221e-05
5.00631e-05
6.34565e-05
7.44973e-05
8.3896e-05
9.32933e-05
0.000101851
3.08143e-05
3.93886e-05
4.35478e-05
4.29403e-05
4.90564e-05
6.25019e-05
7.38372e-05
8.33568e-05
9.2729e-05
0.000100967
3.00737e-05
3.76388e-05
4.16936e-05
4.27973e-05
4.84544e-05
6.21313e-05
7.34828e-05
8.27892e-05
9.17747e-05
9.92695e-05
2.9388e-05
3.55361e-05
3.90227e-05
4.07967e-05
4.78509e-05
6.18091e-05
7.29109e-05
8.17519e-05
9.01065e-05
9.69014e-05
2.84392e-05
3.28917e-05
3.48194e-05
3.62247e-05
4.6762e-05
6.12784e-05
7.19616e-05
8.01544e-05
8.77094e-05
9.39585e-05
2.73582e-05
3.03669e-05
3.13272e-05
3.56856e-05
4.58092e-05
6.06457e-05
7.06502e-05
7.80168e-05
8.46568e-05
9.04608e-05
2.65353e-05
2.9118e-05
3.38596e-05
3.87329e-05
4.70635e-05
6.0272e-05
6.90421e-05
7.5378e-05
8.10266e-05
8.63657e-05
2.5723e-05
2.80184e-05
3.76916e-05
4.3778e-05
5.10932e-05
6.04044e-05
6.72351e-05
7.22717e-05
7.68192e-05
8.15284e-05
2.47098e-05
3.0163e-05
4.21278e-05
5.02717e-05
5.57247e-05
6.08812e-05
6.51712e-05
6.855e-05
7.17437e-05
7.54569e-05
2.40556e-05
3.10895e-05
4.89294e-05
5.51461e-05
5.84119e-05
6.06336e-05
6.24915e-05
6.39904e-05
6.55005e-05
6.76639e-05
2.40556e-05
3.10895e-05
4.89294e-05
5.51461e-05
5.8412e-05
6.06336e-05
6.24915e-05
6.39904e-05
6.55005e-05
6.76639e-05
2.58276e-05
3.34267e-05
5.07662e-05
5.65054e-05
5.96928e-05
6.19662e-05
6.40293e-05
6.62105e-05
6.92277e-05
7.28722e-05
2.71278e-05
3.53655e-05
5.23899e-05
5.79438e-05
6.13058e-05
6.4008e-05
6.67812e-05
7.02153e-05
7.46889e-05
7.8914e-05
2.813e-05
3.63826e-05
5.34265e-05
5.91189e-05
6.29555e-05
6.64052e-05
7.01473e-05
7.45957e-05
7.97251e-05
8.40316e-05
2.88837e-05
3.65762e-05
5.34206e-05
5.95321e-05
6.39544e-05
6.81837e-05
7.2761e-05
7.78875e-05
8.37426e-05
8.81799e-05
2.93145e-05
3.68242e-05
5.17535e-05
5.879e-05
6.38244e-05
6.88481e-05
7.42014e-05
8.00512e-05
8.65818e-05
9.14626e-05
2.92397e-05
3.66055e-05
4.90159e-05
5.69024e-05
6.26401e-05
6.85264e-05
7.46537e-05
8.11975e-05
8.83398e-05
9.39869e-05
2.85365e-05
3.58489e-05
4.59102e-05
5.43651e-05
6.09634e-05
6.7632e-05
7.43676e-05
8.14682e-05
8.91274e-05
9.57768e-05
2.7417e-05
3.46946e-05
4.33698e-05
5.21385e-05
5.95816e-05
6.65802e-05
7.34818e-05
8.07829e-05
8.88485e-05
9.66894e-05
2.69116e-05
3.45979e-05
4.27778e-05
5.16412e-05
5.89593e-05
6.56852e-05
7.23021e-05
7.93634e-05
8.74152e-05
9.62495e-05
2.72001e-05
3.63801e-05
4.54768e-05
5.25507e-05
5.91336e-05
6.53241e-05
7.15256e-05
7.82244e-05
8.59244e-05
9.46358e-05
2.78882e-05
3.73651e-05
4.77231e-05
5.40809e-05
5.99897e-05
6.57784e-05
7.17495e-05
7.83736e-05
8.60568e-05
9.44125e-05
3.10563e-05
3.61083e-05
4.84719e-05
5.53906e-05
6.10639e-05
6.65674e-05
7.22705e-05
7.86373e-05
8.59515e-05
9.33745e-05
3.64495e-05
3.41605e-05
4.78425e-05
5.60015e-05
6.19387e-05
6.72868e-05
7.26255e-05
7.8492e-05
8.51223e-05
9.15096e-05
4.07864e-05
3.34742e-05
4.57989e-05
5.58078e-05
6.23609e-05
6.76553e-05
7.25356e-05
7.77236e-05
8.34605e-05
8.89248e-05
4.40003e-05
3.9506e-05
4.64547e-05
5.5971e-05
6.25115e-05
6.75371e-05
7.18215e-05
7.6191e-05
8.09866e-05
8.57232e-05
4.74645e-05
4.72545e-05
5.10075e-05
5.77903e-05
6.29994e-05
6.69774e-05
7.03737e-05
7.38571e-05
7.78229e-05
8.19807e-05
5.05653e-05
5.34827e-05
5.6946e-05
6.02806e-05
6.32588e-05
6.57721e-05
6.82109e-05
7.08749e-05
7.40964e-05
7.76816e-05
5.20582e-05
5.57823e-05
5.85843e-05
6.05388e-05
6.21663e-05
6.37384e-05
6.54161e-05
6.73108e-05
6.97074e-05
7.24758e-05
5.22415e-05
5.54499e-05
5.75221e-05
5.89169e-05
6.00767e-05
6.1135e-05
6.21755e-05
6.33071e-05
6.47075e-05
6.65874e-05
3.31736e-05
3.64357e-05
4.38516e-05
5.80517e-05
6.14296e-05
6.35388e-05
6.52084e-05
6.69221e-05
6.88257e-05
7.10716e-05
3.16934e-05
3.50482e-05
4.34733e-05
5.79503e-05
6.22031e-05
6.56405e-05
6.87463e-05
7.17571e-05
7.51789e-05
7.84623e-05
3.0502e-05
3.39205e-05
4.25587e-05
5.7023e-05
6.22428e-05
6.72559e-05
7.1956e-05
7.63372e-05
8.10044e-05
8.49107e-05
2.97434e-05
3.43576e-05
4.14932e-05
5.49934e-05
6.1683e-05
6.84906e-05
7.46954e-05
8.02489e-05
8.60016e-05
9.01309e-05
2.95641e-05
3.6623e-05
4.06722e-05
5.19738e-05
6.07374e-05
6.94252e-05
7.69741e-05
8.35176e-05
9.02388e-05
9.44738e-05
3.0108e-05
3.88952e-05
3.98022e-05
4.87617e-05
5.95925e-05
7.00381e-05
7.87152e-05
8.61778e-05
9.36341e-05
9.80576e-05
3.07504e-05
4.02133e-05
3.86328e-05
4.56672e-05
5.8277e-05
7.01445e-05
7.97591e-05
8.80139e-05
9.61055e-05
0.000100922
3.09944e-05
4.0553e-05
3.91956e-05
4.34228e-05
5.64922e-05
6.95441e-05
7.99619e-05
8.88488e-05
9.7499e-05
0.000103013
3.10684e-05
4.05262e-05
4.15062e-05
4.20324e-05
5.4414e-05
6.79803e-05
7.89768e-05
8.83909e-05
9.75368e-05
0.00010412
3.12234e-05
4.066e-05
4.41288e-05
4.12582e-05
5.1977e-05
6.55351e-05
7.65369e-05
8.60577e-05
9.56956e-05
0.000103771
3.11272e-05
4.03888e-05
4.464e-05
4.21221e-05
5.00631e-05
6.34565e-05
7.44973e-05
8.3896e-05
9.32933e-05
0.000101851
3.08143e-05
3.93886e-05
4.35478e-05
4.29403e-05
4.90564e-05
6.25019e-05
7.38372e-05
8.33568e-05
9.2729e-05
0.000100967
3.00737e-05
3.76388e-05
4.16936e-05
4.27973e-05
4.84544e-05
6.21313e-05
7.34828e-05
8.27892e-05
9.17747e-05
9.92695e-05
2.9388e-05
3.55361e-05
3.90227e-05
4.07967e-05
4.78509e-05
6.18091e-05
7.29109e-05
8.17519e-05
9.01065e-05
9.69014e-05
2.84392e-05
3.28917e-05
3.48194e-05
3.62247e-05
4.6762e-05
6.12784e-05
7.19616e-05
8.01544e-05
8.77094e-05
9.39585e-05
2.73582e-05
3.03669e-05
3.13272e-05
3.56856e-05
4.58092e-05
6.06457e-05
7.06502e-05
7.80168e-05
8.46568e-05
9.04608e-05
2.65353e-05
2.9118e-05
3.38596e-05
3.87329e-05
4.70635e-05
6.0272e-05
6.90421e-05
7.5378e-05
8.10266e-05
8.63657e-05
2.5723e-05
2.80184e-05
3.76916e-05
4.3778e-05
5.10932e-05
6.04044e-05
6.72351e-05
7.22717e-05
7.68192e-05
8.15284e-05
2.47098e-05
3.0163e-05
4.21278e-05
5.02717e-05
5.57247e-05
6.08812e-05
6.51712e-05
6.855e-05
7.17437e-05
7.54568e-05
2.40556e-05
3.10895e-05
4.89294e-05
5.51461e-05
5.8412e-05
6.06336e-05
6.24915e-05
6.39904e-05
6.55005e-05
6.76639e-05
2.40556e-05
3.10895e-05
4.89294e-05
5.51461e-05
5.84119e-05
6.06336e-05
6.24915e-05
6.39904e-05
6.55005e-05
6.76639e-05
2.58276e-05
3.34267e-05
5.07662e-05
5.65054e-05
5.96928e-05
6.19662e-05
6.40293e-05
6.62105e-05
6.92277e-05
7.28722e-05
2.71278e-05
3.53655e-05
5.23899e-05
5.79438e-05
6.13058e-05
6.4008e-05
6.67812e-05
7.02153e-05
7.46889e-05
7.8914e-05
2.813e-05
3.63826e-05
5.34265e-05
5.91189e-05
6.29555e-05
6.64052e-05
7.01473e-05
7.45957e-05
7.97251e-05
8.40316e-05
2.88837e-05
3.65762e-05
5.34206e-05
5.95321e-05
6.39544e-05
6.81837e-05
7.2761e-05
7.78875e-05
8.37426e-05
8.81799e-05
2.93145e-05
3.68242e-05
5.17536e-05
5.879e-05
6.38244e-05
6.88481e-05
7.42014e-05
8.00512e-05
8.65818e-05
9.14626e-05
2.92397e-05
3.66055e-05
4.90159e-05
5.69024e-05
6.26401e-05
6.85264e-05
7.46537e-05
8.11975e-05
8.83398e-05
9.39869e-05
2.85365e-05
3.58489e-05
4.59102e-05
5.43651e-05
6.09634e-05
6.7632e-05
7.43676e-05
8.14682e-05
8.91274e-05
9.57768e-05
2.7417e-05
3.46946e-05
4.33698e-05
5.21385e-05
5.95816e-05
6.65802e-05
7.34818e-05
8.07829e-05
8.88485e-05
9.66894e-05
2.69116e-05
3.45979e-05
4.27778e-05
5.16412e-05
5.89593e-05
6.56852e-05
7.23021e-05
7.93634e-05
8.74152e-05
9.62495e-05
2.72001e-05
3.63801e-05
4.54768e-05
5.25507e-05
5.91336e-05
6.53241e-05
7.15256e-05
7.82244e-05
8.59244e-05
9.46358e-05
2.78882e-05
3.73651e-05
4.77231e-05
5.40809e-05
5.99897e-05
6.57784e-05
7.17495e-05
7.83736e-05
8.60568e-05
9.44125e-05
3.10563e-05
3.61083e-05
4.84719e-05
5.53906e-05
6.10639e-05
6.65674e-05
7.22705e-05
7.86373e-05
8.59515e-05
9.33745e-05
3.64495e-05
3.41605e-05
4.78425e-05
5.60015e-05
6.19387e-05
6.72868e-05
7.26255e-05
7.8492e-05
8.51223e-05
9.15096e-05
4.07864e-05
3.34742e-05
4.5799e-05
5.58078e-05
6.23609e-05
6.76553e-05
7.25356e-05
7.77236e-05
8.34605e-05
8.89248e-05
4.40003e-05
3.9506e-05
4.64547e-05
5.59711e-05
6.25115e-05
6.75371e-05
7.18215e-05
7.6191e-05
8.09866e-05
8.57232e-05
4.74645e-05
4.72545e-05
5.10076e-05
5.77903e-05
6.29994e-05
6.69774e-05
7.03737e-05
7.38571e-05
7.78229e-05
8.19807e-05
5.05653e-05
5.34827e-05
5.6946e-05
6.02806e-05
6.32588e-05
6.57721e-05
6.82109e-05
7.08749e-05
7.40964e-05
7.76816e-05
5.20582e-05
5.57823e-05
5.85843e-05
6.05388e-05
6.21663e-05
6.37384e-05
6.54161e-05
6.73108e-05
6.97074e-05
7.24758e-05
5.22415e-05
5.54499e-05
5.75221e-05
5.89169e-05
6.00767e-05
6.1135e-05
6.21755e-05
6.33071e-05
6.47075e-05
6.65874e-05
)
;
    }
}


// ************************************************************************* //
