/*--------------------------------*- C++ -*----------------------------------*\
| =========                 |                                                 |
| \\      /  F ield         | OpenFOAM: The Open Source CFD Toolbox           |
|  \\    /   O peration     | Version:  v2012                                 |
|   \\  /    A nd           | Website:  www.openfoam.com                      |
|    \\/     M anipulation  |                                                 |
\*---------------------------------------------------------------------------*/
FoamFile
{
    version     2.0;
    format      ascii;
    class       volScalarField;
    location    "600";
    object      p_rgh;
}
// * * * * * * * * * * * * * * * * * * * * * * * * * * * * * * * * * * * * * //

dimensions      [1 -1 -2 0 0 0 0];


internalField   nonuniform List<scalar> 
4000
(
100212
100212
100212
100212
100212
100212
100212
100212
100212
100212
100212
100212
100212
100212
100212
100212
100212
100212
100212
100212
100212
100212
100212
100212
100212
100212
100212
100212
100212
100212
100212
100212
100212
100212
100212
100212
100212
100212
100212
100212
100212
100212
100212
100212
100212
100212
100212
100212
100212
100212
100212
100212
100212
100212
100212
100212
100212
100212
100212
100212
100212
100212
100212
100212
100212
100212
100212
100212
100212
100212
100212
100212
100212
100212
100212
100212
100212
100212
100212
100212
100212
100212
100212
100212
100212
100212
100212
100212
100212
100212
100212
100212
100212
100212
100212
100212
100212
100212
100212
100212
100212
100212
100212
100212
100212
100212
100212
100212
100212
100212
100212
100212
100212
100212
100212
100212
100212
100212
100212
100212
100212
100212
100212
100212
100212
100212
100212
100212
100212
100212
100212
100212
100212
100212
100212
100212
100212
100212
100212
100212
100212
100212
100212
100212
100212
100212
100212
100212
100212
100212
100212
100212
100212
100212
100212
100212
100212
100212
100212
100212
100212
100212
100212
100212
100212
100212
100212
100212
100212
100212
100212
100212
100212
100212
100212
100212
100212
100212
100212
100212
100212
100212
100212
100212
100212
100212
100212
100212
100212
100212
100212
100212
100212
100212
100212
100212
100212
100212
100212
100212
100212
100212
100212
100212
100212
100212
100212
100212
100212
100212
100212
100212
100212
100212
100212
100212
100212
100212
100212
100212
100212
100212
100212
100212
100212
100212
100212
100212
100212
100212
100212
100212
100212
100212
100212
100212
100212
100212
100212
100212
100212
100212
100212
100212
100212
100212
100212
100212
100212
100212
100212
100212
100212
100212
100212
100212
100212
100212
100212
100212
100212
100212
100212
100212
100212
100212
100212
100212
100212
100212
100212
100212
100212
100212
100212
100212
100212
100212
100212
100212
100212
100212
100212
100212
100212
100212
100212
100212
100212
100212
100212
100212
100212
100212
100212
100212
100212
100212
100212
100212
100212
100212
100212
100212
100212
100212
100212
100212
100212
100212
100212
100212
100212
100212
100212
100212
100212
100212
100212
100212
100212
100212
100212
100212
100212
100212
100212
100212
100212
100212
100212
100212
100212
100212
100212
100212
100212
100212
100212
100212
100212
100212
100212
100212
100212
100212
100212
100212
100212
100212
100212
100212
100212
100212
100212
100212
100212
100212
100212
100212
100212
100212
100212
100212
100212
100212
100212
100212
100212
100212
100212
100212
100212
100212
100212
100212
100212
100212
100212
100212
100212
100212
100212
100212
100212
100212
100212
100212
100212
100212
100212
100212
100212
100212
100212
100212
100212
100212
100212
100212
100212
100212
100212
100212
100212
100212
100212
100212
100212
100212
100212
100212
100212
100212
100212
100212
100212
100212
100212
100212
100212
100212
100212
100212
100212
100212
100212
100212
100212
100212
100212
100212
100212
100212
100212
100212
100212
100212
100212
100212
100212
100212
100212
100212
100212
100212
100212
100212
100212
100212
100212
100212
100212
100212
100212
100212
100212
100212
100212
100212
100212
100212
100212
100212
100212
100212
100212
100212
100212
100212
100212
100212
100212
100212
100212
100212
100212
100212
100212
100212
100212
100212
100212
100212
100212
100212
100212
100212
100212
100212
100212
100212
100212
100212
100212
100212
100212
100212
100212
100212
100212
100212
100212
100212
100212
100212
100212
100212
100212
100212
100212
100212
100212
100212
100212
100212
100212
100212
100212
100212
100212
100212
100212
100212
100212
100212
100212
100212
100212
100212
100212
100212
100212
100212
100212
100212
100212
100212
100212
100212
100212
100212
100212
100212
100212
100212
100212
100212
100212
100212
100212
100212
100212
100212
100212
100212
100212
100212
100212
100212
100212
100212
100212
100212
100212
100212
100212
100212
100212
100212
100212
100212
100212
100212
100212
100212
100212
100212
100212
100212
100212
100212
100212
100212
100212
100212
100212
100212
100212
100212
100212
100212
100212
100212
100212
100212
100212
100212
100212
100212
100212
100212
100212
100212
100212
100212
100212
100212
100212
100212
100212
100212
100212
100212
100212
100212
100212
100212
100212
100212
100212
100212
100212
100212
100212
100212
100212
100212
100212
100212
100212
100212
100212
100212
100212
100212
100212
100212
100212
100212
100212
100212
100212
100212
100212
100212
100212
100212
100212
100212
100212
100212
100212
100212
100212
100212
100212
100212
100212
100212
100212
100212
100212
100212
100212
100212
100212
100212
100212
100212
100212
100212
100212
100212
100212
100212
100212
100212
100212
100212
100212
100212
100212
100212
100212
100212
100212
100212
100212
100212
100212
100212
100212
100212
100212
100212
100212
100212
100212
100212
100212
100212
100212
100212
100212
100212
100212
100212
100212
100212
100212
100212
100212
100212
100212
100212
100212
100212
100212
100212
100212
100212
100212
100212
100212
100212
100212
100212
100212
100212
100212
100212
100212
100212
100212
100212
100212
100212
100212
100212
100212
100212
100212
100212
100212
100212
100212
100212
100212
100212
100212
100212
100212
100212
100212
100212
100212
100212
100212
100212
100212
100212
100212
100212
100212
100212
100212
100212
100212
100212
100212
100212
100212
100212
100212
100212
100212
100212
100212
100212
100212
100212
100212
100212
100212
100212
100212
100212
100212
100212
100212
100212
100212
100212
100212
100212
100212
100212
100212
100212
100212
100212
100212
100212
100212
100212
100212
100212
100212
100212
100212
100212
100212
100212
100212
100212
100212
100212
100212
100212
100212
100212
100212
100212
100212
100212
100212
100212
100212
100212
100212
100212
100212
100212
100212
100212
100212
100212
100212
100212
100212
100212
100212
100212
100212
100212
100212
100212
100212
100212
100212
100212
100212
100212
100212
100212
100212
100212
100212
100212
100212
100212
100212
100212
100212
100212
100212
100212
100212
100212
100212
100212
100212
100212
100212
100212
100212
100212
100212
100212
100212
100212
100212
100212
100212
100212
100212
100212
100212
100212
100212
100212
100212
100212
100212
100212
100212
100212
100212
100212
100212
100212
100212
100212
100212
100212
100212
100212
100212
100212
100212
100212
100212
100212
100212
100212
100212
100212
100212
100212
100212
100212
100212
100212
100212
100212
100212
100212
100212
100212
100212
100212
100212
100212
100212
100212
100212
100212
100212
100212
100212
100212
100212
100212
100212
100212
100212
100212
100212
100212
100212
100212
100212
100212
100212
100212
100212
100212
100212
100212
100212
100212
100212
100212
100212
100212
100212
100212
100212
100212
100212
100212
100212
100212
100212
100212
100212
100212
100212
100212
100212
100212
100212
100212
100212
100212
100212
100212
100212
100212
100212
100212
100212
100212
100212
100212
100212
100212
100212
100212
100212
100212
100212
100212
100212
100212
100212
100212
100212
100212
100212
100212
100212
100212
100212
100212
100212
100212
100212
100212
100212
100212
100212
100212
100212
100212
100212
100212
100212
100212
100212
100212
100212
100212
100212
100212
100212
100212
100212
100212
100212
100212
100212
100212
100212
100212
100212
100212
100212
100212
100212
100212
100212
100212
100212
100212
100212
100212
100212
100212
100212
100212
100212
100212
100212
100212
100212
100212
100212
100212
100212
100212
100212
100212
100212
100212
100212
100212
100212
100212
100212
100212
100212
100212
100212
100212
100212
100212
100212
100212
100212
100212
100212
100212
100212
100212
100212
100212
100212
100212
100212
100212
100212
100212
100212
100212
100212
100212
100212
100212
100212
100212
100212
100212
100212
100212
100212
100212
100212
100212
100212
100212
100212
100212
100212
100212
100212
100212
100212
100212
100212
100212
100212
100212
100212
100212
100212
100212
100212
100212
100212
100212
100212
100212
100212
100212
100212
100212
100212
100212
100212
100212
100212
100212
100212
100212
100212
100212
100212
100212
100212
100212
100212
100212
100212
100212
100212
100212
100212
100212
100212
100212
100212
100212
100212
100212
100212
100212
100212
100212
100212
100212
100212
100212
100212
100212
100212
100212
100212
100212
100212
100212
100212
100212
100212
100212
100212
100212
100212
100212
100212
100212
100212
100212
100212
100212
100212
100212
100212
100212
100212
100212
100212
100212
100212
100212
100212
100212
100212
100212
100212
100212
100212
100212
100212
100212
100212
100212
100212
100212
100212
100212
100212
100212
100212
100212
100212
100212
100212
100212
100212
100212
100212
100212
100212
100212
100212
100212
100212
100212
100212
100212
100212
100212
100212
100212
100212
100212
100212
100212
100212
100212
100212
100212
100212
100212
100212
100212
100212
100212
100212
100212
100212
100212
100212
100212
100212
100212
100212
100212
100212
100212
100212
100212
100212
100212
100212
100212
100212
100212
100212
100212
100212
100212
100212
100212
100212
100212
100212
100212
100212
100212
100212
100212
100212
100212
100212
100212
100212
100212
100212
100212
100212
100212
100212
100212
100212
100212
100212
100212
100212
100212
100212
100212
100212
100212
100212
100212
100212
100212
100212
100212
100212
100212
100212
100212
100212
100212
100212
100212
100212
100212
100212
100212
100212
100212
100212
100212
100212
100212
100212
100212
100212
100212
100212
100212
100212
100212
100212
100212
100212
100212
100212
100212
100212
100212
100212
100212
100212
100212
100212
100212
100212
100212
100212
100212
100212
100212
100212
100212
100212
100212
100212
100212
100212
100212
100212
100212
100212
100212
100212
100212
100212
100212
100212
100212
100212
100212
100212
100212
100212
100212
100212
100212
100212
100212
100212
100212
100212
100212
100212
100212
100212
100212
100212
100212
100212
100212
100212
100212
100212
100212
100212
100212
100212
100212
100212
100212
100212
100212
100212
100212
100212
100212
100212
100212
100212
100212
100212
100212
100212
100212
100212
100212
100212
100212
100212
100212
100212
100212
100212
100212
100212
100212
100212
100212
100212
100212
100212
100212
100212
100212
100212
100212
100212
100212
100212
100212
100212
100212
100212
100212
100212
100212
100212
100212
100212
100212
100212
100212
100212
100212
100212
100212
100212
100212
100212
100212
100212
100212
100212
100212
100212
100212
100212
100212
100212
100212
100212
100212
100212
100212
100212
100212
100212
100212
100212
100212
100212
100212
100212
100212
100212
100212
100212
100212
100212
100212
100212
100212
100212
100212
100212
100212
100212
100212
100212
100212
100212
100212
100212
100212
100212
100212
100212
100212
100212
100212
100212
100212
100212
100212
100212
100212
100212
100212
100212
100212
100212
100212
100212
100212
100212
100212
100212
100212
100212
100212
100212
100212
100212
100212
100212
100212
100212
100212
100212
100212
100212
100212
100212
100212
100212
100212
100212
100212
100212
100212
100212
100212
100212
100212
100212
100212
100212
100212
100212
100212
100212
100212
100212
100212
100212
100212
100212
100212
100212
100212
100212
100212
100212
100212
100212
100212
100212
100212
100212
100212
100212
100212
100212
100212
100212
100212
100212
100212
100212
100212
100212
100212
100212
100212
100212
100212
100212
100212
100212
100212
100212
100212
100212
100212
100212
100212
100212
100212
100212
100212
100212
100212
100212
100212
100212
100212
100212
100212
100212
100212
100212
100212
100212
100212
100212
100212
100212
100212
100212
100212
100212
100212
100212
100212
100212
100212
100212
100212
100212
100212
100212
100212
100212
100212
100212
100212
100212
100212
100212
100212
100212
100212
100212
100212
100212
100212
100212
100212
100212
100212
100212
100212
100212
100212
100212
100212
100212
100212
100212
100212
100212
100212
100212
100212
100212
100212
100212
100212
100212
100212
100212
100212
100212
100212
100212
100212
100212
100212
100212
100212
100212
100212
100212
100212
100212
100212
100212
100212
100212
100212
100212
100212
100212
100212
100212
100212
100212
100212
100212
100212
100212
100212
100212
100212
100212
100212
100212
100212
100212
100212
100212
100212
100212
100212
100212
100212
100212
100212
100212
100212
100212
100212
100212
100212
100212
100212
100212
100212
100212
100212
100212
100212
100212
100212
100212
100212
100212
100212
100212
100212
100212
100212
100212
100212
100212
100212
100212
100212
100212
100212
100212
100212
100212
100212
100212
100212
100212
100212
100212
100212
100212
100212
100212
100212
100212
100212
100212
100212
100212
100212
100212
100212
100212
100212
100212
100212
100212
100212
100212
100212
100212
100212
100212
100212
100212
100212
100212
100212
100212
100212
100212
100212
100212
100212
100212
100212
100212
100212
100212
100212
100212
100212
100212
100212
100212
100212
100212
100212
100212
100212
100212
100212
100212
100212
100212
100212
100212
100212
100212
100212
100212
100212
100212
100212
100212
100212
100212
100212
100212
100212
100212
100212
100212
100212
100212
100212
100212
100212
100212
100212
100212
100212
100212
100212
100212
100212
100212
100212
100212
100212
100212
100212
100212
100212
100212
100212
100212
100212
100212
100212
100212
100212
100212
100212
100212
100212
100212
100212
100212
100212
100212
100212
100212
100212
100212
100212
100212
100212
100212
100212
100212
100212
100212
100212
100212
100212
100212
100212
100212
100212
100212
100212
100212
100212
100212
100212
100212
100212
100212
100212
100212
100212
100212
100212
100212
100212
100212
100212
100212
100212
100212
100212
100212
100212
100212
100212
100212
100212
100212
100212
100212
100212
100212
100212
100212
100212
100212
100212
100212
100212
100212
100212
100212
100212
100212
100212
100212
100212
100212
100212
100212
100212
100212
100212
100212
100212
100212
100212
100212
100212
100212
100212
100212
100212
100212
100212
100212
100212
100212
100212
100212
100212
100212
100212
100212
100212
100212
100212
100212
100212
100212
100212
100212
100212
100212
100212
100212
100212
100212
100212
100212
100212
100212
100212
100212
100212
100212
100212
100212
100212
100212
100212
100212
100212
100212
100212
100212
100212
100212
100212
100212
100212
100212
100212
100212
100212
100212
100212
100212
100212
100212
100212
100212
100212
100212
100212
100212
100212
100212
100212
100212
100212
100212
100212
100212
100212
100212
100212
100212
100212
100212
100212
100212
100212
100212
100212
100212
100212
100212
100212
100212
100212
100212
100212
100212
100212
100212
100212
100212
100212
100212
100212
100212
100212
100212
100212
100212
100212
100212
100212
100212
100212
100212
100212
100212
100212
100212
100212
100212
100212
100212
100212
100212
100212
100212
100212
100212
100212
100212
100212
100212
100212
100212
100212
100212
100212
100212
100212
100212
100212
100212
100212
100212
100212
100212
100212
100212
100212
100212
100212
100212
100212
100212
100212
100212
100212
100212
100212
100212
100212
100212
100212
100212
100212
100212
100212
100212
100212
100212
100212
100212
100212
100212
100212
100212
100212
100212
100212
100212
100212
100212
100212
100212
100212
100212
100212
100212
100212
100212
100212
100212
100212
100212
100212
100212
100212
100212
100212
100212
100212
100212
100212
100212
100212
100212
100212
100212
100212
100212
100212
100212
100212
100212
100212
100212
100212
100212
100212
100212
100212
100212
100212
100212
100212
100212
100212
100212
100212
100212
100212
100212
100212
100212
100212
100212
100212
100212
100212
100212
100212
100212
100212
100212
100212
100212
100212
100212
100212
100212
100212
100212
100212
100212
100212
100212
100212
100212
100212
100212
100212
100212
100212
100212
100212
100212
100212
100212
100212
100212
100212
100212
100212
100212
100212
100212
100212
100212
100212
100212
100212
100212
100212
100212
100212
100212
100212
100212
100212
100212
100212
100212
100212
100212
100212
100212
100212
100212
100212
100212
100212
100212
100212
100212
100212
100212
100212
100212
100212
100212
100212
100212
100212
100212
100212
100212
100212
100212
100212
100212
100212
100212
100212
100212
100212
100212
100212
100212
100212
100212
100212
100212
100212
100212
100212
100212
100212
100212
100212
100212
100212
100212
100212
100212
100212
100212
100212
100212
100212
100212
100212
100212
100212
100212
100212
100212
100212
100212
100212
100212
100212
100212
100212
100212
100212
100212
100212
100212
100212
100212
100212
100212
100212
100212
100212
100212
100212
100212
100212
100212
100212
100212
100212
100212
100212
100212
100212
100212
100212
100212
100212
100212
100212
100212
100212
100212
100212
100212
100212
100212
100212
100212
100212
100212
100212
100212
100212
100212
100212
100212
100212
100212
100212
100212
100212
100212
100212
100212
100212
100212
100212
100212
100212
100212
100212
100212
100212
100212
100212
100212
100212
100212
100212
100212
100212
100212
100212
100212
100212
100212
100212
100212
100212
100212
100212
100212
100212
100212
100212
100212
100212
100212
100212
100212
100212
100212
100212
100212
100212
100212
100212
100212
100212
100212
100212
100212
100212
100212
100212
100212
100212
100212
100212
100212
100212
100212
100212
100212
100212
100212
100212
100212
100212
100212
100212
100212
100212
100212
100212
100212
100212
100212
100212
100212
100212
100212
100212
100212
100212
100212
100212
100212
100212
100212
100212
100212
100212
100212
100212
100212
100212
100212
100212
100212
100212
100212
100212
100212
100212
100212
100212
100212
100212
100212
100212
100212
100212
100212
100212
100212
100212
100212
100212
100212
100212
100212
100212
100212
100212
100212
100212
100212
100212
100212
100212
100212
100212
100212
100212
100212
100212
100212
100212
100212
100212
100212
100212
100212
100212
100212
100212
100212
100212
100212
100212
100212
100212
100212
100212
100212
100212
100212
100212
100212
100212
100212
100212
100212
100212
100212
100212
100212
100212
100212
100212
100212
100212
100212
100212
100212
100212
100212
100212
100212
100212
100212
100212
100212
100212
100212
100212
100212
100212
100212
100212
100212
100212
100212
100212
100212
100212
100212
100212
100212
100212
100212
100212
100212
100212
100212
100212
100212
100212
100212
100212
100212
100212
100212
100212
100212
100212
100212
100212
100212
100212
100212
100212
100212
100212
100212
100212
100212
100212
100212
100212
100212
100212
100212
100212
100212
100212
100212
100212
100212
100212
100212
100212
100212
100212
100212
100212
100212
100212
100212
100212
100212
100212
100212
100212
100212
100212
100212
100212
100212
100212
100212
100212
100212
100212
100212
100212
100212
100212
100212
100212
100212
100212
100212
100212
100212
100212
100212
100212
100212
100212
100212
100212
100212
100212
100212
100212
100212
100212
100212
100212
100212
100212
100212
100212
100212
100212
100212
100212
100212
100212
100212
100212
100212
100212
100212
100212
100212
100212
100212
100212
100212
100212
100212
100212
100212
100212
100212
100212
100212
100212
100212
100212
100212
100212
100212
100212
100212
100212
100212
100212
100212
100212
100212
100212
100212
100212
100212
100212
100212
100212
100212
100212
100212
100212
100212
100212
100212
100212
100212
100212
100212
100212
100212
100212
100212
100212
100212
100212
100212
100212
100212
100212
100212
100212
100212
100212
100212
100212
100212
100212
100212
100212
100212
100212
100212
100212
100212
100212
100212
100212
100212
100212
100212
100212
100212
100212
100212
100212
100212
100212
100212
100212
100212
100212
100212
100212
100212
100212
100212
100212
100212
100212
100212
100212
100212
100212
100212
100212
100212
100212
100212
100212
100212
100212
100212
100212
100212
100212
100212
100212
100212
100212
100212
100212
100212
100212
100212
100212
100212
100212
100212
100212
100212
100212
100212
100212
100212
100212
100212
100212
100212
100212
100212
100212
100212
100212
100212
100212
100212
100212
100212
100212
100212
100212
100212
100212
100212
100212
100212
100212
100212
100212
100212
100212
100212
100212
100212
100212
100212
100212
100212
100212
100212
100212
100212
100212
100212
100212
100212
100212
100212
100212
100212
100212
100212
100212
100212
100212
100212
100212
100212
100212
100212
100212
100212
100212
100212
100212
100212
100212
100212
100212
100212
100212
100212
100212
100212
100212
100212
100212
100212
100212
100212
100212
100212
100212
100212
100212
100212
100212
100212
100212
100212
100212
100212
100212
100212
100212
100212
100212
100212
100212
100212
100212
100212
100212
100212
100212
100212
100212
100212
100212
100212
100212
100212
100212
100212
100212
100212
100212
100212
100212
100212
100212
100212
100212
100212
100212
100212
100212
100212
100212
100212
100212
100212
100212
100212
100212
100212
100212
100212
100212
100212
100212
100212
100212
100212
100212
100212
100212
100212
100212
100212
100212
100212
100212
100212
100212
100212
100212
100212
100212
100212
100212
100212
100212
100212
100212
100212
100212
100212
100212
100212
100212
100212
100212
100212
100212
100212
100212
100212
100212
100212
100212
100212
100212
100212
100212
100212
100212
100212
100212
100212
100212
100212
100212
100212
100212
100212
100212
100212
100212
100212
100212
100212
100212
100212
100212
100212
100212
100212
100212
100212
100212
100212
100212
100212
100212
100212
100212
100212
100212
100212
100212
100212
100212
100212
100212
100212
100212
100212
100212
100212
100212
100212
100212
100212
100212
100212
100212
100212
100212
100212
100212
100212
100212
100212
100212
100212
100212
100212
100212
100212
100212
100212
100212
100212
100212
100212
100212
100212
100212
100212
100212
100212
100212
100212
100212
100212
100212
100212
100212
100212
100212
100212
100212
100212
100212
100212
100212
100212
100212
100212
100212
100212
100212
100212
100212
100212
100212
100212
100212
100212
100212
100212
100212
100212
100212
100212
100212
100212
100212
100212
100212
100212
100212
100212
100212
100212
100212
100212
100212
100212
100212
100212
100212
100212
100212
100212
100212
100212
100212
100212
100212
100212
100212
100212
100212
100212
100212
100212
100212
100212
100212
100212
100212
100212
100212
100212
100212
100212
100212
100212
100212
100212
100212
100212
100212
100212
100212
100212
100212
100212
100212
100212
100212
100212
100212
100212
100212
100212
100212
100212
100212
100212
100212
100212
100212
100212
100212
100212
100212
100212
100212
100212
100212
100212
100212
100212
100212
100212
100212
100212
100212
100212
100212
100212
100212
100212
100212
100212
100212
100212
100212
100212
100212
100212
100212
100212
100212
100212
100212
100212
100212
100212
100212
100212
100212
100212
100212
100212
100212
100212
100212
100212
100212
100212
100212
100212
100212
100212
100212
100212
100212
100212
100212
100212
100212
100212
100212
100212
100212
100212
100212
100212
100212
100212
100212
100212
100212
100212
100212
100212
100212
100212
100212
100212
100212
100212
100212
100212
100212
100212
100212
100212
100212
100212
100212
100212
100212
100212
100212
100212
100212
100212
100212
100212
100212
100212
100212
100212
100212
100212
100212
100212
100212
100212
100212
100212
100212
100212
100212
100212
100212
100212
100212
100212
100212
100212
100212
100212
100212
100212
100212
100212
100212
100212
100212
100212
100212
100212
100212
100212
100212
100212
100212
100212
100212
100212
100212
100212
100212
100212
100212
100212
100212
100212
100212
100212
100212
100212
100212
100212
100212
100212
100212
100212
100212
100212
100212
100212
100212
100212
100212
100212
100212
100212
100212
100212
100212
100212
100212
100212
100212
100212
100212
100212
100212
100212
100212
100212
100212
100212
100212
100212
100212
100212
100212
100212
100212
100212
100212
100212
100212
100212
100212
100212
100212
100212
100212
100212
100212
100212
100212
100212
100212
100212
100212
100212
100212
100212
100212
100212
100212
100212
100212
100212
100212
100212
100212
100212
100212
100212
100212
100212
100212
100212
100212
100212
100212
100212
100212
100212
100212
100212
100212
100212
100212
100212
100212
100212
100212
100212
100212
100212
100212
100212
100212
100212
100212
100212
100212
100212
100212
100212
100212
100212
100212
100212
100212
100212
100212
100212
100212
100212
100212
100212
100212
100212
100212
100212
100212
100212
100212
100212
100212
100212
100212
100212
100212
100212
100212
100212
100212
100212
100212
100212
100212
100212
100212
100212
100212
100212
100212
100212
100212
100212
100212
100212
100212
100212
100212
100212
100212
100212
100212
100212
100212
100212
100212
100212
100212
100212
100212
100212
100212
100212
100212
100212
100212
100212
100212
100212
100212
100212
100212
100212
100212
100212
100212
100212
100212
100212
100212
100212
100212
100212
100212
100212
100212
100212
100212
100212
100212
100212
100212
100212
100212
100212
100212
100212
100212
100212
100212
100212
100212
100212
100212
100212
100212
100212
100212
100212
100212
100212
100212
100212
100212
100212
100212
100212
100212
100212
100212
100212
100212
100212
100212
100212
100212
100212
100212
100212
100212
100212
100212
100212
100212
100212
100212
100212
100212
100212
100212
100212
100212
100212
100212
100212
100212
100212
100212
100212
100212
100212
100212
100212
100212
100212
100212
100212
100212
100212
100212
100212
100212
100212
100212
100212
100212
100212
100212
100212
100212
100212
100212
100212
100212
100212
100212
100212
100212
100212
100212
100212
100212
100212
100212
100212
100212
100212
100212
100212
100212
100212
100212
100212
100212
100212
100212
100212
100212
100212
100212
100212
100212
100212
100212
100212
100212
100212
100212
100212
100212
100212
100212
100212
100212
100212
100212
100212
100212
100212
100212
100212
100212
100212
100212
100212
100212
100212
100212
100212
100212
100212
100212
100212
100212
100212
100212
100212
100212
100212
100212
100212
100212
100212
100212
100212
100212
100212
100212
100212
100212
100212
100212
100212
100212
100212
100212
100212
100212
100212
100212
100212
100212
100212
100212
100212
100212
100212
100212
100212
100212
100212
100212
100212
100212
100212
100212
100212
100212
100212
100212
100212
100212
100212
100212
100212
100212
100212
100212
100212
100212
100212
100212
100212
100212
100212
100212
100212
100212
100212
100212
100212
100212
100212
100212
100212
100212
100212
100212
100212
100212
100212
100212
100212
100212
100212
100212
100212
100212
100212
100212
100212
100212
100212
100212
100212
100212
100212
100212
100212
100212
100212
100212
100212
100212
100212
100212
100212
100212
100212
100212
100212
100212
100212
100212
100212
100212
100212
100212
100212
100212
100212
100212
100212
100212
100212
100212
100212
100212
100212
100212
100212
100212
100212
100212
100212
100212
100212
100212
100212
100212
100212
100212
100212
100212
100212
100212
100212
100212
100212
100212
100212
100212
100212
100212
100212
100212
100212
100212
100212
100212
100212
100212
100212
100212
100212
100212
100212
100212
100212
100212
100212
100212
100212
100212
100212
100212
100212
100212
100212
100212
100212
100212
100212
100212
100212
100212
100212
100212
100212
100212
100212
100212
100212
100212
100212
100212
100212
100212
100212
100212
100212
100212
100212
100212
100212
100212
100212
100212
100212
100212
100212
100212
100212
100212
100212
100212
100212
100212
100212
100212
100212
100212
100212
100212
100212
100212
100212
100212
100212
100212
100212
100212
100212
100212
100212
100212
100212
100212
100212
100212
100212
100212
100212
100212
100212
100212
100212
100212
100212
100212
100212
100212
100212
100212
100212
100212
100212
100212
100212
100212
100212
100212
100212
100212
100212
100212
100212
100212
100212
100212
100212
100212
100212
100212
100212
100212
100212
100212
100212
100212
100212
100212
100212
100212
100212
100212
100212
100212
100212
100212
100212
100212
100212
100212
100212
100212
100212
100212
100212
100212
100212
100212
100212
100212
100212
100212
100212
100212
100212
100212
100212
100212
100212
100212
)
;

boundaryField
{
    floor
    {
        type            fixedFluxPressure;
        gradient        uniform 0;
        value           nonuniform List<scalar> 
400
(
100212
100212
100212
100212
100212
100212
100212
100212
100212
100212
100212
100212
100212
100212
100212
100212
100212
100212
100212
100212
100212
100212
100212
100212
100212
100212
100212
100212
100212
100212
100212
100212
100212
100212
100212
100212
100212
100212
100212
100212
100212
100212
100212
100212
100212
100212
100212
100212
100212
100212
100212
100212
100212
100212
100212
100212
100212
100212
100212
100212
100212
100212
100212
100212
100212
100212
100212
100212
100212
100212
100212
100212
100212
100212
100212
100212
100212
100212
100212
100212
100212
100212
100212
100212
100212
100212
100212
100212
100212
100212
100212
100212
100212
100212
100212
100212
100212
100212
100212
100212
100212
100212
100212
100212
100212
100212
100212
100212
100212
100212
100212
100212
100212
100212
100212
100212
100212
100212
100212
100212
100212
100212
100212
100212
100212
100212
100212
100212
100212
100212
100212
100212
100212
100212
100212
100212
100212
100212
100212
100212
100212
100212
100212
100212
100212
100212
100212
100212
100212
100212
100212
100212
100212
100212
100212
100212
100212
100212
100212
100212
100212
100212
100212
100212
100212
100212
100212
100212
100212
100212
100212
100212
100212
100212
100212
100212
100212
100212
100212
100212
100212
100212
100212
100212
100212
100212
100212
100212
100212
100212
100212
100212
100212
100212
100212
100212
100212
100212
100212
100212
100212
100212
100212
100212
100212
100212
100212
100212
100212
100212
100212
100212
100212
100212
100212
100212
100212
100212
100212
100212
100212
100212
100212
100212
100212
100212
100212
100212
100212
100212
100212
100212
100212
100212
100212
100212
100212
100212
100212
100212
100212
100212
100212
100212
100212
100212
100212
100212
100212
100212
100212
100212
100212
100212
100212
100212
100212
100212
100212
100212
100212
100212
100212
100212
100212
100212
100212
100212
100212
100212
100212
100212
100212
100212
100212
100212
100212
100212
100212
100212
100212
100212
100212
100212
100212
100212
100212
100212
100212
100212
100212
100212
100212
100212
100212
100212
100212
100212
100212
100212
100212
100212
100212
100212
100212
100212
100212
100212
100212
100212
100212
100212
100212
100212
100212
100212
100212
100212
100212
100212
100212
100212
100212
100212
100212
100212
100212
100212
100212
100212
100212
100212
100212
100212
100212
100212
100212
100212
100212
100212
100212
100212
100212
100212
100212
100212
100212
100212
100212
100212
100212
100212
100212
100212
100212
100212
100212
100212
100212
100212
100212
100212
100212
100212
100212
100212
100212
100212
100212
100212
100212
100212
100212
100212
100212
100212
100212
100212
100212
100212
100212
100212
100212
100212
100212
100212
100212
100212
100212
100212
100212
100212
100212
100212
100212
100212
100212
100212
100212
100212
)
;
    }
    ceiling
    {
        type            fixedFluxPressure;
        gradient        nonuniform List<scalar> 
400
(
0.387935
0.389492
0.39168
0.394013
0.396299
0.39846
0.400415
0.402067
0.403265
0.403841
0.404799
0.404852
0.404068
0.402659
0.400774
0.398518
0.395964
0.393157
0.390147
0.38704
0.389492
0.391562
0.394316
0.397229
0.400108
0.402867
0.40541
0.407596
0.409208
0.410004
0.411153
0.410997
0.409811
0.407866
0.405368
0.402469
0.39927
0.395816
0.39214
0.38838
0.39168
0.394316
0.397513
0.400829
0.404129
0.407354
0.410397
0.413079
0.415111
0.416154
0.417408
0.417014
0.415417
0.412972
0.409946
0.406552
0.40293
0.39911
0.395101
0.391022
0.394013
0.397229
0.400829
0.404509
0.40822
0.411947
0.415576
0.418878
0.42148
0.42288
0.424186
0.42344
0.421297
0.418216
0.414564
0.410631
0.406624
0.402524
0.398275
0.393886
0.396299
0.400108
0.404129
0.40822
0.412442
0.416789
0.421186
0.425372
0.428887
0.431069
0.432391
0.430919
0.427881
0.423883
0.419386
0.414769
0.410274
0.405854
0.401333
0.396567
0.39846
0.402867
0.407354
0.411947
0.416789
0.421975
0.427415
0.432828
0.437743
0.441398
0.442518
0.439652
0.435251
0.430023
0.424463
0.418968
0.41386
0.409025
0.404172
0.398985
0.400415
0.40541
0.410397
0.415576
0.421186
0.427415
0.434185
0.441315
0.448465
0.454953
0.455458
0.449896
0.443356
0.436452
0.429584
0.423061
0.417208
0.411906
0.406692
0.401083
0.402067
0.407596
0.413079
0.418878
0.425372
0.432828
0.441315
0.450957
0.461878
0.473943
0.473086
0.462258
0.452224
0.442954
0.434451
0.42676
0.420089
0.414324
0.408768
0.402782
0.403265
0.409208
0.415111
0.42148
0.428887
0.437743
0.448465
0.461878
0.479301
0.502374
0.498917
0.47772
0.461806
0.449115
0.438573
0.429615
0.422143
0.415999
0.410186
0.403935
0.403841
0.410004
0.416154
0.42288
0.431069
0.441398
0.454953
0.473943
0.502374
0.547175
0.539061
0.497515
0.471733
0.454136
0.441142
0.430943
0.422842
0.416499
0.410641
0.404313
0.404799
0.411153
0.417408
0.424186
0.432391
0.442518
0.455458
0.473086
0.498917
0.539061
0.559041
0.508042
0.478327
0.458577
0.44421
0.433056
0.42433
0.417658
0.411541
0.404868
0.404852
0.410997
0.417014
0.42344
0.430919
0.439652
0.449896
0.462258
0.47772
0.497515
0.508042
0.485124
0.467887
0.453892
0.44216
0.432271
0.424179
0.417695
0.411516
0.404801
0.404068
0.409811
0.415417
0.421297
0.427881
0.435251
0.443356
0.452224
0.461806
0.471733
0.478327
0.467887
0.457403
0.447178
0.437599
0.429024
0.421825
0.415781
0.409934
0.403567
0.402659
0.407866
0.412972
0.418216
0.423883
0.430023
0.436452
0.442954
0.449115
0.454136
0.458577
0.453892
0.447178
0.439424
0.431466
0.423994
0.417657
0.41227
0.407022
0.401316
0.400774
0.405368
0.409946
0.414564
0.419386
0.424463
0.429584
0.434451
0.438573
0.441142
0.44421
0.44216
0.437599
0.431466
0.424619
0.417938
0.412282
0.407599
0.403075
0.398233
0.398518
0.402469
0.406552
0.410631
0.414769
0.418968
0.423061
0.42676
0.429615
0.430943
0.433056
0.432271
0.429024
0.423994
0.417938
0.411816
0.406645
0.402462
0.398542
0.394551
0.395964
0.39927
0.40293
0.406624
0.410274
0.41386
0.417208
0.420089
0.422143
0.422842
0.42433
0.424179
0.421825
0.417657
0.412282
0.406645
0.401748
0.397615
0.393909
0.390493
0.393157
0.395816
0.39911
0.402524
0.405854
0.409025
0.411906
0.414324
0.415999
0.416499
0.417658
0.417695
0.415781
0.41227
0.407599
0.402462
0.397615
0.393287
0.38942
0.386156
0.390147
0.39214
0.395101
0.398275
0.401333
0.404172
0.406692
0.408768
0.410186
0.410641
0.411541
0.411516
0.409934
0.407022
0.403075
0.398542
0.393909
0.38942
0.385154
0.381483
0.38704
0.38838
0.391022
0.393886
0.396567
0.398985
0.401083
0.402782
0.403935
0.404313
0.404868
0.404801
0.403567
0.401316
0.398233
0.394551
0.390493
0.386156
0.381482
0.376581
)
;
        value           nonuniform List<scalar> 
400
(
100212
100212
100212
100212
100212
100212
100212
100212
100212
100212
100212
100212
100212
100212
100212
100212
100212
100212
100212
100212
100212
100212
100212
100212
100212
100212
100212
100212
100212
100212
100212
100212
100212
100212
100212
100212
100212
100212
100212
100212
100212
100212
100212
100212
100212
100212
100212
100212
100212
100212
100212
100212
100212
100212
100212
100212
100212
100212
100212
100212
100212
100212
100212
100212
100212
100212
100212
100212
100212
100212
100212
100212
100212
100212
100212
100212
100212
100212
100212
100212
100212
100212
100212
100212
100212
100212
100212
100212
100212
100212
100212
100212
100212
100212
100212
100212
100212
100212
100212
100212
100212
100212
100212
100212
100212
100212
100212
100212
100212
100212
100212
100212
100212
100212
100212
100212
100212
100212
100212
100212
100212
100212
100212
100212
100212
100212
100212
100212
100212
100212
100212
100212
100212
100212
100212
100212
100212
100212
100212
100212
100212
100212
100212
100212
100212
100212
100212
100212
100212
100212
100212
100212
100212
100212
100212
100212
100212
100212
100212
100212
100212
100212
100212
100212
100212
100212
100212
100212
100212
100212
100212
100212
100212
100212
100212
100212
100212
100212
100212
100212
100212
100212
100212
100212
100212
100212
100212
100212
100212
100212
100212
100212
100212
100212
100212
100212
100212
100212
100212
100212
100212
100212
100212
100212
100212
100212
100212
100212
100212
100212
100212
100212
100212
100212
100212
100212
100212
100212
100212
100212
100212
100212
100212
100212
100212
100212
100212
100212
100212
100212
100212
100212
100212
100212
100212
100212
100212
100212
100212
100212
100212
100212
100212
100212
100212
100212
100212
100212
100212
100212
100212
100212
100212
100212
100212
100212
100212
100212
100212
100212
100212
100212
100212
100212
100212
100212
100212
100212
100212
100212
100212
100212
100212
100212
100212
100212
100212
100212
100212
100212
100212
100212
100212
100212
100212
100212
100212
100212
100212
100212
100212
100212
100212
100212
100212
100212
100212
100212
100212
100212
100212
100212
100212
100212
100212
100212
100212
100212
100212
100212
100212
100212
100212
100212
100212
100212
100212
100212
100212
100212
100212
100212
100212
100212
100212
100212
100212
100212
100212
100212
100212
100212
100212
100212
100212
100212
100212
100212
100212
100212
100212
100212
100212
100212
100212
100212
100212
100212
100212
100212
100212
100212
100212
100212
100212
100212
100212
100212
100212
100212
100212
100212
100212
100212
100212
100212
100212
100212
100212
100212
100212
100212
100212
100212
100212
100212
100212
100212
100212
100212
100212
100212
100212
100212
100212
100212
100212
100212
100212
100212
100212
100212
100212
100212
100212
100212
100212
100212
100212
100212
)
;
    }
    fixedWalls
    {
        type            fixedFluxPressure;
        gradient        uniform 0;
        value           nonuniform List<scalar> 
800
(
100212
100212
100212
100212
100212
100212
100212
100212
100212
100212
100212
100212
100212
100212
100212
100212
100212
100212
100212
100212
100212
100212
100212
100212
100212
100212
100212
100212
100212
100212
100212
100212
100212
100212
100212
100212
100212
100212
100212
100212
100212
100212
100212
100212
100212
100212
100212
100212
100212
100212
100212
100212
100212
100212
100212
100212
100212
100212
100212
100212
100212
100212
100212
100212
100212
100212
100212
100212
100212
100212
100212
100212
100212
100212
100212
100212
100212
100212
100212
100212
100212
100212
100212
100212
100212
100212
100212
100212
100212
100212
100212
100212
100212
100212
100212
100212
100212
100212
100212
100212
100212
100212
100212
100212
100212
100212
100212
100212
100212
100212
100212
100212
100212
100212
100212
100212
100212
100212
100212
100212
100212
100212
100212
100212
100212
100212
100212
100212
100212
100212
100212
100212
100212
100212
100212
100212
100212
100212
100212
100212
100212
100212
100212
100212
100212
100212
100212
100212
100212
100212
100212
100212
100212
100212
100212
100212
100212
100212
100212
100212
100212
100212
100212
100212
100212
100212
100212
100212
100212
100212
100212
100212
100212
100212
100212
100212
100212
100212
100212
100212
100212
100212
100212
100212
100212
100212
100212
100212
100212
100212
100212
100212
100212
100212
100212
100212
100212
100212
100212
100212
100212
100212
100212
100212
100212
100212
100212
100212
100212
100212
100212
100212
100212
100212
100212
100212
100212
100212
100212
100212
100212
100212
100212
100212
100212
100212
100212
100212
100212
100212
100212
100212
100212
100212
100212
100212
100212
100212
100212
100212
100212
100212
100212
100212
100212
100212
100212
100212
100212
100212
100212
100212
100212
100212
100212
100212
100212
100212
100212
100212
100212
100212
100212
100212
100212
100212
100212
100212
100212
100212
100212
100212
100212
100212
100212
100212
100212
100212
100212
100212
100212
100212
100212
100212
100212
100212
100212
100212
100212
100212
100212
100212
100212
100212
100212
100212
100212
100212
100212
100212
100212
100212
100212
100212
100212
100212
100212
100212
100212
100212
100212
100212
100212
100212
100212
100212
100212
100212
100212
100212
100212
100212
100212
100212
100212
100212
100212
100212
100212
100212
100212
100212
100212
100212
100212
100212
100212
100212
100212
100212
100212
100212
100212
100212
100212
100212
100212
100212
100212
100212
100212
100212
100212
100212
100212
100212
100212
100212
100212
100212
100212
100212
100212
100212
100212
100212
100212
100212
100212
100212
100212
100212
100212
100212
100212
100212
100212
100212
100212
100212
100212
100212
100212
100212
100212
100212
100212
100212
100212
100212
100212
100212
100212
100212
100212
100212
100212
100212
100212
100212
100212
100212
100212
100212
100212
100212
100212
100212
100212
100212
100212
100212
100212
100212
100212
100212
100212
100212
100212
100212
100212
100212
100212
100212
100212
100212
100212
100212
100212
100212
100212
100212
100212
100212
100212
100212
100212
100212
100212
100212
100212
100212
100212
100212
100212
100212
100212
100212
100212
100212
100212
100212
100212
100212
100212
100212
100212
100212
100212
100212
100212
100212
100212
100212
100212
100212
100212
100212
100212
100212
100212
100212
100212
100212
100212
100212
100212
100212
100212
100212
100212
100212
100212
100212
100212
100212
100212
100212
100212
100212
100212
100212
100212
100212
100212
100212
100212
100212
100212
100212
100212
100212
100212
100212
100212
100212
100212
100212
100212
100212
100212
100212
100212
100212
100212
100212
100212
100212
100212
100212
100212
100212
100212
100212
100212
100212
100212
100212
100212
100212
100212
100212
100212
100212
100212
100212
100212
100212
100212
100212
100212
100212
100212
100212
100212
100212
100212
100212
100212
100212
100212
100212
100212
100212
100212
100212
100212
100212
100212
100212
100212
100212
100212
100212
100212
100212
100212
100212
100212
100212
100212
100212
100212
100212
100212
100212
100212
100212
100212
100212
100212
100212
100212
100212
100212
100212
100212
100212
100212
100212
100212
100212
100212
100212
100212
100212
100212
100212
100212
100212
100212
100212
100212
100212
100212
100212
100212
100212
100212
100212
100212
100212
100212
100212
100212
100212
100212
100212
100212
100212
100212
100212
100212
100212
100212
100212
100212
100212
100212
100212
100212
100212
100212
100212
100212
100212
100212
100212
100212
100212
100212
100212
100212
100212
100212
100212
100212
100212
100212
100212
100212
100212
100212
100212
100212
100212
100212
100212
100212
100212
100212
100212
100212
100212
100212
100212
100212
100212
100212
100212
100212
100212
100212
100212
100212
100212
100212
100212
100212
100212
100212
100212
100212
100212
100212
100212
100212
100212
100212
100212
100212
100212
100212
100212
100212
100212
100212
100212
100212
100212
100212
100212
100212
100212
100212
100212
100212
100212
100212
100212
100212
100212
100212
100212
100212
100212
100212
100212
100212
100212
100212
100212
100212
100212
100212
100212
100212
100212
100212
100212
100212
100212
100212
100212
100212
100212
100212
100212
100212
100212
100212
100212
100212
100212
100212
100212
100212
100212
100212
100212
100212
100212
100212
100212
100212
100212
100212
100212
100212
100212
100212
100212
100212
100212
100212
100212
100212
100212
100212
100212
100212
100212
100212
100212
100212
100212
100212
100212
100212
100212
100212
100212
100212
100212
100212
100212
100212
100212
100212
100212
100212
100212
100212
100212
100212
100212
100212
100212
100212
100212
)
;
    }
}


// ************************************************************************* //
