/*--------------------------------*- C++ -*----------------------------------*\
| =========                 |                                                 |
| \\      /  F ield         | OpenFOAM: The Open Source CFD Toolbox           |
|  \\    /   O peration     | Version:  v2012                                 |
|   \\  /    A nd           | Website:  www.openfoam.com                      |
|    \\/     M anipulation  |                                                 |
\*---------------------------------------------------------------------------*/
FoamFile
{
    version     2.0;
    format      ascii;
    class       volScalarField;
    location    "600";
    object      T;
}
// * * * * * * * * * * * * * * * * * * * * * * * * * * * * * * * * * * * * * //

dimensions      [0 0 0 1 0 0 0];


internalField   nonuniform List<scalar> 
4000
(
300.454
300.439
300.433
300.434
300.439
300.447
300.452
300.455
300.459
300.462
300.466
300.47
300.475
300.477
300.478
300.476
300.472
300.465
300.453
300.445
300.483
300.475
300.475
300.483
300.492
300.493
300.495
300.499
300.504
300.507
300.51
300.513
300.516
300.519
300.52
300.519
300.513
300.509
300.504
300.494
300.529
300.527
300.526
300.525
300.525
300.526
300.528
300.529
300.527
300.525
300.528
300.531
300.534
300.536
300.538
300.538
300.541
300.546
300.555
300.574
300.575
300.577
300.578
300.576
300.571
300.565
300.559
300.555
300.553
300.551
300.549
300.547
300.547
300.549
300.551
300.553
300.558
300.566
300.576
300.575
300.57
300.573
300.576
300.579
300.58
300.58
300.58
300.578
300.576
300.574
300.572
300.572
300.571
300.571
300.571
300.571
300.571
300.575
300.575
300.57
300.563
300.567
300.57
300.573
300.574
300.575
300.576
300.576
300.577
300.577
300.577
300.577
300.577
300.577
300.576
300.576
300.575
300.573
300.57
300.564
300.556
300.56
300.563
300.566
300.567
300.569
300.57
300.57
300.571
300.572
300.572
300.572
300.572
300.571
300.571
300.569
300.568
300.566
300.562
300.556
300.549
300.552
300.555
300.558
300.56
300.561
300.563
300.564
300.565
300.565
300.566
300.566
300.566
300.565
300.563
300.562
300.56
300.557
300.553
300.548
300.54
300.543
300.546
300.549
300.552
300.554
300.556
300.557
300.558
300.559
300.56
300.56
300.559
300.558
300.556
300.554
300.551
300.548
300.544
300.539
300.529
300.531
300.534
300.537
300.54
300.543
300.546
300.548
300.549
300.55
300.551
300.551
300.55
300.549
300.546
300.543
300.54
300.536
300.532
300.528
300.439
300.436
300.435
300.435
300.438
300.444
300.449
300.453
300.456
300.46
300.464
300.469
300.474
300.476
300.476
300.474
300.469
300.46
300.449
300.446
300.475
300.474
300.476
300.483
300.491
300.495
300.498
300.502
300.505
300.508
300.511
300.515
300.518
300.52
300.52
300.517
300.511
300.51
300.504
300.499
300.527
300.525
300.524
300.524
300.524
300.525
300.526
300.527
300.528
300.53
300.532
300.534
300.537
300.538
300.538
300.538
300.543
300.548
300.56
300.574
300.577
300.577
300.576
300.571
300.565
300.56
300.556
300.553
300.551
300.549
300.548
300.548
300.549
300.55
300.551
300.554
300.559
300.567
300.575
300.574
300.573
300.575
300.577
300.579
300.579
300.577
300.574
300.571
300.569
300.567
300.566
300.565
300.564
300.564
300.565
300.566
300.569
300.574
300.574
300.569
300.567
300.569
300.573
300.575
300.576
300.576
300.576
300.575
300.575
300.574
300.573
300.573
300.573
300.573
300.573
300.573
300.574
300.573
300.57
300.562
300.56
300.563
300.567
300.569
300.571
300.571
300.572
300.572
300.572
300.572
300.572
300.572
300.572
300.572
300.571
300.571
300.57
300.568
300.563
300.555
300.552
300.556
300.56
300.563
300.565
300.566
300.567
300.567
300.568
300.568
300.568
300.568
300.568
300.567
300.567
300.565
300.563
300.56
300.555
300.548
300.543
300.548
300.552
300.555
300.558
300.56
300.562
300.563
300.564
300.565
300.565
300.565
300.565
300.563
300.561
300.559
300.556
300.552
300.547
300.54
300.531
300.534
300.537
300.541
300.545
300.549
300.552
300.555
300.557
300.558
300.56
300.56
300.558
300.555
300.552
300.548
300.544
300.539
300.535
300.53
300.433
300.435
300.437
300.44
300.442
300.444
300.448
300.452
300.456
300.461
300.466
300.471
300.476
300.477
300.476
300.472
300.466
300.455
300.448
300.448
300.475
300.476
300.48
300.485
300.491
300.496
300.5
300.504
300.508
300.512
300.515
300.518
300.52
300.521
300.519
300.515
300.51
300.511
300.507
300.504
300.526
300.524
300.523
300.523
300.523
300.524
300.526
300.528
300.53
300.533
300.535
300.537
300.539
300.539
300.538
300.539
300.545
300.551
300.563
300.574
300.578
300.576
300.571
300.565
300.559
300.555
300.552
300.55
300.549
300.549
300.549
300.55
300.55
300.55
300.551
300.555
300.56
300.568
300.574
300.573
300.576
300.577
300.578
300.578
300.576
300.573
300.569
300.566
300.564
300.563
300.562
300.561
300.56
300.56
300.561
300.563
300.567
300.573
300.573
300.568
300.57
300.573
300.574
300.576
300.576
300.575
300.574
300.572
300.57
300.569
300.568
300.568
300.568
300.568
300.569
300.569
300.571
300.572
300.569
300.562
300.563
300.567
300.569
300.571
300.572
300.572
300.571
300.57
300.569
300.569
300.568
300.568
300.569
300.569
300.569
300.569
300.57
300.568
300.563
300.556
300.555
300.56
300.563
300.566
300.567
300.567
300.567
300.566
300.566
300.566
300.566
300.566
300.566
300.566
300.566
300.565
300.564
300.562
300.557
300.549
300.546
300.552
300.556
300.559
300.561
300.563
300.564
300.565
300.566
300.566
300.566
300.566
300.566
300.565
300.563
300.562
300.559
300.555
300.55
300.543
300.534
300.537
300.542
300.546
300.55
300.555
300.559
300.562
300.565
300.566
300.568
300.567
300.565
300.562
300.558
300.554
300.549
300.544
300.539
300.533
300.434
300.435
300.44
300.444
300.448
300.45
300.452
300.456
300.46
300.466
300.472
300.476
300.479
300.479
300.476
300.471
300.463
300.453
300.449
300.453
300.483
300.483
300.485
300.489
300.493
300.497
300.502
300.507
300.512
300.516
300.519
300.522
300.523
300.522
300.519
300.514
300.511
300.513
300.51
300.507
300.525
300.524
300.523
300.522
300.523
300.524
300.527
300.53
300.534
300.536
300.538
300.539
300.54
300.539
300.538
300.54
300.546
300.553
300.564
300.573
300.576
300.571
300.565
300.559
300.554
300.551
300.549
300.548
300.549
300.549
300.55
300.55
300.55
300.55
300.551
300.556
300.561
300.568
300.573
300.573
300.579
300.579
300.578
300.576
300.572
300.568
300.565
300.563
300.561
300.56
300.559
300.558
300.557
300.557
300.559
300.562
300.567
300.572
300.572
300.568
300.573
300.575
300.576
300.576
300.575
300.573
300.571
300.568
300.567
300.565
300.564
300.563
300.563
300.564
300.564
300.566
300.569
300.571
300.568
300.563
300.566
300.569
300.571
300.572
300.572
300.571
300.569
300.568
300.566
300.565
300.564
300.564
300.564
300.565
300.566
300.567
300.568
300.567
300.563
300.558
300.558
300.563
300.566
300.567
300.567
300.567
300.566
300.565
300.564
300.563
300.563
300.563
300.563
300.563
300.563
300.564
300.564
300.562
300.558
300.552
300.549
300.555
300.559
300.562
300.563
300.565
300.565
300.566
300.566
300.566
300.566
300.566
300.565
300.564
300.563
300.562
300.56
300.557
300.553
300.546
300.537
300.541
300.546
300.551
300.556
300.561
300.566
300.57
300.573
300.575
300.577
300.576
300.573
300.569
300.564
300.559
300.554
300.548
300.543
300.537
300.439
300.438
300.442
300.448
300.453
300.457
300.461
300.464
300.469
300.476
300.481
300.483
300.483
300.48
300.476
300.47
300.461
300.453
300.452
300.46
300.492
300.491
300.491
300.493
300.496
300.5
300.505
300.511
300.518
300.522
300.524
300.525
300.524
300.522
300.518
300.513
300.513
300.514
300.512
300.51
300.525
300.524
300.523
300.523
300.523
300.525
300.529
300.533
300.537
300.539
300.54
300.54
300.54
300.539
300.539
300.542
300.547
300.554
300.563
300.572
300.571
300.565
300.559
300.554
300.55
300.548
300.548
300.548
300.549
300.55
300.55
300.549
300.549
300.549
300.551
300.556
300.561
300.568
300.572
300.572
300.58
300.579
300.576
300.572
300.568
300.565
300.562
300.56
300.559
300.557
300.556
300.555
300.554
300.555
300.557
300.561
300.566
300.57
300.571
300.569
300.574
300.576
300.576
300.575
300.573
300.57
300.568
300.565
300.563
300.561
300.559
300.559
300.559
300.56
300.561
300.564
300.567
300.569
300.568
300.564
300.567
300.571
300.572
300.572
300.571
300.569
300.567
300.565
300.563
300.561
300.56
300.56
300.56
300.561
300.562
300.564
300.566
300.566
300.564
300.56
300.56
300.565
300.567
300.567
300.566
300.565
300.564
300.563
300.562
300.561
300.56
300.56
300.56
300.56
300.561
300.562
300.563
300.562
300.56
300.555
300.552
300.558
300.561
300.563
300.565
300.565
300.566
300.567
300.568
300.568
300.568
300.567
300.566
300.564
300.563
300.562
300.561
300.559
300.555
300.549
300.54
300.545
300.55
300.556
300.561
300.567
300.573
300.579
300.583
300.586
300.588
300.586
300.582
300.577
300.571
300.565
300.559
300.553
300.547
300.54
300.447
300.444
300.444
300.45
300.457
300.464
300.468
300.473
300.479
300.485
300.488
300.488
300.486
300.481
300.475
300.469
300.46
300.454
300.457
300.467
300.493
300.495
300.496
300.497
300.5
300.504
300.51
300.517
300.523
300.526
300.527
300.526
300.524
300.522
300.518
300.514
300.516
300.516
300.515
300.514
300.526
300.525
300.524
300.524
300.525
300.528
300.532
300.537
300.54
300.541
300.541
300.54
300.539
300.538
300.539
300.543
300.547
300.553
300.56
300.568
300.565
300.56
300.555
300.551
300.548
300.547
300.548
300.549
300.55
300.549
300.548
300.548
300.547
300.548
300.551
300.555
300.561
300.566
300.571
300.572
300.58
300.577
300.573
300.568
300.565
300.562
300.56
300.558
300.556
300.555
300.553
300.552
300.552
300.554
300.556
300.56
300.565
300.569
300.57
300.569
300.575
300.576
300.575
300.573
300.57
300.567
300.565
300.562
300.56
300.557
300.555
300.555
300.555
300.557
300.559
300.562
300.565
300.568
300.567
300.565
300.569
300.571
300.572
300.571
300.569
300.567
300.564
300.562
300.56
300.558
300.556
300.556
300.557
300.558
300.559
300.562
300.564
300.565
300.564
300.561
300.561
300.566
300.567
300.567
300.565
300.564
300.563
300.562
300.561
300.56
300.558
300.557
300.558
300.558
300.559
300.56
300.561
300.561
300.561
300.557
300.554
300.56
300.563
300.565
300.565
300.566
300.568
300.57
300.572
300.573
300.572
300.569
300.567
300.565
300.563
300.562
300.561
300.56
300.557
300.552
300.543
300.549
300.555
300.561
300.567
300.574
300.581
300.588
300.595
300.6
300.601
300.597
300.592
300.585
300.577
300.57
300.563
300.557
300.551
300.544
300.452
300.449
300.448
300.452
300.461
300.468
300.475
300.48
300.485
300.49
300.492
300.49
300.487
300.481
300.475
300.468
300.459
300.458
300.463
300.474
300.495
300.498
300.5
300.502
300.505
300.51
300.515
300.522
300.526
300.528
300.528
300.526
300.524
300.521
300.518
300.516
300.518
300.518
300.518
300.517
300.528
300.526
300.526
300.527
300.529
300.532
300.536
300.539
300.541
300.542
300.541
300.539
300.538
300.538
300.54
300.543
300.546
300.551
300.557
300.563
300.559
300.556
300.552
300.549
300.548
300.548
300.549
300.549
300.55
300.549
300.547
300.546
300.546
300.548
300.551
300.554
300.559
300.564
300.569
300.571
300.58
300.574
300.569
300.565
300.562
300.56
300.558
300.556
300.555
300.553
300.551
300.55
300.55
300.552
300.555
300.559
300.563
300.567
300.569
300.569
300.576
300.576
300.574
300.571
300.568
300.565
300.562
300.559
300.557
300.556
300.553
300.552
300.552
300.554
300.556
300.56
300.563
300.566
300.566
300.566
300.57
300.572
300.571
300.569
300.567
300.564
300.562
300.559
300.558
300.557
300.554
300.553
300.553
300.555
300.557
300.559
300.562
300.563
300.563
300.562
300.563
300.567
300.567
300.566
300.564
300.563
300.562
300.561
300.562
300.563
300.559
300.556
300.555
300.555
300.556
300.558
300.559
300.56
300.561
300.558
300.556
300.562
300.564
300.565
300.566
300.568
300.571
300.574
300.579
300.584
300.581
300.574
300.569
300.566
300.563
300.561
300.56
300.56
300.558
300.553
300.546
300.552
300.559
300.566
300.573
300.581
300.59
300.6
300.609
300.618
300.618
300.611
300.602
300.593
300.584
300.575
300.568
300.561
300.554
300.546
300.455
300.453
300.452
300.456
300.464
300.473
300.48
300.484
300.486
300.491
300.493
300.491
300.487
300.481
300.474
300.467
300.461
300.464
300.471
300.48
300.499
300.502
300.504
300.507
300.511
300.517
300.522
300.525
300.527
300.532
300.531
300.526
300.524
300.522
300.52
300.52
300.521
300.52
300.522
300.522
300.529
300.527
300.528
300.53
300.533
300.537
300.539
300.541
300.543
300.549
300.544
300.539
300.538
300.539
300.54
300.543
300.545
300.549
300.554
300.559
300.555
300.553
300.55
300.548
300.548
300.549
300.549
300.55
300.552
300.558
300.552
300.546
300.546
300.547
300.55
300.553
300.557
300.561
300.565
300.569
300.578
300.571
300.566
300.563
300.56
300.558
300.556
300.555
300.557
300.563
300.556
300.55
300.549
300.551
300.553
300.557
300.56
300.564
300.566
300.568
300.576
300.575
300.572
300.568
300.565
300.562
300.559
300.557
300.559
300.566
300.559
300.551
300.55
300.552
300.554
300.557
300.561
300.563
300.565
300.566
300.57
300.572
300.57
300.568
300.565
300.562
300.559
300.558
300.561
300.569
300.561
300.552
300.55
300.552
300.554
300.556
300.559
300.561
300.562
300.563
300.564
300.567
300.566
300.565
300.563
300.562
300.561
300.563
300.569
300.581
300.573
300.558
300.553
300.553
300.554
300.555
300.556
300.558
300.56
300.559
300.557
300.563
300.565
300.566
300.567
300.57
300.574
300.581
300.592
300.607
300.602
300.584
300.573
300.567
300.563
300.56
300.559
300.559
300.559
300.555
300.548
300.555
300.562
300.57
300.579
300.588
300.6
300.612
300.627
300.643
300.642
300.627
300.614
300.602
300.591
300.58
300.572
300.564
300.557
300.549
300.459
300.456
300.456
300.46
300.469
300.479
300.485
300.486
300.487
300.511
300.505
300.49
300.486
300.481
300.475
300.468
300.466
300.472
300.479
300.487
300.504
300.505
300.508
300.512
300.518
300.523
300.526
300.527
300.534
300.574
300.563
300.529
300.524
300.523
300.523
300.524
300.524
300.525
300.527
300.528
300.527
300.528
300.53
300.534
300.537
300.54
300.541
300.543
300.554
300.598
300.58
300.545
300.539
300.539
300.541
300.543
300.545
300.548
300.552
300.557
300.553
300.551
300.549
300.549
300.549
300.55
300.55
300.552
300.566
300.611
300.591
300.554
300.546
300.547
300.549
300.551
300.554
300.558
300.562
300.566
300.576
300.569
300.564
300.561
300.559
300.556
300.555
300.557
300.573
300.617
300.596
300.558
300.548
300.549
300.551
300.554
300.557
300.561
300.564
300.566
300.577
300.575
300.57
300.567
300.563
300.56
300.557
300.559
300.577
300.62
300.6
300.56
300.549
300.549
300.552
300.554
300.557
300.56
300.562
300.565
300.571
300.572
300.569
300.566
300.563
300.56
300.558
300.561
300.581
300.626
300.607
300.562
300.549
300.549
300.551
300.553
300.556
300.558
300.56
300.562
300.565
300.568
300.566
300.564
300.562
300.561
300.562
300.569
300.593
300.637
300.621
300.571
300.553
300.55
300.55
300.552
300.553
300.555
300.559
300.559
300.558
300.564
300.566
300.566
300.568
300.572
300.579
300.592
300.617
300.657
300.647
300.602
300.579
300.568
300.562
300.559
300.557
300.558
300.559
300.556
300.549
300.557
300.565
300.573
300.583
300.595
300.609
300.627
300.65
300.68
300.676
300.648
300.627
300.61
300.596
300.584
300.574
300.566
300.558
300.55
300.462
300.46
300.461
300.466
300.476
300.485
300.49
300.491
300.511
301.367
301.266
300.5
300.485
300.481
300.476
300.471
300.473
300.48
300.488
300.495
300.507
300.508
300.512
300.516
300.522
300.526
300.528
300.532
300.574
301.136
301.04
300.557
300.526
300.524
300.525
300.526
300.527
300.53
300.534
300.537
300.525
300.53
300.533
300.536
300.539
300.541
300.542
300.549
300.598
301.022
300.936
300.573
300.539
300.539
300.541
300.543
300.545
300.549
300.553
300.557
300.551
300.549
300.549
300.549
300.55
300.549
300.549
300.558
300.611
300.948
300.873
300.582
300.546
300.545
300.547
300.549
300.552
300.556
300.559
300.564
300.574
300.567
300.563
300.56
300.557
300.555
300.553
300.563
300.617
300.895
300.83
300.586
300.548
300.546
300.549
300.551
300.554
300.557
300.561
300.565
300.577
300.574
300.569
300.565
300.561
300.557
300.556
300.566
300.62
300.852
300.797
300.589
300.549
300.546
300.548
300.551
300.554
300.556
300.56
300.564
300.572
300.572
300.569
300.565
300.561
300.558
300.557
300.569
300.626
300.816
300.772
300.591
300.549
300.545
300.547
300.549
300.552
300.555
300.558
300.562
300.565
300.568
300.566
300.563
300.561
300.56
300.563
300.581
300.637
300.786
300.755
300.601
300.554
300.546
300.546
300.548
300.549
300.551
300.557
300.559
300.559
300.565
300.566
300.566
300.568
300.573
300.584
300.607
300.657
300.762
300.742
300.635
300.589
300.568
300.559
300.556
300.555
300.556
300.558
300.556
300.55
300.558
300.566
300.575
300.586
300.6
300.618
300.643
300.68
300.74
300.729
300.674
300.64
300.617
300.599
300.586
300.575
300.567
300.559
300.551
300.466
300.464
300.466
300.472
300.481
300.488
300.492
300.493
300.505
301.266
301.212
300.494
300.482
300.48
300.477
300.475
300.479
300.487
300.494
300.501
300.51
300.511
300.515
300.519
300.524
300.527
300.528
300.531
300.563
301.04
301.033
300.543
300.521
300.522
300.524
300.526
300.528
300.532
300.537
300.543
300.528
300.532
300.535
300.538
300.54
300.541
300.541
300.544
300.58
300.936
300.943
300.561
300.535
300.536
300.539
300.542
300.545
300.549
300.553
300.559
300.549
300.548
300.549
300.55
300.55
300.548
300.547
300.552
300.591
300.873
300.886
300.571
300.542
300.541
300.544
300.547
300.55
300.553
300.557
300.563
300.572
300.566
300.562
300.559
300.556
300.553
300.551
300.556
300.596
300.83
300.845
300.577
300.544
300.543
300.545
300.548
300.551
300.554
300.558
300.563
300.577
300.573
300.568
300.564
300.559
300.555
300.553
300.559
300.6
300.797
300.812
300.58
300.544
300.542
300.544
300.547
300.55
300.553
300.557
300.563
300.572
300.572
300.568
300.564
300.56
300.556
300.554
300.561
300.607
300.772
300.788
300.583
300.544
300.541
300.542
300.545
300.547
300.55
300.555
300.561
300.566
300.568
300.566
300.563
300.56
300.558
300.559
300.573
300.621
300.755
300.775
300.594
300.549
300.542
300.542
300.543
300.545
300.548
300.555
300.558
300.56
300.565
300.566
300.566
300.568
300.572
300.581
300.602
300.647
300.742
300.764
300.637
300.587
300.566
300.556
300.553
300.552
300.554
300.557
300.556
300.551
300.56
300.568
300.577
300.588
300.601
300.618
300.642
300.676
300.729
300.755
300.688
300.649
300.622
300.603
300.589
300.577
300.568
300.56
300.551
300.47
300.469
300.471
300.476
300.483
300.488
300.49
300.491
300.49
300.5
300.494
300.474
300.476
300.477
300.478
300.478
300.483
300.49
300.5
300.507
300.513
300.515
300.518
300.522
300.525
300.526
300.526
300.526
300.529
300.557
300.543
300.515
300.514
300.517
300.52
300.523
300.525
300.529
300.535
300.544
300.531
300.534
300.537
300.539
300.54
300.54
300.539
300.539
300.545
300.573
300.561
300.532
300.529
300.531
300.534
300.538
300.542
300.546
300.552
300.558
300.547
300.548
300.55
300.55
300.549
300.548
300.546
300.546
300.554
300.582
300.571
300.54
300.535
300.537
300.54
300.543
300.546
300.55
300.555
300.561
300.572
300.565
300.561
300.558
300.555
300.552
300.55
300.55
300.558
300.586
300.577
300.544
300.538
300.539
300.541
300.543
300.547
300.55
300.555
300.562
300.577
300.573
300.568
300.563
300.559
300.555
300.552
300.551
300.56
300.589
300.58
300.545
300.538
300.538
300.54
300.542
300.545
300.549
300.554
300.561
300.572
300.572
300.568
300.564
300.56
300.556
300.553
300.552
300.562
300.591
300.583
300.547
300.538
300.537
300.538
300.54
300.543
300.546
300.553
300.56
300.566
300.568
300.566
300.563
300.56
300.557
300.556
300.558
300.571
300.601
300.594
300.554
300.542
300.539
300.539
300.539
300.541
300.545
300.553
300.557
300.56
300.565
300.566
300.566
300.567
300.569
300.574
300.584
300.602
300.635
300.637
300.593
300.572
300.561
300.554
300.551
300.55
300.552
300.556
300.555
300.551
300.56
300.567
300.576
300.586
300.597
300.611
300.627
300.648
300.674
300.688
300.658
300.635
300.616
300.601
300.588
300.577
300.568
300.56
300.551
300.475
300.474
300.476
300.479
300.483
300.486
300.487
300.487
300.486
300.485
300.482
300.476
300.473
300.475
300.477
300.481
300.49
300.504
300.515
300.518
300.516
300.518
300.52
300.523
300.524
300.524
300.524
300.524
300.524
300.526
300.521
300.514
300.51
300.51
300.513
300.516
300.52
300.525
300.531
300.54
300.534
300.537
300.539
300.54
300.54
300.539
300.538
300.538
300.539
300.539
300.535
300.529
300.526
300.526
300.528
300.532
300.536
300.541
300.548
300.556
300.547
300.549
300.55
300.55
300.549
300.547
300.546
300.546
300.546
300.546
300.542
300.535
300.533
300.533
300.535
300.538
300.542
300.546
300.552
300.559
300.571
300.564
300.56
300.557
300.554
300.552
300.55
300.549
300.548
300.548
300.544
300.538
300.535
300.536
300.537
300.54
300.543
300.546
300.552
300.56
300.577
300.573
300.568
300.563
300.559
300.555
300.552
300.55
300.549
300.549
300.544
300.538
300.536
300.536
300.537
300.539
300.541
300.545
300.551
300.559
300.572
300.572
300.569
300.564
300.56
300.557
300.553
300.55
300.549
300.549
300.544
300.538
300.536
300.536
300.537
300.538
300.539
300.543
300.55
300.558
300.566
300.568
300.566
300.563
300.56
300.558
300.555
300.553
300.553
300.554
300.549
300.542
300.539
300.538
300.537
300.538
300.539
300.543
300.551
300.556
300.559
300.565
300.566
300.565
300.566
300.567
300.569
300.573
300.579
300.589
300.587
300.572
300.563
300.556
300.551
300.548
300.547
300.55
300.554
300.554
300.55
300.558
300.565
300.573
300.582
300.592
300.602
300.614
300.627
300.64
300.649
300.635
300.621
300.607
300.595
300.583
300.574
300.566
300.558
300.55
300.477
300.476
300.477
300.479
300.48
300.481
300.481
300.481
300.481
300.481
300.48
300.477
300.475
300.475
300.479
300.491
300.513
300.524
300.529
300.531
300.519
300.52
300.521
300.522
300.522
300.522
300.521
300.522
300.523
300.524
300.522
300.517
300.51
300.506
300.508
300.514
300.523
300.53
300.535
300.539
300.536
300.538
300.539
300.539
300.539
300.538
300.538
300.539
300.539
300.539
300.536
300.531
300.526
300.523
300.524
300.527
300.532
300.538
300.544
300.553
300.549
300.55
300.55
300.55
300.549
300.548
300.548
300.547
300.547
300.545
300.541
300.537
300.533
300.531
300.532
300.534
300.538
300.543
300.549
300.557
300.571
300.564
300.56
300.557
300.555
300.554
300.552
300.551
300.549
300.546
300.543
300.539
300.536
300.534
300.535
300.537
300.54
300.544
300.549
300.558
300.577
300.573
300.568
300.564
300.56
300.557
300.554
300.552
300.549
300.546
300.542
300.538
300.536
300.535
300.536
300.537
300.54
300.543
300.548
300.557
300.571
300.572
300.569
300.565
300.561
300.558
300.555
300.552
300.549
300.545
300.541
300.537
300.536
300.535
300.536
300.537
300.538
300.541
300.548
300.556
300.565
300.567
300.566
300.563
300.56
300.558
300.555
300.553
300.55
300.546
300.542
300.539
300.538
300.537
300.536
300.537
300.537
300.54
300.548
300.553
300.558
300.563
300.565
300.564
300.564
300.565
300.566
300.567
300.568
300.568
300.566
300.561
300.556
300.551
300.547
300.544
300.544
300.547
300.551
300.551
300.549
300.555
300.562
300.569
300.577
300.585
300.593
300.602
300.61
300.617
300.622
300.616
300.607
300.597
300.587
300.577
300.568
300.561
300.554
300.547
300.478
300.476
300.476
300.476
300.476
300.475
300.475
300.474
300.475
300.476
300.477
300.478
300.477
300.479
300.489
300.518
300.528
300.533
300.535
300.538
300.52
300.52
300.519
300.519
300.518
300.518
300.518
300.52
300.523
300.525
300.524
300.52
300.513
300.508
300.511
300.525
300.534
300.54
300.544
300.546
300.538
300.538
300.538
300.538
300.539
300.539
300.54
300.54
300.541
300.541
300.539
300.534
300.528
300.524
300.525
300.532
300.539
300.543
300.547
300.552
300.551
300.551
300.551
300.551
300.551
300.551
300.551
300.55
300.549
300.547
300.544
300.54
300.535
300.532
300.532
300.537
300.541
300.544
300.548
300.554
300.571
300.565
300.561
300.559
300.557
300.556
300.555
300.553
300.551
300.549
300.545
300.541
300.537
300.535
300.536
300.538
300.541
300.544
300.547
300.555
300.576
300.573
300.569
300.564
300.561
300.559
300.556
300.554
300.552
300.548
300.544
300.54
300.537
300.536
300.536
300.538
300.54
300.542
300.546
300.555
300.571
300.571
300.569
300.566
300.562
300.559
300.557
300.554
300.551
300.547
300.542
300.538
300.537
300.536
300.536
300.537
300.538
300.54
300.545
300.553
300.563
300.567
300.566
300.563
300.561
300.559
300.556
300.554
300.55
300.546
300.542
300.539
300.537
300.536
300.536
300.536
300.537
300.539
300.546
300.551
300.556
300.561
300.563
300.563
300.563
300.563
300.563
300.563
300.562
300.559
300.556
300.554
300.551
300.547
300.544
300.541
300.541
300.544
300.547
300.548
300.546
300.552
300.558
300.564
300.571
300.577
300.584
300.591
300.596
300.599
300.603
300.601
300.595
300.587
300.578
300.569
300.561
300.555
300.549
300.543
300.476
300.474
300.472
300.471
300.47
300.469
300.468
300.467
300.468
300.471
300.475
300.478
300.481
300.491
300.518
300.529
300.534
300.536
300.539
300.541
300.519
300.517
300.515
300.514
300.513
300.514
300.516
300.52
300.524
300.526
300.526
300.523
300.516
300.514
300.525
300.536
300.543
300.548
300.551
300.552
300.538
300.538
300.539
300.54
300.542
300.543
300.543
300.543
300.543
300.543
300.542
300.538
300.532
300.527
300.532
300.54
300.547
300.55
300.551
300.552
300.553
300.554
300.555
300.556
300.556
300.555
300.554
300.553
300.551
300.549
300.547
300.543
300.538
300.534
300.537
300.542
300.546
300.548
300.549
300.552
300.571
300.566
300.563
300.562
300.561
300.56
300.559
300.557
300.554
300.551
300.548
300.543
300.54
300.537
300.538
300.542
300.544
300.545
300.546
300.552
300.576
300.573
300.569
300.566
300.564
300.562
300.56
300.557
300.554
300.551
300.547
300.542
300.539
300.537
300.538
300.54
300.541
300.542
300.544
300.552
300.569
300.571
300.569
300.567
300.564
300.562
300.559
300.556
300.553
300.549
300.545
300.54
300.538
300.537
300.537
300.538
300.539
300.539
300.543
300.55
300.562
300.565
300.565
300.564
300.562
300.56
300.558
300.555
300.552
300.548
300.543
300.539
300.538
300.537
300.536
300.537
300.537
300.538
300.543
300.547
300.554
300.559
300.562
300.562
300.562
300.562
300.561
300.56
300.559
300.556
300.553
300.551
300.548
300.544
300.541
300.54
300.539
300.541
300.544
300.544
300.543
300.548
300.554
300.559
300.565
300.57
300.575
300.58
300.584
300.586
300.589
300.588
300.583
300.577
300.569
300.561
300.554
300.548
300.543
300.538
300.472
300.469
300.466
300.463
300.461
300.46
300.459
300.461
300.466
300.473
300.479
300.483
300.49
300.513
300.528
300.534
300.537
300.539
300.54
300.542
300.513
300.511
300.51
300.511
300.513
300.516
300.518
300.521
300.524
300.527
300.528
300.525
300.52
300.523
300.534
300.543
300.549
300.551
300.551
300.551
300.541
300.543
300.545
300.546
300.547
300.547
300.546
300.545
300.545
300.545
300.545
300.542
300.536
300.532
300.539
300.547
300.551
300.552
300.551
300.551
300.558
300.559
300.56
300.561
300.561
300.561
300.559
300.557
300.554
300.552
300.55
300.546
300.542
300.538
300.541
300.546
300.549
300.548
300.547
300.55
300.571
300.569
300.567
300.567
300.566
300.565
300.563
300.56
300.557
300.554
300.551
300.547
300.543
300.54
300.541
300.544
300.545
300.544
300.544
300.549
300.575
300.574
300.571
300.569
300.567
300.565
300.563
300.561
300.557
300.554
300.55
300.545
300.541
300.54
300.54
300.541
300.542
300.541
300.542
300.548
300.568
300.57
300.57
300.568
300.566
300.564
300.562
300.559
300.556
300.552
300.547
300.543
300.539
300.538
300.538
300.539
300.539
300.539
300.541
300.546
300.56
300.563
300.564
300.564
300.563
300.561
300.559
300.556
300.553
300.549
300.545
300.541
300.539
300.537
300.537
300.537
300.537
300.537
300.541
300.543
300.551
300.556
300.559
300.56
300.561
300.561
300.56
300.559
300.557
300.555
300.552
300.55
300.547
300.544
300.541
300.539
300.538
300.539
300.54
300.539
300.54
300.544
300.549
300.554
300.559
300.563
300.568
300.572
300.574
300.575
300.577
300.577
300.574
300.568
300.561
300.554
300.547
300.542
300.537
300.532
300.465
300.46
300.455
300.453
300.453
300.454
300.458
300.464
300.472
300.48
300.487
300.49
300.504
300.524
300.533
300.536
300.539
300.54
300.54
300.541
300.509
300.51
300.511
300.513
300.514
300.516
300.518
300.52
300.525
300.53
300.532
300.529
300.525
300.53
300.54
300.548
300.551
300.549
300.548
300.548
300.546
300.548
300.551
300.553
300.554
300.553
300.551
300.549
300.548
300.549
300.549
300.546
300.541
300.538
300.543
300.55
300.552
300.549
300.547
300.548
300.566
300.567
300.568
300.568
300.568
300.566
300.564
300.561
300.558
300.556
300.553
300.55
300.546
300.543
300.544
300.548
300.548
300.546
300.545
300.547
300.575
300.574
300.573
300.572
300.57
300.569
300.567
300.564
300.561
300.557
300.554
300.55
300.546
300.544
300.544
300.545
300.544
300.543
300.543
300.546
300.573
300.573
300.572
300.571
300.569
300.568
300.566
300.563
300.56
300.556
300.553
300.549
300.545
300.543
300.542
300.542
300.541
300.54
300.541
300.544
300.566
300.568
300.568
300.567
300.566
300.565
300.563
300.561
300.558
300.555
300.55
300.546
300.543
300.541
300.54
300.539
300.539
300.538
300.539
300.542
300.557
300.56
300.562
300.562
300.562
300.561
300.56
300.558
300.555
300.551
300.548
300.545
300.543
300.54
300.539
300.538
300.537
300.537
300.538
300.538
300.548
300.552
300.555
300.557
300.559
300.56
300.56
300.559
300.558
300.556
300.554
300.552
300.55
300.547
300.544
300.541
300.539
300.537
300.536
300.534
300.536
300.539
300.544
300.548
300.553
300.557
300.561
300.564
300.566
300.567
300.568
300.568
300.566
300.561
300.555
300.548
300.542
300.536
300.531
300.527
300.453
300.449
300.448
300.449
300.452
300.457
300.463
300.471
300.479
300.488
300.494
300.5
300.515
300.529
300.535
300.539
300.54
300.54
300.54
300.539
300.504
300.504
300.507
300.51
300.512
300.515
300.518
300.522
300.527
300.534
300.537
300.535
300.531
300.535
300.544
300.551
300.551
300.548
300.546
300.544
300.555
300.56
300.563
300.564
300.563
300.56
300.557
300.554
300.552
300.553
300.553
300.552
300.548
300.544
300.547
300.551
300.551
300.547
300.545
300.544
300.576
300.575
300.574
300.573
300.572
300.571
300.569
300.565
300.562
300.559
300.557
300.555
300.552
300.549
300.548
300.549
300.547
300.545
300.543
300.542
300.575
300.574
300.573
300.572
300.571
300.57
300.569
300.566
300.564
300.561
300.558
300.555
300.552
300.549
300.547
300.546
300.544
300.543
300.541
300.54
300.57
300.57
300.569
300.568
300.568
300.567
300.566
300.565
300.562
300.56
300.557
300.554
300.551
300.548
300.546
300.544
300.542
300.541
300.539
300.538
300.562
300.563
300.563
300.563
300.564
300.564
300.563
300.562
300.56
300.558
300.555
300.553
300.55
300.548
300.545
300.543
300.541
300.539
300.537
300.535
300.553
300.555
300.557
300.558
300.56
300.561
300.561
300.56
300.559
300.557
300.555
300.553
300.551
300.548
300.546
300.543
300.541
300.538
300.534
300.532
300.544
300.547
300.55
300.553
300.555
300.557
300.558
300.559
300.559
300.558
300.557
300.556
300.554
300.551
300.547
300.544
300.54
300.536
300.532
300.528
300.532
300.535
300.539
300.543
300.547
300.551
300.554
300.557
300.558
300.559
300.56
300.56
300.558
300.554
300.549
300.543
300.537
300.531
300.525
300.521
300.445
300.446
300.448
300.453
300.46
300.467
300.474
300.48
300.487
300.495
300.501
300.507
300.518
300.531
300.538
300.541
300.542
300.541
300.539
300.538
300.494
300.499
300.504
300.507
300.51
300.514
300.517
300.522
300.528
300.537
300.543
300.544
300.54
300.539
300.546
300.552
300.551
300.548
300.544
300.54
300.574
300.574
300.574
300.573
300.572
300.568
300.563
300.559
300.557
300.557
300.559
300.558
300.556
300.553
300.552
300.552
300.551
300.548
300.544
300.539
300.575
300.574
300.573
300.573
300.572
300.572
300.571
300.569
300.566
300.564
300.563
300.561
300.559
300.557
300.554
300.552
300.55
300.547
300.542
300.536
300.57
300.569
300.568
300.568
300.569
300.569
300.569
300.568
300.566
300.565
300.563
300.562
300.56
300.558
300.555
300.552
300.549
300.546
300.54
300.534
300.564
300.562
300.562
300.563
300.564
300.565
300.566
300.566
300.565
300.564
300.563
300.561
300.559
300.557
300.555
300.552
300.548
300.544
300.538
300.531
300.556
300.555
300.556
300.558
300.56
300.561
300.562
300.563
300.562
300.562
300.561
300.56
300.558
300.556
300.553
300.55
300.546
300.542
300.535
300.528
300.548
300.548
300.549
300.552
300.555
300.557
300.558
300.559
300.559
300.559
300.558
300.557
300.556
300.553
300.551
300.547
300.543
300.538
300.532
300.525
300.539
300.54
300.543
300.546
300.549
300.552
300.553
300.555
300.556
300.556
300.556
300.555
300.554
300.551
300.548
300.544
300.539
300.534
300.528
300.52
300.528
300.53
300.533
300.537
300.54
300.544
300.546
300.549
300.55
300.551
300.551
300.551
300.55
300.547
300.543
300.538
300.532
300.527
300.521
300.514
)
;

boundaryField
{
    floor
    {
        type            fixedValue;
        value           nonuniform List<scalar> 
400
(
300
300
300
300
300
300
300
300
300
300
300
300
300
300
300
300
300
300
300
300
300
300
300
300
300
300
300
300
300
300
300
300
300
300
300
300
300
300
300
300
300
300
300
300
300
300
300
300
300
300
300
300
300
300
300
300
300
300
300
300
300
300
300
300
300
300
300
300
300
300
300
300
300
300
300
300
300
300
300
300
300
300
300
300
300
300
300
300
300
300
300
300
300
300
300
300
300
300
300
300
300
300
300
300
300
300
300
300
300
300
300
300
300
300
300
300
300
300
300
300
300
300
300
300
300
300
300
300
300
300
300
300
300
300
300
300
300
300
300
300
300
300
300
300
300
300
300
300
300
300
300
300
300
300
300
300
300
300
300
300
300
300
300
300
300
300
300
300
300
300
300
300
300
300
300
300
300
300
300
300
300
300
300
300
300
300
300
300
300
600
600
300
300
300
300
300
300
300
300
300
300
300
300
300
300
300
300
300
300
600
600
300
300
300
300
300
300
300
300
300
300
300
300
300
300
300
300
300
300
300
300
300
300
300
300
300
300
300
300
300
300
300
300
300
300
300
300
300
300
300
300
300
300
300
300
300
300
300
300
300
300
300
300
300
300
300
300
300
300
300
300
300
300
300
300
300
300
300
300
300
300
300
300
300
300
300
300
300
300
300
300
300
300
300
300
300
300
300
300
300
300
300
300
300
300
300
300
300
300
300
300
300
300
300
300
300
300
300
300
300
300
300
300
300
300
300
300
300
300
300
300
300
300
300
300
300
300
300
300
300
300
300
300
300
300
300
300
300
300
300
300
300
300
300
300
300
300
300
300
300
300
300
300
300
300
300
300
300
300
300
300
300
300
300
300
300
300
300
300
300
300
300
300
300
300
300
300
300
300
300
300
300
300
300
300
300
300
300
300
300
)
;
    }
    ceiling
    {
        type            lumpedMassWallTemperature;
        refValue        uniform 300.008;
        refGradient     uniform 0;
        valueFraction   uniform 1;
        value           uniform 300.008;
        kappaMethod     fluidThermo;
        kappa           none;
        alphaAni        none;
        alpha           none;
        Cp              4100;
        mass            1000;
    }
    fixedWalls
    {
        type            zeroGradient;
    }
}


// ************************************************************************* //
