/*--------------------------------*- C++ -*----------------------------------*\
| =========                 |                                                 |
| \\      /  F ield         | OpenFOAM: The Open Source CFD Toolbox           |
|  \\    /   O peration     | Version:  v2012                                 |
|   \\  /    A nd           | Website:  www.openfoam.com                      |
|    \\/     M anipulation  |                                                 |
\*---------------------------------------------------------------------------*/
FoamFile
{
    version     2.0;
    format      ascii;
    class       volScalarField;
    location    "0/bottomAir";
    object      facesAgglomeration;
}
// * * * * * * * * * * * * * * * * * * * * * * * * * * * * * * * * * * * * * //

dimensions      [0 0 0 0 0 0 0];


internalField   uniform 0;

boundaryField
{
    minX
    {
        type            calculated;
        value           nonuniform List<scalar> 
50
(
0
0
0
0
1
0
0
0
0
1
2
2
1
1
1
2
2
1
1
1
2
2
3
3
3
2
2
3
3
3
4
4
4
4
3
4
4
4
4
3
5
5
5
5
5
5
5
5
5
5
)
;
    }
    maxX
    {
        type            calculated;
        value           nonuniform List<scalar> 
50
(
6
6
6
6
7
6
6
6
6
7
8
8
7
7
7
8
8
7
7
7
8
8
9
9
9
8
8
9
9
9
10
10
10
10
9
10
10
10
10
9
11
11
11
11
11
11
11
11
11
11
)
;
    }
    minY
    {
        type            calculated;
        value           nonuniform List<scalar> 
292
(
12
12
12
12
13
13
13
13
14
14
12
12
12
12
13
13
13
13
14
14
12
12
12
12
13
13
13
13
14
14
12
12
12
12
13
13
13
13
14
14
15
15
15
15
16
16
16
16
14
14
15
15
15
15
16
16
16
16
14
14
15
15
15
15
16
16
16
16
14
14
15
15
15
15
16
16
16
16
14
14
17
17
17
17
18
18
18
18
19
19
17
17
17
17
18
18
18
18
19
19
17
17
17
17
18
18
18
18
19
19
17
17
17
17
18
18
18
18
19
19
20
20
20
20
19
19
19
19
19
21
20
20
20
20
19
19
19
21
20
20
20
20
22
22
21
21
20
20
20
20
22
22
21
21
23
23
23
23
22
22
21
21
23
23
23
23
24
24
22
22
21
21
23
23
23
23
24
24
22
22
21
21
23
23
23
23
24
24
22
22
21
21
25
25
25
25
24
24
22
22
21
26
25
25
25
25
24
24
22
22
21
26
25
25
25
25
24
24
27
27
26
26
25
25
25
25
24
24
27
27
26
26
28
28
28
28
24
24
27
27
26
26
28
28
28
28
29
29
27
27
26
26
28
28
28
28
29
29
27
27
26
26
28
28
28
28
29
29
27
27
26
26
29
29
29
29
29
29
27
27
26
26
29
29
29
29
29
29
27
27
26
26
)
;
    }
    minZ
    {
        type            calculated;
        value           nonuniform List<scalar> 
150
(
30
30
31
31
32
30
30
31
31
32
30
30
31
31
32
30
30
31
31
32
33
33
34
34
32
33
33
34
34
32
33
33
34
34
32
33
33
34
34
32
35
35
36
36
37
35
35
36
36
37
35
35
36
36
37
35
35
36
36
37
38
38
39
39
37
38
38
39
39
37
38
38
39
39
37
38
38
39
39
37
40
40
41
41
42
40
40
41
41
42
40
40
41
41
42
40
40
41
41
42
43
43
44
44
42
43
43
44
44
42
43
43
44
44
42
43
43
44
44
42
45
45
46
46
47
45
45
46
46
47
45
45
46
46
47
45
45
46
46
47
45
45
47
47
47
45
45
47
47
47
)
;
    }
    maxZ
    {
        type            calculated;
        value           nonuniform List<scalar> 
150
(
48
48
49
49
50
48
48
49
49
50
48
48
49
49
50
48
48
49
49
50
51
51
52
52
50
51
51
52
52
50
51
51
52
52
50
51
51
52
52
50
53
53
54
54
55
53
53
54
54
55
53
53
54
54
55
53
53
54
54
55
56
56
57
57
55
56
56
57
57
55
56
56
57
57
55
56
56
57
57
55
58
58
59
59
60
58
58
59
59
60
58
58
59
59
60
58
58
59
59
60
61
61
62
62
60
61
61
62
62
60
61
61
62
62
60
61
61
62
62
60
63
63
64
64
65
63
63
64
64
65
63
63
64
64
65
63
63
64
64
65
63
63
65
65
65
63
63
65
65
65
)
;
    }
    bottomAir_to_rightSolid
    {
        type            calculated;
        value           nonuniform List<scalar> 
130
(
66
66
66
66
67
67
67
67
68
68
68
68
69
66
66
66
66
67
67
67
67
68
68
68
68
69
70
70
70
70
71
71
71
71
72
72
69
69
69
70
70
70
70
71
71
71
71
72
72
69
69
69
73
73
73
73
74
74
74
74
72
72
75
75
75
73
73
73
73
74
74
74
74
72
72
75
75
75
76
76
76
76
77
77
77
77
78
78
78
78
75
76
76
76
76
77
77
77
77
78
78
78
78
75
79
79
79
79
80
80
80
80
81
81
81
81
81
79
79
79
79
80
80
80
80
81
81
81
81
81
)
;
    }
    bottomAir_to_leftSolid
    {
        type            calculated;
        value           nonuniform List<scalar> 
130
(
82
82
82
82
83
83
83
83
84
84
84
84
85
82
82
82
82
83
83
83
83
84
84
84
84
85
86
86
86
86
87
87
87
87
88
88
85
85
85
86
86
86
86
87
87
87
87
88
88
85
85
85
89
89
89
89
90
90
90
90
88
88
91
91
91
89
89
89
89
90
90
90
90
88
88
91
91
91
92
92
92
92
93
93
93
93
94
94
94
94
91
92
92
92
92
93
93
93
93
94
94
94
94
91
95
95
95
95
96
96
96
96
97
97
97
97
97
95
95
95
95
96
96
96
96
97
97
97
97
97
)
;
    }
    bottomAir_to_heater
    {
        type            calculated;
        value           nonuniform List<scalar> 
92
(
98
98
99
99
98
98
99
99
100
100
101
101
102
102
103
103
102
102
103
103
104
104
105
105
104
104
105
105
100
106
100
106
101
106
101
106
107
108
107
108
109
110
109
110
109
110
107
111
111
112
108
112
107
111
111
112
108
112
109
113
113
114
110
114
109
113
113
114
110
114
109
115
115
115
110
115
116
116
117
117
116
116
117
117
118
118
119
119
118
118
119
119
)
;
    }
}


// ************************************************************************* //
