/*--------------------------------*- C++ -*----------------------------------*\
| =========                 |                                                 |
| \\      /  F ield         | OpenFOAM: The Open Source CFD Toolbox           |
|  \\    /   O peration     | Version:  v2012                                 |
|   \\  /    A nd           | Website:  www.openfoam.com                      |
|    \\/     M anipulation  |                                                 |
\*---------------------------------------------------------------------------*/
FoamFile
{
    version     2.0;
    format      ascii;
    class       volScalarField;
    location    "400";
    object      alphat;
}
// * * * * * * * * * * * * * * * * * * * * * * * * * * * * * * * * * * * * * //

dimensions      [1 -1 -1 0 0 0 0];


internalField   nonuniform List<scalar> 
4000
(
0.000431197
0.000429297
0.000421063
0.000414074
0.00041166
0.000411989
0.00041473
0.000417945
0.000421391
0.00042523
0.000424922
0.000419114
0.000408864
0.000393927
0.000394181
0.000400426
0.000405188
0.000402418
0.000386797
0.000374417
0.000582894
0.000565301
0.000535915
0.000502289
0.000480535
0.000477126
0.000484929
0.000497728
0.000509663
0.00051601
0.000517625
0.000511828
0.00049927
0.000480444
0.000452667
0.000427163
0.000409387
0.000401904
0.000383153
0.000372921
0.000716198
0.000707982
0.000684569
0.000644134
0.000598546
0.000565337
0.000554488
0.000561149
0.000576563
0.000589813
0.000594714
0.000590029
0.000577447
0.000559258
0.000534424
0.000494908
0.000441426
0.000405466
0.000405311
0.000425621
0.000800569
0.000813593
0.0008132
0.000793598
0.000759616
0.000718535
0.000681671
0.000664373
0.000666056
0.000677144
0.000687298
0.000690313
0.000684853
0.000671761
0.000652416
0.00062687
0.000592497
0.000552673
0.000536452
0.00053569
0.000855451
0.000890534
0.000914265
0.000919678
0.000911028
0.000890819
0.000862163
0.00084449
0.000843195
0.000847169
0.000847916
0.000841943
0.000828974
0.000809948
0.000785898
0.000757494
0.000725174
0.00069027
0.000654189
0.000618009
0.000896849
0.000953223
0.000997441
0.00102313
0.00103598
0.00103811
0.00102829
0.00102058
0.00102105
0.00101959
0.00101023
0.000992335
0.000967293
0.000936665
0.000901726
0.000863323
0.000821748
0.000776853
0.000726303
0.000668688
0.000932971
0.00100785
0.00106791
0.0011096
0.00113799
0.00115561
0.00116327
0.00116513
0.00116636
0.00116097
0.00114425
0.00111733
0.00108256
0.0010418
0.000996539
0.000948087
0.00089641
0.000840772
0.000777788
0.000704024
0.000966406
0.0010572
0.00113166
0.00118703
0.00122859
0.00125876
0.00127917
0.00129112
0.00129379
0.00128544
0.00126249
0.00122731
0.00118305
0.0011319
0.00107578
0.00101769
0.000956639
0.000891301
0.000817802
0.000730586
0.000998193
0.00110503
0.00119002
0.00125226
0.00129912
0.00133442
0.00136069
0.0013806
0.00138912
0.00137864
0.00135236
0.00131358
0.0012652
0.00120875
0.00114595
0.00107839
0.0010069
0.000931438
0.000849237
0.000751134
0.00102686
0.00112918
0.0012061
0.00126104
0.00130323
0.00133701
0.00136463
0.00138613
0.00140712
0.001398
0.00137216
0.00133473
0.00128855
0.00123502
0.00117502
0.00110918
0.0010377
0.000959898
0.000872351
0.000767419
0.000429297
0.000451255
0.000455621
0.000459177
0.000465298
0.000471106
0.000478925
0.00049107
0.000505246
0.000521411
0.000528505
0.000522737
0.000507307
0.000484056
0.000466953
0.000464001
0.000461189
0.000451449
0.000432377
0.000387876
0.000565301
0.000709395
0.00079775
0.000927964
0.00113231
0.0013621
0.00153992
0.00166992
0.00178009
0.00185116
0.00187125
0.00182139
0.00171166
0.00155611
0.00135018
0.00113383
0.000976083
0.000816277
0.00065773
0.000394085
0.000707982
0.000830401
0.000874973
0.000941266
0.00111869
0.00142896
0.0017769
0.00205281
0.00223005
0.00230866
0.00228604
0.00217165
0.00198414
0.00174242
0.00147504
0.00121539
0.00100207
0.0008557
0.000694426
0.000437733
0.000813593
0.000988619
0.00104387
0.00105563
0.00109324
0.00124828
0.00153939
0.00186323
0.00210569
0.00222034
0.0022094
0.00210058
0.00193462
0.00174301
0.00153913
0.00132285
0.00109502
0.000901451
0.000764356
0.000537023
0.000890534
0.00115697
0.00128846
0.00135153
0.00137138
0.00140826
0.00153324
0.00174318
0.00194903
0.00207091
0.00208251
0.00200396
0.00187695
0.00173577
0.00159431
0.00145067
0.00129571
0.00113012
0.000951846
0.000620332
0.000953223
0.00134371
0.00159407
0.00179642
0.00196081
0.00209859
0.00223599
0.00240118
0.00256518
0.00265314
0.00261412
0.002467
0.00226665
0.00205679
0.00185759
0.00167042
0.00148828
0.00130364
0.00109
0.000670563
0.00100785
0.00155482
0.00194948
0.00234155
0.00274958
0.00316281
0.00351093
0.00375792
0.00388433
0.00385579
0.00365135
0.00332514
0.0029597
0.00260542
0.00228454
0.00198911
0.00171593
0.00145933
0.00118548
0.000704278
0.0010572
0.0017683
0.00227952
0.0027796
0.00326555
0.00370097
0.0040686
0.00438345
0.00448069
0.00436899
0.00409879
0.00372263
0.00330679
0.00289584
0.00253077
0.00216801
0.00183408
0.00153184
0.00122451
0.000728944
0.00110503
0.00179283
0.00228825
0.00272496
0.00310078
0.00342047
0.00369595
0.00401063
0.00406557
0.00386345
0.00359695
0.00328815
0.00295162
0.00260652
0.00227026
0.00195602
0.00166992
0.00142084
0.00115949
0.000746591
0.00112918
0.00124106
0.00132703
0.00139056
0.00144125
0.00148357
0.00152065
0.00155297
0.00158855
0.00157636
0.00153973
0.00148772
0.00142528
0.00135351
0.00127321
0.00118509
0.00108982
0.000987416
0.000874696
0.000752723
0.000421063
0.000455621
0.000469786
0.000481074
0.00049378
0.000506255
0.000518912
0.000537321
0.000559879
0.000581371
0.000586945
0.000578059
0.000560885
0.000539971
0.00052317
0.000515343
0.000507268
0.000494362
0.000469604
0.000425801
0.000535915
0.00079775
0.00099156
0.00122932
0.00152443
0.00182371
0.00208441
0.00230051
0.00249582
0.00260713
0.00260372
0.00249177
0.00230922
0.00208007
0.00180441
0.00148914
0.00119437
0.000932695
0.000693383
0.000407655
0.000684569
0.000874973
0.00101498
0.00124869
0.00165007
0.00214558
0.00262568
0.00303181
0.0033246
0.00344865
0.00338218
0.00315952
0.00284236
0.00248643
0.00210801
0.00172899
0.00139704
0.00111106
0.000816267
0.000441548
0.0008132
0.00104387
0.0011357
0.001244
0.00152808
0.0020428
0.00265724
0.0032193
0.00362111
0.00378374
0.00369006
0.00340801
0.00303525
0.00264507
0.00225499
0.00185297
0.00147326
0.00116092
0.000904578
0.000532318
0.000914265
0.00128846
0.00143506
0.0015098
0.00166436
0.00206066
0.00267198
0.0033055
0.0037696
0.0039644
0.00386886
0.00356331
0.00316224
0.00276577
0.00240408
0.00206781
0.00174243
0.00143027
0.00112309
0.000614766
0.000997441
0.00159407
0.00189444
0.00210385
0.00234798
0.00277222
0.00338408
0.00399796
0.00444131
0.00461487
0.00448435
0.00411215
0.00362933
0.00315277
0.00272487
0.00234412
0.00199347
0.00165829
0.00130091
0.000664876
0.00106791
0.00194948
0.00249615
0.00300489
0.00355529
0.00415008
0.00473546
0.00522294
0.00556122
0.0056685
0.00548835
0.00500799
0.0043808
0.00376004
0.00319736
0.00269786
0.00224841
0.0018319
0.00140454
0.000697907
0.00113166
0.00227952
0.00310073
0.00389868
0.00460009
0.00514296
0.00550224
0.00582715
0.00604661
0.00606943
0.00586701
0.00537157
0.00471356
0.00404526
0.00341481
0.00284764
0.00233985
0.00187701
0.00142053
0.000723347
0.00119002
0.00228825
0.0031449
0.00388875
0.00444929
0.00486933
0.0050619
0.00526855
0.00538619
0.00533655
0.00513609
0.00478226
0.00426071
0.00369456
0.00311724
0.00258382
0.00211327
0.00169762
0.00130363
0.000744307
0.0012061
0.00132703
0.00141829
0.00148688
0.00154307
0.0015912
0.00163776
0.00168203
0.00172857
0.00171977
0.00167446
0.00161077
0.00153747
0.00145329
0.00135864
0.00125422
0.00114116
0.0010203
0.000889457
0.000752219
0.000414074
0.000459177
0.000481074
0.00049638
0.000512512
0.000530174
0.000546424
0.000564815
0.000591964
0.000613105
0.000620543
0.000615722
0.000604021
0.000589692
0.00057614
0.000564614
0.000553866
0.000537623
0.000510176
0.000465379
0.000502289
0.000927964
0.00122932
0.00151433
0.00179959
0.00207858
0.00234414
0.00261246
0.00288473
0.00302679
0.00299545
0.00284375
0.00261754
0.00235165
0.00205235
0.00171807
0.00138183
0.00108769
0.000804635
0.000426702
0.000644134
0.000941266
0.00124869
0.0016741
0.00217665
0.00268598
0.00318446
0.00366295
0.00405408
0.00421415
0.00408545
0.00377977
0.00338059
0.00295421
0.00251966
0.00208408
0.00167291
0.00128434
0.000899217
0.000444454
0.000793598
0.00105563
0.001244
0.00160625
0.00220781
0.00291757
0.0036305
0.00429262
0.00477981
0.00496089
0.00477378
0.00434314
0.00379799
0.00325416
0.00273788
0.00223138
0.00175541
0.00134902
0.000988418
0.000524114
0.000919678
0.00135153
0.0015098
0.00175612
0.00232041
0.00314161
0.00402236
0.00481251
0.00536572
0.00556773
0.00537768
0.00486781
0.00419993
0.00356267
0.00300965
0.00250884
0.0020374
0.00160656
0.00119747
0.000606155
0.00102313
0.00179642
0.00210385
0.00241987
0.00302525
0.0038913
0.00475821
0.00553107
0.00607331
0.00626337
0.00608092
0.0055359
0.00475644
0.00401475
0.00337902
0.00282982
0.00233497
0.00187471
0.00140642
0.000654908
0.0011096
0.00234154
0.00300489
0.00365469
0.00441214
0.00508778
0.00569584
0.00628228
0.00670892
0.00685413
0.00671042
0.00621231
0.00534989
0.00450786
0.0037715
0.00313429
0.00256675
0.00204129
0.00151033
0.000688185
0.00118703
0.0027796
0.00389868
0.00485308
0.00545404
0.00580613
0.00612865
0.00649512
0.00677852
0.00683385
0.00665093
0.0061869
0.0054845
0.00468592
0.00392057
0.00323029
0.00261547
0.00205312
0.00150584
0.000715857
0.00125226
0.00272496
0.00388875
0.00477904
0.00512336
0.00532046
0.00550975
0.005748
0.00592852
0.00591714
0.00569631
0.00537111
0.00501537
0.00445256
0.00371682
0.00301178
0.00239699
0.00185779
0.00137123
0.000742183
0.00126104
0.00139056
0.00148688
0.00156073
0.00162421
0.00167994
0.00173284
0.00178626
0.00184256
0.00184378
0.00179048
0.00171694
0.00163282
0.00153647
0.00142933
0.00131109
0.00118332
0.00104801
0.000905019
0.000756357
0.00041166
0.000465298
0.00049378
0.000512512
0.000530718
0.000549572
0.000564123
0.000582645
0.000616269
0.000639806
0.000646797
0.000648819
0.000644557
0.000635927
0.000625664
0.000614214
0.000600478
0.000581618
0.000549045
0.000486214
0.000480535
0.00113231
0.00152443
0.00179959
0.0020112
0.00219327
0.00238682
0.00265988
0.00298991
0.00317166
0.00316707
0.00301489
0.00277608
0.00250753
0.00222767
0.00193799
0.00165322
0.00138543
0.00107326
0.000472343
0.000598546
0.00111869
0.00165007
0.00217665
0.00263463
0.00303348
0.00344981
0.00395379
0.00443891
0.00463172
0.00451983
0.00417762
0.00372366
0.00325166
0.00279481
0.0023466
0.00190809
0.00147921
0.00103864
0.000451641
0.000759616
0.00109324
0.00152808
0.00220781
0.00294289
0.00360979
0.00425727
0.0049303
0.00545976
0.00563553
0.00544371
0.00494458
0.00429045
0.00363798
0.00304621
0.00248862
0.00196454
0.00149678
0.00105577
0.00051478
0.000911028
0.00137138
0.00166436
0.00232041
0.00324346
0.00415071
0.00496925
0.00575532
0.00628836
0.0064459
0.00621762
0.0056459
0.00483759
0.00403561
0.00335614
0.00275899
0.00220642
0.00170015
0.00121751
0.000597768
0.00103598
0.00196081
0.00234798
0.00302525
0.00400965
0.00490956
0.00570049
0.00644767
0.00693322
0.00704896
0.00681272
0.00628091
0.0053879
0.00446991
0.00371114
0.00307406
0.00250113
0.0019649
0.00142079
0.000646185
0.00113799
0.00274958
0.00355529
0.00441214
0.00517073
0.00574873
0.00624388
0.00679017
0.00718657
0.00725772
0.00704227
0.00659978
0.00574702
0.00478889
0.00398237
0.00329964
0.00268929
0.00211364
0.00152829
0.000677847
0.00122859
0.00326555
0.00460009
0.00545404
0.00587849
0.00613175
0.00639806
0.00677189
0.0070833
0.0071266
0.00690093
0.00642431
0.00568778
0.00485097
0.00406595
0.00334672
0.0027021
0.00210358
0.00151643
0.00070634
0.00129912
0.00310078
0.00444929
0.00512336
0.00538781
0.00555408
0.00575239
0.00603221
0.00627802
0.00630379
0.00601163
0.00561236
0.0052551
0.0048263
0.00403414
0.00321546
0.00251607
0.00191612
0.00138561
0.000738214
0.00130323
0.00144125
0.00154307
0.00162421
0.00169285
0.00175483
0.00181705
0.00188211
0.0019504
0.00196613
0.00189945
0.00181045
0.00171527
0.00160809
0.00148665
0.00135441
0.00121264
0.00106474
0.000913182
0.000759726
0.000411989
0.000471106
0.000506255
0.000530174
0.000549572
0.000565802
0.00057555
0.000596458
0.000641009
0.000673428
0.000683945
0.000687959
0.000688229
0.000682261
0.000672349
0.000659381
0.000641303
0.000617761
0.000578531
0.000500288
0.000477126
0.0013621
0.00182371
0.00207858
0.00219327
0.00222463
0.0022879
0.00251062
0.00287812
0.00313416
0.00320951
0.00311959
0.00290325
0.00265592
0.00242474
0.00221065
0.00199824
0.00175623
0.00138523
0.000520524
0.000565337
0.00142896
0.00214558
0.00268598
0.00303348
0.00322845
0.00346535
0.00389881
0.00442858
0.00472834
0.00472865
0.00445137
0.00398072
0.00347333
0.00300879
0.00257829
0.00216027
0.00174098
0.00125951
0.000469098
0.000718535
0.00124828
0.0020428
0.00291757
0.00360979
0.0040711
0.00445917
0.00503098
0.00557439
0.00581816
0.00570218
0.00529825
0.00462237
0.00389342
0.00325157
0.00267543
0.00213911
0.0016411
0.00114007
0.000506827
0.000890819
0.00140826
0.00206066
0.00314161
0.00415071
0.00482723
0.0053215
0.00594591
0.0064696
0.00662692
0.0063734
0.00593692
0.00515084
0.00426436
0.00351822
0.00287825
0.00228845
0.00174057
0.00121072
0.000589062
0.00103811
0.00209859
0.00277222
0.0038913
0.00490956
0.00553332
0.00598069
0.0065534
0.00701773
0.00708538
0.00675704
0.00634016
0.00554997
0.00458448
0.00379836
0.00314577
0.00254848
0.0019756
0.00138751
0.000638413
0.00115561
0.00316281
0.00415008
0.00508778
0.00574873
0.00604286
0.00630048
0.00677041
0.00720605
0.00728246
0.00693127
0.00648795
0.00567973
0.00472275
0.00395214
0.00329989
0.0026992
0.00211077
0.00149538
0.000668417
0.00125876
0.00370097
0.00514296
0.00580613
0.00613175
0.00625374
0.00642772
0.00679869
0.00719406
0.00730796
0.00696498
0.00638067
0.00555869
0.00473238
0.00398814
0.00330711
0.00268472
0.00208713
0.00149088
0.000694331
0.00133442
0.00342047
0.00486933
0.00532046
0.00555408
0.00570968
0.00592981
0.00626375
0.00660489
0.00671858
0.00629203
0.00572409
0.00530714
0.00489225
0.0041243
0.00323468
0.00250613
0.00189891
0.00136117
0.000728757
0.00133701
0.00148357
0.0015912
0.00167994
0.00175483
0.00182625
0.00190128
0.00198153
0.00206544
0.0021024
0.00201475
0.00190078
0.00178746
0.00166651
0.00152884
0.00138105
0.0012244
0.00106412
0.000906076
0.000755033
0.00041473
0.000478925
0.000518912
0.000546424
0.000564123
0.00057555
0.000580204
0.000610045
0.000669402
0.000721697
0.000735894
0.000740206
0.000738634
0.00072964
0.00071474
0.000694651
0.000670072
0.000639987
0.000594826
0.000507589
0.00048493
0.00153992
0.00208441
0.00234414
0.00238682
0.0022879
0.00219839
0.00226923
0.00265346
0.00304511
0.00326634
0.00329625
0.00311719
0.00288132
0.00267916
0.00251173
0.00233672
0.00208424
0.00164117
0.000555398
0.000554488
0.0017769
0.00262568
0.00318446
0.00344981
0.00346535
0.00340601
0.00359205
0.00415013
0.00461299
0.00478959
0.00469137
0.00426416
0.00371708
0.00323324
0.00282612
0.00244866
0.00205
0.00152643
0.000497633
0.000681671
0.00153939
0.00265724
0.0036305
0.00425727
0.00445918
0.0044654
0.00473367
0.00534176
0.00575206
0.00570355
0.00547926
0.00491671
0.00414086
0.0034384
0.00284536
0.00231278
0.00180634
0.00125951
0.00050393
0.000862163
0.00153324
0.00267198
0.00402236
0.00496925
0.0053215
0.00534303
0.00565287
0.00626462
0.00656494
0.0063244
0.00597019
0.00533944
0.00443112
0.00361686
0.00294013
0.00232923
0.00175826
0.00119841
0.000580119
0.00102829
0.00223599
0.00338408
0.00475821
0.00570049
0.00598069
0.00593022
0.00623207
0.00683126
0.00714377
0.00680388
0.00628455
0.00557264
0.00461413
0.0037998
0.00313697
0.00252861
0.0019369
0.00133105
0.000631083
0.00116327
0.00351093
0.00473546
0.00569584
0.00624388
0.00630048
0.00625169
0.00654587
0.00713038
0.00750103
0.00710114
0.00640471
0.00556888
0.00460884
0.00386122
0.00324306
0.00265921
0.00206788
0.00143913
0.000658993
0.00127917
0.0040686
0.00550224
0.00612865
0.00639806
0.00642772
0.00648349
0.00678706
0.00731276
0.00769823
0.00725958
0.00634995
0.00536539
0.00453178
0.00383345
0.00321104
0.00263137
0.00204783
0.0014434
0.000681568
0.00136069
0.00369595
0.0050619
0.00550975
0.00575239
0.00592981
0.00617941
0.00655763
0.00701156
0.00731268
0.00670412
0.00583142
0.00527185
0.00480729
0.00405121
0.00311798
0.00241016
0.00183395
0.00131054
0.000711267
0.00136463
0.00152065
0.00163776
0.00173284
0.00181705
0.00190128
0.00199248
0.00209132
0.00219407
0.00226151
0.00214501
0.00199372
0.00185305
0.00171156
0.00155371
0.00138715
0.00121355
0.00104026
0.000876971
0.000736487
0.000417945
0.00049107
0.000537321
0.000564815
0.000582645
0.000596458
0.000610045
0.000636766
0.000699874
0.000785584
0.000803369
0.000803991
0.000795556
0.0007774
0.000748954
0.000717978
0.000685896
0.000650077
0.000601529
0.000510666
0.000497728
0.00166992
0.00230051
0.00261246
0.00265988
0.00251062
0.00226923
0.00209352
0.00234492
0.00297114
0.00337147
0.00360388
0.0034632
0.00320004
0.00296916
0.00278618
0.00259785
0.00230767
0.0018131
0.000572471
0.000561149
0.00205281
0.00303181
0.00366295
0.00395379
0.00389881
0.00359205
0.00334244
0.00372331
0.00452037
0.00483682
0.00496836
0.00462358
0.0040381
0.00350907
0.00310015
0.00274583
0.00235271
0.00178591
0.000529111
0.000664373
0.00186323
0.0032193
0.00429262
0.0049303
0.00503098
0.00473367
0.00443712
0.00489155
0.00567714
0.00584415
0.00572864
0.00520275
0.00442924
0.00366013
0.00303503
0.00250318
0.00199681
0.00141189
0.00050901
0.00084449
0.00174318
0.0033055
0.00481251
0.00575532
0.00594591
0.00565288
0.00530961
0.00574569
0.00656654
0.0066959
0.00624372
0.005502
0.00462606
0.00373828
0.00300533
0.00236803
0.00177954
0.00119633
0.000571705
0.00102058
0.00240118
0.00399796
0.00553107
0.00644767
0.0065534
0.00623207
0.00593495
0.00635866
0.00726011
0.00736289
0.00653027
0.00561861
0.00469582
0.00382497
0.00311763
0.00248248
0.00187376
0.00126784
0.000623935
0.00116513
0.00375792
0.00522294
0.00628228
0.00679017
0.00677041
0.00654587
0.00639254
0.00682333
0.00776526
0.0077412
0.0065602
0.00553244
0.0045945
0.0038279
0.00320344
0.00261111
0.00200851
0.00137627
0.000648819
0.00129112
0.00438345
0.00582715
0.00649512
0.00677189
0.00679869
0.00678706
0.00686001
0.00729985
0.00813796
0.00785156
0.00639298
0.00520104
0.00437014
0.00372271
0.00314749
0.00259288
0.00200888
0.00139302
0.000666299
0.0013806
0.00401063
0.00526855
0.005748
0.00603221
0.00626375
0.00655763
0.00692827
0.00740101
0.0079809
0.00722983
0.00593325
0.00516659
0.00460499
0.00383821
0.00293817
0.00229498
0.001759
0.00125086
0.000686907
0.00138613
0.00155297
0.00168203
0.00178626
0.00188211
0.00198153
0.00209132
0.00221008
0.00232889
0.00243583
0.00228732
0.0020862
0.00190883
0.00173914
0.0015572
0.00136743
0.00117459
0.000989198
0.000825816
0.000704854
0.000421391
0.000505247
0.000559879
0.000591964
0.000616269
0.000641009
0.000669402
0.000699874
0.000747811
0.00085116
0.000877747
0.000871126
0.000851158
0.000814265
0.000770094
0.000729204
0.000690786
0.000652351
0.000602596
0.000512084
0.000509663
0.00178009
0.00249582
0.00288473
0.00298991
0.00287812
0.00265346
0.00234492
0.00207216
0.0026359
0.00321407
0.00396503
0.00382883
0.00352695
0.00323001
0.0029833
0.00274412
0.00241975
0.00189236
0.000573934
0.000576563
0.00223005
0.0033246
0.00405408
0.00443891
0.00442858
0.00415013
0.00372331
0.00321349
0.00386373
0.00478199
0.00541362
0.00495021
0.00437409
0.00380626
0.00336574
0.00300127
0.00259643
0.00199181
0.00055338
0.000666056
0.00210569
0.00362111
0.00477982
0.00545976
0.00557439
0.00534176
0.00489155
0.00415016
0.00485338
0.00611814
0.00622526
0.00539907
0.00469384
0.0039077
0.0032499
0.0027053
0.00219224
0.00157398
0.000521109
0.000843195
0.00194903
0.0037696
0.00536572
0.00628836
0.0064696
0.00626462
0.00574569
0.0049492
0.00578571
0.00726545
0.00669902
0.00558477
0.00479809
0.00389288
0.00310263
0.00242781
0.00181921
0.00121125
0.000565123
0.00102105
0.00256518
0.00444131
0.00607331
0.00693322
0.00701773
0.00683126
0.00635866
0.00568958
0.00669822
0.00810703
0.00686326
0.00561312
0.0047857
0.0038916
0.00311978
0.00243613
0.00180525
0.00120805
0.00061698
0.00116636
0.00388433
0.00556122
0.00670892
0.00718657
0.00720605
0.00713038
0.00682333
0.00640447
0.00751722
0.00848273
0.00671397
0.00546723
0.00462211
0.00386392
0.00320475
0.00257325
0.00194627
0.00131651
0.000637957
0.00129379
0.00448069
0.00604661
0.00677852
0.0070833
0.00719406
0.00731276
0.00729985
0.00719623
0.0082002
0.00839395
0.0063252
0.00501408
0.00425628
0.00369115
0.00315905
0.0026004
0.00198866
0.00135019
0.000649643
0.00138912
0.00406557
0.00538619
0.00592852
0.00627802
0.00660489
0.00701156
0.00740101
0.00765049
0.00835186
0.00759986
0.00588815
0.00495592
0.00430027
0.00352622
0.00279153
0.00224925
0.00172917
0.00120647
0.000661328
0.00140712
0.00158855
0.00172857
0.00184256
0.0019504
0.00206544
0.00219407
0.00232889
0.00244502
0.00258682
0.0024198
0.0021623
0.00194275
0.00173914
0.00152796
0.00131309
0.00110311
0.000916814
0.000768985
0.000670708
0.00042523
0.000521411
0.000581371
0.000613105
0.000639806
0.000673428
0.000721697
0.000785584
0.00085116
0.000895388
0.000918603
0.000909121
0.000875788
0.000825274
0.000775036
0.00072985
0.000688145
0.000648939
0.000598495
0.000512123
0.00051601
0.00185116
0.00260713
0.00302679
0.00317166
0.00313416
0.00304511
0.00297114
0.0026359
0.00182512
0.00259986
0.00433612
0.00395837
0.00367209
0.00335139
0.00305934
0.00278244
0.00243333
0.00188713
0.000566244
0.000589813
0.00230866
0.00344865
0.00421415
0.00463172
0.00472834
0.00461299
0.00452037
0.00386373
0.00271471
0.00453234
0.00585671
0.00503112
0.00457664
0.00403776
0.00356855
0.00317095
0.002743
0.00211427
0.000562141
0.000677144
0.00222034
0.00378374
0.00496089
0.00563553
0.00581816
0.00575206
0.00567714
0.00485338
0.00381762
0.00631816
0.0064944
0.00539119
0.00484665
0.00412729
0.00346229
0.00289275
0.00235689
0.00170603
0.000534493
0.000847169
0.00207091
0.0039644
0.00556773
0.0064459
0.00662692
0.00656494
0.00656654
0.00578571
0.00513816
0.00769152
0.00672088
0.0055081
0.00489235
0.00405097
0.00323148
0.00250978
0.00187121
0.00123693
0.000561422
0.00101959
0.00265314
0.00461487
0.00626337
0.00704896
0.00708538
0.00714377
0.00726011
0.00669822
0.00654584
0.00848697
0.00665697
0.00549134
0.00482872
0.00398307
0.00315603
0.00240737
0.0017455
0.00115688
0.000610263
0.00116097
0.00385579
0.0056685
0.00685413
0.00725772
0.00728246
0.00750103
0.00776526
0.00751722
0.00775189
0.00862112
0.00635166
0.00531324
0.0046399
0.00394799
0.00324739
0.0025507
0.00188849
0.00126524
0.000626781
0.00128544
0.00436899
0.00606943
0.00683385
0.0071266
0.00730796
0.00769823
0.00813796
0.0082002
0.00851928
0.00819014
0.00585707
0.00476295
0.00417495
0.0037323
0.00324619
0.00265563
0.0019923
0.00132061
0.000633258
0.00137864
0.00386345
0.00533655
0.00591714
0.00630379
0.00671858
0.00731268
0.0079809
0.00835186
0.00855531
0.00736868
0.0055328
0.00462644
0.00391558
0.00320861
0.00275625
0.00231068
0.00176432
0.00118573
0.000638679
0.001398
0.00157636
0.00171977
0.00184378
0.00196613
0.0021024
0.00226151
0.00243583
0.00258682
0.00267989
0.00244071
0.00213059
0.00187982
0.00164662
0.00141634
0.00119504
0.000994627
0.000836402
0.000719885
0.000641742
0.000424922
0.000528505
0.000586945
0.000620543
0.000646797
0.000683945
0.000735894
0.000803369
0.000877747
0.000918603
0.000914243
0.00090289
0.000861171
0.000814422
0.000768329
0.000724859
0.000682969
0.000643306
0.000592622
0.000511687
0.000517625
0.00187125
0.00260372
0.00299545
0.00316707
0.00320951
0.00326634
0.00337147
0.00321407
0.00259986
0.00298352
0.00404661
0.00388933
0.00362772
0.00332851
0.00302977
0.00273241
0.0023693
0.00181509
0.000553802
0.000594714
0.00228604
0.00338218
0.00408545
0.00451983
0.00472865
0.00478959
0.00483682
0.00478199
0.00453234
0.0051536
0.00542732
0.004973
0.00456596
0.00412028
0.00366378
0.00323002
0.00277027
0.0021215
0.000553046
0.000687298
0.0022094
0.00369006
0.00477378
0.00544371
0.00570218
0.00570355
0.00584415
0.00611814
0.00631816
0.00659882
0.00589495
0.00535515
0.00485697
0.00426305
0.00362462
0.00302733
0.00245614
0.00177331
0.000541506
0.000847916
0.00208251
0.00386886
0.00537768
0.00621762
0.0063734
0.0063244
0.0066959
0.00726545
0.00769152
0.00734712
0.00605425
0.00549126
0.004918
0.00419411
0.00337796
0.00260092
0.00191584
0.00125375
0.000560407
0.00101023
0.00261412
0.00448435
0.00608092
0.00681272
0.00675704
0.00680388
0.00736289
0.00810703
0.00848697
0.00750549
0.00600451
0.00545867
0.00485566
0.00410465
0.00324026
0.00241371
0.00170505
0.00111615
0.000603632
0.00114425
0.00365135
0.00548835
0.00671042
0.00704227
0.00693127
0.00710114
0.0077412
0.00848273
0.00862112
0.00719699
0.00576832
0.00519495
0.00467587
0.00407708
0.00332864
0.00254937
0.00184192
0.00122594
0.000615571
0.00126249
0.00409879
0.00586701
0.00665093
0.00690093
0.00696498
0.00725958
0.00785156
0.00839395
0.00819014
0.00660889
0.00520112
0.00449069
0.00414851
0.00385584
0.00339424
0.00274149
0.0020173
0.0013083
0.000618208
0.00135236
0.00359695
0.00513609
0.00569631
0.00601163
0.00629203
0.00670412
0.00722983
0.00759986
0.00736868
0.00596554
0.00488162
0.00414017
0.00345095
0.00310225
0.00286753
0.00248629
0.00186304
0.00118831
0.000620422
0.00137216
0.00153973
0.00167446
0.00179048
0.00189945
0.00201475
0.00214501
0.00228732
0.0024198
0.00244071
0.00218838
0.00195292
0.00172753
0.0014964
0.00126324
0.00104763
0.000883385
0.000768677
0.000683518
0.000620073
0.000419114
0.000522737
0.000578059
0.000615722
0.000648819
0.000687959
0.000740206
0.000803991
0.000871126
0.000909121
0.00090289
0.000871146
0.00083471
0.000797143
0.000759274
0.000720315
0.00067972
0.000638676
0.000587756
0.000511473
0.000511828
0.00182139
0.00249177
0.00284375
0.00301489
0.00311959
0.00329625
0.00360388
0.00396503
0.00433612
0.00404661
0.00391542
0.0037278
0.00349126
0.00322761
0.00294038
0.00263291
0.00226826
0.00171714
0.00054025
0.000590029
0.00217165
0.00315952
0.00377977
0.00417762
0.00445137
0.00469137
0.00496836
0.00541362
0.00585671
0.00542732
0.00505259
0.00474496
0.00441502
0.0040445
0.00361945
0.00316791
0.00268193
0.00201997
0.000531873
0.000690313
0.00210058
0.00340801
0.00434314
0.00494458
0.00529825
0.00547926
0.00572864
0.00622526
0.0064944
0.00589495
0.00548824
0.00513134
0.00474161
0.0042781
0.00369382
0.00307487
0.00246591
0.0017589
0.000539889
0.000841943
0.00200396
0.00356331
0.00486781
0.0056459
0.00593692
0.00597019
0.00624372
0.00669902
0.00672088
0.00605425
0.00568247
0.00530705
0.00487594
0.00430195
0.00352117
0.00268812
0.00193671
0.00124362
0.000561055
0.000992335
0.002467
0.00411215
0.0055359
0.00628091
0.00634016
0.00628455
0.00653027
0.00686326
0.00665697
0.00600451
0.00567823
0.00530412
0.00487806
0.0042546
0.0033827
0.00247052
0.00169228
0.00108698
0.000596685
0.00111733
0.00332514
0.00500799
0.00621231
0.00659978
0.00648795
0.00640471
0.0065602
0.00671397
0.00635166
0.00576832
0.00539026
0.00505081
0.0047351
0.00422894
0.00345681
0.00259691
0.00182545
0.00120257
0.000604436
0.00122731
0.00372263
0.00537157
0.0061869
0.00642431
0.00638067
0.00634995
0.00639298
0.0063252
0.00585707
0.00520112
0.00459943
0.00431356
0.00420696
0.00401318
0.00352833
0.0028138
0.00205244
0.00131722
0.000604937
0.00131358
0.00328815
0.00478226
0.00537111
0.00561236
0.00572409
0.00583142
0.00593325
0.00588815
0.0055328
0.00488162
0.00421824
0.00353557
0.00323516
0.0031568
0.00305952
0.00268542
0.00201803
0.00121363
0.000606566
0.00133473
0.00148772
0.00161077
0.00171694
0.00181045
0.00190078
0.00199372
0.0020862
0.0021623
0.00213059
0.00195292
0.00175587
0.00154111
0.00131433
0.00109194
0.000912799
0.000800637
0.000725545
0.000660712
0.000605127
0.000408864
0.000507307
0.000560885
0.000604021
0.000644557
0.000688229
0.000738634
0.000795556
0.000851158
0.000875788
0.000861171
0.00083471
0.000807384
0.0007804
0.0007512
0.00071758
0.000679227
0.000636313
0.000584838
0.00051194
0.00049927
0.00171166
0.00230922
0.00261754
0.00277608
0.00290325
0.00311719
0.0034632
0.00382883
0.00395837
0.00388933
0.0037278
0.00353575
0.00333663
0.00311113
0.00284087
0.0025269
0.00216283
0.00162394
0.000527644
0.000577447
0.00198414
0.00284236
0.00338059
0.00372366
0.00398072
0.00426416
0.00462358
0.00495021
0.00503112
0.004973
0.00474496
0.00448173
0.00420794
0.00388644
0.0034889
0.00302481
0.00251193
0.00185691
0.000512885
0.000684853
0.00193462
0.00303525
0.00379799
0.00429045
0.00462237
0.00491671
0.00520275
0.00539907
0.00539119
0.00535515
0.00513134
0.00485519
0.00455853
0.00417685
0.00366082
0.003035
0.0023892
0.0016659
0.000535362
0.000828974
0.00187695
0.00316224
0.00419993
0.00483759
0.00515084
0.00533944
0.005502
0.00558476
0.0055081
0.00549126
0.00530705
0.00506758
0.00477548
0.00432609
0.0036341
0.00277268
0.00193928
0.00120715
0.000562114
0.000967293
0.00226665
0.00362933
0.00475644
0.0053879
0.00554997
0.00557264
0.00561861
0.00561312
0.00549134
0.00545867
0.00530412
0.00512475
0.00486136
0.00437508
0.00357018
0.00259486
0.00172086
0.00107392
0.000588933
0.00108256
0.0029597
0.0043808
0.00534989
0.00574702
0.00567973
0.00556888
0.00553244
0.00546723
0.00531324
0.00519495
0.00505081
0.00494456
0.0047605
0.00434879
0.00362464
0.00271496
0.00186218
0.00120086
0.000593422
0.00118305
0.00330679
0.00471356
0.0054845
0.00568778
0.00555869
0.00536539
0.00520104
0.00501408
0.00476295
0.00449069
0.00431356
0.00428981
0.00428208
0.00411897
0.00362723
0.00289326
0.00209971
0.00135135
0.000593538
0.0012652
0.00295162
0.00426071
0.00501537
0.0052551
0.00530714
0.00527185
0.00516659
0.00495592
0.00462644
0.00414017
0.00353557
0.00324973
0.00320744
0.00325383
0.00317033
0.00270653
0.00206983
0.00126324
0.000596752
0.00128855
0.00142528
0.00153747
0.00163282
0.00171527
0.00178746
0.00185305
0.00190883
0.00194275
0.00187982
0.00172753
0.00154111
0.00133279
0.00111854
0.000936169
0.000820534
0.000769223
0.000713384
0.000649361
0.000594985
0.000393927
0.000484056
0.000539971
0.000589692
0.000635927
0.000682261
0.00072964
0.0007774
0.000814265
0.000825274
0.000814422
0.000797143
0.0007804
0.000763333
0.000742384
0.000714734
0.000679626
0.000637286
0.000583464
0.000513117
0.000480444
0.00155611
0.00208007
0.00235165
0.00250753
0.00265592
0.00288132
0.00320004
0.00352695
0.00367209
0.00362772
0.00349126
0.00333663
0.00318057
0.00299461
0.00274835
0.00243305
0.00205265
0.00153688
0.000516839
0.000559258
0.00174242
0.00248643
0.00295421
0.00325166
0.00347333
0.00371708
0.0040381
0.00437409
0.00457664
0.00456596
0.00441502
0.00420794
0.00397556
0.00369577
0.0033302
0.00286448
0.00231762
0.00165666
0.000499729
0.000671761
0.00174301
0.00264507
0.00325416
0.00363798
0.00389342
0.00414086
0.00442924
0.00469384
0.00484665
0.00485697
0.00474161
0.00455853
0.0043226
0.00400499
0.00355403
0.00294814
0.00225513
0.00151329
0.000533518
0.000809948
0.00173577
0.00276577
0.00356267
0.00403561
0.00426436
0.00443112
0.00462606
0.00479809
0.00489235
0.004918
0.00487594
0.00477547
0.00458679
0.00425216
0.00369085
0.00286499
0.00196185
0.00117424
0.00056149
0.000936665
0.00205679
0.00315277
0.00401475
0.00446991
0.00458448
0.00461413
0.00469582
0.0047857
0.00482872
0.00485566
0.00487806
0.00486136
0.00473022
0.00439588
0.00375285
0.00279417
0.00181782
0.00108919
0.000580059
0.0010418
0.00260542
0.00376004
0.00450786
0.00478889
0.00472275
0.00460884
0.0045945
0.00462211
0.0046399
0.00467587
0.0047351
0.0047605
0.00466937
0.00437327
0.00378515
0.00290124
0.00196959
0.00122997
0.000582603
0.0011319
0.00289584
0.00404526
0.00468592
0.00485097
0.00473238
0.00453178
0.00437014
0.00425628
0.00417495
0.00414851
0.00420696
0.00428208
0.00427921
0.00410514
0.00367738
0.00299067
0.00217843
0.0014105
0.000583629
0.00120875
0.00260652
0.00369456
0.00445256
0.0048263
0.00489225
0.00480729
0.00460499
0.00430027
0.00391558
0.00345095
0.00323516
0.00320744
0.00325646
0.00330043
0.00312393
0.00270033
0.00208706
0.00132348
0.000589419
0.00123502
0.00135351
0.00145329
0.00153647
0.00160809
0.00166651
0.00171156
0.00173914
0.00173914
0.00164662
0.0014964
0.00131433
0.00111854
0.00094563
0.000830843
0.000783333
0.000758462
0.000707116
0.000640213
0.000586561
0.000394181
0.000466953
0.00052317
0.00057614
0.000625664
0.000672349
0.00071474
0.000748954
0.000770094
0.000775036
0.000768329
0.000759274
0.0007512
0.000742384
0.000729345
0.000708691
0.000678412
0.000637948
0.000584653
0.000514602
0.000452667
0.00135018
0.00180441
0.00205235
0.00222767
0.00242474
0.00267916
0.00296916
0.00323001
0.00335139
0.00332851
0.00322761
0.00311113
0.00299461
0.00285274
0.0026466
0.00234943
0.0019568
0.00143671
0.000509287
0.000534424
0.00147504
0.00210801
0.00251966
0.00279481
0.00300879
0.00323324
0.00350907
0.00380626
0.00403776
0.00412028
0.0040445
0.00388644
0.00369577
0.00346803
0.00315862
0.00272444
0.00216116
0.00147578
0.000497675
0.000652416
0.00153913
0.00225499
0.00273788
0.00304621
0.00325157
0.0034384
0.00366013
0.0039077
0.00412729
0.00426305
0.0042781
0.00417685
0.00400499
0.00376582
0.00340695
0.00286572
0.00215139
0.00137223
0.000531411
0.000785898
0.00159431
0.00240408
0.00300965
0.00335614
0.00351822
0.00361686
0.00373828
0.00389288
0.00405096
0.00419411
0.00430195
0.00432609
0.00425216
0.00405101
0.00365427
0.00296639
0.00204484
0.00118163
0.000558004
0.000901726
0.00185759
0.00272487
0.00337902
0.00371114
0.00379836
0.0037998
0.00382497
0.0038916
0.00398307
0.00410465
0.0042546
0.00437508
0.00439588
0.0042389
0.00381968
0.00302705
0.00200851
0.00115419
0.0005703
0.000996539
0.00228454
0.00319736
0.0037715
0.00398237
0.00395214
0.00386122
0.0038279
0.00386392
0.00394799
0.00407708
0.00422894
0.00434879
0.00437327
0.00422231
0.00382524
0.00309692
0.0021495
0.00130371
0.000572205
0.00107578
0.00253077
0.00341481
0.00392057
0.00406595
0.00398814
0.00383345
0.00372271
0.00369115
0.0037323
0.00385584
0.00401318
0.00411897
0.00410514
0.0039458
0.00361635
0.0030558
0.00227775
0.00148273
0.000574348
0.00114595
0.00227026
0.00311724
0.00371682
0.00403414
0.0041243
0.00405121
0.0038382
0.00352622
0.00320861
0.00310225
0.0031568
0.00325383
0.00330043
0.00321714
0.00299843
0.00264926
0.0020848
0.0013624
0.000582119
0.00117502
0.00127321
0.00135864
0.00142933
0.00148665
0.00152884
0.00155371
0.0015572
0.00152796
0.00141634
0.00126324
0.00109194
0.000936169
0.000830843
0.000777424
0.000761869
0.000743667
0.000695506
0.000628691
0.000577345
0.000400426
0.000464001
0.000515343
0.000564614
0.000614214
0.000659381
0.000694651
0.000717978
0.000729204
0.00072985
0.000724859
0.000720315
0.00071758
0.000714734
0.000708691
0.000695784
0.000672524
0.000636359
0.000584797
0.000516232
0.000427163
0.00113383
0.00148914
0.00171807
0.00193799
0.00221065
0.00251173
0.00278618
0.0029833
0.00305934
0.00302977
0.00294038
0.00284087
0.00274835
0.0026466
0.00249501
0.00224752
0.00187287
0.00134243
0.000510421
0.000494908
0.00121539
0.00172899
0.00208408
0.0023466
0.00257829
0.00282612
0.00310015
0.00336574
0.00356855
0.00366378
0.00361945
0.0034889
0.0033302
0.00315862
0.00293381
0.00258645
0.00206713
0.00137265
0.000505848
0.00062687
0.00132285
0.00185297
0.00223138
0.00248862
0.00267543
0.00284536
0.00303503
0.0032499
0.00346229
0.00362462
0.00369382
0.00366082
0.00355403
0.00340695
0.003178
0.00277678
0.00213633
0.00132083
0.000529433
0.000757494
0.00145067
0.00206781
0.00250884
0.00275899
0.00287825
0.00294013
0.00300533
0.00310263
0.00323148
0.00337796
0.00352117
0.0036341
0.00369085
0.00365427
0.00345398
0.00299696
0.00219483
0.00126203
0.000552451
0.000863323
0.00167042
0.00234412
0.00282982
0.00307406
0.00314577
0.00313697
0.00311763
0.00311978
0.00315603
0.00324026
0.0033827
0.00357018
0.00375285
0.00381968
0.0036454
0.0031449
0.00225331
0.00129046
0.000560816
0.000948087
0.00198911
0.00269786
0.00313429
0.00329964
0.00329989
0.00324306
0.00320344
0.00320475
0.00324739
0.00332864
0.00345681
0.00362464
0.00378515
0.00382524
0.00363848
0.00315987
0.00233952
0.00141943
0.000562443
0.00101769
0.00216801
0.00284764
0.00323029
0.00334672
0.00330711
0.00321104
0.00314749
0.00315905
0.00324619
0.00339424
0.00352833
0.00362723
0.00367738
0.00361635
0.00339929
0.00299359
0.00233481
0.00153594
0.000564426
0.00107839
0.00195602
0.00258382
0.00301178
0.00321546
0.00323468
0.00311798
0.00293817
0.00279153
0.00275625
0.00286753
0.00305952
0.00317033
0.00312393
0.00299843
0.00279138
0.00249447
0.00202119
0.00133901
0.000572314
0.00110918
0.00118509
0.00125422
0.00131109
0.00135441
0.00138105
0.00138715
0.00136743
0.00131309
0.00119504
0.00104763
0.000912799
0.000820534
0.000783333
0.000761869
0.0007422
0.00071814
0.000673811
0.000612503
0.000565685
0.000405188
0.000461189
0.000507268
0.000553866
0.000600478
0.000641303
0.000670072
0.000685896
0.000690786
0.000688145
0.000682969
0.00067972
0.000679227
0.000679626
0.000678412
0.000672524
0.000657884
0.000629857
0.000583663
0.000518519
0.000409387
0.000976083
0.00119437
0.00138183
0.00165322
0.00199824
0.00233672
0.00259785
0.00274412
0.00278244
0.00273241
0.00263291
0.0025269
0.00243305
0.00234943
0.00224752
0.00207378
0.00176786
0.00127076
0.000517258
0.000441426
0.00100207
0.00139704
0.00167291
0.00190809
0.00216027
0.00244866
0.00274583
0.00300127
0.00317095
0.00323002
0.00316791
0.00302481
0.00286448
0.00272444
0.00258645
0.00236926
0.00197922
0.00134698
0.000518795
0.000592497
0.00109502
0.00147326
0.00175541
0.00196454
0.00213911
0.00231278
0.00250318
0.0027053
0.00289275
0.00302733
0.00307487
0.003035
0.00294814
0.00286572
0.00277678
0.00256634
0.00212156
0.00137293
0.000531982
0.000725173
0.00129571
0.00174243
0.0020374
0.00220642
0.00228845
0.00232923
0.00236803
0.00242781
0.00250978
0.00260092
0.00268812
0.00277268
0.00286499
0.00296639
0.00299696
0.00280016
0.00228623
0.00140874
0.000547665
0.000821748
0.00148828
0.00199347
0.00233497
0.00250113
0.00254848
0.00252861
0.00248248
0.00243613
0.00240737
0.00241371
0.00247052
0.00259486
0.00279417
0.00302705
0.0031449
0.00295069
0.00238655
0.0014639
0.000552799
0.00089641
0.00171593
0.00224841
0.00256675
0.00268929
0.0026992
0.00265921
0.00261111
0.00257326
0.0025507
0.00254937
0.00259691
0.00271496
0.00290124
0.00309692
0.00315987
0.00293245
0.00238743
0.00152247
0.000552638
0.000956639
0.00183408
0.00233985
0.00261547
0.0027021
0.00268472
0.00263137
0.00259288
0.0026004
0.00265563
0.00274149
0.0028138
0.00289326
0.00299067
0.0030558
0.00299359
0.00272265
0.00225097
0.00151284
0.000552362
0.0010069
0.00166992
0.00211327
0.00239699
0.00251607
0.00250613
0.00241016
0.00229498
0.00224925
0.00231068
0.00248629
0.00268542
0.00270653
0.00270033
0.00264926
0.00249447
0.00223148
0.00184654
0.00124218
0.000558305
0.0010377
0.00108982
0.00114116
0.00118332
0.00121264
0.0012244
0.00121355
0.00117459
0.00110311
0.000994627
0.000883385
0.000800637
0.000769223
0.000758462
0.000743667
0.00071814
0.000684715
0.000641343
0.000591236
0.000550801
0.000402418
0.000451449
0.000494362
0.000537623
0.000581618
0.000617761
0.000639987
0.000650077
0.000652351
0.000648939
0.000643306
0.000638676
0.000636313
0.000637286
0.000637948
0.000636359
0.000629857
0.000613317
0.000578953
0.000521491
0.000401904
0.000816277
0.000932695
0.00108769
0.00138543
0.00175623
0.00208424
0.00230767
0.00241975
0.00243333
0.0023693
0.00226826
0.00216283
0.00205265
0.0019568
0.00187287
0.00176786
0.0015719
0.00118946
0.000527125
0.000405466
0.0008557
0.00111106
0.00128434
0.00147921
0.00174098
0.00205
0.00235271
0.00259643
0.002743
0.00277027
0.00268193
0.00251193
0.00231762
0.00216116
0.00206713
0.00197922
0.0017744
0.00132251
0.000533324
0.000552673
0.000901451
0.00116092
0.00134902
0.00149678
0.0016411
0.00180634
0.00199681
0.00219224
0.00235689
0.00245614
0.00246591
0.0023892
0.00225513
0.00215139
0.00213633
0.00212156
0.00192544
0.00141747
0.000539431
0.00069027
0.00113012
0.00143027
0.00160656
0.00170015
0.00174057
0.00175826
0.00177954
0.00181921
0.00187121
0.00191584
0.00193671
0.00193928
0.00196185
0.00204484
0.00219483
0.00228623
0.00208473
0.00150007
0.000545265
0.000776853
0.00130364
0.00165829
0.00187471
0.0019649
0.0019756
0.0019369
0.00187376
0.00180525
0.0017455
0.00170505
0.00169228
0.00172086
0.00181782
0.00200851
0.00225331
0.00238655
0.00216873
0.00153561
0.0005452
0.000840772
0.00145933
0.0018319
0.00204129
0.00211364
0.00211077
0.00206788
0.00200851
0.00194627
0.00188849
0.00184192
0.00182546
0.00186218
0.00196959
0.0021495
0.00233952
0.00238743
0.00213272
0.00150594
0.000541312
0.000891301
0.00153184
0.00187701
0.00205312
0.00210358
0.00208713
0.00204783
0.00200888
0.00198866
0.0019923
0.0020173
0.00205244
0.00209971
0.00217843
0.00227775
0.00233481
0.00225097
0.00195868
0.00138626
0.000538343
0.000931438
0.00142084
0.00169762
0.00185779
0.00191612
0.00189891
0.00183395
0.001759
0.00172917
0.00176432
0.00186304
0.00201803
0.00206983
0.00208706
0.0020848
0.00202119
0.00184654
0.00153429
0.00109811
0.000540254
0.000959898
0.000987416
0.0010203
0.00104801
0.00106474
0.00106412
0.00104026
0.000989198
0.000916814
0.000836402
0.000768678
0.000725545
0.000713384
0.000707116
0.000695506
0.000673811
0.000641343
0.000604727
0.000566592
0.000532224
0.000386797
0.000432377
0.000469604
0.000510176
0.000549045
0.000578531
0.000594826
0.000601529
0.000602596
0.000598495
0.000592622
0.000587756
0.000584838
0.000583464
0.000584653
0.000584797
0.000583663
0.000578953
0.000562502
0.000524129
0.000383153
0.00065773
0.000693383
0.000804635
0.00107326
0.00138523
0.00164117
0.0018131
0.00189236
0.00188713
0.00181509
0.00171714
0.00162394
0.00153688
0.00143671
0.00134243
0.00127076
0.00118946
0.000993393
0.000534242
0.000405311
0.000694426
0.000816267
0.000899217
0.00103864
0.00125951
0.00152643
0.00178591
0.00199181
0.00211427
0.0021215
0.00201997
0.00185691
0.00165666
0.00147578
0.00137265
0.00134698
0.00132251
0.00112722
0.000540403
0.000536452
0.000764356
0.000904578
0.000988418
0.00105577
0.00114007
0.00125951
0.00141189
0.00157398
0.00170603
0.00177331
0.0017589
0.0016659
0.00151329
0.00137223
0.00132083
0.00137293
0.00141747
0.00123251
0.00054112
0.000654189
0.000951846
0.00112309
0.00119747
0.00121751
0.00121072
0.00119841
0.00119633
0.00121125
0.00123693
0.00125375
0.00124362
0.00120715
0.00117424
0.00118163
0.00126203
0.00140874
0.00150007
0.00132281
0.000538862
0.000726303
0.00109
0.00130091
0.00140642
0.00142079
0.00138751
0.00133105
0.00126784
0.00120805
0.00115688
0.00111615
0.00108698
0.00107392
0.00108919
0.00115419
0.00129046
0.0014639
0.00153561
0.00135076
0.000533716
0.000777788
0.00118548
0.00140454
0.00151033
0.00152829
0.00149538
0.00143913
0.00137627
0.00131651
0.00126524
0.00122594
0.00120257
0.00120086
0.00122997
0.00130371
0.00141943
0.00152247
0.00150594
0.00129177
0.000527317
0.000817802
0.00122451
0.00142053
0.00150584
0.00151643
0.00149088
0.0014434
0.00139302
0.00135019
0.00132061
0.0013083
0.00131722
0.00135135
0.0014105
0.00148273
0.00153594
0.00151284
0.00138626
0.00113677
0.000522003
0.000849237
0.00115949
0.00130363
0.00137123
0.00138561
0.00136117
0.00131054
0.00125086
0.00120647
0.00118573
0.00118831
0.00121363
0.00126324
0.00132348
0.0013624
0.00133901
0.00124218
0.00109811
0.00090132
0.000516898
0.000872351
0.000874696
0.000889457
0.000905019
0.000913182
0.000906076
0.000876971
0.000825816
0.000768985
0.000719885
0.000683518
0.000660712
0.000649361
0.000640213
0.000628691
0.000612503
0.000591236
0.000566592
0.000537181
0.000508034
0.000374417
0.000387876
0.000425801
0.000465379
0.000486214
0.000500288
0.000507589
0.000510666
0.000512084
0.000512123
0.000511687
0.000511473
0.00051194
0.000513117
0.000514602
0.000516232
0.000518519
0.000521491
0.000524129
0.000523694
0.000372921
0.000394085
0.000407655
0.000426702
0.000472343
0.000520524
0.000555398
0.000572471
0.000573934
0.000566244
0.000553802
0.00054025
0.000527644
0.000516839
0.000509287
0.000510421
0.000517258
0.000527125
0.000534242
0.000529616
0.000425621
0.000437733
0.000441548
0.000444454
0.000451641
0.000469098
0.000497633
0.000529111
0.00055338
0.000562141
0.000553046
0.000531873
0.000512885
0.000499729
0.000497675
0.000505848
0.000518795
0.000533325
0.000540403
0.000529434
0.00053569
0.000537023
0.000532318
0.000524114
0.00051478
0.000506827
0.00050393
0.00050901
0.000521109
0.000534493
0.000541506
0.000539889
0.000535362
0.000533518
0.000531411
0.000529433
0.000531982
0.000539431
0.00054112
0.00052445
0.000618009
0.000620332
0.000614766
0.000606155
0.000597768
0.000589062
0.000580119
0.000571705
0.000565123
0.000561422
0.000560407
0.000561055
0.000562114
0.00056149
0.000558004
0.000552451
0.000547665
0.000545265
0.000538862
0.000517731
0.000668688
0.000670563
0.000664876
0.000654908
0.000646185
0.000638413
0.000631083
0.000623935
0.00061698
0.000610263
0.000603633
0.000596685
0.000588933
0.000580059
0.0005703
0.000560816
0.000552799
0.0005452
0.000533716
0.000509525
0.000704024
0.000704278
0.000697907
0.000688185
0.000677847
0.000668417
0.000658993
0.000648819
0.000637957
0.000626781
0.000615571
0.000604436
0.000593422
0.000582603
0.000572205
0.000562443
0.000552638
0.000541312
0.000527317
0.000500976
0.000730586
0.000728944
0.000723347
0.000715857
0.00070634
0.000694331
0.000681568
0.000666299
0.000649643
0.000633258
0.000618208
0.000604937
0.000593538
0.000583629
0.000574348
0.000564426
0.000552362
0.000538343
0.000522003
0.000493233
0.000751134
0.000746591
0.000744307
0.000742183
0.000738214
0.000728757
0.000711267
0.000686907
0.000661328
0.000638679
0.000620422
0.000606566
0.000596752
0.000589419
0.000582119
0.000572314
0.000558305
0.000540254
0.000516898
0.000486931
0.000767419
0.000752723
0.000752219
0.000756357
0.000759726
0.000755033
0.000736487
0.000704854
0.000670708
0.000641742
0.000620073
0.000605127
0.000594985
0.000586561
0.000577345
0.000565685
0.000550801
0.000532224
0.000508034
0.000482382
)
;

boundaryField
{
    floor
    {
        type            compressible::alphatWallFunction;
        Prt             0.85;
        value           nonuniform List<scalar> 
400
(
5.64799e-05
5.70832e-05
5.677e-05
5.6525e-05
5.671e-05
5.70746e-05
5.76493e-05
5.82586e-05
5.89059e-05
5.94388e-05
5.9272e-05
5.83342e-05
5.68048e-05
5.44645e-05
5.42735e-05
5.51197e-05
5.58862e-05
5.56071e-05
5.32471e-05
5.13392e-05
5.70832e-05
6.10455e-05
6.25297e-05
6.38696e-05
6.53359e-05
6.65798e-05
6.81094e-05
7.01986e-05
7.25915e-05
7.49374e-05
7.56732e-05
7.46577e-05
7.23476e-05
6.89114e-05
6.59175e-05
6.53598e-05
6.49941e-05
6.35964e-05
6.0591e-05
5.35663e-05
5.677e-05
6.25297e-05
6.49656e-05
6.712e-05
6.95043e-05
7.17769e-05
7.41109e-05
7.73152e-05
8.09063e-05
8.38276e-05
8.4321e-05
8.29355e-05
8.04734e-05
7.75075e-05
7.48889e-05
7.36528e-05
7.24459e-05
7.04985e-05
6.67551e-05
5.9465e-05
5.6525e-05
6.38695e-05
6.712e-05
6.93233e-05
7.1909e-05
7.48226e-05
7.7655e-05
8.1226e-05
8.5291e-05
8.82784e-05
8.93544e-05
8.88078e-05
8.72987e-05
8.53426e-05
8.32988e-05
8.14938e-05
7.9769e-05
7.73513e-05
7.31614e-05
6.59257e-05
5.671e-05
6.53359e-05
6.95043e-05
7.1909e-05
7.42671e-05
7.69589e-05
7.95958e-05
8.3817e-05
8.89795e-05
9.22127e-05
9.3572e-05
9.43284e-05
9.3922e-05
9.27482e-05
9.11771e-05
8.92999e-05
8.70496e-05
8.41596e-05
7.91515e-05
6.91918e-05
5.70746e-05
6.65798e-05
7.17769e-05
7.48226e-05
7.69589e-05
7.88763e-05
8.08394e-05
8.60198e-05
9.32697e-05
9.78243e-05
9.98079e-05
0.000100849
0.000101098
0.000100187
9.85906e-05
9.63493e-05
9.33616e-05
8.97206e-05
8.36753e-05
7.13112e-05
5.76493e-05
6.81094e-05
7.41109e-05
7.7655e-05
7.95958e-05
8.08394e-05
8.24038e-05
8.83302e-05
9.85259e-05
0.000105858
0.000108308
0.000109231
0.000109186
0.000107622
0.000105077
0.000101764
9.78065e-05
9.31878e-05
8.62626e-05
7.24495e-05
5.82586e-05
7.01986e-05
7.73152e-05
8.1226e-05
8.3817e-05
8.60198e-05
8.83302e-05
9.27634e-05
0.000103765
0.000116128
0.0001187
0.000118939
0.000117912
0.000114651
0.000109994
0.000105211
0.000100245
9.47918e-05
8.73983e-05
7.29791e-05
5.89059e-05
7.25915e-05
8.09063e-05
8.5291e-05
8.89795e-05
9.32697e-05
9.85259e-05
0.000103765
0.000110865
0.000125801
0.000129095
0.000128313
0.000125465
0.000119499
0.000112849
0.000106756
0.000100968
9.5073e-05
8.7438e-05
7.3186e-05
5.94387e-05
7.49374e-05
8.38276e-05
8.82784e-05
9.22127e-05
9.78243e-05
0.000105858
0.000116128
0.000125801
6.39079e-05
6.52442e-05
0.000133357
0.00012809
0.000120679
0.000113348
0.000106753
0.000100562
9.4472e-05
8.67045e-05
7.31593e-05
5.9272e-05
7.56732e-05
8.4321e-05
8.93544e-05
9.3572e-05
9.98079e-05
0.000108308
0.0001187
0.000129095
6.52442e-05
6.45073e-05
0.000131933
0.000125752
0.000118948
0.000112276
0.000105964
9.97705e-05
9.35769e-05
8.57157e-05
7.30312e-05
5.83342e-05
7.46577e-05
8.29355e-05
8.88078e-05
9.43284e-05
0.000100849
0.000109231
0.000118939
0.000128313
0.000133357
0.000131933
0.00012719
0.000121854
0.000116396
0.00011091
0.000105232
9.92248e-05
9.28602e-05
8.48875e-05
7.29055e-05
5.68048e-05
7.23476e-05
8.04734e-05
8.72987e-05
9.3922e-05
0.000101098
0.000109186
0.000117912
0.000125465
0.00012809
0.000125752
0.000121854
0.000117869
0.000113948
0.000109685
0.000104738
9.90299e-05
9.25197e-05
8.43903e-05
7.28546e-05
5.44645e-05
6.89114e-05
7.75075e-05
8.53426e-05
9.27482e-05
0.000100187
0.000107622
0.000114651
0.000119499
0.000120679
0.000118948
0.000116396
0.000113948
0.000111439
0.000108335
0.000104211
9.89346e-05
9.25018e-05
8.41736e-05
7.29265e-05
5.42735e-05
6.59175e-05
7.48889e-05
8.32988e-05
9.11771e-05
9.85906e-05
0.000105077
0.000109994
0.000112849
0.000113348
0.000112276
0.00011091
0.000109685
0.000108335
0.000106344
0.000103204
9.86011e-05
9.24193e-05
8.41892e-05
7.3093e-05
5.51197e-05
6.53598e-05
7.36528e-05
8.14938e-05
8.92999e-05
9.63493e-05
0.000101764
0.000105211
0.000106756
0.000106753
0.000105964
0.000105232
0.000104738
0.000104211
0.000103204
0.000101169
9.75776e-05
9.20248e-05
8.40695e-05
7.33138e-05
5.58862e-05
6.49941e-05
7.24459e-05
7.9769e-05
8.70496e-05
9.33616e-05
9.78065e-05
0.000100245
0.000100968
0.000100562
9.97705e-05
9.92248e-05
9.90299e-05
9.89346e-05
9.86011e-05
9.75776e-05
9.52482e-05
9.0909e-05
8.37912e-05
7.36519e-05
5.56071e-05
6.35964e-05
7.04985e-05
7.73513e-05
8.41596e-05
8.97206e-05
9.31878e-05
9.47918e-05
9.5073e-05
9.4472e-05
9.35769e-05
9.28602e-05
9.25197e-05
9.25018e-05
9.24193e-05
9.20248e-05
9.0909e-05
8.82914e-05
8.29838e-05
7.41041e-05
5.32471e-05
6.0591e-05
6.67551e-05
7.31614e-05
7.91515e-05
8.36753e-05
8.62626e-05
8.73983e-05
8.7438e-05
8.67045e-05
8.57157e-05
8.48875e-05
8.43903e-05
8.41736e-05
8.41892e-05
8.40695e-05
8.37912e-05
8.29838e-05
8.04079e-05
7.4515e-05
5.13392e-05
5.35663e-05
5.9465e-05
6.59257e-05
6.91918e-05
7.13112e-05
7.24495e-05
7.29791e-05
7.3186e-05
7.31593e-05
7.30312e-05
7.29055e-05
7.28546e-05
7.29265e-05
7.3093e-05
7.33138e-05
7.36519e-05
7.41041e-05
7.4515e-05
7.44662e-05
)
;
    }
    ceiling
    {
        type            compressible::alphatWallFunction;
        Prt             0.85;
        value           nonuniform List<scalar> 
400
(
0.000145838
0.000160662
0.000171627
0.000179321
0.000185115
0.000189692
0.000193431
0.00019635
0.000198271
0.000196489
0.000192511
0.000187034
0.000180439
0.000172926
0.000164617
0.000155585
0.000145831
0.000135213
0.000123172
0.000108538
0.000160662
0.000176486
0.000188492
0.000197226
0.000204088
0.00020977
0.000214716
0.000219006
0.000222919
0.000220517
0.00021492
0.000207358
0.000198466
0.000188425
0.000177353
0.000165346
0.000152464
0.000138641
0.000123326
0.000106487
0.000171627
0.000188492
0.000201043
0.000210335
0.000217865
0.000224326
0.000230468
0.000236285
0.000242129
0.000239761
0.000232848
0.000223658
0.000213221
0.000201446
0.000188409
0.00017421
0.000158986
0.000142778
0.000125141
0.000106354
0.000179321
0.000197226
0.000210335
0.00022025
0.000228725
0.000236047
0.000243022
0.000250083
0.00025771
0.000256278
0.000248218
0.000237641
0.000225652
0.00021221
0.000197458
0.000181381
0.000164201
0.000146133
0.000126955
0.000106841
0.000185115
0.000204088
0.000217865
0.000228725
0.00023775
0.000245889
0.000254119
0.000262791
0.000272345
0.000272398
0.000262477
0.000249879
0.000236414
0.000221277
0.000204637
0.00018665
0.000167597
0.000147943
0.000127772
0.000107222
0.000189692
0.00020977
0.000224326
0.000236047
0.000245889
0.000255306
0.00026526
0.000275966
0.000287743
0.000290128
0.000277291
0.000261462
0.000245671
0.000228644
0.00020972
0.000189561
0.000168507
0.000147326
0.000126529
0.000106559
0.000193431
0.000214716
0.000230468
0.000243022
0.000254119
0.00026526
0.00027732
0.000290359
0.00030452
0.00031051
0.000293608
0.00027298
0.000253678
0.000233895
0.000212185
0.000189472
0.000166201
0.000143464
0.000122328
0.000104093
0.00019635
0.000219006
0.000236285
0.000250083
0.000262791
0.000275966
0.000290359
0.000305636
0.000321422
0.000332434
0.000310811
0.000283832
0.000259811
0.000236257
0.000211186
0.000185501
0.000159962
0.000136028
0.000115396
9.99917e-05
0.000198271
0.000222919
0.000242129
0.00025771
0.000272345
0.000287743
0.00030452
0.000321422
0.000335733
0.000351284
0.000325711
0.000291514
0.000261927
0.00023378
0.000205041
0.000176517
0.000149721
0.000126595
0.00010827
9.56665e-05
0.000196489
0.000220517
0.000239761
0.000256278
0.000272398
0.000290128
0.00031051
0.000332434
0.000351284
0.000358633
0.000323054
0.000283629
0.000250677
0.000219278
0.000188917
0.000160762
0.000136363
0.000117164
0.000102442
9.2015e-05
0.000192511
0.00021492
0.000232848
0.000248218
0.000262477
0.000277291
0.000293608
0.000310811
0.000325711
0.000323054
0.000290438
0.00025958
0.000229193
0.000198654
0.000168925
0.000142948
0.000123612
0.000109475
9.81432e-05
8.9239e-05
0.000187034
0.000207358
0.000223658
0.000237641
0.000249879
0.000261462
0.00027298
0.000283832
0.000291514
0.000283629
0.00025958
0.000232658
0.000204088
0.000175
0.00014815
0.000127599
0.000114661
0.000104671
9.53527e-05
8.72402e-05
0.000180439
0.000198466
0.000213221
0.000225652
0.000236414
0.000245671
0.000253678
0.000259811
0.000261927
0.000250677
0.000229193
0.000204088
0.000177203
0.000151279
0.000130499
0.00011791
0.000111464
0.000103283
9.37699e-05
8.57697e-05
0.000172926
0.000188425
0.000201446
0.00021221
0.000221277
0.000228644
0.000233895
0.000236257
0.00023378
0.000219278
0.000198654
0.000175
0.000151279
0.000131633
0.000118863
0.000113695
0.000109903
0.000102198
9.23167e-05
8.44491e-05
0.000164617
0.000177353
0.000188409
0.000197458
0.000204637
0.00020972
0.000212185
0.000211186
0.000205041
0.000188917
0.000168925
0.00014815
0.000130499
0.000118863
0.000112918
0.000110606
0.00010749
0.000100221
9.04541e-05
8.29635e-05
0.000155585
0.000165346
0.00017421
0.000181381
0.00018665
0.000189561
0.000189472
0.000185501
0.000176517
0.000160762
0.000142948
0.000127599
0.00011791
0.000113695
0.000110606
0.000107406
0.000103488
9.67712e-05
8.79021e-05
8.11024e-05
0.000145831
0.000152464
0.000158986
0.000164201
0.000167597
0.000168507
0.000166201
0.000159962
0.000149721
0.000136363
0.000123612
0.000114661
0.000111464
0.000109903
0.00010749
0.000103488
9.83392e-05
9.18543e-05
8.46496e-05
7.87602e-05
0.000135213
0.000138641
0.000142778
0.000146133
0.000147943
0.000147326
0.000143464
0.000136028
0.000126595
0.000117164
0.000109475
0.000104671
0.000103283
0.000102198
0.000100221
9.67712e-05
9.18543e-05
8.65592e-05
8.09369e-05
7.58509e-05
0.000123172
0.000123326
0.000125141
0.000126955
0.000127772
0.000126529
0.000122328
0.000115396
0.00010827
0.000102442
9.81432e-05
9.53527e-05
9.37699e-05
9.23167e-05
9.04541e-05
8.79021e-05
8.46496e-05
8.09369e-05
7.64799e-05
7.20756e-05
0.000108538
0.000106487
0.000106354
0.000106841
0.000107222
0.000106559
0.000104093
9.99917e-05
9.56665e-05
9.2015e-05
8.9239e-05
8.72402e-05
8.57697e-05
8.44491e-05
8.29635e-05
8.11024e-05
7.87602e-05
7.58509e-05
7.20756e-05
6.81028e-05
)
;
    }
    fixedWalls
    {
        type            compressible::alphatWallFunction;
        Prt             0.85;
        value           nonuniform List<scalar> 
800
(
5.63851e-05
7.44461e-05
9.41525e-05
0.00010859
0.000118088
0.000124924
0.000130679
0.000136028
0.000141066
0.000145589
5.69875e-05
7.32801e-05
9.32997e-05
0.000110278
0.000122931
0.000132916
0.000141519
0.000149119
0.000156482
0.000160387
5.6675e-05
7.04885e-05
9.05161e-05
0.000110361
0.000126537
0.00013962
0.000150479
0.000160073
0.000168829
0.000171332
5.64308e-05
6.74644e-05
8.58106e-05
0.000107928
0.000127674
0.000143712
0.000156793
0.000168246
0.000177817
0.000179011
5.66159e-05
6.61983e-05
8.11242e-05
0.000103703
0.000126799
0.000145862
0.000161098
0.000174342
0.000184457
0.000184794
5.69801e-05
6.70011e-05
7.85743e-05
9.8863e-05
0.000124269
0.000146352
0.000163765
0.000178747
0.000189386
0.000189362
5.75537e-05
6.87598e-05
7.87672e-05
9.50518e-05
0.000120795
0.000145214
0.00016495
0.00018173
0.000193085
0.000193092
5.81616e-05
7.08258e-05
8.06475e-05
9.39594e-05
0.000119026
0.000144546
0.000165421
0.000183455
0.000195796
0.000196005
5.88073e-05
7.2512e-05
8.30955e-05
9.51255e-05
0.000119371
0.00014484
0.000165588
0.000183531
0.000196271
0.000197923
5.93385e-05
7.34351e-05
8.49162e-05
9.71078e-05
0.000120218
0.00014463
0.000164562
0.000181837
0.000194186
0.000196144
5.91712e-05
7.35596e-05
8.54172e-05
9.85825e-05
0.000120439
0.000143212
0.000161901
0.0001781
0.000189974
0.000192176
5.82342e-05
7.26151e-05
8.45307e-05
9.88884e-05
0.000119629
0.000140594
0.000157879
0.000172793
0.000184182
0.00018671
5.67066e-05
7.07766e-05
8.25829e-05
9.79352e-05
0.000117805
0.000137009
0.000152852
0.000166375
0.000177216
0.000180129
5.43697e-05
6.8118e-05
7.98983e-05
9.59095e-05
0.000115114
0.000132681
0.00014708
0.000159149
0.000169288
0.000172631
5.41802e-05
6.39891e-05
7.63682e-05
9.29989e-05
0.000111686
0.000127772
0.000140756
0.00015137
0.000160613
0.000164338
5.50263e-05
5.97732e-05
7.06736e-05
8.91012e-05
0.000107569
0.000122368
0.000134018
0.000143387
0.000151362
0.000155323
5.57926e-05
5.66836e-05
6.20195e-05
8.35378e-05
0.00010275
0.000116472
0.000126817
0.000134977
0.000141601
0.000145587
5.55142e-05
5.55404e-05
5.54542e-05
7.63575e-05
9.73769e-05
0.000110022
0.000119017
0.000125942
0.000131301
0.000134988
5.31576e-05
5.24266e-05
5.44259e-05
7.32643e-05
9.18112e-05
0.000102672
0.000110084
0.000115665
0.000119928
0.000122967
5.12522e-05
5.05121e-05
5.64786e-05
7.29203e-05
8.64264e-05
9.42712e-05
9.95085e-05
0.000103309
0.000106163
0.000108356
5.12522e-05
5.05121e-05
5.64786e-05
7.29203e-05
8.64264e-05
9.42712e-05
9.95085e-05
0.000103309
0.000106163
0.000108356
5.34758e-05
5.41407e-05
5.87504e-05
7.31743e-05
8.6894e-05
9.48508e-05
9.99213e-05
0.000103446
0.000105788
0.000106309
5.93646e-05
5.64539e-05
5.97596e-05
7.24789e-05
8.61171e-05
9.42119e-05
9.92464e-05
0.000102872
0.000105603
0.000106176
6.58145e-05
5.9614e-05
6.0729e-05
7.14347e-05
8.49738e-05
9.28733e-05
9.79718e-05
0.000101908
0.000105344
0.000106662
6.90736e-05
6.6786e-05
6.25035e-05
7.04456e-05
8.38368e-05
9.17434e-05
9.65559e-05
0.000100587
0.000104781
0.000107044
7.11876e-05
7.43482e-05
6.59092e-05
6.99035e-05
8.26602e-05
9.07884e-05
9.53208e-05
9.89463e-05
0.000103492
0.000106382
7.2322e-05
7.96867e-05
7.07517e-05
7.02921e-05
8.1501e-05
8.99198e-05
9.41254e-05
9.72821e-05
0.000101169
0.000103919
7.28485e-05
8.22729e-05
7.5634e-05
7.18324e-05
8.05121e-05
8.90915e-05
9.28498e-05
9.53119e-05
9.79759e-05
9.98249e-05
7.3053e-05
8.26429e-05
7.91463e-05
7.41255e-05
7.98862e-05
8.82915e-05
9.14771e-05
9.31494e-05
9.46303e-05
9.55064e-05
7.3024e-05
8.15724e-05
8.03432e-05
7.62129e-05
7.97221e-05
8.7506e-05
9.00319e-05
9.09831e-05
9.16367e-05
9.18605e-05
7.28941e-05
7.96439e-05
7.88428e-05
7.71755e-05
7.9928e-05
8.66925e-05
8.85342e-05
8.89424e-05
8.91807e-05
8.90888e-05
7.27666e-05
7.7326e-05
7.54046e-05
7.69012e-05
8.0302e-05
8.57784e-05
8.69909e-05
8.7088e-05
8.72687e-05
8.70932e-05
7.27139e-05
7.51865e-05
7.2522e-05
7.63848e-05
8.06375e-05
8.46868e-05
8.54069e-05
8.54345e-05
8.58462e-05
8.56252e-05
7.27838e-05
7.3397e-05
7.07588e-05
7.62605e-05
8.05907e-05
8.33734e-05
8.37959e-05
8.39308e-05
8.46951e-05
8.43067e-05
7.29483e-05
7.21657e-05
7.06725e-05
7.59167e-05
8.00263e-05
8.18798e-05
8.21918e-05
8.24596e-05
8.34857e-05
8.28237e-05
7.31672e-05
7.2352e-05
7.18508e-05
7.55522e-05
7.90984e-05
8.03774e-05
8.06236e-05
8.0848e-05
8.18827e-05
8.09656e-05
7.35036e-05
7.33801e-05
7.3715e-05
7.58166e-05
7.82446e-05
7.90371e-05
7.90009e-05
7.89003e-05
7.96703e-05
7.86272e-05
7.39545e-05
7.48599e-05
7.58438e-05
7.68174e-05
7.774e-05
7.77442e-05
7.71433e-05
7.66156e-05
7.68687e-05
7.57224e-05
7.43646e-05
7.59394e-05
7.68986e-05
7.7021e-05
7.66871e-05
7.58992e-05
7.48876e-05
7.40586e-05
7.32804e-05
7.19527e-05
7.43163e-05
7.52514e-05
7.52418e-05
7.44863e-05
7.34587e-05
7.21952e-05
7.08693e-05
6.96633e-05
6.8682e-05
6.79854e-05
5.63851e-05
7.44461e-05
9.41525e-05
0.00010859
0.000118088
0.000124924
0.000130679
0.000136028
0.000141066
0.000145589
5.69875e-05
7.32801e-05
9.32997e-05
0.000110278
0.000122931
0.000132916
0.000141519
0.000149119
0.000156482
0.000160387
5.6675e-05
7.04885e-05
9.05161e-05
0.000110361
0.000126537
0.00013962
0.000150479
0.000160073
0.000168829
0.000171332
5.64308e-05
6.74644e-05
8.58106e-05
0.000107928
0.000127674
0.000143712
0.000156793
0.000168246
0.000177817
0.000179011
5.66159e-05
6.61983e-05
8.11242e-05
0.000103703
0.000126799
0.000145862
0.000161098
0.000174342
0.000184457
0.000184794
5.69801e-05
6.70011e-05
7.85743e-05
9.8863e-05
0.000124269
0.000146352
0.000163765
0.000178747
0.000189386
0.000189362
5.75537e-05
6.87598e-05
7.87672e-05
9.50518e-05
0.000120795
0.000145214
0.00016495
0.00018173
0.000193085
0.000193092
5.81616e-05
7.08258e-05
8.06475e-05
9.39594e-05
0.000119026
0.000144546
0.000165421
0.000183455
0.000195796
0.000196005
5.88073e-05
7.2512e-05
8.30955e-05
9.51255e-05
0.000119371
0.00014484
0.000165588
0.000183531
0.000196271
0.000197923
5.93385e-05
7.34351e-05
8.49162e-05
9.71078e-05
0.000120218
0.00014463
0.000164562
0.000181837
0.000194186
0.000196144
5.91712e-05
7.35596e-05
8.54172e-05
9.85825e-05
0.000120439
0.000143212
0.000161901
0.0001781
0.000189974
0.000192176
5.82342e-05
7.26151e-05
8.45307e-05
9.88884e-05
0.000119629
0.000140594
0.000157879
0.000172793
0.000184182
0.00018671
5.67066e-05
7.07766e-05
8.25829e-05
9.79352e-05
0.000117805
0.000137009
0.000152852
0.000166375
0.000177216
0.000180129
5.43697e-05
6.8118e-05
7.98983e-05
9.59095e-05
0.000115114
0.000132681
0.00014708
0.000159149
0.000169288
0.000172631
5.41802e-05
6.39891e-05
7.63682e-05
9.29989e-05
0.000111686
0.000127772
0.000140756
0.00015137
0.000160613
0.000164338
5.50263e-05
5.97732e-05
7.06736e-05
8.91012e-05
0.000107569
0.000122368
0.000134018
0.000143387
0.000151362
0.000155323
5.57926e-05
5.66836e-05
6.20195e-05
8.35378e-05
0.00010275
0.000116472
0.000126817
0.000134977
0.000141601
0.000145587
5.55142e-05
5.55404e-05
5.54542e-05
7.63575e-05
9.73769e-05
0.000110022
0.000119017
0.000125942
0.000131301
0.000134988
5.31576e-05
5.24266e-05
5.44259e-05
7.32643e-05
9.18113e-05
0.000102672
0.000110084
0.000115665
0.000119928
0.000122967
5.12522e-05
5.05121e-05
5.64786e-05
7.29203e-05
8.64264e-05
9.42712e-05
9.95085e-05
0.000103309
0.000106163
0.000108356
5.12522e-05
5.05121e-05
5.64786e-05
7.29203e-05
8.64264e-05
9.42712e-05
9.95085e-05
0.000103309
0.000106163
0.000108356
5.34758e-05
5.41407e-05
5.87504e-05
7.31743e-05
8.6894e-05
9.48508e-05
9.99213e-05
0.000103446
0.000105788
0.000106309
5.93646e-05
5.64539e-05
5.97596e-05
7.24789e-05
8.61171e-05
9.42119e-05
9.92464e-05
0.000102872
0.000105603
0.000106176
6.58145e-05
5.9614e-05
6.0729e-05
7.14347e-05
8.49738e-05
9.28733e-05
9.79718e-05
0.000101908
0.000105344
0.000106662
6.90736e-05
6.6786e-05
6.25035e-05
7.04456e-05
8.38368e-05
9.17434e-05
9.65559e-05
0.000100587
0.000104781
0.000107043
7.11876e-05
7.43482e-05
6.59092e-05
6.99035e-05
8.26602e-05
9.07884e-05
9.53208e-05
9.89463e-05
0.000103492
0.000106382
7.2322e-05
7.96867e-05
7.07517e-05
7.02921e-05
8.1501e-05
8.99198e-05
9.41254e-05
9.72821e-05
0.000101169
0.000103919
7.28485e-05
8.22729e-05
7.5634e-05
7.18324e-05
8.05121e-05
8.90915e-05
9.28498e-05
9.53119e-05
9.79759e-05
9.98249e-05
7.3053e-05
8.26429e-05
7.91463e-05
7.41255e-05
7.98862e-05
8.82915e-05
9.14771e-05
9.31494e-05
9.46303e-05
9.55064e-05
7.3024e-05
8.15724e-05
8.03432e-05
7.62129e-05
7.97221e-05
8.7506e-05
9.00319e-05
9.09831e-05
9.16367e-05
9.18605e-05
7.28941e-05
7.96439e-05
7.88428e-05
7.71755e-05
7.9928e-05
8.66925e-05
8.85342e-05
8.89424e-05
8.91807e-05
8.90888e-05
7.27666e-05
7.7326e-05
7.54046e-05
7.69012e-05
8.0302e-05
8.57784e-05
8.69909e-05
8.7088e-05
8.72687e-05
8.70932e-05
7.27139e-05
7.51865e-05
7.2522e-05
7.63848e-05
8.06375e-05
8.46868e-05
8.54069e-05
8.54345e-05
8.58462e-05
8.56252e-05
7.27838e-05
7.3397e-05
7.07588e-05
7.62605e-05
8.05907e-05
8.33734e-05
8.37959e-05
8.39308e-05
8.46951e-05
8.43067e-05
7.29483e-05
7.21657e-05
7.06725e-05
7.59167e-05
8.00263e-05
8.18798e-05
8.21918e-05
8.24596e-05
8.34857e-05
8.28237e-05
7.31672e-05
7.2352e-05
7.18508e-05
7.55522e-05
7.90984e-05
8.03774e-05
8.06236e-05
8.0848e-05
8.18827e-05
8.09656e-05
7.35036e-05
7.33801e-05
7.3715e-05
7.58166e-05
7.82446e-05
7.90371e-05
7.90009e-05
7.89003e-05
7.96703e-05
7.86272e-05
7.39545e-05
7.48599e-05
7.58438e-05
7.68174e-05
7.774e-05
7.77442e-05
7.71433e-05
7.66156e-05
7.68687e-05
7.57224e-05
7.43646e-05
7.59394e-05
7.68986e-05
7.7021e-05
7.66871e-05
7.58992e-05
7.48876e-05
7.40586e-05
7.32804e-05
7.19527e-05
7.43163e-05
7.52514e-05
7.52418e-05
7.44863e-05
7.34587e-05
7.21952e-05
7.08693e-05
6.96633e-05
6.8682e-05
6.79854e-05
)
;
    }
}


// ************************************************************************* //
