/*--------------------------------*- C++ -*----------------------------------*\
| =========                 |                                                 |
| \\      /  F ield         | OpenFOAM: The Open Source CFD Toolbox           |
|  \\    /   O peration     | Version:  v2012                                 |
|   \\  /    A nd           | Website:  www.openfoam.com                      |
|    \\/     M anipulation  |                                                 |
\*---------------------------------------------------------------------------*/
FoamFile
{
    version     2.0;
    format      ascii;
    class       volScalarField;
    location    "400";
    object      p_rgh;
}
// * * * * * * * * * * * * * * * * * * * * * * * * * * * * * * * * * * * * * //

dimensions      [1 -1 -2 0 0 0 0];


internalField   nonuniform List<scalar> 
4000
(
100208
100208
100208
100208
100208
100208
100208
100208
100208
100208
100208
100208
100208
100208
100208
100208
100208
100208
100208
100208
100208
100208
100208
100208
100208
100208
100208
100208
100208
100208
100208
100208
100208
100208
100208
100208
100208
100208
100208
100208
100208
100208
100208
100208
100208
100208
100208
100208
100208
100208
100208
100208
100208
100208
100208
100208
100208
100208
100208
100208
100208
100208
100208
100208
100208
100208
100208
100208
100208
100208
100208
100208
100208
100208
100208
100208
100208
100208
100208
100208
100208
100208
100208
100208
100208
100208
100208
100208
100208
100208
100208
100208
100208
100208
100208
100208
100208
100208
100208
100208
100208
100208
100208
100208
100208
100208
100208
100208
100208
100208
100208
100208
100208
100208
100208
100208
100208
100208
100208
100208
100208
100208
100208
100208
100208
100208
100208
100208
100208
100208
100208
100208
100208
100208
100208
100208
100208
100208
100208
100208
100208
100208
100208
100208
100208
100208
100208
100208
100208
100208
100208
100208
100208
100208
100208
100208
100208
100208
100208
100208
100208
100208
100208
100208
100208
100208
100208
100208
100208
100208
100208
100208
100208
100208
100208
100208
100208
100208
100208
100208
100208
100208
100208
100208
100208
100208
100208
100208
100208
100208
100208
100208
100208
100208
100208
100208
100208
100208
100208
100208
100208
100208
100208
100208
100208
100208
100208
100208
100208
100208
100208
100208
100208
100208
100208
100208
100208
100208
100208
100208
100208
100208
100208
100208
100208
100208
100208
100208
100208
100208
100208
100208
100208
100208
100208
100208
100208
100208
100208
100208
100208
100208
100208
100208
100208
100208
100208
100208
100208
100208
100208
100208
100208
100208
100208
100208
100208
100208
100208
100208
100208
100208
100208
100208
100208
100208
100208
100208
100208
100208
100208
100208
100208
100208
100208
100208
100208
100208
100208
100208
100208
100208
100208
100208
100208
100208
100208
100208
100208
100208
100208
100208
100208
100208
100208
100208
100208
100208
100208
100208
100208
100208
100208
100208
100208
100208
100208
100208
100208
100208
100208
100208
100208
100208
100208
100208
100208
100208
100208
100208
100208
100208
100208
100208
100208
100208
100208
100208
100208
100208
100208
100208
100208
100208
100208
100208
100208
100208
100208
100208
100208
100208
100208
100208
100208
100208
100208
100208
100208
100208
100208
100208
100208
100208
100208
100208
100208
100208
100208
100208
100208
100208
100208
100208
100208
100208
100208
100208
100208
100208
100208
100208
100208
100208
100208
100208
100208
100208
100208
100208
100208
100208
100208
100208
100208
100208
100208
100208
100208
100208
100208
100208
100208
100208
100208
100208
100208
100208
100208
100208
100208
100208
100208
100208
100208
100208
100208
100208
100208
100208
100208
100208
100208
100208
100208
100208
100208
100208
100208
100208
100208
100208
100208
100208
100208
100208
100208
100208
100208
100208
100208
100208
100208
100208
100208
100208
100208
100208
100208
100208
100208
100208
100208
100208
100208
100208
100208
100208
100208
100208
100208
100208
100208
100208
100208
100208
100208
100208
100208
100208
100208
100208
100208
100208
100208
100208
100208
100208
100208
100208
100208
100208
100208
100208
100208
100208
100208
100208
100208
100208
100208
100208
100208
100208
100208
100208
100208
100208
100208
100208
100208
100208
100208
100208
100208
100208
100208
100208
100208
100208
100208
100208
100208
100208
100208
100208
100208
100208
100208
100208
100208
100208
100208
100208
100208
100208
100208
100208
100208
100208
100208
100208
100208
100208
100208
100208
100208
100208
100208
100208
100208
100208
100208
100208
100208
100208
100208
100208
100208
100208
100208
100208
100208
100208
100208
100208
100208
100208
100208
100208
100208
100208
100208
100208
100208
100208
100208
100208
100208
100208
100208
100208
100208
100208
100208
100208
100208
100208
100208
100208
100208
100208
100208
100208
100208
100208
100208
100208
100208
100208
100208
100208
100208
100208
100208
100208
100208
100208
100208
100208
100208
100208
100208
100208
100208
100208
100208
100208
100208
100208
100208
100208
100208
100208
100208
100208
100208
100208
100208
100208
100208
100208
100208
100208
100208
100208
100208
100208
100208
100208
100208
100208
100208
100208
100208
100208
100208
100208
100208
100208
100208
100208
100208
100208
100208
100208
100208
100208
100208
100208
100208
100208
100208
100208
100208
100208
100208
100208
100208
100208
100208
100208
100208
100208
100208
100208
100208
100208
100208
100208
100208
100208
100208
100208
100208
100208
100208
100208
100208
100208
100208
100208
100208
100208
100208
100208
100208
100208
100208
100208
100208
100208
100208
100208
100208
100208
100208
100208
100208
100208
100208
100208
100208
100208
100208
100208
100208
100208
100208
100208
100208
100208
100208
100208
100208
100208
100208
100208
100208
100208
100208
100208
100208
100208
100208
100208
100208
100208
100208
100208
100208
100208
100208
100208
100208
100208
100208
100208
100208
100208
100208
100208
100208
100208
100208
100208
100208
100208
100208
100208
100208
100208
100208
100208
100208
100208
100208
100208
100208
100208
100208
100208
100208
100208
100208
100208
100208
100208
100208
100208
100208
100208
100208
100208
100208
100208
100208
100208
100208
100208
100208
100208
100208
100208
100208
100208
100208
100208
100208
100208
100208
100208
100208
100208
100208
100208
100208
100208
100208
100208
100208
100208
100208
100208
100208
100208
100208
100208
100208
100208
100208
100208
100208
100208
100208
100208
100208
100208
100208
100208
100208
100208
100208
100208
100208
100208
100208
100208
100208
100208
100208
100208
100208
100208
100208
100208
100208
100208
100208
100208
100208
100208
100208
100208
100208
100208
100208
100208
100208
100208
100208
100208
100208
100208
100208
100208
100208
100208
100208
100208
100208
100208
100208
100208
100208
100208
100208
100208
100208
100208
100208
100208
100208
100208
100208
100208
100208
100208
100208
100208
100208
100208
100208
100208
100208
100208
100208
100208
100208
100208
100208
100208
100208
100208
100208
100208
100208
100208
100208
100208
100208
100208
100208
100208
100208
100208
100208
100208
100208
100208
100208
100208
100208
100208
100208
100208
100208
100208
100208
100208
100208
100208
100208
100208
100208
100208
100208
100208
100208
100208
100208
100208
100208
100208
100208
100208
100208
100208
100208
100208
100208
100208
100208
100208
100208
100208
100208
100208
100208
100208
100208
100208
100208
100208
100208
100208
100208
100208
100208
100208
100208
100208
100208
100208
100208
100208
100208
100208
100208
100208
100208
100208
100208
100208
100208
100208
100208
100208
100208
100208
100208
100208
100208
100208
100208
100208
100208
100208
100208
100208
100208
100208
100208
100208
100208
100208
100208
100208
100208
100208
100208
100208
100208
100208
100208
100208
100208
100208
100208
100208
100208
100208
100208
100208
100208
100208
100208
100208
100208
100208
100208
100208
100208
100208
100208
100208
100208
100208
100208
100208
100208
100208
100208
100208
100208
100208
100208
100208
100208
100208
100208
100208
100208
100208
100208
100208
100208
100208
100208
100208
100208
100208
100208
100208
100208
100208
100208
100208
100208
100208
100208
100208
100208
100208
100208
100208
100208
100208
100208
100208
100208
100208
100208
100208
100208
100208
100208
100208
100208
100208
100208
100208
100208
100208
100208
100208
100208
100208
100208
100208
100208
100208
100208
100208
100208
100208
100208
100208
100208
100208
100208
100208
100208
100208
100208
100208
100208
100208
100208
100208
100208
100208
100208
100208
100208
100208
100208
100208
100208
100208
100208
100208
100208
100208
100208
100208
100208
100208
100208
100208
100208
100208
100208
100208
100208
100208
100208
100208
100208
100208
100208
100208
100208
100208
100208
100208
100208
100208
100208
100208
100208
100208
100208
100208
100208
100208
100208
100208
100208
100208
100208
100208
100208
100208
100208
100208
100208
100208
100208
100208
100208
100208
100208
100208
100208
100208
100208
100208
100208
100208
100208
100208
100208
100208
100208
100208
100208
100208
100208
100208
100208
100208
100208
100208
100208
100208
100208
100208
100208
100208
100208
100208
100208
100208
100208
100208
100208
100208
100208
100208
100208
100208
100208
100208
100208
100208
100208
100208
100208
100208
100208
100208
100208
100208
100208
100208
100208
100208
100208
100208
100208
100208
100208
100208
100208
100208
100208
100208
100208
100208
100208
100208
100208
100208
100208
100208
100208
100208
100208
100208
100208
100208
100208
100208
100208
100208
100208
100208
100208
100208
100208
100208
100208
100208
100208
100208
100208
100208
100208
100208
100208
100208
100208
100208
100208
100208
100208
100208
100208
100208
100208
100208
100208
100208
100208
100208
100208
100208
100208
100208
100208
100208
100208
100208
100208
100208
100208
100208
100208
100208
100208
100208
100208
100208
100208
100208
100208
100208
100208
100208
100208
100208
100208
100208
100208
100208
100208
100208
100208
100208
100208
100208
100208
100208
100208
100208
100208
100208
100208
100208
100208
100208
100208
100208
100208
100208
100208
100208
100208
100208
100208
100208
100208
100208
100208
100208
100208
100208
100208
100208
100208
100208
100208
100208
100208
100208
100208
100208
100208
100208
100208
100208
100208
100208
100208
100208
100208
100208
100208
100208
100208
100208
100208
100208
100208
100208
100208
100208
100208
100208
100208
100208
100208
100208
100208
100208
100208
100208
100208
100208
100208
100208
100208
100208
100208
100208
100208
100208
100208
100208
100208
100208
100208
100208
100208
100208
100208
100208
100208
100208
100208
100208
100208
100208
100208
100208
100208
100208
100208
100208
100208
100208
100208
100208
100208
100208
100208
100208
100208
100208
100208
100208
100208
100208
100208
100208
100208
100208
100208
100208
100208
100208
100208
100208
100208
100208
100208
100208
100208
100208
100208
100208
100208
100208
100208
100208
100208
100208
100208
100208
100208
100208
100208
100208
100208
100208
100208
100208
100208
100208
100208
100208
100208
100208
100208
100208
100208
100208
100208
100208
100208
100208
100208
100208
100208
100208
100208
100208
100208
100208
100208
100208
100208
100208
100208
100208
100208
100208
100208
100208
100208
100208
100208
100208
100208
100208
100208
100208
100208
100208
100208
100208
100208
100208
100208
100208
100208
100208
100208
100208
100208
100208
100208
100208
100208
100208
100208
100208
100208
100208
100208
100208
100208
100208
100208
100208
100208
100208
100208
100208
100208
100208
100208
100208
100208
100208
100208
100208
100208
100208
100208
100208
100208
100208
100208
100208
100208
100208
100208
100208
100208
100208
100208
100208
100208
100208
100208
100208
100208
100208
100208
100208
100208
100208
100208
100208
100208
100208
100208
100208
100208
100208
100208
100208
100208
100208
100208
100208
100208
100208
100208
100208
100208
100208
100208
100208
100208
100208
100208
100208
100208
100208
100208
100208
100208
100208
100208
100208
100208
100208
100208
100208
100208
100208
100208
100208
100208
100208
100208
100208
100208
100208
100208
100208
100208
100208
100208
100208
100208
100208
100208
100208
100208
100208
100208
100208
100208
100208
100208
100208
100208
100208
100208
100208
100208
100208
100208
100208
100208
100208
100208
100208
100208
100208
100208
100208
100208
100208
100208
100208
100208
100208
100208
100208
100208
100208
100208
100208
100208
100208
100208
100208
100208
100208
100208
100208
100208
100208
100208
100208
100208
100208
100208
100208
100208
100208
100208
100208
100208
100208
100208
100208
100208
100208
100208
100208
100208
100208
100208
100208
100208
100208
100208
100208
100208
100208
100208
100208
100208
100208
100208
100208
100208
100208
100208
100208
100208
100208
100208
100208
100208
100208
100208
100208
100208
100208
100208
100208
100208
100208
100208
100208
100208
100208
100208
100208
100208
100208
100208
100208
100208
100208
100208
100208
100208
100208
100208
100208
100208
100208
100208
100208
100208
100208
100208
100208
100208
100208
100208
100208
100208
100208
100208
100208
100208
100208
100208
100208
100208
100208
100208
100208
100208
100208
100208
100208
100208
100208
100208
100208
100208
100208
100208
100208
100208
100208
100208
100208
100208
100208
100208
100208
100208
100208
100208
100208
100208
100208
100208
100208
100208
100208
100208
100208
100208
100208
100208
100208
100208
100208
100208
100208
100208
100208
100208
100208
100208
100208
100208
100208
100208
100208
100208
100208
100208
100208
100208
100208
100208
100208
100208
100208
100208
100208
100208
100208
100208
100208
100208
100208
100208
100208
100208
100208
100208
100208
100208
100208
100208
100208
100208
100208
100208
100208
100208
100208
100208
100208
100208
100208
100208
100208
100208
100208
100208
100208
100208
100208
100208
100208
100208
100208
100208
100208
100208
100208
100208
100208
100208
100208
100208
100208
100208
100208
100208
100208
100208
100208
100208
100208
100208
100208
100208
100208
100208
100208
100208
100208
100208
100208
100208
100208
100208
100208
100208
100208
100208
100208
100208
100208
100208
100208
100208
100208
100208
100208
100208
100208
100208
100208
100208
100208
100208
100208
100208
100208
100208
100208
100208
100208
100208
100208
100208
100208
100208
100208
100208
100208
100208
100208
100208
100208
100208
100208
100208
100208
100208
100208
100208
100208
100208
100208
100208
100208
100208
100208
100208
100208
100208
100208
100208
100208
100208
100208
100208
100208
100208
100208
100208
100208
100208
100208
100208
100208
100208
100208
100208
100208
100208
100208
100208
100208
100208
100208
100208
100208
100208
100208
100208
100208
100208
100208
100208
100208
100208
100208
100208
100208
100208
100208
100208
100208
100208
100208
100208
100208
100208
100208
100208
100208
100208
100208
100208
100208
100208
100208
100208
100208
100208
100208
100208
100208
100208
100208
100208
100208
100208
100208
100208
100208
100208
100208
100208
100208
100208
100208
100208
100208
100208
100208
100208
100208
100208
100208
100208
100208
100208
100208
100208
100208
100208
100208
100208
100208
100208
100208
100208
100208
100208
100208
100208
100208
100208
100208
100208
100208
100208
100208
100208
100208
100208
100208
100208
100208
100208
100208
100208
100208
100208
100208
100208
100208
100208
100208
100208
100208
100208
100208
100208
100208
100208
100208
100208
100208
100208
100208
100208
100208
100208
100208
100208
100208
100208
100208
100208
100208
100208
100208
100208
100208
100208
100208
100208
100208
100208
100208
100208
100208
100208
100208
100208
100208
100208
100208
100208
100208
100208
100208
100208
100208
100208
100208
100208
100208
100208
100208
100208
100208
100208
100208
100208
100208
100208
100208
100208
100208
100208
100208
100208
100208
100208
100208
100208
100208
100208
100208
100208
100208
100208
100208
100208
100208
100208
100208
100208
100208
100208
100208
100208
100208
100208
100208
100208
100208
100208
100208
100208
100208
100208
100208
100208
100208
100208
100208
100208
100208
100208
100208
100208
100208
100208
100208
100208
100208
100208
100208
100208
100208
100208
100208
100208
100208
100208
100208
100208
100208
100208
100208
100208
100208
100208
100208
100208
100208
100208
100208
100208
100208
100208
100208
100208
100208
100208
100208
100208
100208
100208
100208
100208
100208
100208
100208
100208
100208
100208
100208
100208
100208
100208
100208
100208
100208
100208
100208
100208
100208
100208
100208
100208
100208
100208
100208
100208
100208
100208
100208
100208
100208
100208
100208
100208
100208
100208
100208
100208
100208
100208
100208
100208
100208
100208
100208
100208
100208
100208
100208
100208
100208
100208
100208
100208
100208
100208
100208
100208
100208
100208
100208
100208
100208
100208
100208
100208
100208
100208
100208
100208
100208
100208
100208
100208
100208
100208
100208
100208
100208
100208
100208
100208
100208
100208
100208
100208
100208
100208
100208
100208
100208
100208
100208
100208
100208
100208
100208
100208
100208
100208
100208
100208
100208
100208
100208
100208
100208
100208
100208
100208
100208
100208
100208
100208
100208
100208
100208
100208
100208
100208
100208
100208
100208
100208
100208
100208
100208
100208
100208
100208
100208
100208
100208
100208
100208
100208
100208
100208
100208
100208
100208
100208
100208
100208
100208
100208
100208
100208
100208
100208
100208
100208
100208
100208
100208
100208
100208
100208
100208
100208
100208
100208
100208
100208
100208
100208
100208
100208
100208
100208
100208
100208
100208
100208
100208
100208
100208
100208
100208
100208
100208
100208
100208
100208
100208
100208
100208
100208
100208
100208
100208
100208
100208
100208
100208
100208
100208
100208
100208
100208
100208
100208
100208
100208
100208
100208
100208
100208
100208
100208
100208
100208
100208
100208
100208
100208
100208
100208
100208
100208
100208
100208
100208
100208
100208
100208
100208
100208
100208
100208
100208
100208
100208
100208
100208
100208
100208
100208
100208
100208
100208
100208
100208
100208
100208
100208
100208
100208
100208
100208
100208
100208
100208
100208
100208
100208
100208
100208
100208
100208
100208
100208
100208
100208
100208
100208
100208
100208
100208
100208
100208
100208
100208
100208
100208
100208
100208
100208
100208
100208
100208
100208
100208
100208
100208
100208
100208
100208
100208
100208
100208
100208
100208
100208
100208
100208
100208
100208
100208
100208
100208
100208
100208
100208
100208
100208
100208
100208
100208
100208
100208
100208
100208
100208
100208
100208
100208
100208
100208
100208
100208
100208
100208
100208
100208
100208
100208
100208
100208
100208
100208
100208
100208
100208
100208
100208
100208
100208
100208
100208
100208
100208
100208
100208
100208
100208
100208
100208
100208
100208
100208
100208
100208
100208
100208
100208
100208
100208
100208
100208
100208
100208
100208
100208
100208
100208
100208
100208
100208
100208
100208
100208
100208
100208
100208
100208
100208
100208
100208
100208
100208
100208
100208
100208
100208
100208
100208
100208
100208
100208
100208
100208
100208
100208
100208
100208
100208
100208
100208
100208
100208
100208
100208
100208
100208
100208
100208
100208
100208
100208
100208
100208
100208
100208
100208
100208
100208
100208
100208
100208
100208
100208
100208
100208
100208
100208
100208
100208
100208
100208
100208
100208
100208
100208
100208
100208
100208
100208
100208
100208
100208
100208
100208
100208
100208
100208
100208
100208
100208
100208
100208
100208
100208
100208
100208
100208
100208
100208
100208
100208
100208
100208
100208
100208
100208
100208
100208
100208
100208
100208
100208
100208
100208
100208
100208
100208
100208
100208
100208
100208
100208
100208
100208
100208
100208
100208
100208
100208
100208
100208
100208
100208
100208
100208
100208
100208
100208
100208
100208
100208
100208
100208
100208
100208
100208
100208
100208
100208
100208
100208
100208
100208
100208
100208
100208
100208
100208
100208
100208
100208
100208
100208
100208
100208
100208
100208
100208
100208
100208
100208
100208
100208
100208
100208
100208
100208
100208
100208
100208
100208
100208
100208
100208
100208
100208
100208
100208
100208
100208
100208
100208
100208
100208
100208
100208
100208
100208
100208
100208
100208
100208
100208
100208
100208
100208
100208
100208
100208
100208
100208
100208
100208
100208
100208
100208
100208
100208
100208
100208
100208
100208
100208
100208
100208
100208
100208
100208
100208
100208
100208
100208
100208
100208
100208
100208
100208
100208
100208
100208
100208
100208
100208
100208
100208
100208
100208
100208
100208
100208
100208
100208
100208
100208
100208
100208
100208
100208
100208
100208
100208
100208
100208
100208
100208
100208
100208
100208
100208
100208
100208
100208
100208
100208
100208
100208
100208
100208
100208
100208
100208
100208
100208
100208
100208
100208
100208
100208
100208
100208
100208
100208
100208
100208
100208
100208
100208
100208
100208
100208
100208
100208
100208
100208
100208
100208
100208
100208
100208
100208
100208
100208
100208
100208
100208
100208
100208
100208
100208
100208
100208
100208
100208
100208
100208
100208
100208
100208
100208
100208
100208
100208
100208
100208
100208
100208
100208
100208
100208
100208
100208
100208
100208
100208
100208
100208
100208
100208
100208
100208
100208
100208
100208
100208
100208
100208
100208
100208
100208
100208
100208
100208
100208
100208
100208
100208
100208
100208
100208
100208
100208
100208
100208
100208
100208
100208
100208
100208
100208
100208
100208
100208
100208
100208
100208
100208
100208
100208
100208
100208
100208
100208
100208
100208
100208
100208
100208
100208
100208
100208
100208
100208
100208
100208
100208
100208
100208
100208
100208
100208
100208
100208
100208
100208
100208
100208
100208
100208
100208
100208
100208
100208
100208
100208
100208
100208
100208
100208
100208
100208
100208
100208
100208
100208
100208
100208
100208
100208
100208
100208
100208
100208
100208
100208
100208
100208
100208
100208
100208
100208
100208
100208
100208
100208
100208
100208
100208
100208
100208
100208
100208
100208
100208
100208
100208
100208
100208
100208
100208
100208
100208
100208
100208
100208
100208
100208
100208
100208
100208
100208
100208
100208
100208
100208
100208
100208
100208
100208
100208
100208
100208
100208
100208
100208
100208
100208
100208
100208
100208
100208
100208
100208
100208
100208
100208
100208
100208
100208
100208
100208
100208
100208
100208
100208
100208
100208
100208
100208
100208
100208
100208
100208
100208
100208
100208
100208
100208
100208
100208
100208
100208
100208
100208
100208
100208
100208
100208
100208
100208
100208
100208
100208
100208
100208
100208
100208
100208
100208
100208
100208
100208
100208
100208
100208
100208
100208
100208
100208
100208
100208
100208
100208
100208
100208
100208
100208
100208
100208
100208
100208
100208
100208
100208
100208
100208
100208
100208
100208
100208
100208
100208
100208
100208
100208
100208
100208
100208
100208
100208
100208
100208
100208
100208
100208
100208
100208
100208
100208
100208
100208
100208
100208
100208
100208
100208
100208
100208
100208
100208
100208
100208
100208
100208
100208
100208
100208
100208
100208
100208
100208
100208
100208
100208
100208
100208
100208
100208
100208
100208
100208
100208
100208
100208
100208
100208
100208
100208
100208
100208
100208
100208
100208
100208
100208
100208
100208
100208
100208
100208
100208
100208
100208
100208
100208
100208
100208
100208
100208
100208
100208
100208
100208
100208
100208
100208
100208
100208
100208
100208
100208
100208
100208
100208
100208
100208
100208
100208
100208
100208
100208
100208
100208
100208
100208
100208
100208
100208
100208
100208
100208
100208
100208
100208
100208
100208
100208
100208
100208
100208
100208
100208
100208
100208
100208
100208
100208
100208
100208
100208
100208
100208
100208
100208
100208
100208
100208
100208
100208
100208
100208
100208
100208
100208
100208
100208
100208
100208
100208
100208
100208
100208
100208
100208
100208
100208
100208
100208
100208
100208
100208
100208
100208
100208
100208
100208
100208
100208
100208
100208
100208
100208
100208
100208
100208
100208
100208
100208
100208
100208
100208
100208
100208
100208
100208
100208
100208
100208
100208
100208
100208
100208
100208
100208
100208
100208
100208
100208
100208
100208
100208
100208
100208
100208
100208
100208
100208
100208
100208
100208
100208
100208
100208
100208
100208
100208
100208
100208
100208
100208
100208
100208
100208
100208
100208
100208
100208
100208
100208
100208
100208
100208
100208
100208
100208
100208
100208
100208
100208
100208
100208
100208
100208
100208
100208
100208
100208
100208
100208
100208
100208
100208
100208
100208
100208
100208
100208
100208
100208
100208
100208
100208
100208
100208
100208
100208
100208
100208
100208
100208
100208
100208
100208
100208
100208
100208
100208
100208
100208
100208
100208
100208
100208
100208
100208
100208
100208
100208
100208
100208
100208
100208
100208
100208
100208
100208
100208
100208
100208
100208
100208
100208
100208
100208
100208
100208
100208
100208
100208
100208
100208
100208
100208
100208
100208
100208
100208
100208
100208
100208
100208
100208
100208
100208
100208
100208
100208
100208
100208
100208
100208
100208
100208
100208
100208
100208
100208
100208
100208
100208
100208
100208
100208
100208
100208
100208
100208
100208
100208
100208
100208
100208
100208
100208
100208
100208
100208
100208
100208
100208
100208
100208
100208
100208
100208
100208
100208
100208
100208
100208
100208
100208
100208
100208
100208
100208
100208
100208
100208
100208
100208
100208
100208
100208
100208
100208
100208
100208
100208
100208
100208
100208
100208
100208
100208
100208
100208
100208
100208
100208
100208
100208
100208
100208
100208
100208
100208
100208
100208
100208
100208
100208
100208
100208
100208
100208
100208
100208
100208
100208
100208
100208
100208
100208
100208
100208
100208
100208
100208
100208
100208
100208
100208
100208
100208
100208
100208
100208
100208
100208
100208
100208
100208
100208
100208
100208
100208
100208
100208
100208
100208
100208
100208
100208
100208
100208
100208
100208
100208
100208
100208
100208
100208
100208
100208
100208
100208
100208
100208
100208
100208
100208
100208
100208
100208
100208
100208
100208
100208
100208
100208
100208
100208
100208
100208
100208
100208
100208
100208
100208
100208
100208
100208
100208
100208
100208
100208
100208
100208
100208
100208
100208
100208
100208
100208
100208
100208
100208
100208
100208
100208
100208
100208
100208
100208
100208
100208
100208
100208
100208
100208
100208
100208
100208
100208
100208
100208
100208
100208
100208
100208
100208
100208
100208
100208
100208
100208
100208
100208
100208
100208
100208
100208
100208
100208
100208
100208
100208
100208
100208
100208
100208
100208
100208
100208
100208
100208
100208
100208
100208
100208
100208
100208
100208
100208
100208
100208
100208
100208
100208
100208
100208
100208
100208
100208
100208
100208
100208
100208
100208
100208
100208
100208
100208
100208
100208
100208
100208
100208
100208
100208
100208
100208
100208
100208
100208
100208
100208
100208
100208
100208
100208
100208
100208
100208
100208
100208
100208
100208
100208
100208
100208
100208
100208
100208
100208
100208
100208
100208
100208
100208
100208
100208
100208
100208
100208
100208
100208
100208
100208
100208
100208
100208
100208
100208
100208
100208
100208
100208
100208
100208
100208
100208
100208
100208
100208
100208
100208
100208
100208
100208
100208
100208
100208
100208
100208
100208
100208
100208
100208
100208
100208
100208
100208
100208
100208
100208
100208
100208
100208
100208
100208
100208
100208
100208
100208
100208
100208
100208
100208
100208
100208
100208
100208
100208
100208
100208
100208
100208
100208
100208
100208
100208
100208
100208
100208
100208
100208
100208
100208
100208
100208
100208
100208
100208
100208
100208
100208
100208
100208
100208
100208
100208
100208
100208
100208
100208
100208
100208
100208
100208
100208
100208
100208
100208
100208
100208
100208
100208
100208
100208
100208
100208
100208
100208
100208
100208
100208
100208
100208
100208
100208
100208
100208
100208
100208
100208
100208
100208
100208
100208
100208
100208
100208
100208
100208
100208
100208
100208
100208
100208
100208
100208
100208
100208
100208
100208
100208
100208
100208
100208
100208
100208
100208
100208
100208
100208
100208
100208
100208
100208
100208
100208
100208
100208
100208
100208
100208
100208
100208
100208
100208
100208
100208
100208
100208
100208
100208
100208
100208
100208
100208
100208
100208
100208
100208
100208
100208
100208
100208
100208
100208
100208
100208
100208
100208
100208
100208
100208
100208
100208
100208
100208
100208
100208
100208
100208
100208
100208
100208
100208
100208
100208
100208
100208
100208
100208
100208
100208
100208
100208
100208
100208
100208
100208
)
;

boundaryField
{
    floor
    {
        type            fixedFluxPressure;
        gradient        uniform 0;
        value           nonuniform List<scalar> 
400
(
100208
100208
100208
100208
100208
100208
100208
100208
100208
100208
100208
100208
100208
100208
100208
100208
100208
100208
100208
100208
100208
100208
100208
100208
100208
100208
100208
100208
100208
100208
100208
100208
100208
100208
100208
100208
100208
100208
100208
100208
100208
100208
100208
100208
100208
100208
100208
100208
100208
100208
100208
100208
100208
100208
100208
100208
100208
100208
100208
100208
100208
100208
100208
100208
100208
100208
100208
100208
100208
100208
100208
100208
100208
100208
100208
100208
100208
100208
100208
100208
100208
100208
100208
100208
100208
100208
100208
100208
100208
100208
100208
100208
100208
100208
100208
100208
100208
100208
100208
100208
100208
100208
100208
100208
100208
100208
100208
100208
100208
100208
100208
100208
100208
100208
100208
100208
100208
100208
100208
100208
100208
100208
100208
100208
100208
100208
100208
100208
100208
100208
100208
100208
100208
100208
100208
100208
100208
100208
100208
100208
100208
100208
100208
100208
100208
100208
100208
100208
100208
100208
100208
100208
100208
100208
100208
100208
100208
100208
100208
100208
100208
100208
100208
100208
100208
100208
100208
100208
100208
100208
100208
100208
100208
100208
100208
100208
100208
100208
100208
100208
100208
100208
100208
100208
100208
100208
100208
100208
100208
100208
100208
100208
100208
100208
100208
100208
100208
100208
100208
100208
100208
100208
100208
100208
100208
100208
100208
100208
100208
100208
100208
100208
100208
100208
100208
100208
100208
100208
100208
100208
100208
100208
100208
100208
100208
100208
100208
100208
100208
100208
100208
100208
100208
100208
100208
100208
100208
100208
100208
100208
100208
100208
100208
100208
100208
100208
100208
100208
100208
100208
100208
100208
100208
100208
100208
100208
100208
100208
100208
100208
100208
100208
100208
100208
100208
100208
100208
100208
100208
100208
100208
100208
100208
100208
100208
100208
100208
100208
100208
100208
100208
100208
100208
100208
100208
100208
100208
100208
100208
100208
100208
100208
100208
100208
100208
100208
100208
100208
100208
100208
100208
100208
100208
100208
100208
100208
100208
100208
100208
100208
100208
100208
100208
100208
100208
100208
100208
100208
100208
100208
100208
100208
100208
100208
100208
100208
100208
100208
100208
100208
100208
100208
100208
100208
100208
100208
100208
100208
100208
100208
100208
100208
100208
100208
100208
100208
100208
100208
100208
100208
100208
100208
100208
100208
100208
100208
100208
100208
100208
100208
100208
100208
100208
100208
100208
100208
100208
100208
100208
100208
100208
100208
100208
100208
100208
100208
100208
100208
100208
100208
100208
100208
100208
100208
100208
100208
100208
100208
100208
100208
100208
100208
100208
100208
100208
100208
100208
100208
100208
100208
)
;
    }
    ceiling
    {
        type            fixedFluxPressure;
        gradient        nonuniform List<scalar> 
400
(
0.393008
0.398525
0.403105
0.40676
0.409766
0.412298
0.414424
0.416255
0.416875
0.415374
0.412678
0.409149
0.405024
0.400486
0.395689
0.390779
0.385908
0.381242
0.377015
0.373291
0.398525
0.404105
0.408726
0.412548
0.415848
0.418784
0.421342
0.423544
0.425666
0.424039
0.420718
0.416277
0.411056
0.405301
0.399206
0.392967
0.386802
0.38096
0.375776
0.371924
0.403105
0.408726
0.41325
0.417112
0.420626
0.42396
0.427008
0.429787
0.433422
0.431828
0.427931
0.422699
0.416581
0.409862
0.402737
0.395424
0.388201
0.381393
0.37541
0.371123
0.40676
0.412548
0.417112
0.421122
0.424949
0.42889
0.432952
0.437065
0.442404
0.440532
0.435462
0.429063
0.421934
0.414254
0.406133
0.397805
0.389616
0.381991
0.375386
0.370617
0.409766
0.415848
0.420626
0.424949
0.429532
0.434647
0.44026
0.446338
0.45388
0.451477
0.444352
0.436025
0.427309
0.418397
0.409163
0.39976
0.390599
0.382249
0.37522
0.370181
0.412298
0.418784
0.42396
0.42889
0.434647
0.44136
0.44903
0.457729
0.468219
0.465161
0.454676
0.443474
0.432536
0.421953
0.411423
0.400843
0.390687
0.381697
0.37447
0.369541
0.414424
0.421342
0.427008
0.432952
0.44026
0.44903
0.459376
0.47153
0.486061
0.482419
0.466461
0.451064
0.437157
0.424484
0.412411
0.40052
0.389384
0.379923
0.37281
0.368498
0.416255
0.423544
0.429787
0.437065
0.446338
0.457729
0.47153
0.488208
0.508199
0.504336
0.479534
0.458193
0.440487
0.425321
0.411448
0.398162
0.386282
0.376837
0.370412
0.367142
0.416875
0.425666
0.433422
0.442404
0.45388
0.468219
0.486061
0.508199
0.534659
0.531061
0.492586
0.463427
0.441289
0.42342
0.407563
0.393138
0.381401
0.3731
0.368038
0.3658
0.415374
0.424039
0.431828
0.440532
0.451477
0.465161
0.482419
0.504336
0.531061
0.531444
0.485161
0.454374
0.432396
0.414457
0.398534
0.385407
0.375827
0.369702
0.366093
0.364612
0.412678
0.420718
0.427931
0.435462
0.444352
0.454676
0.466461
0.479534
0.492586
0.485161
0.458967
0.437916
0.419988
0.403368
0.388737
0.377825
0.37119
0.367167
0.36459
0.363553
0.409149
0.416277
0.422699
0.429063
0.436025
0.443474
0.451064
0.458193
0.463427
0.454374
0.437916
0.422022
0.406221
0.391425
0.379504
0.372056
0.368678
0.366051
0.363661
0.362608
0.405024
0.411056
0.416581
0.421934
0.427309
0.432536
0.437157
0.440487
0.441289
0.432396
0.419988
0.406221
0.392444
0.380574
0.372447
0.368934
0.368665
0.366897
0.36331
0.361752
0.400486
0.405301
0.409862
0.414254
0.418397
0.421953
0.424484
0.425321
0.42342
0.414457
0.403368
0.391425
0.380574
0.372601
0.368157
0.367621
0.368525
0.367201
0.362696
0.360801
0.395689
0.399206
0.402737
0.406133
0.409163
0.411423
0.412411
0.411448
0.407563
0.398534
0.388737
0.379504
0.372447
0.368157
0.366305
0.36646
0.36726
0.36614
0.361504
0.359653
0.390779
0.392967
0.395424
0.397805
0.39976
0.400843
0.40052
0.398162
0.393138
0.385407
0.377825
0.372056
0.368934
0.367621
0.36646
0.365516
0.365062
0.363618
0.359728
0.358312
0.385908
0.386802
0.388201
0.389616
0.390599
0.390687
0.389384
0.386282
0.381401
0.375827
0.37119
0.368678
0.368665
0.368525
0.36726
0.365062
0.362707
0.360217
0.357678
0.356897
0.381242
0.38096
0.381393
0.381991
0.382249
0.381697
0.379923
0.376837
0.3731
0.369702
0.367167
0.366051
0.366897
0.367201
0.36614
0.363618
0.360217
0.357579
0.355925
0.355564
0.377015
0.375776
0.37541
0.375386
0.37522
0.37447
0.37281
0.370412
0.368038
0.366093
0.36459
0.363661
0.36331
0.362696
0.361504
0.359728
0.357678
0.355925
0.354699
0.354463
0.373291
0.371925
0.371123
0.370617
0.370181
0.369541
0.368498
0.367142
0.3658
0.364612
0.363553
0.362608
0.361752
0.360801
0.359653
0.358312
0.356897
0.355564
0.354463
0.353985
)
;
        value           nonuniform List<scalar> 
400
(
100208
100208
100208
100208
100208
100208
100208
100208
100208
100208
100208
100208
100208
100208
100208
100208
100208
100208
100208
100208
100208
100208
100208
100208
100208
100208
100208
100208
100208
100208
100208
100208
100208
100208
100208
100208
100208
100208
100208
100208
100208
100208
100208
100208
100208
100208
100208
100208
100208
100208
100208
100208
100208
100208
100208
100208
100208
100208
100208
100208
100208
100208
100208
100208
100208
100208
100208
100208
100208
100208
100208
100208
100208
100208
100208
100208
100208
100208
100208
100208
100208
100208
100208
100208
100208
100208
100208
100208
100208
100208
100208
100208
100208
100208
100208
100208
100208
100208
100208
100208
100208
100208
100208
100208
100208
100208
100208
100208
100208
100208
100208
100208
100208
100208
100208
100208
100208
100208
100208
100208
100208
100208
100208
100208
100208
100208
100208
100208
100208
100208
100208
100208
100208
100208
100208
100208
100208
100208
100208
100208
100208
100208
100208
100208
100208
100208
100208
100208
100208
100208
100208
100208
100208
100208
100208
100208
100208
100208
100208
100208
100208
100208
100208
100208
100208
100208
100208
100208
100208
100208
100208
100208
100208
100208
100208
100208
100208
100208
100208
100208
100208
100208
100208
100208
100208
100208
100208
100208
100208
100208
100208
100208
100208
100208
100208
100208
100208
100208
100208
100208
100208
100208
100208
100208
100208
100208
100208
100208
100208
100208
100208
100208
100208
100208
100208
100208
100208
100208
100208
100208
100208
100208
100208
100208
100208
100208
100208
100208
100208
100208
100208
100208
100208
100208
100208
100208
100208
100208
100208
100208
100208
100208
100208
100208
100208
100208
100208
100208
100208
100208
100208
100208
100208
100208
100208
100208
100208
100208
100208
100208
100208
100208
100208
100208
100208
100208
100208
100208
100208
100208
100208
100208
100208
100208
100208
100208
100208
100208
100208
100208
100208
100208
100208
100208
100208
100208
100208
100208
100208
100208
100208
100208
100208
100208
100208
100208
100208
100208
100208
100208
100208
100208
100208
100208
100208
100208
100208
100208
100208
100208
100208
100208
100208
100208
100208
100208
100208
100208
100208
100208
100208
100208
100208
100208
100208
100208
100208
100208
100208
100208
100208
100208
100208
100208
100208
100208
100208
100208
100208
100208
100208
100208
100208
100208
100208
100208
100208
100208
100208
100208
100208
100208
100208
100208
100208
100208
100208
100208
100208
100208
100208
100208
100208
100208
100208
100208
100208
100208
100208
100208
100208
100208
100208
100208
100208
100208
100208
100208
100208
100208
100208
100208
100208
100208
100208
100208
100208
100208
100208
100208
100208
100208
100208
100208
100208
100208
100208
100208
100208
100208
)
;
    }
    fixedWalls
    {
        type            fixedFluxPressure;
        gradient        uniform 0;
        value           nonuniform List<scalar> 
800
(
100208
100208
100208
100208
100208
100208
100208
100208
100208
100208
100208
100208
100208
100208
100208
100208
100208
100208
100208
100208
100208
100208
100208
100208
100208
100208
100208
100208
100208
100208
100208
100208
100208
100208
100208
100208
100208
100208
100208
100208
100208
100208
100208
100208
100208
100208
100208
100208
100208
100208
100208
100208
100208
100208
100208
100208
100208
100208
100208
100208
100208
100208
100208
100208
100208
100208
100208
100208
100208
100208
100208
100208
100208
100208
100208
100208
100208
100208
100208
100208
100208
100208
100208
100208
100208
100208
100208
100208
100208
100208
100208
100208
100208
100208
100208
100208
100208
100208
100208
100208
100208
100208
100208
100208
100208
100208
100208
100208
100208
100208
100208
100208
100208
100208
100208
100208
100208
100208
100208
100208
100208
100208
100208
100208
100208
100208
100208
100208
100208
100208
100208
100208
100208
100208
100208
100208
100208
100208
100208
100208
100208
100208
100208
100208
100208
100208
100208
100208
100208
100208
100208
100208
100208
100208
100208
100208
100208
100208
100208
100208
100208
100208
100208
100208
100208
100208
100208
100208
100208
100208
100208
100208
100208
100208
100208
100208
100208
100208
100208
100208
100208
100208
100208
100208
100208
100208
100208
100208
100208
100208
100208
100208
100208
100208
100208
100208
100208
100208
100208
100208
100208
100208
100208
100208
100208
100208
100208
100208
100208
100208
100208
100208
100208
100208
100208
100208
100208
100208
100208
100208
100208
100208
100208
100208
100208
100208
100208
100208
100208
100208
100208
100208
100208
100208
100208
100208
100208
100208
100208
100208
100208
100208
100208
100208
100208
100208
100208
100208
100208
100208
100208
100208
100208
100208
100208
100208
100208
100208
100208
100208
100208
100208
100208
100208
100208
100208
100208
100208
100208
100208
100208
100208
100208
100208
100208
100208
100208
100208
100208
100208
100208
100208
100208
100208
100208
100208
100208
100208
100208
100208
100208
100208
100208
100208
100208
100208
100208
100208
100208
100208
100208
100208
100208
100208
100208
100208
100208
100208
100208
100208
100208
100208
100208
100208
100208
100208
100208
100208
100208
100208
100208
100208
100208
100208
100208
100208
100208
100208
100208
100208
100208
100208
100208
100208
100208
100208
100208
100208
100208
100208
100208
100208
100208
100208
100208
100208
100208
100208
100208
100208
100208
100208
100208
100208
100208
100208
100208
100208
100208
100208
100208
100208
100208
100208
100208
100208
100208
100208
100208
100208
100208
100208
100208
100208
100208
100208
100208
100208
100208
100208
100208
100208
100208
100208
100208
100208
100208
100208
100208
100208
100208
100208
100208
100208
100208
100208
100208
100208
100208
100208
100208
100208
100208
100208
100208
100208
100208
100208
100208
100208
100208
100208
100208
100208
100208
100208
100208
100208
100208
100208
100208
100208
100208
100208
100208
100208
100208
100208
100208
100208
100208
100208
100208
100208
100208
100208
100208
100208
100208
100208
100208
100208
100208
100208
100208
100208
100208
100208
100208
100208
100208
100208
100208
100208
100208
100208
100208
100208
100208
100208
100208
100208
100208
100208
100208
100208
100208
100208
100208
100208
100208
100208
100208
100208
100208
100208
100208
100208
100208
100208
100208
100208
100208
100208
100208
100208
100208
100208
100208
100208
100208
100208
100208
100208
100208
100208
100208
100208
100208
100208
100208
100208
100208
100208
100208
100208
100208
100208
100208
100208
100208
100208
100208
100208
100208
100208
100208
100208
100208
100208
100208
100208
100208
100208
100208
100208
100208
100208
100208
100208
100208
100208
100208
100208
100208
100208
100208
100208
100208
100208
100208
100208
100208
100208
100208
100208
100208
100208
100208
100208
100208
100208
100208
100208
100208
100208
100208
100208
100208
100208
100208
100208
100208
100208
100208
100208
100208
100208
100208
100208
100208
100208
100208
100208
100208
100208
100208
100208
100208
100208
100208
100208
100208
100208
100208
100208
100208
100208
100208
100208
100208
100208
100208
100208
100208
100208
100208
100208
100208
100208
100208
100208
100208
100208
100208
100208
100208
100208
100208
100208
100208
100208
100208
100208
100208
100208
100208
100208
100208
100208
100208
100208
100208
100208
100208
100208
100208
100208
100208
100208
100208
100208
100208
100208
100208
100208
100208
100208
100208
100208
100208
100208
100208
100208
100208
100208
100208
100208
100208
100208
100208
100208
100208
100208
100208
100208
100208
100208
100208
100208
100208
100208
100208
100208
100208
100208
100208
100208
100208
100208
100208
100208
100208
100208
100208
100208
100208
100208
100208
100208
100208
100208
100208
100208
100208
100208
100208
100208
100208
100208
100208
100208
100208
100208
100208
100208
100208
100208
100208
100208
100208
100208
100208
100208
100208
100208
100208
100208
100208
100208
100208
100208
100208
100208
100208
100208
100208
100208
100208
100208
100208
100208
100208
100208
100208
100208
100208
100208
100208
100208
100208
100208
100208
100208
100208
100208
100208
100208
100208
100208
100208
100208
100208
100208
100208
100208
100208
100208
100208
100208
100208
100208
100208
100208
100208
100208
100208
100208
100208
100208
100208
100208
100208
100208
100208
100208
100208
100208
100208
100208
100208
100208
100208
100208
100208
100208
100208
100208
100208
100208
100208
100208
100208
100208
100208
100208
100208
100208
100208
100208
100208
100208
100208
100208
100208
100208
100208
100208
100208
100208
)
;
    }
}


// ************************************************************************* //
