/*--------------------------------*- C++ -*----------------------------------*\
| =========                 |                                                 |
| \\      /  F ield         | OpenFOAM: The Open Source CFD Toolbox           |
|  \\    /   O peration     | Version:  v2012                                 |
|   \\  /    A nd           | Website:  www.openfoam.com                      |
|    \\/     M anipulation  |                                                 |
\*---------------------------------------------------------------------------*/
FoamFile
{
    version     2.0;
    format      ascii;
    class       volScalarField;
    location    "400";
    object      T;
}
// * * * * * * * * * * * * * * * * * * * * * * * * * * * * * * * * * * * * * //

dimensions      [0 0 0 1 0 0 0];


internalField   nonuniform List<scalar> 
4000
(
300.427
300.428
300.426
300.424
300.423
300.422
300.424
300.427
300.431
300.435
300.438
300.44
300.441
300.439
300.433
300.428
300.425
300.423
300.422
300.421
300.484
300.482
300.477
300.472
300.468
300.467
300.467
300.469
300.473
300.476
300.481
300.486
300.49
300.494
300.492
300.484
300.472
300.465
300.461
300.457
300.529
300.526
300.521
300.513
300.505
300.498
300.493
300.492
300.494
300.497
300.502
300.508
300.514
300.52
300.526
300.528
300.519
300.503
300.498
300.5
300.551
300.551
300.55
300.547
300.543
300.537
300.532
300.528
300.528
300.529
300.532
300.535
300.538
300.542
300.545
300.549
300.553
300.554
300.553
300.554
300.554
300.557
300.56
300.562
300.562
300.561
300.559
300.558
300.558
300.558
300.558
300.559
300.559
300.559
300.559
300.559
300.559
300.56
300.562
300.563
300.551
300.556
300.561
300.564
300.566
300.566
300.566
300.566
300.566
300.565
300.564
300.563
300.562
300.561
300.56
300.558
300.557
300.557
300.556
300.555
300.547
300.554
300.559
300.563
300.565
300.566
300.566
300.567
300.566
300.565
300.564
300.563
300.561
300.558
300.556
300.554
300.551
300.549
300.547
300.545
300.544
300.551
300.557
300.561
300.563
300.564
300.565
300.566
300.566
300.565
300.563
300.561
300.558
300.555
300.552
300.548
300.545
300.541
300.538
300.534
300.54
300.547
300.553
300.558
300.561
300.563
300.565
300.567
300.567
300.566
300.563
300.559
300.555
300.551
300.546
300.541
300.537
300.532
300.527
300.523
300.533
300.541
300.547
300.552
300.556
300.559
300.562
300.564
300.565
300.563
300.559
300.555
300.549
300.543
300.537
300.531
300.524
300.518
300.512
300.507
300.428
300.427
300.425
300.423
300.422
300.422
300.424
300.427
300.431
300.435
300.438
300.439
300.438
300.435
300.43
300.428
300.428
300.428
300.428
300.424
300.482
300.479
300.474
300.469
300.466
300.465
300.465
300.468
300.472
300.477
300.482
300.487
300.49
300.493
300.491
300.482
300.47
300.462
300.457
300.453
300.526
300.522
300.515
300.507
300.498
300.493
300.49
300.491
300.493
300.497
300.503
300.508
300.514
300.52
300.525
300.527
300.52
300.506
300.498
300.496
300.551
300.549
300.546
300.54
300.532
300.524
300.519
300.516
300.517
300.519
300.523
300.528
300.532
300.537
300.542
300.547
300.551
300.552
300.55
300.551
300.557
300.558
300.559
300.558
300.555
300.55
300.546
300.543
300.542
300.543
300.545
300.547
300.549
300.551
300.553
300.555
300.557
300.56
300.562
300.564
300.556
300.559
300.562
300.563
300.562
300.56
300.557
300.555
300.554
300.554
300.554
300.555
300.555
300.556
300.556
300.556
300.556
300.556
300.557
300.556
300.554
300.557
300.561
300.563
300.562
300.56
300.558
300.557
300.556
300.556
300.556
300.556
300.555
300.555
300.554
300.553
300.551
300.55
300.548
300.545
300.551
300.556
300.561
300.562
300.562
300.561
300.56
300.56
300.56
300.56
300.559
300.558
300.556
300.554
300.551
300.548
300.545
300.542
300.538
300.534
300.547
300.554
300.559
300.562
300.564
300.565
300.567
300.568
300.57
300.569
300.566
300.563
300.558
300.554
300.549
300.543
300.538
300.533
300.527
300.522
300.541
300.548
300.554
300.559
300.564
300.568
300.571
300.574
300.577
300.574
300.57
300.564
300.557
300.55
300.542
300.533
300.525
300.518
300.511
300.506
300.426
300.425
300.423
300.422
300.421
300.421
300.422
300.426
300.431
300.435
300.438
300.439
300.439
300.437
300.435
300.434
300.434
300.434
300.435
300.435
300.477
300.474
300.47
300.466
300.464
300.463
300.464
300.467
300.472
300.478
300.483
300.488
300.491
300.492
300.49
300.482
300.47
300.462
300.457
300.452
300.521
300.515
300.508
300.5
300.494
300.49
300.488
300.489
300.492
300.497
300.504
300.509
300.515
300.519
300.523
300.523
300.517
300.503
300.494
300.489
300.55
300.546
300.54
300.532
300.524
300.516
300.511
300.509
300.511
300.515
300.52
300.525
300.53
300.535
300.54
300.544
300.548
300.548
300.545
300.545
300.56
300.559
300.557
300.553
300.547
300.539
300.533
300.529
300.529
300.532
300.535
300.539
300.542
300.546
300.549
300.552
300.555
300.559
300.562
300.564
300.561
300.562
300.562
300.56
300.557
300.551
300.545
300.542
300.541
300.542
300.544
300.546
300.548
300.55
300.552
300.553
300.555
300.556
300.557
300.556
300.559
300.561
300.562
300.561
300.557
300.552
300.548
300.546
300.546
300.547
300.548
300.549
300.55
300.55
300.55
300.55
300.55
300.55
300.548
300.545
300.557
300.561
300.562
300.56
300.557
300.554
300.552
300.553
300.555
300.556
300.555
300.553
300.552
300.55
300.549
300.547
300.544
300.542
300.538
300.534
300.553
300.559
300.562
300.563
300.564
300.565
300.566
300.568
300.571
300.571
300.568
300.564
300.559
300.554
300.549
300.544
300.538
300.533
300.527
300.521
300.547
300.554
300.56
300.565
300.57
300.574
300.578
300.582
300.587
300.585
300.58
300.573
300.565
300.556
300.546
300.537
300.527
300.518
300.51
300.505
300.424
300.423
300.422
300.42
300.419
300.419
300.421
300.425
300.43
300.436
300.44
300.443
300.444
300.444
300.443
300.442
300.442
300.443
300.444
300.445
300.472
300.469
300.466
300.464
300.462
300.461
300.461
300.464
300.471
300.479
300.485
300.489
300.492
300.492
300.49
300.482
300.473
300.467
300.462
300.458
300.513
300.507
300.5
300.495
300.49
300.486
300.483
300.485
300.491
300.498
300.505
300.511
300.515
300.519
300.521
300.52
300.513
300.5
300.491
300.485
300.547
300.54
300.532
300.524
300.516
300.509
300.503
300.503
300.507
300.513
300.519
300.525
300.529
300.534
300.538
300.542
300.544
300.543
300.538
300.537
300.562
300.558
300.553
300.546
300.537
300.528
300.521
300.518
300.521
300.526
300.531
300.535
300.539
300.542
300.546
300.55
300.554
300.558
300.561
300.564
300.564
300.563
300.56
300.556
300.549
300.54
300.532
300.53
300.532
300.536
300.539
300.541
300.543
300.546
300.548
300.551
300.553
300.556
300.557
300.557
300.563
300.563
300.561
300.556
300.55
300.542
300.538
300.538
300.542
300.545
300.545
300.545
300.545
300.546
300.547
300.548
300.549
300.549
300.548
300.545
300.561
300.562
300.56
300.556
300.551
300.549
300.549
300.552
300.557
300.558
300.555
300.551
300.549
300.547
300.546
300.545
300.543
300.541
300.538
300.533
300.558
300.562
300.563
300.563
300.563
300.565
300.568
300.572
300.578
300.578
300.572
300.566
300.56
300.554
300.548
300.543
300.538
300.532
300.526
300.52
300.552
300.559
300.565
300.571
300.576
300.581
300.586
300.592
300.599
300.596
300.59
300.581
300.572
300.562
300.551
300.54
300.529
300.519
300.51
300.504
300.423
300.422
300.421
300.419
300.418
300.418
300.419
300.424
300.432
300.439
300.445
300.449
300.452
300.453
300.453
300.452
300.451
300.452
300.454
300.456
300.468
300.466
300.464
300.462
300.459
300.457
300.456
300.461
300.471
300.48
300.487
300.492
300.494
300.494
300.491
300.485
300.478
300.474
300.473
300.472
300.505
300.498
300.494
300.49
300.485
300.48
300.477
300.481
300.491
300.5
300.507
300.512
300.516
300.518
300.519
300.517
300.509
300.499
300.491
300.486
300.543
300.532
300.524
300.516
300.508
300.5
300.495
300.497
300.506
300.515
300.521
300.525
300.529
300.533
300.537
300.54
300.54
300.537
300.532
300.53
300.562
300.555
300.547
300.537
300.527
300.516
300.51
300.512
300.52
300.527
300.531
300.534
300.537
300.541
300.544
300.549
300.553
300.557
300.56
300.563
300.566
300.562
300.557
300.549
300.538
300.527
300.521
300.525
300.532
300.538
300.54
300.54
300.541
300.543
300.546
300.549
300.553
300.556
300.558
300.557
300.565
300.562
300.557
300.55
300.54
300.533
300.532
300.539
300.547
300.551
300.548
300.545
300.543
300.544
300.545
300.547
300.548
300.549
300.548
300.545
300.563
300.562
300.557
300.551
300.547
300.546
300.549
300.558
300.566
300.568
300.561
300.552
300.547
300.545
300.544
300.543
300.542
300.54
300.537
300.532
300.561
300.564
300.564
300.563
300.564
300.567
300.573
300.582
300.591
300.59
300.581
300.57
300.562
300.554
300.548
300.542
300.537
300.531
300.525
300.519
300.556
300.564
300.57
300.576
300.582
300.589
300.596
300.604
300.614
300.611
300.601
300.59
300.579
300.567
300.555
300.542
300.53
300.519
300.51
300.503
300.422
300.422
300.421
300.419
300.418
300.417
300.417
300.423
300.435
300.446
300.453
300.459
300.462
300.464
300.464
300.463
300.462
300.462
300.464
300.466
300.467
300.465
300.463
300.461
300.457
300.453
300.452
300.457
300.471
300.483
300.491
300.496
300.498
300.497
300.495
300.491
300.487
300.485
300.485
300.486
300.498
300.493
300.49
300.486
300.48
300.474
300.471
300.478
300.492
300.504
300.511
300.515
300.518
300.519
300.518
300.515
300.508
300.5
300.494
300.49
300.537
300.524
300.516
300.509
300.5
300.491
300.487
300.495
300.509
300.52
300.525
300.528
300.53
300.533
300.536
300.537
300.537
300.532
300.527
300.525
300.561
300.55
300.539
300.528
300.516
300.506
300.502
300.511
300.525
300.535
300.538
300.537
300.538
300.54
300.544
300.548
300.552
300.555
300.558
300.561
300.566
300.56
300.551
300.54
300.527
300.517
300.516
300.528
300.543
300.551
300.548
300.543
300.541
300.543
300.546
300.549
300.553
300.556
300.558
300.557
300.566
300.56
300.552
300.542
300.533
300.529
300.534
300.548
300.563
300.568
300.558
300.548
300.543
300.543
300.544
300.546
300.548
300.549
300.548
300.545
300.564
300.561
300.554
300.549
300.546
300.548
300.556
300.571
300.586
300.588
300.571
300.555
300.547
300.544
300.543
300.542
300.541
300.54
300.537
300.531
300.563
300.565
300.565
300.565
300.567
300.573
300.583
300.597
300.611
300.611
300.593
300.576
300.564
300.554
300.546
300.541
300.535
300.53
300.524
300.518
300.559
300.568
300.574
300.581
300.589
300.597
300.608
300.619
300.633
300.629
300.615
300.6
300.586
300.572
300.558
300.544
300.53
300.518
300.509
300.502
300.424
300.424
300.422
300.421
300.419
300.417
300.417
300.423
300.44
300.456
300.466
300.472
300.475
300.476
300.476
300.474
300.473
300.472
300.474
300.475
300.467
300.465
300.464
300.461
300.456
300.452
300.449
300.454
300.474
300.492
300.501
300.504
300.505
300.504
300.502
300.499
300.497
300.496
300.496
300.498
300.493
300.49
300.488
300.483
300.477
300.471
300.468
300.476
300.498
300.515
300.521
300.522
300.521
300.521
300.519
300.516
300.51
300.505
300.501
300.497
300.532
300.519
300.511
300.503
300.495
300.487
300.484
300.496
300.52
300.537
300.54
300.535
300.533
300.534
300.535
300.535
300.534
300.529
300.524
300.521
300.559
300.546
300.533
300.521
300.51
300.502
300.501
300.518
300.545
300.562
300.557
300.545
300.54
300.541
300.544
300.547
300.551
300.553
300.556
300.558
300.566
300.557
300.545
300.532
300.521
300.516
300.522
300.543
300.571
300.585
300.568
300.55
300.543
300.543
300.546
300.549
300.553
300.556
300.558
300.557
300.566
300.558
300.548
300.538
300.532
300.534
300.545
300.568
300.597
300.605
300.577
300.553
300.544
300.543
300.544
300.546
300.548
300.549
300.548
300.544
300.565
300.56
300.552
300.549
300.549
300.556
300.57
300.594
300.62
300.624
300.588
300.559
300.547
300.543
300.542
300.541
300.54
300.539
300.536
300.53
300.565
300.567
300.566
300.568
300.573
300.583
300.598
300.619
300.642
300.642
300.609
300.583
300.564
300.552
300.544
300.539
300.533
300.528
300.523
300.517
300.562
300.571
300.578
300.586
300.596
300.608
300.621
300.637
300.657
300.652
300.631
300.61
300.592
300.575
300.559
300.543
300.529
300.516
300.507
300.501
300.427
300.427
300.426
300.425
300.424
300.423
300.423
300.428
300.448
300.474
300.483
300.488
300.49
300.49
300.488
300.485
300.483
300.482
300.483
300.483
300.469
300.468
300.467
300.464
300.461
300.457
300.454
300.457
300.483
300.517
300.525
300.52
300.517
300.514
300.512
300.51
300.508
300.507
300.506
300.509
300.492
300.491
300.489
300.485
300.481
300.478
300.476
300.481
300.517
300.555
300.556
300.538
300.529
300.526
300.523
300.52
300.515
300.511
300.509
300.506
300.528
300.516
300.509
300.503
300.497
300.495
300.496
300.508
300.555
300.6
300.584
300.552
300.539
300.536
300.536
300.535
300.533
300.529
300.524
300.521
300.558
300.543
300.529
300.518
300.512
300.511
300.518
300.542
300.597
300.638
300.6
300.559
300.545
300.542
300.544
300.547
300.55
300.552
300.553
300.556
300.566
300.555
300.542
300.53
300.525
300.528
300.543
300.576
300.632
300.662
300.606
300.561
300.547
300.545
300.546
300.55
300.553
300.556
300.558
300.557
300.567
300.557
300.546
300.538
300.539
300.548
300.568
300.606
300.657
300.675
300.608
300.561
300.546
300.544
300.545
300.546
300.548
300.549
300.548
300.544
300.566
300.56
300.553
300.552
300.558
300.571
300.594
300.63
300.674
300.682
300.611
300.564
300.546
300.542
300.541
300.54
300.54
300.539
300.535
300.53
300.567
300.568
300.568
300.572
300.582
300.597
300.619
300.65
300.685
300.686
300.629
300.588
300.563
300.549
300.541
300.536
300.531
300.527
300.521
300.516
300.564
300.574
300.582
300.592
300.604
300.619
300.637
300.659
300.686
300.681
300.648
300.62
300.596
300.576
300.558
300.54
300.525
300.512
300.504
300.499
300.431
300.431
300.431
300.43
300.432
300.435
300.44
300.448
300.474
300.539
300.533
300.51
300.506
300.502
300.499
300.495
300.493
300.492
300.492
300.492
300.473
300.472
300.472
300.471
300.471
300.471
300.474
300.483
300.524
300.65
300.649
300.555
300.533
300.527
300.523
300.521
300.518
300.517
300.516
300.517
300.494
300.493
300.492
300.491
300.491
300.492
300.498
300.517
300.594
300.754
300.686
300.572
300.542
300.533
300.529
300.526
300.522
300.52
300.518
300.516
300.528
300.517
300.511
300.507
300.506
300.509
300.52
300.555
300.663
300.806
300.689
300.578
300.548
300.54
300.538
300.536
300.534
300.531
300.527
300.524
300.558
300.542
300.529
300.521
300.52
300.525
300.545
300.597
300.711
300.821
300.678
300.577
300.55
300.545
300.545
300.547
300.549
300.55
300.552
300.554
300.566
300.554
300.541
300.532
300.532
300.543
300.571
300.632
300.737
300.811
300.661
300.573
300.55
300.546
300.548
300.55
300.554
300.557
300.558
300.557
300.566
300.556
300.546
300.542
300.547
300.563
300.597
300.657
300.747
300.788
300.644
300.567
300.547
300.544
300.545
300.547
300.549
300.549
300.548
300.543
300.566
300.56
300.555
300.557
300.566
300.586
300.62
300.674
300.744
300.763
300.633
300.565
300.545
300.541
300.54
300.54
300.54
300.538
300.535
300.529
300.567
300.57
300.571
300.578
300.591
300.611
300.642
300.685
300.735
300.741
300.645
300.588
300.559
300.544
300.538
300.533
300.529
300.525
300.52
300.514
300.565
300.577
300.587
300.599
300.614
300.633
300.657
300.686
300.721
300.716
300.665
300.627
300.597
300.574
300.553
300.534
300.518
300.507
300.5
300.497
300.435
300.435
300.435
300.436
300.439
300.446
300.456
300.474
300.539
301.756
301.539
300.547
300.517
300.511
300.507
300.504
300.502
300.501
300.5
300.5
300.476
300.477
300.478
300.479
300.48
300.483
300.492
300.517
300.65
301.566
301.158
300.598
300.545
300.536
300.533
300.53
300.528
300.526
300.525
300.525
300.497
300.497
300.497
300.498
300.5
300.504
300.515
300.555
300.754
301.393
300.959
300.602
300.552
300.542
300.537
300.534
300.531
300.528
300.527
300.526
300.529
300.519
300.515
300.513
300.515
300.52
300.537
300.6
300.806
301.236
300.835
300.596
300.554
300.545
300.542
300.54
300.538
300.535
300.532
300.53
300.558
300.543
300.532
300.526
300.527
300.535
300.562
300.638
300.821
301.096
300.752
300.586
300.553
300.547
300.547
300.548
300.549
300.55
300.551
300.554
300.565
300.554
300.542
300.536
300.538
300.551
300.585
300.662
300.811
300.974
300.694
300.575
300.551
300.548
300.549
300.551
300.554
300.557
300.558
300.557
300.565
300.556
300.547
300.545
300.551
300.568
300.605
300.675
300.788
300.873
300.653
300.565
300.547
300.545
300.546
300.548
300.549
300.55
300.548
300.543
300.565
300.56
300.556
300.558
300.568
300.588
300.624
300.682
300.763
300.801
300.628
300.559
300.543
300.54
300.54
300.541
300.54
300.539
300.535
300.528
300.566
300.569
300.571
300.578
300.59
300.611
300.642
300.686
300.741
300.756
300.635
300.576
300.55
300.539
300.534
300.531
300.529
300.525
300.52
300.514
300.563
300.574
300.585
300.596
300.611
300.629
300.652
300.681
300.716
300.717
300.655
300.615
300.586
300.562
300.541
300.523
300.511
300.503
300.498
300.496
300.438
300.438
300.438
300.44
300.445
300.453
300.466
300.483
300.533
301.539
301.354
300.542
300.521
300.517
300.514
300.512
300.51
300.509
300.508
300.508
300.481
300.482
300.483
300.485
300.487
300.491
300.501
300.525
300.649
301.158
300.902
300.576
300.547
300.543
300.54
300.538
300.537
300.535
300.533
300.533
300.502
300.503
300.504
300.505
300.507
300.511
300.521
300.556
300.686
300.959
300.743
300.577
300.553
300.548
300.545
300.543
300.54
300.538
300.536
300.535
300.532
300.523
300.52
300.519
300.521
300.525
300.54
300.584
300.689
300.835
300.67
300.572
300.553
300.549
300.547
300.545
300.543
300.541
300.539
300.537
300.558
300.545
300.535
300.531
300.531
300.538
300.557
300.6
300.678
300.752
300.629
300.565
300.552
300.55
300.55
300.55
300.551
300.552
300.553
300.555
300.564
300.554
300.544
300.539
300.54
300.548
300.568
300.606
300.661
300.694
300.602
300.558
300.55
300.549
300.55
300.553
300.555
300.557
300.558
300.556
300.564
300.556
300.548
300.545
300.548
300.558
300.577
300.608
300.644
300.653
300.582
300.551
300.546
300.546
300.547
300.549
300.55
300.55
300.548
300.542
300.563
300.559
300.555
300.555
300.561
300.571
300.588
300.611
300.633
300.628
300.57
300.546
300.54
300.54
300.541
300.542
300.542
300.54
300.535
300.527
300.563
300.566
300.568
300.572
300.581
300.593
300.609
300.629
300.645
300.635
300.578
300.552
300.541
300.535
300.532
300.53
300.53
300.527
300.52
300.513
300.559
300.57
300.58
300.59
300.601
300.615
300.631
300.648
300.665
300.655
300.621
300.593
300.569
300.547
300.528
300.513
300.505
300.499
300.496
300.495
300.44
300.439
300.439
300.443
300.449
300.459
300.472
300.488
300.51
300.547
300.542
300.525
300.523
300.521
300.52
300.519
300.517
300.516
300.516
300.515
300.486
300.487
300.488
300.489
300.492
300.496
300.504
300.52
300.555
300.598
300.576
300.552
300.548
300.547
300.546
300.545
300.544
300.543
300.541
300.54
300.508
300.508
300.509
300.511
300.512
300.515
300.522
300.538
300.572
300.602
300.577
300.557
300.553
300.552
300.551
300.55
300.549
300.547
300.546
300.544
300.535
300.528
300.525
300.525
300.525
300.528
300.535
300.552
300.578
300.596
300.572
300.557
300.554
300.553
300.552
300.551
300.549
300.547
300.546
300.545
300.559
300.547
300.539
300.535
300.534
300.537
300.545
300.559
300.577
300.586
300.565
300.554
300.552
300.552
300.553
300.553
300.554
300.555
300.556
300.557
300.563
300.555
300.546
300.541
300.54
300.543
300.55
300.561
300.573
300.575
300.558
300.55
300.55
300.55
300.552
300.554
300.556
300.558
300.559
300.556
300.563
300.556
300.549
300.545
300.545
300.548
300.553
300.561
300.567
300.565
300.551
300.546
300.545
300.546
300.548
300.549
300.551
300.551
300.548
300.541
300.561
300.558
300.553
300.551
300.552
300.555
300.559
300.564
300.565
300.559
300.546
300.54
300.539
300.539
300.541
300.542
300.543
300.541
300.535
300.527
300.559
300.563
300.564
300.566
300.57
300.576
300.583
300.588
300.588
300.576
300.552
300.541
300.536
300.531
300.53
300.531
300.532
300.529
300.521
300.512
300.555
300.564
300.573
300.581
300.59
300.6
300.61
300.62
300.627
300.615
300.593
300.572
300.551
300.531
300.516
300.506
300.501
300.498
300.495
300.493
300.441
300.438
300.439
300.444
300.452
300.462
300.475
300.49
300.506
300.517
300.521
300.523
300.524
300.524
300.525
300.524
300.524
300.524
300.523
300.522
300.49
300.49
300.491
300.492
300.494
300.498
300.505
300.517
300.533
300.545
300.547
300.548
300.549
300.55
300.55
300.55
300.55
300.549
300.548
300.547
300.514
300.514
300.515
300.515
300.516
300.518
300.521
300.529
300.542
300.552
300.553
300.553
300.554
300.555
300.555
300.555
300.555
300.554
300.554
300.553
300.538
300.532
300.53
300.529
300.529
300.53
300.533
300.539
300.548
300.554
300.553
300.554
300.555
300.556
300.556
300.556
300.555
300.554
300.553
300.552
300.559
300.549
300.542
300.539
300.537
300.538
300.54
300.545
300.55
300.553
300.552
300.552
300.553
300.554
300.555
300.556
300.557
300.558
300.559
300.56
300.562
300.555
300.548
300.543
300.541
300.541
300.543
300.547
300.55
300.551
300.55
300.55
300.55
300.551
300.553
300.555
300.557
300.558
300.559
300.555
300.561
300.555
300.55
300.545
300.543
300.543
300.544
300.546
300.547
300.547
300.546
300.545
300.545
300.546
300.548
300.549
300.551
300.551
300.548
300.541
300.558
300.556
300.552
300.549
300.547
300.547
300.547
300.546
300.545
300.543
300.54
300.539
300.539
300.539
300.54
300.542
300.543
300.541
300.536
300.526
300.555
300.558
300.559
300.56
300.562
300.564
300.564
300.563
300.559
300.55
300.541
300.536
300.531
300.528
300.529
300.531
300.532
300.531
300.522
300.512
300.549
300.557
300.565
300.572
300.579
300.586
300.592
300.596
300.597
300.586
300.569
300.551
300.533
300.517
300.506
300.502
300.501
300.499
300.494
300.492
300.439
300.435
300.437
300.444
300.453
300.464
300.476
300.49
300.502
300.511
300.517
300.521
300.524
300.527
300.528
300.529
300.53
300.53
300.53
300.529
300.494
300.493
300.492
300.492
300.494
300.497
300.504
300.514
300.527
300.536
300.543
300.547
300.55
300.552
300.553
300.554
300.554
300.554
300.554
300.553
300.52
300.52
300.519
300.519
300.518
300.519
300.521
300.526
300.533
300.542
300.548
300.552
300.555
300.557
300.558
300.559
300.559
300.56
300.56
300.56
300.542
300.537
300.535
300.534
300.533
300.533
300.534
300.536
300.54
300.545
300.549
300.553
300.556
300.557
300.558
300.559
300.56
300.56
300.56
300.56
300.559
300.551
300.546
300.542
300.541
300.54
300.541
300.542
300.545
300.547
300.55
300.552
300.554
300.555
300.556
300.558
300.559
300.561
300.562
300.563
300.561
300.556
300.55
300.546
300.543
300.543
300.543
300.545
300.546
300.548
300.549
300.55
300.551
300.552
300.553
300.555
300.557
300.558
300.558
300.554
300.558
300.555
300.55
300.546
300.544
300.543
300.543
300.544
300.544
300.545
300.546
300.546
300.546
300.546
300.547
300.548
300.55
300.55
300.548
300.54
300.555
300.554
300.55
300.547
300.545
300.544
300.543
300.542
300.541
300.54
300.54
300.539
300.539
300.539
300.539
300.541
300.542
300.541
300.536
300.526
300.551
300.554
300.554
300.554
300.554
300.554
300.552
300.549
300.544
300.539
300.535
300.531
300.528
300.527
300.528
300.53
300.531
300.53
300.523
300.512
300.543
300.55
300.556
300.562
300.567
300.572
300.575
300.576
300.574
300.562
300.547
300.531
300.517
300.506
300.501
300.5
300.501
300.499
300.493
300.491
300.433
300.43
300.435
300.443
300.453
300.464
300.476
300.488
300.499
300.507
300.514
300.52
300.525
300.528
300.531
300.534
300.535
300.536
300.536
300.536
300.492
300.491
300.49
300.49
300.491
300.495
300.502
300.512
300.523
300.533
300.54
300.546
300.55
300.553
300.555
300.557
300.558
300.558
300.558
300.558
300.526
300.525
300.523
300.521
300.519
300.518
300.519
300.523
300.529
300.537
300.545
300.551
300.555
300.558
300.559
300.561
300.562
300.563
300.564
300.564
300.545
300.542
300.54
300.538
300.537
300.536
300.535
300.536
300.538
300.542
300.547
300.552
300.556
300.558
300.559
300.56
300.562
300.563
300.564
300.564
300.559
300.553
300.549
300.546
300.544
300.544
300.544
300.544
300.545
300.547
300.55
300.553
300.555
300.556
300.557
300.558
300.56
300.562
300.564
300.563
300.56
300.556
300.552
300.548
300.546
300.546
300.546
300.546
300.548
300.549
300.55
300.552
300.553
300.553
300.553
300.554
300.556
300.558
300.558
300.553
300.556
300.554
300.55
300.547
300.545
300.544
300.544
300.545
300.545
300.546
300.547
300.548
300.548
300.547
300.547
300.547
300.548
300.549
300.547
300.539
300.552
300.551
300.549
300.546
300.544
300.543
300.542
300.541
300.54
300.54
300.541
300.541
300.54
300.539
300.539
300.539
300.54
300.54
300.536
300.525
300.546
300.549
300.549
300.548
300.548
300.546
300.544
300.541
300.538
300.534
300.532
300.53
300.529
300.528
300.528
300.528
300.529
300.529
300.522
300.511
300.537
300.542
300.546
300.551
300.555
300.558
300.559
300.558
300.553
300.541
300.528
300.516
300.506
300.501
300.498
300.498
300.499
300.498
300.492
300.489
300.428
300.428
300.434
300.442
300.452
300.463
300.474
300.485
300.495
300.504
300.512
300.519
300.524
300.529
300.534
300.537
300.539
300.541
300.542
300.542
300.484
300.482
300.482
300.482
300.485
300.491
300.499
300.51
300.521
300.53
300.538
300.545
300.55
300.554
300.557
300.558
300.559
300.56
300.561
300.561
300.528
300.527
300.523
300.52
300.517
300.515
300.516
300.52
300.526
300.534
300.543
300.55
300.555
300.559
300.561
300.561
300.562
300.563
300.565
300.566
300.549
300.547
300.544
300.542
300.54
300.537
300.535
300.535
300.536
300.54
300.545
300.551
300.556
300.559
300.56
300.56
300.561
300.563
300.565
300.566
300.559
300.555
300.552
300.55
300.549
300.548
300.547
300.547
300.547
300.548
300.55
300.553
300.556
300.558
300.558
300.557
300.558
300.561
300.562
300.562
300.558
300.556
300.553
300.551
300.549
300.549
300.549
300.55
300.55
300.551
300.553
300.554
300.555
300.555
300.554
300.553
300.553
300.555
300.555
300.551
300.554
300.553
300.55
300.548
300.547
300.546
300.546
300.546
300.547
300.548
300.549
300.549
300.549
300.548
300.547
300.546
300.546
300.547
300.545
300.537
300.548
300.548
300.547
300.545
300.543
300.542
300.541
300.54
300.54
300.541
300.542
300.542
300.542
300.541
300.539
300.537
300.537
300.537
300.534
300.524
300.541
300.543
300.544
300.543
300.542
300.541
300.539
300.536
300.533
300.531
300.53
300.531
300.531
300.53
300.528
300.527
300.527
300.526
300.52
300.51
300.531
300.533
300.537
300.54
300.542
300.544
300.543
300.54
300.534
300.523
300.513
300.506
300.502
300.5
300.498
300.497
300.496
300.495
300.489
300.488
300.425
300.428
300.434
300.442
300.451
300.462
300.473
300.483
300.493
300.502
300.51
300.517
300.524
300.53
300.535
300.539
300.542
300.544
300.546
300.546
300.472
300.47
300.47
300.473
300.478
300.487
300.497
300.508
300.518
300.528
300.537
300.544
300.55
300.554
300.558
300.559
300.56
300.561
300.561
300.562
300.519
300.52
300.517
300.513
300.509
300.508
300.51
300.515
300.522
300.531
300.54
300.549
300.555
300.559
300.562
300.562
300.562
300.562
300.563
300.565
300.553
300.551
300.548
300.544
300.54
300.537
300.534
300.533
300.534
300.538
300.543
300.549
300.555
300.56
300.562
300.561
300.56
300.56
300.562
300.564
300.559
300.557
300.555
300.554
300.553
300.552
300.551
300.55
300.549
300.549
300.551
300.554
300.557
300.559
300.56
300.558
300.556
300.556
300.558
300.558
300.557
300.556
300.555
300.553
300.553
300.553
300.553
300.553
300.554
300.554
300.555
300.556
300.557
300.557
300.556
300.553
300.55
300.55
300.551
300.547
300.551
300.551
300.55
300.549
300.548
300.548
300.548
300.548
300.549
300.549
300.55
300.551
300.551
300.55
300.548
300.546
300.543
300.543
300.541
300.535
300.545
300.545
300.544
300.543
300.542
300.541
300.54
300.54
300.54
300.54
300.542
300.543
300.543
300.542
300.54
300.537
300.535
300.534
300.53
300.522
300.537
300.538
300.538
300.538
300.537
300.535
300.533
300.531
300.529
300.529
300.53
300.532
300.532
300.531
300.529
300.527
300.524
300.522
300.516
300.507
300.524
300.525
300.527
300.529
300.53
300.53
300.529
300.525
300.518
300.511
300.505
300.501
300.501
300.501
300.499
300.496
300.493
300.49
300.487
300.486
300.423
300.428
300.434
300.443
300.452
300.462
300.472
300.482
300.492
300.501
300.509
300.516
300.524
300.53
300.536
300.541
300.544
300.547
300.548
300.548
300.465
300.462
300.462
300.467
300.474
300.485
300.496
300.507
300.517
300.526
300.535
300.543
300.549
300.554
300.558
300.56
300.561
300.56
300.56
300.56
300.503
300.506
300.503
300.5
300.499
300.5
300.505
300.511
300.52
300.528
300.538
300.547
300.554
300.56
300.563
300.563
300.562
300.56
300.559
300.561
300.554
300.552
300.548
300.543
300.537
300.532
300.529
300.529
300.531
300.535
300.541
300.547
300.554
300.56
300.563
300.563
300.56
300.556
300.556
300.558
300.56
300.56
300.559
300.558
300.557
300.555
300.553
300.552
300.55
300.55
300.552
300.555
300.558
300.561
300.562
300.561
300.556
300.551
300.551
300.551
300.557
300.556
300.556
300.556
300.556
300.556
300.556
300.556
300.557
300.557
300.557
300.558
300.558
300.558
300.558
300.555
300.55
300.545
300.544
300.541
300.549
300.55
300.55
300.549
300.549
300.549
300.549
300.549
300.549
300.55
300.55
300.551
300.551
300.55
300.549
300.547
300.543
300.538
300.535
300.53
300.541
300.542
300.542
300.541
300.54
300.54
300.539
300.539
300.538
300.539
300.54
300.541
300.541
300.541
300.54
300.537
300.534
300.529
300.524
300.518
300.532
300.533
300.533
300.532
300.531
300.53
300.528
300.527
300.525
300.525
300.527
300.529
300.531
300.53
300.529
300.526
300.522
300.517
300.511
300.505
300.518
300.518
300.518
300.519
300.519
300.518
300.516
300.512
300.507
300.503
300.499
300.498
300.499
300.499
300.498
300.495
300.49
300.487
300.484
300.484
300.422
300.428
300.435
300.444
300.454
300.464
300.474
300.483
300.492
300.5
300.508
300.516
300.523
300.53
300.536
300.542
300.546
300.548
300.549
300.549
300.461
300.457
300.457
300.462
300.473
300.485
300.496
300.506
300.516
300.525
300.533
300.541
300.548
300.554
300.558
300.561
300.561
300.56
300.557
300.555
300.498
300.498
300.494
300.491
300.491
300.494
300.501
300.509
300.518
300.527
300.536
300.546
300.554
300.56
300.564
300.565
300.563
300.559
300.554
300.553
300.553
300.55
300.545
300.538
300.532
300.527
300.524
300.524
300.527
300.532
300.539
300.546
300.553
300.56
300.564
300.565
300.562
300.556
300.55
300.548
300.562
300.562
300.562
300.561
300.56
300.558
300.556
300.553
300.552
300.551
300.553
300.556
300.559
300.562
300.564
300.562
300.558
300.551
300.544
300.542
300.556
300.557
300.557
300.557
300.558
300.558
300.558
300.558
300.558
300.558
300.558
300.559
300.559
300.558
300.558
300.555
300.551
300.544
300.537
300.533
300.547
300.548
300.548
300.548
300.548
300.548
300.548
300.548
300.548
300.548
300.548
300.548
300.548
300.548
300.547
300.545
300.541
300.535
300.528
300.524
300.538
300.538
300.538
300.538
300.537
300.537
300.536
300.535
300.535
300.535
300.535
300.535
300.536
300.536
300.536
300.534
300.53
300.524
300.518
300.513
300.527
300.527
300.527
300.526
300.525
300.524
300.523
300.521
300.52
300.52
300.52
300.521
300.522
300.523
300.522
300.52
300.516
300.511
300.505
300.501
300.512
300.511
300.51
300.51
300.51
300.509
300.507
300.504
300.5
300.498
300.496
300.495
300.494
300.493
300.492
300.489
300.487
300.484
300.483
300.482
300.421
300.424
300.435
300.445
300.456
300.466
300.475
300.483
300.492
300.5
300.508
300.515
300.522
300.529
300.536
300.542
300.546
300.548
300.549
300.547
300.457
300.453
300.452
300.458
300.472
300.486
300.498
300.509
300.517
300.525
300.533
300.54
300.547
300.553
300.558
300.561
300.562
300.56
300.555
300.549
300.5
300.496
300.489
300.485
300.486
300.49
300.497
300.506
300.516
300.526
300.535
300.544
300.553
300.56
300.564
300.566
300.565
300.561
300.553
300.545
300.554
300.551
300.545
300.537
300.53
300.525
300.521
300.521
300.524
300.53
300.537
300.545
300.552
300.56
300.564
300.566
300.564
300.558
300.548
300.539
300.563
300.564
300.564
300.564
300.563
300.561
300.558
300.556
300.554
300.554
300.555
300.557
300.56
300.563
300.563
300.562
300.558
300.551
300.542
300.533
300.555
300.556
300.556
300.557
300.557
300.557
300.557
300.557
300.557
300.557
300.556
300.556
300.555
300.554
300.553
300.551
300.547
300.541
300.533
300.525
300.545
300.545
300.545
300.545
300.545
300.545
300.544
300.544
300.543
300.543
300.542
300.541
300.541
300.54
300.539
300.537
300.535
300.53
300.524
300.517
300.534
300.534
300.534
300.533
300.532
300.531
300.53
300.53
300.529
300.528
300.527
300.527
300.526
300.526
300.525
300.524
300.522
300.518
300.513
300.508
300.523
300.522
300.521
300.52
300.519
300.518
300.517
300.516
300.514
300.514
300.513
300.512
300.512
300.512
300.511
300.51
300.507
300.505
300.501
300.497
300.507
300.506
300.505
300.504
300.503
300.502
300.501
300.499
300.497
300.496
300.495
300.493
300.492
300.491
300.489
300.488
300.486
300.484
300.482
300.482
)
;

boundaryField
{
    floor
    {
        type            fixedValue;
        value           nonuniform List<scalar> 
400
(
300
300
300
300
300
300
300
300
300
300
300
300
300
300
300
300
300
300
300
300
300
300
300
300
300
300
300
300
300
300
300
300
300
300
300
300
300
300
300
300
300
300
300
300
300
300
300
300
300
300
300
300
300
300
300
300
300
300
300
300
300
300
300
300
300
300
300
300
300
300
300
300
300
300
300
300
300
300
300
300
300
300
300
300
300
300
300
300
300
300
300
300
300
300
300
300
300
300
300
300
300
300
300
300
300
300
300
300
300
300
300
300
300
300
300
300
300
300
300
300
300
300
300
300
300
300
300
300
300
300
300
300
300
300
300
300
300
300
300
300
300
300
300
300
300
300
300
300
300
300
300
300
300
300
300
300
300
300
300
300
300
300
300
300
300
300
300
300
300
300
300
300
300
300
300
300
300
300
300
300
300
300
300
300
300
300
300
300
300
600
600
300
300
300
300
300
300
300
300
300
300
300
300
300
300
300
300
300
300
600
600
300
300
300
300
300
300
300
300
300
300
300
300
300
300
300
300
300
300
300
300
300
300
300
300
300
300
300
300
300
300
300
300
300
300
300
300
300
300
300
300
300
300
300
300
300
300
300
300
300
300
300
300
300
300
300
300
300
300
300
300
300
300
300
300
300
300
300
300
300
300
300
300
300
300
300
300
300
300
300
300
300
300
300
300
300
300
300
300
300
300
300
300
300
300
300
300
300
300
300
300
300
300
300
300
300
300
300
300
300
300
300
300
300
300
300
300
300
300
300
300
300
300
300
300
300
300
300
300
300
300
300
300
300
300
300
300
300
300
300
300
300
300
300
300
300
300
300
300
300
300
300
300
300
300
300
300
300
300
300
300
300
300
300
300
300
300
300
300
300
300
300
300
300
300
300
300
300
300
300
300
300
300
300
300
300
300
300
300
300
)
;
    }
    ceiling
    {
        type            lumpedMassWallTemperature;
        refValue        uniform 300.006;
        refGradient     uniform 0;
        valueFraction   uniform 1;
        value           uniform 300.006;
        kappaMethod     fluidThermo;
        kappa           none;
        alphaAni        none;
        alpha           none;
        Cp              4100;
        mass            1000;
    }
    fixedWalls
    {
        type            zeroGradient;
    }
}


// ************************************************************************* //
