/*--------------------------------*- C++ -*----------------------------------*\
| =========                 |                                                 |
| \\      /  F ield         | OpenFOAM: The Open Source CFD Toolbox           |
|  \\    /   O peration     | Version:  v2012                                 |
|   \\  /    A nd           | Website:  www.openfoam.com                      |
|    \\/     M anipulation  |                                                 |
\*---------------------------------------------------------------------------*/
FoamFile
{
    version     2.0;
    format      ascii;
    class       volScalarField;
    location    "900/bottomAir";
    object      p_rgh;
}
// * * * * * * * * * * * * * * * * * * * * * * * * * * * * * * * * * * * * * //

dimensions      [1 -1 -2 0 0 0 0];


internalField   nonuniform List<scalar> 
1460
(
150317
150317
150317
150317
150317
150317
150317
150317
150317
150317
150317
150317
150317
150317
150317
150317
150317
150317
150317
150317
150317
150317
150317
150317
150317
150317
150317
150317
150317
150317
150317
150317
150317
150317
150317
150317
150317
150317
150317
150317
150317
150317
150317
150317
150317
150317
150317
150317
150317
150317
150317
150317
150317
150317
150317
150317
150317
150317
150317
150317
150317
150317
150317
150317
150317
150317
150317
150317
150317
150317
150317
150317
150317
150317
150317
150317
150317
150317
150317
150317
150317
150317
150317
150317
150317
150317
150317
150317
150317
150317
150317
150317
150317
150317
150317
150317
150317
150317
150317
150317
150317
150317
150317
150317
150317
150317
150317
150317
150317
150317
150317
150317
150317
150317
150317
150317
150317
150317
150317
150317
150317
150317
150317
150317
150317
150317
150317
150317
150317
150317
150317
150317
150317
150317
150317
150317
150317
150317
150317
150317
150317
150317
150317
150317
150317
150317
150317
150317
150317
150317
150317
150317
150317
150317
150317
150317
150317
150317
150317
150317
150317
150317
150317
150317
150317
150317
150317
150317
150317
150317
150317
150317
150317
150317
150317
150317
150317
150317
150317
150317
150317
150317
150317
150317
150317
150317
150317
150317
150317
150317
150317
150317
150317
150317
150317
150317
150317
150317
150317
150317
150317
150317
150317
150317
150317
150317
150317
150317
150317
150317
150317
150317
150317
150317
150317
150317
150317
150317
150317
150317
150317
150317
150317
150317
150317
150317
150317
150317
150317
150317
150317
150317
150317
150317
150317
150317
150317
150317
150317
150317
150317
150317
150317
150317
150317
150317
150317
150317
150317
150317
150317
150317
150317
150317
150317
150317
150317
150317
150317
150317
150317
150317
150317
150317
150317
150317
150317
150317
150317
150317
150317
150317
150317
150317
150317
150317
150317
150317
150317
150317
150317
150317
150317
150317
150317
150317
150317
150317
150317
150317
150317
150317
150317
150317
150317
150317
150317
150317
150317
150317
150317
150317
150317
150317
150317
150317
150317
150317
150317
150317
150317
150317
150317
150317
150317
150317
150317
150317
150317
150317
150317
150317
150317
150317
150317
150317
150317
150317
150317
150317
150317
150317
150317
150317
150317
150317
150317
150317
150317
150317
150317
150317
150317
150317
150317
150317
150317
150317
150317
150317
150317
150317
150317
150317
150317
150317
150317
150317
150317
150317
150317
150317
150317
150317
150317
150317
150317
150317
150317
150317
150317
150317
150317
150317
150317
150317
150317
150317
150317
150317
150317
150317
150317
150317
150317
150317
150317
150317
150317
150317
150317
150317
150317
150317
150317
150317
150317
150317
150317
150317
150317
150317
150317
150317
150317
150317
150317
150317
150317
150317
150317
150317
150317
150317
150317
150317
150317
150317
150317
150317
150317
150317
150317
150317
150317
150317
150317
150317
150317
150317
150317
150317
150317
150317
150317
150317
150317
150317
150317
150317
150317
150317
150317
150317
150317
150317
150317
150317
150317
150317
150317
150317
150317
150317
150317
150317
150317
150317
150317
150317
150317
150317
150317
150317
150317
150317
150317
150317
150317
150317
150317
150317
150317
150317
150317
150317
150317
150317
150317
150317
150317
150317
150317
150317
150317
150317
150317
150317
150317
150317
150317
150317
150317
150317
150317
150317
150317
150317
150317
150317
150317
150317
150317
150317
150317
150317
150317
150317
150317
150317
150317
150317
150317
150317
150317
150317
150317
150317
150317
150317
150317
150317
150317
150317
150317
150317
150317
150317
150317
150317
150317
150317
150317
150317
150317
150317
150317
150317
150317
150317
150317
150317
150317
150317
150317
150317
150317
150317
150317
150317
150317
150317
150317
150317
150317
150317
150317
150317
150317
150317
150317
150317
150317
150317
150317
150317
150317
150317
150317
150317
150317
150317
150317
150317
150317
150317
150317
150317
150317
150317
150317
150317
150317
150317
150317
150317
150317
150317
150317
150317
150317
150317
150317
150317
150317
150317
150317
150317
150317
150317
150317
150317
150317
150317
150317
150317
150317
150317
150317
150317
150317
150317
150317
150317
150317
150317
150317
150317
150317
150317
150317
150317
150317
150317
150317
150317
150317
150317
150317
150317
150317
150317
150317
150317
150317
150317
150317
150317
150317
150317
150317
150317
150317
150317
150317
150317
150317
150317
150317
150317
150317
150317
150317
150317
150317
150317
150317
150317
150317
150317
150317
150317
150317
150317
150317
150317
150317
150317
150317
150317
150317
150317
150317
150317
150317
150317
150317
150317
150317
150317
150317
150317
150317
150317
150317
150317
150317
150317
150317
150317
150317
150317
150317
150317
150317
150317
150317
150317
150317
150317
150317
150317
150317
150317
150317
150317
150317
150317
150317
150317
150317
150317
150317
150317
150317
150317
150317
150317
150317
150317
150317
150317
150317
150317
150317
150317
150317
150317
150317
150317
150317
150317
150317
150317
150317
150317
150317
150317
150317
150317
150317
150317
150317
150317
150317
150317
150317
150317
150317
150317
150317
150317
150317
150317
150317
150317
150317
150317
150317
150317
150317
150317
150317
150317
150317
150317
150317
150317
150317
150317
150317
150317
150317
150317
150317
150317
150317
150317
150317
150317
150317
150317
150317
150317
150317
150317
150317
150317
150317
150317
150317
150317
150317
150317
150317
150317
150317
150317
150317
150317
150317
150317
150317
150317
150317
150317
150317
150317
150317
150317
150317
150317
150317
150317
150317
150317
150317
150317
150317
150317
150317
150317
150317
150317
150317
150317
150317
150317
150317
150317
150317
150317
150317
150317
150317
150317
150317
150317
150317
150317
150317
150317
150317
150317
150317
150317
150317
150317
150317
150317
150317
150317
150317
150317
150317
150317
150317
150317
150317
150317
150317
150317
150317
150317
150317
150317
150317
150317
150317
150317
150317
150317
150317
150317
150317
150317
150317
150317
150317
150317
150317
150317
150317
150317
150317
150317
150317
150317
150317
150317
150317
150317
150317
150317
150317
150317
150317
150317
150317
150317
150317
150317
150317
150317
150317
150317
150317
150317
150317
150317
150317
150317
150317
150317
150317
150317
150317
150317
150317
150317
150317
150317
150317
150317
150317
150317
150317
150317
150317
150317
150317
150317
150317
150317
150317
150317
150317
150317
150317
150317
150317
150317
150317
150317
150317
150317
150317
150317
150317
150317
150317
150317
150317
150317
150317
150317
150317
150317
150317
150317
150317
150317
150317
150317
150317
150317
150317
150317
150317
150317
150317
150317
150317
150317
150317
150317
150317
150317
150317
150317
150317
150317
150317
150317
150317
150317
150317
150317
150317
150317
150317
150317
150317
150317
150317
150317
150317
150317
150317
150317
150317
150317
150317
150317
150317
150317
150317
150317
150317
150317
150317
150317
150317
150317
150317
150317
150317
150317
150317
150317
150317
150317
150317
150317
150317
150317
150317
150317
150317
150317
150317
150317
150317
150317
150317
150317
150317
150317
150317
150317
150317
150317
150317
150317
150317
150317
150317
150317
150317
150317
150317
150317
150317
150317
150317
150317
150317
150317
150317
150317
150317
150317
150317
150317
150317
150317
150317
150317
150317
150317
150317
150317
150317
150317
150317
150317
150317
150317
150317
150317
150317
150317
150317
150317
150317
150317
150317
150317
150317
150317
150317
150317
150317
150317
150317
150317
150317
150317
150317
150317
150317
150317
150317
150317
150317
150317
150317
150317
150317
150317
150317
150317
150317
150317
150317
150317
150317
150317
150317
150317
150317
150317
150317
150317
150317
150317
150317
150317
150317
150317
150317
150317
150317
150317
150317
150317
150317
150317
150317
150317
150317
150317
150317
150317
150317
150317
150317
150317
150317
150317
150317
150317
150317
150317
150317
150317
150317
150317
150317
150317
150317
150317
150317
150317
150317
150317
150317
150317
150317
150317
150317
150317
150317
150317
150317
150317
150317
150317
150317
150317
150317
150317
150317
150317
150317
150317
150317
150317
150317
150317
150317
150317
150317
150317
150317
150317
150317
150317
150317
150317
150317
150317
150317
150317
150317
150317
150317
150317
150317
150317
150317
150317
150317
150317
150317
150317
150317
150317
150317
150317
150317
150317
150317
150317
150317
150317
150317
150317
150317
150317
150317
150317
150317
150317
150317
150317
150317
150317
150317
150317
150317
150317
150317
150317
150317
150317
150317
150317
150317
150317
150317
150317
150317
150317
150317
150317
150317
150317
150317
150317
150317
150317
150317
150317
150317
150317
150317
150317
150317
150317
150317
150317
150317
150317
150317
150317
150317
150317
150317
150317
150317
150317
150317
150317
150317
150317
150317
150317
150317
150317
150317
150317
150317
150317
150317
150317
150317
150317
150317
150317
150317
150317
150317
150317
150317
150317
150317
150317
150317
150317
150317
150317
150317
150317
150317
150317
150317
150317
150317
150317
150317
150317
150317
150317
150317
150317
150317
150317
150317
150317
150317
150317
150317
150317
150317
150317
150317
150317
150317
150317
150317
150317
150317
150317
150317
150317
150317
150317
150317
150317
150317
150317
150317
150317
150317
150317
150317
150317
150317
150317
150317
150317
150317
150317
150317
150317
150317
150317
150317
150317
150317
150317
150317
150317
150317
150317
150317
150317
150317
150317
150317
150317
150317
150317
150317
150317
150317
150317
150317
150317
150317
150317
150317
150317
150317
150317
150317
150317
150317
150317
150317
150317
150317
150317
150317
150317
150317
150317
150317
150317
150317
150317
150317
150317
150317
150317
150317
150317
150317
150317
150317
150317
150317
150317
150317
150317
150317
150317
150317
150317
150317
150317
150317
150317
150317
150317
150317
150317
150317
150317
150317
150317
150317
150317
150317
150317
150317
150317
150317
150317
150317
150317
150317
150317
150317
150317
150317
150317
150317
150317
)
;

boundaryField
{
    minX
    {
        type            fixedFluxPressure;
        gradient        uniform 0;
        value           nonuniform List<scalar> 
50
(
150317
150317
150317
150317
150317
150317
150317
150317
150317
150317
150317
150317
150317
150317
150317
150317
150317
150317
150317
150317
150317
150317
150317
150317
150317
150317
150317
150317
150317
150317
150317
150317
150317
150317
150317
150317
150317
150317
150317
150317
150317
150317
150317
150317
150317
150317
150317
150317
150317
150317
)
;
    }
    maxX
    {
        type            fixedFluxPressure;
        gradient        uniform 0;
        value           nonuniform List<scalar> 
50
(
150317
150317
150317
150317
150317
150317
150317
150317
150317
150317
150317
150317
150317
150317
150317
150317
150317
150317
150317
150317
150317
150317
150317
150317
150317
150317
150317
150317
150317
150317
150317
150317
150317
150317
150317
150317
150317
150317
150317
150317
150317
150317
150317
150317
150317
150317
150317
150317
150317
150317
)
;
    }
    minY
    {
        type            fixedFluxPressure;
        gradient        nonuniform List<scalar> 
292
(
-3.485401e-05
-3.482191e-05
-3.48084e-05
-3.481293e-05
-3.482327e-05
-3.482273e-05
-3.481185e-05
-3.480701e-05
-3.482083e-05
-3.485431e-05
-3.482533e-05
-3.479846e-05
-3.478795e-05
-3.479215e-05
-3.480073e-05
-3.480029e-05
-3.479126e-05
-3.478682e-05
-3.479751e-05
-3.482512e-05
-3.479973e-05
-3.47814e-05
-3.477423e-05
-3.477734e-05
-3.478315e-05
-3.478283e-05
-3.477667e-05
-3.47734e-05
-3.478063e-05
-3.479921e-05
-3.478358e-05
-3.477262e-05
-3.476794e-05
-3.47697e-05
-3.47727e-05
-3.477249e-05
-3.476923e-05
-3.476739e-05
-3.477204e-05
-3.478285e-05
-3.477486e-05
-3.476824e-05
-3.47647e-05
-3.476624e-05
-3.476718e-05
-3.476706e-05
-3.476583e-05
-3.47643e-05
-3.476775e-05
-3.477395e-05
-3.476655e-05
-3.476367e-05
-3.476151e-05
-3.476294e-05
-3.476361e-05
-3.476351e-05
-3.47626e-05
-3.476122e-05
-3.476324e-05
-3.476546e-05
-3.475787e-05
-3.475878e-05
-3.475821e-05
-3.475972e-05
-3.476015e-05
-3.476007e-05
-3.475944e-05
-3.475799e-05
-3.475836e-05
-3.475663e-05
-3.474825e-05
-3.47532e-05
-3.475451e-05
-3.475635e-05
-3.475666e-05
-3.47566e-05
-3.475614e-05
-3.475435e-05
-3.475277e-05
-3.474686e-05
-3.47371e-05
-3.474653e-05
-3.47501e-05
-3.475257e-05
-3.475271e-05
-3.475266e-05
-3.475242e-05
-3.474997e-05
-3.474605e-05
-3.473558e-05
-3.472384e-05
-3.473829e-05
-3.474453e-05
-3.474766e-05
-3.474582e-05
-3.474579e-05
-3.474759e-05
-3.474442e-05
-3.473776e-05
-3.472222e-05
-3.470791e-05
-3.472783e-05
-3.473682e-05
-3.47381e-05
-3.472122e-05
-3.472118e-05
-3.473808e-05
-3.473671e-05
-3.472724e-05
-3.47062e-05
-3.46886e-05
-3.471404e-05
-3.472353e-05
-3.470878e-05
-3.455707e-05
-3.455687e-05
-3.47088e-05
-3.472338e-05
-3.471336e-05
-3.468683e-05
-3.466491e-05
-3.469463e-05
-3.469601e-05
-3.457267e-05
-3.321061e-05
-3.32096e-05
-3.457274e-05
-3.469581e-05
-3.469387e-05
-3.466312e-05
-3.463558e-05
-3.466541e-05
-3.463074e-05
-3.396435e-05
-3.396489e-05
-3.463055e-05
-3.466454e-05
-3.463383e-05
-3.460029e-05
-3.462385e-05
-3.454294e-05
-3.354503e-05
-3.354553e-05
-3.454265e-05
-3.462287e-05
-3.459869e-05
-3.456479e-05
-3.457649e-05
-3.44651e-05
-3.338245e-05
-3.338054e-05
-3.446379e-05
-3.457528e-05
-3.456359e-05
-3.455076e-05
-3.456713e-05
-3.450665e-05
-3.376051e-05
-3.375713e-05
-3.450391e-05
-3.456546e-05
-3.455021e-05
-3.456279e-05
-3.458727e-05
-3.458272e-05
-3.444079e-05
-3.312628e-05
-3.312253e-05
-3.443765e-05
-3.458005e-05
-3.458551e-05
-3.456247e-05
-3.458046e-05
-3.460491e-05
-3.461452e-05
-3.459653e-05
-3.444606e-05
-3.444421e-05
-3.459407e-05
-3.461206e-05
-3.460312e-05
-3.45802e-05
-3.459715e-05
-3.461784e-05
-3.462781e-05
-3.462907e-05
-3.461186e-05
-3.461084e-05
-3.462703e-05
-3.462545e-05
-3.461598e-05
-3.459684e-05
-3.461158e-05
-3.462767e-05
-3.463511e-05
-3.463817e-05
-3.463644e-05
-3.463567e-05
-3.463625e-05
-3.463275e-05
-3.46257e-05
-3.461117e-05
-3.462379e-05
-3.463541e-05
-3.464012e-05
-3.464222e-05
-3.464223e-05
-3.464154e-05
-3.464037e-05
-3.463772e-05
-3.46333e-05
-3.462326e-05
-3.463413e-05
-3.464168e-05
-3.464398e-05
-3.4645e-05
-3.464494e-05
-3.46443e-05
-3.464318e-05
-3.46415e-05
-3.463942e-05
-3.463345e-05
-3.464304e-05
-3.464689e-05
-3.464712e-05
-3.464732e-05
-3.464711e-05
-3.46465e-05
-3.464549e-05
-3.464457e-05
-3.464448e-05
-3.464218e-05
-3.465106e-05
-3.465144e-05
-3.464986e-05
-3.464945e-05
-3.46492e-05
-3.464861e-05
-3.464763e-05
-3.464725e-05
-3.464889e-05
-3.464999e-05
-3.465875e-05
-3.465567e-05
-3.465244e-05
-3.465162e-05
-3.465141e-05
-3.465083e-05
-3.464981e-05
-3.46498e-05
-3.465301e-05
-3.465745e-05
-3.466764e-05
-3.465987e-05
-3.46551e-05
-3.465406e-05
-3.46546e-05
-3.465399e-05
-3.465228e-05
-3.465249e-05
-3.465714e-05
-3.466593e-05
-3.468307e-05
-3.466863e-05
-3.466088e-05
-3.465977e-05
-3.466162e-05
-3.466099e-05
-3.465794e-05
-3.465817e-05
-3.466566e-05
-3.468088e-05
-3.470606e-05
-3.468444e-05
-3.467302e-05
-3.467149e-05
-3.467452e-05
-3.467386e-05
-3.466964e-05
-3.467026e-05
-3.468127e-05
-3.470341e-05
-3.473105e-05
-3.470531e-05
-3.469077e-05
-3.468846e-05
-3.469204e-05
-3.469138e-05
-3.468663e-05
-3.468802e-05
-3.470202e-05
-3.472804e-05
)
;
        value           nonuniform List<scalar> 
292
(
150317
150317
150317
150317
150317
150317
150317
150317
150317
150317
150317
150317
150317
150317
150317
150317
150317
150317
150317
150317
150317
150317
150317
150317
150317
150317
150317
150317
150317
150317
150317
150317
150317
150317
150317
150317
150317
150317
150317
150317
150317
150317
150317
150317
150317
150317
150317
150317
150317
150317
150317
150317
150317
150317
150317
150317
150317
150317
150317
150317
150317
150317
150317
150317
150317
150317
150317
150317
150317
150317
150317
150317
150317
150317
150317
150317
150317
150317
150317
150317
150317
150317
150317
150317
150317
150317
150317
150317
150317
150317
150317
150317
150317
150317
150317
150317
150317
150317
150317
150317
150317
150317
150317
150317
150317
150317
150317
150317
150317
150317
150317
150317
150317
150317
150317
150317
150317
150317
150317
150317
150317
150317
150317
150317
150317
150317
150317
150317
150317
150317
150317
150317
150317
150317
150317
150317
150317
150317
150317
150317
150317
150317
150317
150317
150317
150317
150317
150317
150317
150317
150317
150317
150317
150317
150317
150317
150317
150317
150317
150317
150317
150317
150317
150317
150317
150317
150317
150317
150317
150317
150317
150317
150317
150317
150317
150317
150317
150317
150317
150317
150317
150317
150317
150317
150317
150317
150317
150317
150317
150317
150317
150317
150317
150317
150317
150317
150317
150317
150317
150317
150317
150317
150317
150317
150317
150317
150317
150317
150317
150317
150317
150317
150317
150317
150317
150317
150317
150317
150317
150317
150317
150317
150317
150317
150317
150317
150317
150317
150317
150317
150317
150317
150317
150317
150317
150317
150317
150317
150317
150317
150317
150317
150317
150317
150317
150317
150317
150317
150317
150317
150317
150317
150317
150317
150317
150317
150317
150317
150317
150317
150317
150317
150317
150317
150317
150317
150317
150317
150317
150317
150317
150317
150317
150317
150317
150317
150317
150317
150317
150317
150317
150317
150317
150317
150317
150317
150317
150317
150317
150317
150317
150317
)
;
    }
    minZ
    {
        type            fixedFluxPressure;
        gradient        uniform 0;
        value           nonuniform List<scalar> 
150
(
150317
150317
150317
150317
150317
150317
150317
150317
150317
150317
150317
150317
150317
150317
150317
150317
150317
150317
150317
150317
150317
150317
150317
150317
150317
150317
150317
150317
150317
150317
150317
150317
150317
150317
150317
150317
150317
150317
150317
150317
150317
150317
150317
150317
150317
150317
150317
150317
150317
150317
150317
150317
150317
150317
150317
150317
150317
150317
150317
150317
150317
150317
150317
150317
150317
150317
150317
150317
150317
150317
150317
150317
150317
150317
150317
150317
150317
150317
150317
150317
150317
150317
150317
150317
150317
150317
150317
150317
150317
150317
150317
150317
150317
150317
150317
150317
150317
150317
150317
150317
150317
150317
150317
150317
150317
150317
150317
150317
150317
150317
150317
150317
150317
150317
150317
150317
150317
150317
150317
150317
150317
150317
150317
150317
150317
150317
150317
150317
150317
150317
150317
150317
150317
150317
150317
150317
150317
150317
150317
150317
150317
150317
150317
150317
150317
150317
150317
150317
150317
150317
)
;
    }
    maxZ
    {
        type            fixedFluxPressure;
        gradient        uniform 0;
        value           nonuniform List<scalar> 
150
(
150317
150317
150317
150317
150317
150317
150317
150317
150317
150317
150317
150317
150317
150317
150317
150317
150317
150317
150317
150317
150317
150317
150317
150317
150317
150317
150317
150317
150317
150317
150317
150317
150317
150317
150317
150317
150317
150317
150317
150317
150317
150317
150317
150317
150317
150317
150317
150317
150317
150317
150317
150317
150317
150317
150317
150317
150317
150317
150317
150317
150317
150317
150317
150317
150317
150317
150317
150317
150317
150317
150317
150317
150317
150317
150317
150317
150317
150317
150317
150317
150317
150317
150317
150317
150317
150317
150317
150317
150317
150317
150317
150317
150317
150317
150317
150317
150317
150317
150317
150317
150317
150317
150317
150317
150317
150317
150317
150317
150317
150317
150317
150317
150317
150317
150317
150317
150317
150317
150317
150317
150317
150317
150317
150317
150317
150317
150317
150317
150317
150317
150317
150317
150317
150317
150317
150317
150317
150317
150317
150317
150317
150317
150317
150317
150317
150317
150317
150317
150317
150317
)
;
    }
    bottomAir_to_rightSolid
    {
        type            fixedFluxPressure;
        gradient        nonuniform List<scalar> 
130
(
-2.143387e-18
-2.351406e-18
0
-1.401186e-18
1.497172e-18
2.073178e-33
-6.438352e-18
-8.07124e-18
-1.105142e-17
-1.498011e-18
6.810216e-18
3.472313e-18
9.072114e-19
-5.009571e-18
-5.555748e-18
0
-1.640144e-18
-1.734614e-18
-1.799272e-18
-5.490042e-18
-9.1208e-18
-1.245264e-17
-1.689903e-18
7.733657e-18
3.995223e-18
1.054786e-18
-2.298506e-18
-4.123669e-18
-1.581727e-18
-3.50111e-18
-3.742258e-18
-1.943815e-18
-3.939221e-18
-7.810794e-18
-1.325479e-17
-1.789771e-18
8.159195e-18
4.380984e-18
1.248455e-18
0
-1.350507e-18
-1.593274e-18
-3.59201e-18
0
2.866838e-33
-6.11948e-18
-8.073101e-18
-1.364975e-17
-1.834717e-18
8.320078e-18
4.438795e-18
1.255698e-18
0
0
0
-3.641042e-18
0
2.885033e-33
-8.188284e-18
-1.010337e-17
-1.363834e-17
-1.827946e-18
8.257475e-18
4.206353e-18
1.094791e-18
0
0
0
-3.640346e-18
0
2.884444e-33
-8.186821e-18
-1.010181e-17
-1.363635e-17
-1.8277e-18
8.256602e-18
4.206093e-18
1.09479e-18
0
0
0
-3.590147e-18
-3.870655e-18
0
-4.079003e-18
-1.009003e-17
-1.36473e-17
-1.834362e-18
8.319078e-18
4.260834e-18
1.11595e-18
0
0
0
-3.501003e-18
-3.7425e-18
0
-3.939233e-18
-9.762335e-18
-1.325106e-17
-1.789049e-18
8.15562e-18
4.203528e-18
1.109033e-18
0
0
0
-3.281957e-18
-5.20605e-18
-5.399248e-18
-7.320607e-18
-8.207508e-18
-1.155858e-17
-1.688814e-18
7.726742e-18
3.9906e-18
1.053424e-18
0
0
0
-2.807387e-18
-4.498528e-18
-4.712908e-18
-6.444649e-18
-7.268894e-18
-1.026535e-17
-1.497974e-18
6.807087e-18
3.468347e-18
9.051449e-19
)
;
        value           nonuniform List<scalar> 
130
(
150317
150317
150317
150317
150317
150317
150317
150317
150317
150317
150317
150317
150317
150317
150317
150317
150317
150317
150317
150317
150317
150317
150317
150317
150317
150317
150317
150317
150317
150317
150317
150317
150317
150317
150317
150317
150317
150317
150317
150317
150317
150317
150317
150317
150317
150317
150317
150317
150317
150317
150317
150317
150317
150317
150317
150317
150317
150317
150317
150317
150317
150317
150317
150317
150317
150317
150317
150317
150317
150317
150317
150317
150317
150317
150317
150317
150317
150317
150317
150317
150317
150317
150317
150317
150317
150317
150317
150317
150317
150317
150317
150317
150317
150317
150317
150317
150317
150317
150317
150317
150317
150317
150317
150317
150317
150317
150317
150317
150317
150317
150317
150317
150317
150317
150317
150317
150317
150317
150317
150317
150317
150317
150317
150317
150317
150317
150317
150317
150317
150317
)
;
    }
    bottomAir_to_leftSolid
    {
        type            fixedFluxPressure;
        gradient        nonuniform List<scalar> 
130
(
0
0
0
0
0
0
-7.877364e-18
-7.618871e-18
3.605634e-18
-3.340886e-18
-6.070726e-18
-2.714686e-18
-2.408019e-18
0
0
7.752523e-18
8.346734e-18
0
0
-8.755307e-18
-8.530538e-18
4.075384e-18
-3.81573e-18
-1.050023e-17
-9.444637e-18
-5.561704e-18
0
0
8.058982e-18
8.704919e-18
0
0
-9.257534e-18
-1.357255e-17
4.320318e-18
0
-1.082289e-17
-6.241726e-18
-2.580758e-18
0
0
0
0
0
0
-9.506102e-18
-1.394639e-17
4.428153e-18
0
-7.182648e-18
0
0
0
0
0
0
0
0
-9.47611e-18
-9.269375e-18
8.817888e-18
0
-7.135003e-18
0
0
0
0
0
0
0
0
-9.473329e-18
-9.266568e-18
8.815124e-18
0
-7.132393e-18
0
0
0
0
0
0
0
0
-9.491278e-18
-9.281922e-18
8.840453e-18
0
-7.16746e-18
0
0
0
0
0
0
0
0
-9.231479e-18
-9.020602e-18
8.612106e-18
0
-7.186766e-18
0
0
0
0
0
0
0
0
-8.722169e-18
-8.495242e-18
8.113991e-18
0
-3.481383e-18
3.130416e-18
0
0
0
0
0
0
0
-7.843231e-18
-7.582845e-18
7.17391e-18
0
-3.016201e-18
2.695899e-18
0
)
;
        value           nonuniform List<scalar> 
130
(
150317
150317
150317
150317
150317
150317
150317
150317
150317
150317
150317
150317
150317
150317
150317
150317
150317
150317
150317
150317
150317
150317
150317
150317
150317
150317
150317
150317
150317
150317
150317
150317
150317
150317
150317
150317
150317
150317
150317
150317
150317
150317
150317
150317
150317
150317
150317
150317
150317
150317
150317
150317
150317
150317
150317
150317
150317
150317
150317
150317
150317
150317
150317
150317
150317
150317
150317
150317
150317
150317
150317
150317
150317
150317
150317
150317
150317
150317
150317
150317
150317
150317
150317
150317
150317
150317
150317
150317
150317
150317
150317
150317
150317
150317
150317
150317
150317
150317
150317
150317
150317
150317
150317
150317
150317
150317
150317
150317
150317
150317
150317
150317
150317
150317
150317
150317
150317
150317
150317
150317
150317
150317
150317
150317
150317
150317
150317
150317
150317
150317
)
;
    }
    bottomAir_to_heater
    {
        type            fixedFluxPressure;
        gradient        nonuniform List<scalar> 
92
(
0
0
0
0
0
0
0
0
0
0
0
0
7.028462
6.526882
6.330921
6.784192
4.572274
4.173653
4.025308
4.392929
2.529554
2.288314
2.203924
2.433741
1.041613
0.9578576
0.9246929
1.01314
0
0.1968263
0
0.1894544
0
0.1836822
0
0.1940897
9.183316
9.030289
5.767441
5.658
3.087673
3.015488
1.200051
1.165354
0.2060077
0.1974911
9.181344
7.029024
6.52743
6.328579
9.023438
6.780116
5.766836
4.572521
4.174383
4.024233
5.652888
4.390669
3.087189
2.529509
2.288694
2.203431
3.013061
2.432724
1.1998
1.041521
0.9580002
0.9245211
1.164415
1.012929
0.2059456
0.1967716
0.1894624
0.1836487
0.197304
0.1940819
0
0
0
0
0
0
0
0
0
0
0
0
0
0
0
0
)
;
        value           nonuniform List<scalar> 
92
(
150317
150317
150317
150317
150317
150317
150317
150317
150317
150317
150317
150317
150317
150317
150317
150317
150317
150317
150317
150317
150317
150317
150317
150317
150317
150317
150317
150317
150317
150317
150317
150317
150317
150317
150317
150317
150317
150317
150317
150317
150317
150317
150317
150317
150317
150317
150317
150317
150317
150317
150317
150317
150317
150317
150317
150317
150317
150317
150317
150317
150317
150317
150317
150317
150317
150317
150317
150317
150317
150317
150317
150317
150317
150317
150317
150317
150317
150317
150317
150317
150317
150317
150317
150317
150317
150317
150317
150317
150317
150317
150317
150317
)
;
    }
}


// ************************************************************************* //
