/*--------------------------------*- C++ -*----------------------------------*\
| =========                 |                                                 |
| \\      /  F ield         | OpenFOAM: The Open Source CFD Toolbox           |
|  \\    /   O peration     | Version:  v2012                                 |
|   \\  /    A nd           | Website:  www.openfoam.com                      |
|    \\/     M anipulation  |                                                 |
\*---------------------------------------------------------------------------*/
FoamFile
{
    version     2.0;
    format      ascii;
    class       volScalarField;
    location    "900/bottomAir";
    object      qr;
}
// * * * * * * * * * * * * * * * * * * * * * * * * * * * * * * * * * * * * * //

dimensions      [1 0 -3 0 0 0 0];


internalField   uniform 0;

boundaryField
{
    minX
    {
        type            greyDiffusiveRadiationViewFactor;
        value           nonuniform List<scalar> 
50
(
22.11036
22.11036
22.11036
22.11036
27.20321
22.11036
22.11036
22.11036
22.11036
27.20321
19.70076
19.70076
27.20321
27.20321
27.20321
19.70076
19.70076
27.20321
27.20321
27.20321
19.70076
19.70076
27.092
27.092
27.092
19.70076
19.70076
27.092
27.092
27.092
20.37492
20.37492
20.37492
20.37492
27.092
20.37492
20.37492
20.37492
20.37492
27.092
25.81966
25.81966
25.81966
25.81966
25.81966
25.81966
25.81966
25.81966
25.81966
25.81966
)
;
        qro             uniform 0;
    }
    maxX
    {
        type            greyDiffusiveRadiationViewFactor;
        value           nonuniform List<scalar> 
50
(
19.08229
19.08229
19.08229
19.08229
22.00559
19.08229
19.08229
19.08229
19.08229
22.00559
16.23147
16.23147
22.00559
22.00559
22.00559
16.23147
16.23147
22.00559
22.00559
22.00559
16.23147
16.23147
21.76717
21.76717
21.76717
16.23147
16.23147
21.76717
21.76717
21.76717
17.70053
17.70053
17.70053
17.70053
21.76717
17.70053
17.70053
17.70053
17.70053
21.76717
21.2952
21.2952
21.2952
21.2952
21.2952
21.2952
21.2952
21.2952
21.2952
21.2952
)
;
        qro             uniform 0;
    }
    minY
    {
        type            greyDiffusiveRadiationViewFactor;
        value           nonuniform List<scalar> 
292
(
8.148235
8.148235
8.148235
8.148235
8.757396
8.757396
8.757396
8.757396
13.10881
13.10881
8.148235
8.148235
8.148235
8.148235
8.757396
8.757396
8.757396
8.757396
13.10881
13.10881
8.148235
8.148235
8.148235
8.148235
8.757396
8.757396
8.757396
8.757396
13.10881
13.10881
8.148235
8.148235
8.148235
8.148235
8.757396
8.757396
8.757396
8.757396
13.10881
13.10881
19.2995
19.2995
19.2995
19.2995
20.60584
20.60584
20.60584
20.60584
13.10881
13.10881
19.2995
19.2995
19.2995
19.2995
20.60584
20.60584
20.60584
20.60584
13.10881
13.10881
19.2995
19.2995
19.2995
19.2995
20.60584
20.60584
20.60584
20.60584
13.10881
13.10881
19.2995
19.2995
19.2995
19.2995
20.60584
20.60584
20.60584
20.60584
13.10881
13.10881
34.10192
34.10192
34.10192
34.10192
36.01127
36.01127
36.01127
36.01127
11.42833
11.42833
34.10192
34.10192
34.10192
34.10192
36.01127
36.01127
36.01127
36.01127
11.42833
11.42833
34.10192
34.10192
34.10192
34.10192
36.01127
36.01127
36.01127
36.01127
11.42833
11.42833
34.10192
34.10192
34.10192
34.10192
36.01127
36.01127
36.01127
36.01127
11.42833
11.42833
13.56782
13.56782
13.56782
13.56782
11.42833
11.42833
11.42833
11.42833
11.42833
26.97103
13.56782
13.56782
13.56782
13.56782
11.42833
11.42833
11.42833
26.97103
13.56782
13.56782
13.56782
13.56782
13.72926
13.72926
26.97103
26.97103
13.56782
13.56782
13.56782
13.56782
13.72926
13.72926
26.97103
26.97103
24.64594
24.64594
24.64594
24.64594
13.72926
13.72926
26.97103
26.97103
24.64594
24.64594
24.64594
24.64594
7.751143
7.751143
13.72926
13.72926
26.97103
26.97103
24.64594
24.64594
24.64594
24.64594
7.751143
7.751143
13.72926
13.72926
26.97103
26.97103
24.64594
24.64594
24.64594
24.64594
7.751143
7.751143
13.72926
13.72926
26.97103
26.97103
23.90821
23.90821
23.90821
23.90821
7.751143
7.751143
13.72926
13.72926
26.97103
12.67573
23.90821
23.90821
23.90821
23.90821
7.751143
7.751143
13.72926
13.72926
26.97103
12.67573
23.90821
23.90821
23.90821
23.90821
7.751143
7.751143
13.54586
13.54586
12.67573
12.67573
23.90821
23.90821
23.90821
23.90821
7.751143
7.751143
13.54586
13.54586
12.67573
12.67573
11.65797
11.65797
11.65797
11.65797
7.751143
7.751143
13.54586
13.54586
12.67573
12.67573
11.65797
11.65797
11.65797
11.65797
8.26174
8.26174
13.54586
13.54586
12.67573
12.67573
11.65797
11.65797
11.65797
11.65797
8.26174
8.26174
13.54586
13.54586
12.67573
12.67573
11.65797
11.65797
11.65797
11.65797
8.26174
8.26174
13.54586
13.54586
12.67573
12.67573
8.26174
8.26174
8.26174
8.26174
8.26174
8.26174
13.54586
13.54586
12.67573
12.67573
8.26174
8.26174
8.26174
8.26174
8.26174
8.26174
13.54586
13.54586
12.67573
12.67573
)
;
        qro             uniform 0;
    }
    minZ
    {
        type            greyDiffusiveRadiationViewFactor;
        value           nonuniform List<scalar> 
150
(
6.197892
6.197892
-8.031008
-8.031008
-11.86368
6.197892
6.197892
-8.031008
-8.031008
-11.86368
6.197892
6.197892
-8.031008
-8.031008
-11.86368
6.197892
6.197892
-8.031008
-8.031008
-11.86368
5.597912
5.597912
-39.80978
-39.80978
-11.86368
5.597912
5.597912
-39.80978
-39.80978
-11.86368
5.597912
5.597912
-39.80978
-39.80978
-11.86368
5.597912
5.597912
-39.80978
-39.80978
-11.86368
13.53014
13.53014
-45.74782
-45.74782
-70.19448
13.53014
13.53014
-45.74782
-45.74782
-70.19448
13.53014
13.53014
-45.74782
-45.74782
-70.19448
13.53014
13.53014
-45.74782
-45.74782
-70.19448
21.83242
21.83242
-42.17397
-42.17397
-70.19448
21.83242
21.83242
-42.17397
-42.17397
-70.19448
21.83242
21.83242
-42.17397
-42.17397
-70.19448
21.83242
21.83242
-42.17397
-42.17397
-70.19448
14.15575
14.15575
-40.29109
-40.29109
-56.77838
14.15575
14.15575
-40.29109
-40.29109
-56.77838
14.15575
14.15575
-40.29109
-40.29109
-56.77838
14.15575
14.15575
-40.29109
-40.29109
-56.77838
8.678075
8.678075
-35.72156
-35.72156
-56.77838
8.678075
8.678075
-35.72156
-35.72156
-56.77838
8.678075
8.678075
-35.72156
-35.72156
-56.77838
8.678075
8.678075
-35.72156
-35.72156
-56.77838
5.892478
5.892478
-22.83509
-22.83509
2.962214
5.892478
5.892478
-22.83509
-22.83509
2.962214
5.892478
5.892478
-22.83509
-22.83509
2.962214
5.892478
5.892478
-22.83509
-22.83509
2.962214
5.892478
5.892478
2.962214
2.962214
2.962214
5.892478
5.892478
2.962214
2.962214
2.962214
)
;
        qro             uniform 0;
    }
    maxZ
    {
        type            greyDiffusiveRadiationViewFactor;
        value           nonuniform List<scalar> 
150
(
6.222689
6.222689
-8.089843
-8.089843
-11.01592
6.222689
6.222689
-8.089843
-8.089843
-11.01592
6.222689
6.222689
-8.089843
-8.089843
-11.01592
6.222689
6.222689
-8.089843
-8.089843
-11.01592
6.297059
6.297059
-38.47938
-38.47938
-11.01592
6.297059
6.297059
-38.47938
-38.47938
-11.01592
6.297059
6.297059
-38.47938
-38.47938
-11.01592
6.297059
6.297059
-38.47938
-38.47938
-11.01592
23.23657
23.23657
-42.96412
-42.96412
-68.35354
23.23657
23.23657
-42.96412
-42.96412
-68.35354
23.23657
23.23657
-42.96412
-42.96412
-68.35354
23.23657
23.23657
-42.96412
-42.96412
-68.35354
17.28506
17.28506
-41.68691
-41.68691
-68.35354
17.28506
17.28506
-41.68691
-41.68691
-68.35354
17.28506
17.28506
-41.68691
-41.68691
-68.35354
17.28506
17.28506
-41.68691
-41.68691
-68.35354
11.9884
11.9884
-39.53541
-39.53541
-56.47384
11.9884
11.9884
-39.53541
-39.53541
-56.47384
11.9884
11.9884
-39.53541
-39.53541
-56.47384
11.9884
11.9884
-39.53541
-39.53541
-56.47384
8.645398
8.645398
-34.88763
-34.88763
-56.47384
8.645398
8.645398
-34.88763
-34.88763
-56.47384
8.645398
8.645398
-34.88763
-34.88763
-56.47384
8.645398
8.645398
-34.88763
-34.88763
-56.47384
5.766254
5.766254
-22.75483
-22.75483
2.64167
5.766254
5.766254
-22.75483
-22.75483
2.64167
5.766254
5.766254
-22.75483
-22.75483
2.64167
5.766254
5.766254
-22.75483
-22.75483
2.64167
5.766254
5.766254
2.64167
2.64167
2.64167
5.766254
5.766254
2.64167
2.64167
2.64167
)
;
        qro             uniform 0;
    }
    bottomAir_to_rightSolid
    {
        type            greyDiffusiveRadiationViewFactor;
        value           nonuniform List<scalar> 
130
(
-0.7091961
-0.7091961
-0.7091961
-0.7091961
4.046402
4.046402
4.046402
4.046402
6.079339
6.079339
6.079339
6.079339
6.215048
-0.7091961
-0.7091961
-0.7091961
-0.7091961
4.046402
4.046402
4.046402
4.046402
6.079339
6.079339
6.079339
6.079339
6.215048
-5.351326
-5.351326
-5.351326
-5.351326
2.298678
2.298678
2.298678
2.298678
5.355096
5.355096
6.215048
6.215048
6.215048
-5.351326
-5.351326
-5.351326
-5.351326
2.298678
2.298678
2.298678
2.298678
5.355096
5.355096
6.215048
6.215048
6.215048
-8.569504
-8.569504
-8.569504
-8.569504
1.716945
1.716945
1.716945
1.716945
5.355096
5.355096
6.150407
6.150407
6.150407
-8.569504
-8.569504
-8.569504
-8.569504
1.716945
1.716945
1.716945
1.716945
5.355096
5.355096
6.150407
6.150407
6.150407
-5.274816
-5.274816
-5.274816
-5.274816
2.387456
2.387456
2.387456
2.387456
5.924302
5.924302
5.924302
5.924302
6.150407
-5.274816
-5.274816
-5.274816
-5.274816
2.387456
2.387456
2.387456
2.387456
5.924302
5.924302
5.924302
5.924302
6.150407
-0.6881618
-0.6881618
-0.6881618
-0.6881618
4.083878
4.083878
4.083878
4.083878
6.090134
6.090134
6.090134
6.090134
6.090134
-0.6881618
-0.6881618
-0.6881618
-0.6881618
4.083878
4.083878
4.083878
4.083878
6.090134
6.090134
6.090134
6.090134
6.090134
)
;
        qro             uniform 0;
    }
    bottomAir_to_leftSolid
    {
        type            greyDiffusiveRadiationViewFactor;
        value           nonuniform List<scalar> 
130
(
8.051764
8.051764
8.051764
8.051764
5.587513
5.587513
5.587513
5.587513
1.459839
1.459839
1.459839
1.459839
-5.274241
8.051764
8.051764
8.051764
8.051764
5.587513
5.587513
5.587513
5.587513
1.459839
1.459839
1.459839
1.459839
-5.274241
7.585096
7.585096
7.585096
7.585096
4.512504
4.512504
4.512504
4.512504
-1.239387
-1.239387
-5.274241
-5.274241
-5.274241
7.585096
7.585096
7.585096
7.585096
4.512504
4.512504
4.512504
4.512504
-1.239387
-1.239387
-5.274241
-5.274241
-5.274241
7.494931
7.494931
7.494931
7.494931
4.05418
4.05418
4.05418
4.05418
-1.239387
-1.239387
-10.52805
-10.52805
-10.52805
7.494931
7.494931
7.494931
7.494931
4.05418
4.05418
4.05418
4.05418
-1.239387
-1.239387
-10.52805
-10.52805
-10.52805
7.66702
7.66702
7.66702
7.66702
4.613982
4.613982
4.613982
4.613982
-2.615825
-2.615825
-2.615825
-2.615825
-10.52805
7.66702
7.66702
7.66702
7.66702
4.613982
4.613982
4.613982
4.613982
-2.615825
-2.615825
-2.615825
-2.615825
-10.52805
8.090987
8.090987
8.090987
8.090987
5.705231
5.705231
5.705231
5.705231
0.9532707
0.9532707
0.9532707
0.9532707
0.9532707
8.090987
8.090987
8.090987
8.090987
5.705231
5.705231
5.705231
5.705231
0.9532707
0.9532707
0.9532707
0.9532707
0.9532707
)
;
        qro             uniform 0;
    }
    bottomAir_to_heater
    {
        type            greyDiffusiveRadiationViewFactor;
        value           nonuniform List<scalar> 
92
(
-3.232096
-3.232096
-3.497386
-3.497386
-3.232096
-3.232096
-3.497386
-3.497386
-11.52545
-11.52545
-11.45758
-11.45758
-101.4055
-101.4055
-101.4631
-101.4631
-101.4055
-101.4055
-101.4631
-101.4631
-65.70682
-65.70682
-65.60999
-65.60999
-65.70682
-65.70682
-65.60999
-65.60999
-11.52545
-40.87629
-11.52545
-40.87629
-11.45758
-40.87629
-11.45758
-40.87629
-104.0852
-102.3587
-104.0852
-102.3587
-60.35193
-58.7989
-60.35193
-58.7989
-60.35193
-58.7989
-104.0852
-101.2824
-101.2824
-101.0791
-102.3587
-101.0791
-104.0852
-101.2824
-101.2824
-101.0791
-102.3587
-101.0791
-60.35193
-65.54296
-65.54296
-65.48943
-58.7989
-65.48943
-60.35193
-65.54296
-65.54296
-65.48943
-58.7989
-65.48943
-60.35193
-40.71895
-40.71895
-40.71895
-58.7989
-40.71895
-11.30634
-11.30634
-11.41091
-11.41091
-11.30634
-11.30634
-11.41091
-11.41091
-3.205679
-3.205679
-3.467008
-3.467008
-3.205679
-3.205679
-3.467008
-3.467008
)
;
        qro             uniform 0;
    }
}


// ************************************************************************* //
