/*--------------------------------*- C++ -*----------------------------------*\
| =========                 |                                                 |
| \\      /  F ield         | OpenFOAM: The Open Source CFD Toolbox           |
|  \\    /   O peration     | Version:  v2012                                 |
|   \\  /    A nd           | Website:  www.openfoam.com                      |
|    \\/     M anipulation  |                                                 |
\*---------------------------------------------------------------------------*/
FoamFile
{
    version     2.0;
    format      ascii;
    class       volVectorField;
    location    "900/bottomAir";
    object      U;
}
// * * * * * * * * * * * * * * * * * * * * * * * * * * * * * * * * * * * * * //

dimensions      [0 1 -1 0 0 0 0];


internalField   nonuniform List<vector> 
1460
(
(0.004612645 -0.006945694 0.0006688385)
(0.01196028 -0.005659003 0.001235247)
(0.01712432 -0.003130471 0.001414548)
(0.01912317 -0.001001654 0.001314488)
(0.01888001 0.0003671364 0.00108019)
(0.01743712 0.000984433 0.0008291895)
(0.01567577 0.00111536 0.0006019455)
(0.01402018 0.001035111 0.0004080355)
(0.01260127 0.000896362 0.0002556009)
(0.01139384 0.0007575463 0.000152854)
(0.01029644 0.000628024 0.0001069328)
(0.009166183 0.0005072784 0.0001269329)
(0.007854693 0.0004154295 0.0001986792)
(0.006162721 0.0004359954 0.0002832428)
(0.003940057 0.0006805475 0.0001780022)
(0.001194539 0.001163936 -7.398135e-05)
(-0.001960913 0.001354719 -0.0001850261)
(-0.004336468 0.00108214 -2.616287e-05)
(-0.006299468 0.0008941752 7.121488e-06)
(-0.007831081 0.0008188296 5.10789e-05)
(-0.009190587 0.0008250155 0.000122642)
(-0.01054502 0.0008877143 0.0002359837)
(-0.01202497 0.0009769779 0.0003924138)
(-0.01367183 0.001023671 0.0005881604)
(-0.01536737 0.0008740237 0.0008162243)
(-0.01669949 0.0002697338 0.001065807)
(-0.01688578 -0.001009683 0.00128746)
(-0.01500963 -0.002919315 0.001368146)
(-0.01034262 -0.005074654 0.001187558)
(-0.003846947 -0.005879453 0.0006656004)
(0.003095784 -0.01602275 -1.661158e-05)
(0.008351001 -0.01397518 0.0007227486)
(0.01190612 -0.008844984 0.001258216)
(0.01348753 -0.004331653 0.001471475)
(0.01370615 -0.001190959 0.001445487)
(0.01342642 0.0006291319 0.00128313)
(0.01268147 0.001345694 0.001141061)
(0.01188791 0.001437759 0.001057477)
(0.01096147 0.001330687 0.001042907)
(0.009798596 0.001261784 0.001090935)
(0.008342257 0.001335258 0.001174058)
(0.006571926 0.001561121 0.00124731)
(0.00456039 0.001878558 0.001222897)
(0.002414174 0.002265627 0.001060513)
(0.0004122843 0.002797581 0.00059408)
(-0.001022425 0.003425086 0.0002994374)
(-0.002177083 0.003455739 0.0005409701)
(-0.003562799 0.002889717 0.0009043668)
(-0.00519016 0.002328651 0.001075582)
(-0.006754545 0.00189575 0.001118357)
(-0.008148564 0.001646195 0.001105421)
(-0.009333799 0.0015502 0.001096794)
(-0.01033248 0.001499396 0.001130267)
(-0.01120976 0.001260015 0.00121935)
(-0.01198835 0.0004315048 0.001355103)
(-0.01226073 -0.001388004 0.001488618)
(-0.01206248 -0.004330784 0.001478761)
(-0.01059972 -0.008398916 0.001241266)
(-0.007364074 -0.01279326 0.0007204774)
(-0.002687398 -0.0139867 6.657326e-05)
(0.0008002862 -0.02067928 -0.0005707035)
(0.001184536 -0.01789523 0.0002665738)
(0.0004264209 -0.01125716 0.001151304)
(-0.0006419637 -0.005548953 0.001720338)
(-0.001629305 -0.002153511 0.001955869)
(-0.002229042 -0.0003450722 0.001978357)
(-0.002326287 0.0005292374 0.001911254)
(-0.002660913 0.001001666 0.001982461)
(-0.003205124 0.00133588 0.002158821)
(-0.003938636 0.001559261 0.002329117)
(-0.004665175 0.001617356 0.002407595)
(-0.005176642 0.001483086 0.002354392)
(-0.005206007 0.00122603 0.002129993)
(-0.004598411 0.001071661 0.001800256)
(-0.003350511 0.001261089 0.001362009)
(-0.001610293 0.001646424 0.001145662)
(0.0002796975 0.001704547 0.001380779)
(0.001715442 0.001579739 0.001761039)
(0.002473394 0.001566164 0.002030315)
(0.002735645 0.001493098 0.002140633)
(0.002688625 0.001337265 0.002130309)
(0.002503677 0.001092649 0.002044128)
(0.002339563 0.0007578013 0.001950328)
(0.002213479 0.0002576257 0.001932424)
(0.002160506 -0.0006688126 0.001981631)
(0.00150289 -0.002468671 0.001911123)
(0.0005514157 -0.005641891 0.001648499)
(-0.0004859112 -0.01074714 0.00107793)
(-0.00112782 -0.01640586 0.0002504529)
(-0.0007946841 -0.01817755 -0.0004589846)
(-0.002230528 -0.01753287 -0.001321012)
(-0.007199506 -0.01398745 -0.0005017685)
(-0.01199332 -0.008881619 0.0004211102)
(-0.01515439 -0.005695472 0.0009903811)
(-0.01705413 -0.004152886 0.00127178)
(-0.01816444 -0.003558659 0.001394431)
(-0.01877894 -0.003471904 0.001392507)
(-0.01899227 -0.003696405 0.001276465)
(-0.01878355 -0.004217427 0.001033416)
(-0.01810207 -0.004981192 0.0006471529)
(-0.0168736 -0.005904839 0.0001077216)
(-0.0150209 -0.006856737 -0.000561709)
(-0.01242931 -0.007631788 -0.001305656)
(-0.009092876 -0.007922993 -0.001929419)
(-0.005165604 -0.007556473 -0.002522852)
(-0.0001728554 -0.007330946 -0.002705018)
(0.004500777 -0.007782523 -0.002186917)
(0.008223028 -0.007757737 -0.001588345)
(0.01121896 -0.007150036 -0.0008271941)
(0.01341788 -0.00630425 -0.0001416287)
(0.01495766 -0.005433777 0.000405011)
(0.01592669 -0.004679419 0.0007985903)
(0.01640283 -0.004133597 0.001051142)
(0.01643496 -0.003854675 0.001172892)
(0.01603862 -0.003866273 0.00118374)
(0.01511093 -0.004379925 0.001080642)
(0.01339407 -0.005778131 0.0008255671)
(0.01049856 -0.008617646 0.0003008179)
(0.006229908 -0.01299894 -0.0005338321)
(0.001792616 -0.01556086 -0.001188553)
(-0.005783166 -0.008495225 -0.002401355)
(-0.01354163 -0.006088434 -0.002074701)
(-0.01903009 -0.004023983 -0.001603335)
(-0.02210092 -0.003020001 -0.001461507)
(-0.02391693 -0.002637718 -0.001590455)
(-0.02496864 -0.002579132 -0.001920267)
(-0.02549331 -0.002687073 -0.002440404)
(-0.02553888 -0.002874437 -0.003155081)
(-0.02508341 -0.003095535 -0.004082731)
(-0.02405378 -0.003305888 -0.005239853)
(-0.02231935 -0.003452789 -0.00662339)
(-0.01970089 -0.003473524 -0.008185956)
(-0.01597823 -0.003299051 -0.00979343)
(-0.0112937 -0.002854063 -0.01101593)
(-0.006105696 -0.001943126 -0.01233015)
(0.001320178 -0.001348383 -0.01282373)
(0.007291202 -0.002304967 -0.01151341)
(0.01235601 -0.002912968 -0.01036599)
(0.01651196 -0.003284181 -0.008686584)
(0.01941797 -0.003406199 -0.007055784)
(0.02133573 -0.003347397 -0.005619836)
(0.02248659 -0.003184059 -0.00441841)
(0.02302894 -0.002982811 -0.00345024)
(0.02305247 -0.00279683 -0.002694722)
(0.02259192 -0.002678489 -0.002134304)
(0.02160618 -0.002714042 -0.001762348)
(0.019878 -0.003041662 -0.001587128)
(0.01697011 -0.00391759 -0.001670495)
(0.01191964 -0.005678856 -0.00205224)
(0.004892286 -0.007512871 -0.002225095)
(0.005051761 -0.006945565 0.001535531)
(0.01303075 -0.005037033 0.002130535)
(0.01880147 -0.002382797 0.002235514)
(0.02147397 -0.0003718037 0.002023607)
(0.02195675 0.0008199179 0.001694207)
(0.02124267 0.00131612 0.001376001)
(0.02009615 0.001381177 0.001099957)
(0.0188919 0.001245052 0.0008765905)
(0.01777326 0.001031692 0.0007230116)
(0.0167474 0.0007833123 0.0006709913)
(0.01574815 0.000495358 0.0007655861)
(0.01462714 0.0001548254 0.001085835)
(0.01316633 -0.0002113178 0.001690646)
(0.01087708 -0.0003958399 0.002643652)
(0.007350018 -0.0001399461 0.003394353)
(0.001826997 0.0007596962 0.003482845)
(-0.004742863 0.0009833516 0.002499388)
(-0.008326124 0.0005796336 0.001803451)
(-0.01086856 0.0005375249 0.001179963)
(-0.012558 0.0006548149 0.0008541726)
(-0.01392505 0.0008173482 0.0007521995)
(-0.01517103 0.0009883798 0.0008113416)
(-0.01641884 0.001147482 0.0009851404)
(-0.01768736 0.00124119 0.001239922)
(-0.0188499 0.001143425 0.001553335)
(-0.01954906 0.000635891 0.001905602)
(-0.01907741 -0.0005092116 0.002248305)
(-0.01659814 -0.002345391 0.002439311)
(-0.01135718 -0.004660602 0.002301724)
(-0.004268491 -0.006004401 0.001685016)
(0.003057994 -0.01629067 0.0008239186)
(0.008888708 -0.01312954 0.001881654)
(0.01325922 -0.007692676 0.002476714)
(0.01583617 -0.003445862 0.002592686)
(0.01721356 -0.0006302162 0.002423624)
(0.01768763 0.0008878622 0.002185651)
(0.01771987 0.001387155 0.002047585)
(0.01756676 0.001334581 0.002028328)
(0.01716347 0.001083338 0.002142158)
(0.01638526 0.0008241215 0.002402919)
(0.01510422 0.0006547966 0.002794917)
(0.01315612 0.0006209478 0.003287512)
(0.01048842 0.0007422896 0.003705522)
(0.006950541 0.001266483 0.004070181)
(0.002883862 0.002545781 0.003614942)
(-0.001810874 0.004152088 0.002824408)
(-0.005392609 0.003477806 0.002946212)
(-0.008294516 0.002215733 0.003179391)
(-0.01082054 0.001586734 0.003074724)
(-0.012736 0.001298093 0.002794825)
(-0.01411174 0.001239519 0.002521581)
(-0.01502937 0.001312377 0.002327889)
(-0.01558749 0.001402159 0.002250098)
(-0.01588583 0.001308378 0.002288452)
(-0.01595992 0.0006791127 0.002434028)
(-0.01550174 -0.0008858345 0.002659336)
(-0.01425113 -0.003572971 0.002767368)
(-0.01187578 -0.007477609 0.002574749)
(-0.007894813 -0.01225352 0.001934996)
(-0.002724058 -0.01442813 0.0009425582)
(9.437747e-05 -0.02122542 8.08565e-05)
(0.0003959397 -0.01698105 0.001605425)
(0.0002030409 -0.009689831 0.002910564)
(0.0003101573 -0.004255659 0.003695219)
(0.0004921695 -0.0008934623 0.004058473)
(0.001325757 0.0008437729 0.004045243)
(0.001931226 0.001639484 0.004054202)
(0.001969706 0.002054563 0.004406232)
(0.001693757 0.002423423 0.004994135)
(0.001051081 0.002835988 0.005720514)
(0.0001272736 0.003225802 0.00645991)
(-0.001065813 0.003423801 0.007008454)
(-0.002123966 0.003416451 0.006851007)
(-0.002826606 0.003717039 0.006155179)
(-0.002907352 0.004618776 0.004710342)
(-0.002668863 0.005373993 0.00396447)
(-0.002066723 0.004638481 0.004830418)
(-0.001637613 0.003856298 0.005786255)
(-0.001787807 0.003612393 0.006100535)
(-0.002083221 0.003317926 0.005779981)
(-0.002309413 0.002929591 0.005279622)
(-0.002401001 0.002512117 0.004760077)
(-0.002276483 0.002102341 0.004335729)
(-0.001950613 0.001589083 0.004092328)
(-0.001133202 0.0006655439 0.00410289)
(-0.0004638011 -0.001149393 0.004042008)
(-0.0003006773 -0.004385475 0.003599486)
(-0.0002814684 -0.009376542 0.002750135)
(-0.0004398821 -0.01578592 0.001450934)
(-0.0002497735 -0.01887865 0.0001039874)
(-0.003830035 -0.01781218 -0.0008287345)
(-0.009773543 -0.01284498 0.000748355)
(-0.01465922 -0.007379767 0.002155966)
(-0.01728485 -0.004229245 0.003116401)
(-0.0185199 -0.002719398 0.003714455)
(-0.01890344 -0.002074403 0.004097991)
(-0.01880714 -0.001808736 0.00432793)
(-0.01839745 -0.001812788 0.00445561)
(-0.0178362 -0.002069721 0.004452807)
(-0.01704756 -0.002487906 0.00421737)
(-0.01593873 -0.002951445 0.003643925)
(-0.01437954 -0.003271523 0.002633305)
(-0.01197355 -0.003028442 0.001082265)
(-0.008825617 -0.001694079 -0.0005213491)
(-0.005218678 0.0008704577 -0.002840019)
(-0.00134534 0.001971667 -0.003392434)
(0.00298704 -0.0008609105 -0.001175242)
(0.006693133 -0.002897928 0.0005871741)
(0.0097414 -0.003584336 0.001990604)
(0.01188008 -0.00341678 0.002852126)
(0.01349534 -0.002990894 0.003384873)
(0.01473266 -0.002564007 0.003655664)
(0.01567583 -0.002277199 0.003738415)
(0.01638583 -0.002219987 0.003695684)
(0.01668247 -0.002393047 0.003535798)
(0.01647366 -0.002963521 0.003205424)
(0.01539857 -0.00437177 0.002651701)
(0.01299023 -0.007260748 0.001743404)
(0.008586079 -0.01210435 0.0004268502)
(0.003161299 -0.01601668 -0.0009027586)
(-0.008231763 -0.008412624 -0.002509544)
(-0.0174297 -0.005142181 -0.002305819)
(-0.0235684 -0.002873869 -0.002250801)
(-0.02667447 -0.001765356 -0.002532279)
(-0.02833155 -0.001215965 -0.00310007)
(-0.02913802 -0.0009201927 -0.003933306)
(-0.02940076 -0.0006951421 -0.005061446)
(-0.02921163 -0.0004349218 -0.00652652)
(-0.02858866 -7.946011e-05 -0.008388058)
(-0.02746568 0.000421311 -0.01070521)
(-0.02569539 0.001121352 -0.01350776)
(-0.02304567 0.002041941 -0.01674294)
(-0.01900281 0.003142104 -0.02006581)
(-0.01393081 0.004387819 -0.02196877)
(-0.007864953 0.006353401 -0.02410457)
(0.002127799 0.00761111 -0.02479385)
(0.009819481 0.005564843 -0.02301896)
(0.01566213 0.00406572 -0.02132511)
(0.02013671 0.002631545 -0.01786227)
(0.02301621 0.001452893 -0.01447415)
(0.02491005 0.0005783247 -0.01155792)
(0.02609664 -3.470796e-05 -0.009150283)
(0.02675006 -0.0004586537 -0.007210516)
(0.0269447 -0.000752327 -0.005667008)
(0.02668172 -0.0009947448 -0.004460175)
(0.02588388 -0.001298279 -0.003554621)
(0.02426543 -0.00182594 -0.002920493)
(0.0212793 -0.002848288 -0.002573705)
(0.01555607 -0.004867648 -0.002547426)
(0.007079649 -0.007557727 -0.002568852)
(0.005008236 -0.006226758 0.000944721)
(0.01299265 -0.004263624 0.001187936)
(0.01875463 -0.001770785 0.001110598)
(0.02153626 3.156031e-05 0.0009063514)
(0.02222347 0.001031197 0.0007041528)
(0.02181607 0.001399786 0.0005685417)
(0.02099957 0.001398501 0.0005144819)
(0.02011545 0.001222077 0.0005606521)
(0.01931427 0.000963237 0.0007439404)
(0.018636 0.000640024 0.001145879)
(0.01807647 0.0002179263 0.001906977)
(0.01751828 -0.0002949279 0.003314809)
(0.01673661 -0.0007381941 0.005699555)
(0.01473016 -0.0003459189 0.00898443)
(0.01044773 0.0009847793 0.01169311)
(0.001426933 0.00277049 0.01247336)
(-0.008078852 0.001582929 0.009535273)
(-0.011729 2.338982e-05 0.006332958)
(-0.01382407 -5.513652e-05 0.003705532)
(-0.01491462 0.0002600963 0.002207489)
(-0.01580014 0.0005945922 0.001405805)
(-0.01665118 0.0008694019 0.001015167)
(-0.01754205 0.001092338 0.0008797978)
(-0.0184594 0.001239886 0.0009111009)
(-0.01927572 0.001224478 0.001063195)
(-0.01967613 0.0008682339 0.001302595)
(-0.01903548 -5.799029e-05 0.00158753)
(-0.01648841 -0.001679737 0.001820156)
(-0.01129558 -0.003841471 0.001857483)
(-0.004217584 -0.005276111 0.001469041)
(0.003146195 -0.01526689 0.00101025)
(0.009328513 -0.01198575 0.001545656)
(0.01406786 -0.006749539 0.001769249)
(0.01702554 -0.002811158 0.001762091)
(0.01878637 -0.0003076382 0.001640309)
(0.01956949 0.0009277675 0.001591495)
(0.01995984 0.001252978 0.001663023)
(0.02017513 0.001095926 0.001872361)
(0.02017987 0.0007378972 0.002249274)
(0.01985759 0.0003451387 0.0028454)
(0.01907755 2.257942e-05 0.003696079)
(0.01756413 -5.02532e-05 0.004852117)
(0.01538693 0.0005498864 0.006098693)
(0.01193004 0.00309275 0.00713781)
(0.006869048 0.007429135 0.006632475)
(-0.001604294 0.01077265 0.005843003)
(-0.008396966 0.006835145 0.005879231)
(-0.01207007 0.002405105 0.005547917)
(-0.01477773 0.0009156523 0.00463409)
(-0.01649893 0.0005724719 0.003700519)
(-0.01749955 0.0006633914 0.002967408)
(-0.01801248 0.0008917504 0.002438033)
(-0.01817965 0.001119527 0.002104978)
(-0.01810783 0.001173012 0.001935008)
(-0.01782262 0.0007799444 0.00190735)
(-0.01709377 -0.0004402137 0.001998672)
(-0.01544539 -0.002788749 0.002106637)
(-0.01268635 -0.006384307 0.00205374)
(-0.00833962 -0.01098305 0.001757529)
(-0.00280962 -0.01333931 0.001168873)
(0.0002935516 -0.02041595 0.001131228)
(0.001250108 -0.0160177 0.001993631)
(0.001817046 -0.008875053 0.002846488)
(0.002620299 -0.003738773 0.003488246)
(0.003400058 -0.0005995299 0.003826234)
(0.004710903 0.001012545 0.003918189)
(0.005353783 0.001657596 0.004197467)
(0.005751216 0.001914751 0.004780079)
(0.005834358 0.002181569 0.005604379)
(0.00556118 0.002585795 0.006643223)
(0.004972388 0.003155685 0.007756266)
(0.003785025 0.003944425 0.008642225)
(0.002771195 0.005465179 0.007826708)
(0.001972749 0.00886421 0.005297832)
(0.0006960971 0.01386792 0.00132153)
(-0.002556263 0.01637242 0.0001553349)
(-0.004532098 0.01156808 0.002898077)
(-0.004953553 0.006464737 0.005857413)
(-0.005700025 0.004240425 0.007010179)
(-0.006297988 0.003303628 0.00664779)
(-0.006434629 0.002777267 0.005915931)
(-0.006326566 0.002403465 0.005158965)
(-0.005971686 0.002126392 0.004531525)
(-0.005397908 0.001805297 0.004084578)
(-0.004645669 0.001062726 0.003899527)
(-0.003395284 -0.0006094634 0.003789625)
(-0.002622709 -0.003640022 0.003382022)
(-0.001876866 -0.008376978 0.00267131)
(-0.00128505 -0.01469074 0.001784574)
(-0.0004375834 -0.01800969 0.0009797668)
(-0.003510787 -0.01757459 0.001017424)
(-0.008737269 -0.01244484 0.001850168)
(-0.01291076 -0.006755267 0.00286665)
(-0.01486779 -0.003460449 0.003713927)
(-0.01550179 -0.001845895 0.004291764)
(-0.0153076 -0.001085899 0.00467083)
(-0.01460632 -0.0006880436 0.004916064)
(-0.01397691 -0.0005709944 0.005000485)
(-0.01333966 -0.0005870568 0.00484126)
(-0.01267216 -0.0005344253 0.00421085)
(-0.01189727 -5.114486e-05 0.002779546)
(-0.01092604 0.001406358 0.0001488668)
(-0.008802245 0.004653587 -0.004114155)
(-0.006274344 0.009099248 -0.007306779)
(-0.003293636 0.01494399 -0.0108766)
(-0.0008391783 0.01752345 -0.0116942)
(0.002251175 0.01171884 -0.008734548)
(0.005481063 0.00569818 -0.005518331)
(0.007466087 0.001568 -0.001464418)
(0.008639762 -0.000429661 0.001193396)
(0.009642757 -0.001024187 0.002784621)
(0.01055143 -0.001048993 0.003615582)
(0.01142479 -0.0009729807 0.003971719)
(0.01234684 -0.001004118 0.003999123)
(0.01324999 -0.00131235 0.003876429)
(0.01359208 -0.001994391 0.003589902)
(0.01310964 -0.003503217 0.003068654)
(0.01135857 -0.006542122 0.0022715)
(0.00763659 -0.01162331 0.001317045)
(0.002887705 -0.01575017 0.0006147476)
(-0.008212017 -0.008332864 -0.0002834938)
(-0.01739251 -0.004698529 -0.0009386529)
(-0.02350547 -0.002173554 -0.001591823)
(-0.02662287 -0.0008762642 -0.0023648)
(-0.0283623 -0.0001350708 -0.003313381)
(-0.02934979 0.0003916641 -0.004492774)
(-0.02990923 0.0009090082 -0.005974306)
(-0.03013511 0.001514816 -0.00781932)
(-0.03008789 0.00227537 -0.01014855)
(-0.02968481 0.003292425 -0.01307679)
(-0.02869684 0.004659233 -0.01669894)
(-0.02664478 0.006413831 -0.02102833)
(-0.02200837 0.008492331 -0.02533247)
(-0.01660402 0.01064625 -0.02601656)
(-0.009621929 0.01471571 -0.0289573)
(0.003171087 0.01722418 -0.02992641)
(0.01285846 0.0127951 -0.02761421)
(0.01972519 0.009860213 -0.02692764)
(0.02483162 0.007263666 -0.02253989)
(0.02708719 0.005214231 -0.01811871)
(0.02808843 0.003647641 -0.01437119)
(0.02843966 0.002478839 -0.01131133)
(0.02841316 0.001595026 -0.008852073)
(0.02805283 0.000893662 -0.006842328)
(0.02738812 0.0003259627 -0.005230544)
(0.02631572 -0.0002225838 -0.003959098)
(0.02453609 -0.0009485136 -0.002953441)
(0.02146848 -0.002163421 -0.002155047)
(0.01569452 -0.004439263 -0.001504821)
(0.007151862 -0.007497283 -0.0008037324)
(0.004994013 -0.006425968 -8.315298e-05)
(0.01295977 -0.004610333 -0.0001245818)
(0.01876651 -0.002182051 -0.0002140757)
(0.02164054 -0.0003929702 -0.0002706724)
(0.02247577 0.0006738966 -0.0002626849)
(0.02222093 0.001126822 -0.0001718404)
(0.02158616 0.001194148 -2.38072e-05)
(0.0209522 0.001060301 0.0001880361)
(0.02054285 0.0008045528 0.0004975705)
(0.02051755 0.0004248877 0.0009878981)
(0.02110464 -0.0001167546 0.001794613)
(0.02239568 -0.0005508929 0.003242237)
(0.02360696 0.0005608484 0.005137252)
(0.0212743 0.006559687 0.007364777)
(0.0146842 0.0136826 0.01061369)
(-0.002005357 0.0176318 0.01209248)
(-0.01500838 0.009945734 0.008944145)
(-0.01881477 0.001400478 0.007103301)
(-0.01903757 -0.0004390227 0.004436589)
(-0.01813112 -0.0001702091 0.002538008)
(-0.01777455 0.0003354953 0.001511842)
(-0.01788444 0.0007119154 0.0009406608)
(-0.01830992 0.0009725627 0.0006390125)
(-0.0189117 0.001125366 0.0004944812)
(-0.01949557 0.001107118 0.0004527119)
(-0.01972293 0.0007558456 0.0004831281)
(-0.01896945 -0.0001441619 0.0005717001)
(-0.01637317 -0.001701208 0.0006758201)
(-0.01119858 -0.003785516 0.0007318777)
(-0.004165091 -0.005156676 0.0005966841)
(0.003259674 -0.0154343 0.0006347315)
(0.009579895 -0.01237478 0.0008965847)
(0.01440429 -0.007273748 0.0009699151)
(0.01744851 -0.00340192 0.0009629741)
(0.01925693 -0.0009475445 0.0009559818)
(0.02035501 0.0003134967 0.001023984)
(0.02103202 0.0007229745 0.001184346)
(0.02160313 0.0006432359 0.001420423)
(0.02209179 0.0003150381 0.001751599)
(0.02242669 -0.0001064967 0.002190885)
(0.0225445 -0.0004410804 0.002618617)
(0.02205215 0.0002077857 0.002978614)
(0.02051308 0.005321555 0.001576725)
(0.01615706 0.01876608 0.004150032)
(0.01007965 0.0322994 0.006797553)
(-0.001569411 0.03816125 0.007899858)
(-0.01076887 0.02508937 0.005254011)
(-0.01588306 0.007465095 0.002870167)
(-0.01886782 0.001165791 0.00365368)
(-0.01992796 3.977506e-05 0.003054808)
(-0.02019952 0.0001760999 0.002499198)
(-0.02012245 0.0004846164 0.001997442)
(-0.01982777 0.0007444632 0.001641665)
(-0.01939736 0.0008018626 0.001413074)
(-0.01881637 0.000431549 0.001293094)
(-0.0178205 -0.0007026482 0.001264298)
(-0.01605023 -0.00292127 0.001285336)
(-0.01314557 -0.006398496 0.001263289)
(-0.008648916 -0.0108622 0.001133624)
(-0.002914245 -0.01311824 0.000806982)
(0.0006099271 -0.02052668 0.001153348)
(0.002087353 -0.01636615 0.001709082)
(0.003068973 -0.009390767 0.00221483)
(0.004171775 -0.004311303 0.002635)
(0.005255398 -0.001224286 0.002883256)
(0.006598978 0.0004130944 0.003092943)
(0.00761179 0.001167496 0.003476195)
(0.008533652 0.001526262 0.004033974)
(0.009305964 0.001867309 0.00476241)
(0.009838127 0.002400369 0.005640177)
(0.01011453 0.003433174 0.006336811)
(0.009206273 0.006054134 0.006217488)
(0.008271222 0.01433118 0.001528275)
(0.006505938 0.0297207 0.002440023)
(0.00452091 0.04557049 0.003616201)
(-0.0006034885 0.05223667 0.004348464)
(-0.00418338 0.03706332 0.002613379)
(-0.00651644 0.01634722 0.00123371)
(-0.009070268 0.006872705 0.005275401)
(-0.01025361 0.003811263 0.005532721)
(-0.01013244 0.002713371 0.005061622)
(-0.009590239 0.00217597 0.004375845)
(-0.008800104 0.001827323 0.003786937)
(-0.007868208 0.001456379 0.003335053)
(-0.006848763 0.0007071996 0.003038494)
(-0.00552587 -0.0008984574 0.002838913)
(-0.004390635 -0.003827644 0.002541663)
(-0.003251188 -0.008470345 0.002066303)
(-0.002162153 -0.01463072 0.001521706)
(-0.0007302335 -0.01782712 0.0009989543)
(-0.002951358 -0.01790815 0.001429995)
(-0.00739608 -0.01299816 0.002006519)
(-0.01094817 -0.007122043 0.002720754)
(-0.01235649 -0.003518301 0.003367906)
(-0.01249216 -0.001621304 0.003805425)
(-0.01191327 -0.0006695245 0.004077073)
(-0.01091336 -0.0001945637 0.004255064)
(-0.009987344 2.590975e-06 0.004372256)
(-0.009184019 0.0001901916 0.004233475)
(-0.008658194 0.0007814039 0.003561583)
(-0.008565549 0.00267069 0.001904339)
(-0.009351466 0.007298382 -0.001030422)
(-0.007340492 0.01728426 -0.005950083)
(-0.005730774 0.0293082 -0.00248179)
(-0.002063952 0.04335405 -0.002182059)
(0.001456775 0.04959071 -0.001639667)
(0.005458714 0.03580072 -0.002560474)
(0.007826264 0.01957122 -0.006453056)
(0.008690258 0.008260755 -0.002200519)
(0.007423251 0.002902961 0.0004561288)
(0.007138242 0.0007059396 0.00216717)
(0.007424174 3.971894e-05 0.003017907)
(0.008107756 -0.000127014 0.003345568)
(0.008994692 -0.00027915 0.003405158)
(0.009978406 -0.0007110793 0.003370966)
(0.01069824 -0.001598433 0.003172418)
(0.01068864 -0.003369466 0.002780668)
(0.009483814 -0.00668171 0.00217068)
(0.006381507 -0.01193404 0.001498264)
(0.002394468 -0.01590572 0.001023998)
(-0.007837973 -0.00853205 0.0007791231)
(-0.01684339 -0.004739467 0.0001795652)
(-0.02296612 -0.0019421 -0.0005022261)
(-0.02614475 -0.0003820336 -0.001230993)
(-0.02797943 0.000611434 -0.002068532)
(-0.02912152 0.001378285 -0.003066715)
(-0.02996092 0.002136944 -0.004295169)
(-0.03076767 0.003080146 -0.005890113)
(-0.03158125 0.004347219 -0.007958406)
(-0.03234616 0.006112723 -0.01064155)
(-0.03276352 0.008595423 -0.01410072)
(-0.03158625 0.01203987 -0.01815746)
(-0.02433591 0.01684739 -0.02077561)
(-0.01908118 0.0208035 -0.01450967)
(-0.01150906 0.02950252 -0.01495276)
(0.004680806 0.03445609 -0.01473288)
(0.01654453 0.02490023 -0.01504396)
(0.02413268 0.01863604 -0.02156569)
(0.03141518 0.012974 -0.01918606)
(0.03254998 0.009176458 -0.01524902)
(0.03191149 0.006506232 -0.01176045)
(0.03086585 0.004603828 -0.008979403)
(0.0297804 0.003224857 -0.006788127)
(0.02872855 0.002190329 -0.005069084)
(0.02767768 0.001360779 -0.003741737)
(0.02633692 0.0005556652 -0.002669906)
(0.02437297 -0.0004173309 -0.001797072)
(0.02117489 -0.00187528 -0.001067319)
(0.01533237 -0.004397591 -0.0004149503)
(0.006890835 -0.00761963 0.0002207606)
(0.004948565 -0.00698466 -0.000179424)
(0.01286402 -0.005413211 -0.0002409865)
(0.01872434 -0.003013262 -0.000288241)
(0.02167792 -0.001154891 -0.0003033139)
(0.02259655 4.306018e-05 -0.0002830399)
(0.02242729 0.0006673856 -0.0002327006)
(0.02184434 0.0008702096 -0.0001636772)
(0.0212726 0.0008081301 -8.142204e-05)
(0.02097931 0.0005474553 2.131071e-05)
(0.02116877 7.45084e-05 0.0001711283)
(0.0222115 -0.0004784788 0.0003979553)
(0.02314961 0.001247934 0.0008940374)
(0.01843884 0.0163694 0.001434944)
(-0.01723867 0.01634268 0.00315887)
(-0.02167245 0.001366953 0.002024961)
(-0.02030306 -0.0005206599 0.001059938)
(-0.01899479 -1.144087e-05 0.0005940735)
(-0.01860106 0.000478059 0.0003363772)
(-0.01873612 0.0007783542 0.0001982854)
(-0.01916385 0.0009087753 0.0001231807)
(-0.01962826 0.0008305432 8.722609e-05)
(-0.01975784 0.0003940931 7.878468e-05)
(-0.01892219 -0.0005786532 9.412686e-05)
(-0.01626989 -0.00215204 0.0001244604)
(-0.01108139 -0.004189418 0.0001551967)
(-0.004109046 -0.005391914 0.0001391795)
(0.003244513 -0.01601918 0.0002358653)
(0.009489888 -0.01333309 0.0003042486)
(0.01424697 -0.00834521 0.000305611)
(0.01723404 -0.004447893 0.0002915272)
(0.01900966 -0.001911025 0.0002862276)
(0.02019961 -0.0005120612 0.0003190807)
(0.02109703 6.148946e-05 0.0003796386)
(0.02182237 0.0001171092 0.0004552287)
(0.02242488 -0.0001254525 0.0005369832)
(0.02263403 -0.0004343707 0.0005886391)
(0.02223631 1.442562e-05 0.0004350191)
(0.01817723 0.006811895 3.394681e-05)
(0.01314597 0.037228 -0.001036149)
(-0.01226744 0.03739001 0.0007197701)
(-0.01702248 0.007434559 0.00110705)
(-0.02076765 0.0003934623 0.0009947139)
(-0.02116456 -0.0001978606 0.0009095188)
(-0.02101294 6.014886e-05 0.0007453582)
(-0.02050472 0.0002994314 0.0006103445)
(-0.01986555 0.0002973825 0.0005152981)
(-0.01907614 -0.0001448774 0.0004604871)
(-0.01787403 -0.001320453 0.0004395822)
(-0.01608204 -0.003541628 0.0004361089)
(-0.01316034 -0.006987598 0.0004316484)
(-0.008660268 -0.01133073 0.0004026442)
(-0.002920291 -0.0133284 0.0003070171)
(0.0007548418 -0.02090178 0.0005354016)
(0.002407071 -0.01712441 0.0007261795)
(0.003527558 -0.01031944 0.0009017501)
(0.004707603 -0.005254565 0.001068095)
(0.005898462 -0.002153537 0.001177242)
(0.007247889 -0.000429299 0.001297797)
(0.008546538 0.0005364998 0.00151146)
(0.009900579 0.001129327 0.001785543)
(0.01124076 0.001719734 0.002113234)
(0.01225457 0.002738154 0.0024432)
(0.01281392 0.005527956 0.002391052)
(0.008885028 0.01613754 0.001333715)
(0.007856903 0.05283594 -0.0019685)
(-0.007278469 0.05319975 -0.0005328563)
(-0.008577355 0.01681025 0.001761844)
(-0.01272496 0.005973233 0.002301476)
(-0.01248212 0.003121461 0.002270996)
(-0.01164327 0.002108066 0.001968624)
(-0.01043346 0.001539424 0.001684095)
(-0.009164501 0.0009904863 0.001453076)
(-0.007908643 7.973583e-05 0.001278337)
(-0.006505723 -0.001564826 0.001144612)
(-0.005197327 -0.004424236 0.001001919)
(-0.003885766 -0.009000235 0.000808215)
(-0.002570525 -0.01499371 0.0006170195)
(-0.0008815986 -0.01791845 0.0004463202)
(-0.002572334 -0.01824973 0.0007252828)
(-0.006521842 -0.01368399 0.0009335714)
(-0.009633586 -0.007785599 0.001227697)
(-0.01060884 -0.003957143 0.001536472)
(-0.01027309 -0.00178108 0.00176176)
(-0.009364636 -0.0006016731 0.001896253)
(-0.007994916 -2.002291e-05 0.002021747)
(-0.006526206 0.0002966115 0.002126267)
(-0.005232896 0.0007623741 0.00210272)
(-0.004508521 0.002249937 0.001796492)
(-0.004560162 0.007225903 0.0009059247)
(-0.007598862 0.0205905 -0.0006469429)
(0.0005876139 0.05307267 -0.004004226)
(-0.0001255981 0.05335245 -0.003013328)
(0.007740464 0.02125774 -0.0004153638)
(0.004494112 0.007782878 0.0006630171)
(0.00389794 0.002540388 0.001320587)
(0.004144761 0.0009236074 0.001585771)
(0.005108245 0.0004316571 0.001647486)
(0.006333827 0.0001235431 0.00161201)
(0.007707923 -0.0004180893 0.001536967)
(0.008588628 -0.00153763 0.001426973)
(0.009004076 -0.003571156 0.001225282)
(0.008208107 -0.007087306 0.0009398058)
(0.005537882 -0.01236975 0.0006726001)
(0.002046024 -0.01607404 0.0005173273)
(-0.00740184 -0.008721329 0.0005329607)
(-0.01611684 -0.004869997 0.0002551502)
(-0.02210486 -0.001841667 -6.772045e-05)
(-0.02519939 -2.814315e-05 -0.000405436)
(-0.02694416 0.001214086 -0.000789757)
(-0.02795856 0.002213024 -0.001244801)
(-0.02882961 0.003273612 -0.001820642)
(-0.0298363 0.004693481 -0.002571451)
(-0.03108603 0.00673861 -0.003559868)
(-0.03254489 0.009789114 -0.004854858)
(-0.0334269 0.0145524 -0.006552532)
(-0.03049192 0.02260962 -0.008567095)
(-0.01393306 0.03798569 -0.01006095)
(0.01422017 0.03821365 -0.009470848)
(0.03071203 0.02292209 -0.00842713)
(0.03373554 0.01483718 -0.006699188)
(0.03268892 0.01002791 -0.005146009)
(0.03091032 0.006912979 -0.003903285)
(0.02930772 0.004791147 -0.002915505)
(0.02796316 0.003292167 -0.002137396)
(0.0267841 0.002180641 -0.001529288)
(0.0255183 0.0011715 -0.001053008)
(0.02359612 -2.721607e-05 -0.0006611502)
(0.02044807 -0.001711267 -0.000329536)
(0.01470639 -0.004437581 -2.323749e-05)
(0.006517496 -0.007724848 0.0002634852)
(0.004948461 -0.006960466 0.0002666859)
(0.0128629 -0.005384597 0.0003444309)
(0.01871894 -0.002986896 0.0003967784)
(0.02166793 -0.001133023 0.0004095768)
(0.02258307 5.93345e-05 0.0003814063)
(0.02241209 0.0006773102 0.0003199715)
(0.02183006 0.0008751678 0.0002392294)
(0.0212605 0.0008095801 0.0001464545)
(0.02096996 0.0005462883 3.522476e-05)
(0.02116305 7.090749e-05 -0.0001206537)
(0.02221098 -0.0004840774 -0.0003498357)
(0.02315546 0.001244604 -0.0008423968)
(0.01844498 0.01638108 -0.00137834)
(-0.01725889 0.01640572 -0.002974315)
(-0.02169501 0.00139064 -0.001827176)
(-0.02031265 -0.0005124456 -0.0008687448)
(-0.01899158 -5.37518e-06 -0.0004023203)
(-0.0185896 0.0004836678 -0.0001391923)
(-0.01871851 0.0007841176 6.922552e-06)
(-0.01914252 0.0009155239 9.081619e-05)
(-0.01960564 0.000839624 0.0001339198)
(-0.01973707 0.0004062032 0.0001444538)
(-0.01890554 -0.0005651244 0.0001220732)
(-0.01625836 -0.002137978 7.629087e-05)
(-0.01107562 -0.004175856 2.28216e-05)
(-0.004107482 -0.005380986 3.306856e-06)
(0.003248371 -0.01598882 -0.0002154182)
(0.00950053 -0.01329559 -0.0002853078)
(0.01426235 -0.00830888 -0.0002809949)
(0.01725179 -0.004416373 -0.0002615089)
(0.01902735 -0.001886859 -0.0002554711)
(0.02021629 -0.0004963742 -0.0002908835)
(0.02110928 6.938583e-05 -0.0003535696)
(0.02183237 0.0001187281 -0.0004303499)
(0.02243286 -0.0001289442 -0.0005125809)
(0.02263977 -0.0004423146 -0.0005636608)
(0.02224006 3.302555e-06 -0.0004075132)
(0.01817583 0.006806708 1.778469e-06)
(0.01314861 0.03723426 0.001080881)
(-0.01227058 0.03749133 -0.0005959071)
(-0.01701144 0.007493199 -0.001007182)
(-0.0207596 0.0004285409 -0.0009077824)
(-0.02115639 -0.0001689308 -0.0008204046)
(-0.02100389 8.740634e-05 -0.000652548)
(-0.02049543 0.0003265066 -0.0005151664)
(-0.01985696 0.000325085 -0.0004203718)
(-0.01907243 -0.0001172727 -0.0003695148)
(-0.01786988 -0.001294053 -0.0003598197)
(-0.01607788 -0.003516612 -0.0003741266)
(-0.01315657 -0.006964348 -0.0003916457)
(-0.0086581 -0.01130985 -0.0003794943)
(-0.002919991 -0.0133123 -0.0002818252)
(0.0007587703 -0.02087794 -0.0005606707)
(0.002419859 -0.01709311 -0.0007693343)
(0.003548585 -0.01028643 -0.0009455403)
(0.004733836 -0.00522314 -0.001109005)
(0.00592606 -0.002127276 -0.001216923)
(0.007273322 -0.000409807 -0.001338442)
(0.008564662 0.0005483027 -0.001553879)
(0.009910752 0.001134354 -0.001827705)
(0.01124226 0.001720204 -0.002153946)
(0.01224789 0.002735229 -0.002480195)
(0.01280112 0.005522917 -0.002417154)
(0.008870147 0.01613614 -0.001330992)
(0.007854972 0.05284694 0.001999418)
(-0.007277972 0.05329628 0.0005957553)
(-0.008567391 0.016861 -0.00176192)
(-0.0127284 0.006001301 -0.002346944)
(-0.01249208 0.003145436 -0.002325932)
(-0.01165606 0.002131119 -0.00202204)
(-0.01044488 0.001563236 -0.00173349)
(-0.00917163 0.001016391 -0.001499296)
(-0.007904432 0.000107501 -0.001326266)
(-0.006499786 -0.001540223 -0.00120265)
(-0.00518783 -0.004403307 -0.001074863)
(-0.003876896 -0.008981293 -0.0008938147)
(-0.002565233 -0.01497649 -0.0007057504)
(-0.0008803609 -0.01790503 -0.0005036131)
(-0.002570825 -0.01823638 -0.0007810478)
(-0.006517627 -0.01366457 -0.001016522)
(-0.00962757 -0.007761926 -0.001322938)
(-0.01060312 -0.003933436 -0.001639738)
(-0.01027048 -0.001761191 -0.001867352)
(-0.009369834 -0.0005872159 -0.001998271)
(-0.008001351 -1.07179e-05 -0.002117257)
(-0.006540695 0.0003031836 -0.002210854)
(-0.005252956 0.0007668567 -0.002171602)
(-0.004531292 0.002253 -0.001844642)
(-0.004582982 0.007228636 -0.0009295632)
(-0.007614475 0.02059667 0.0006473584)
(0.0005827136 0.05308027 0.004021229)
(-0.0001225775 0.05343893 0.003028853)
(0.007754065 0.02130541 0.0003852641)
(0.004506414 0.007800346 -0.0007314598)
(0.003908433 0.002545304 -0.001414836)
(0.004155177 0.0009230171 -0.001696231)
(0.005118645 0.0004278681 -0.001766717)
(0.006345255 0.0001166687 -0.001735877)
(0.007719382 -0.000426991 -0.001664052)
(0.008607297 -0.001543924 -0.001557439)
(0.00902171 -0.003572179 -0.001362227)
(0.008222437 -0.007081619 -0.001081777)
(0.005546879 -0.01235925 -0.0008140442)
(0.002048839 -0.01606518 -0.0006224831)
(-0.00740296 -0.00871492 -0.000601195)
(-0.01611888 -0.004862495 -0.0003358882)
(-0.02210558 -0.001834882 -1.027973e-05)
(-0.02519874 -2.267062e-05 0.0003329613)
(-0.02694304 0.001217854 0.0007237546)
(-0.02795769 0.002214817 0.00118474)
(-0.02883244 0.003274705 0.001767423)
(-0.02984217 0.004694669 0.002526194)
(-0.03109437 0.006739596 0.003523237)
(-0.0325548 0.009790062 0.004827127)
(-0.03343724 0.01455387 0.006533796)
(-0.03050002 0.02261276 0.008557133)
(-0.01393757 0.03799109 0.01005941)
(0.01423029 0.03828455 0.009420348)
(0.03073839 0.02296733 0.008359526)
(0.03376553 0.01486516 0.006623852)
(0.03271716 0.01004542 0.005066778)
(0.03093598 0.006923706 0.003821712)
(0.0293311 0.004797224 0.002832255)
(0.02798427 0.003294843 0.002052476)
(0.02680223 0.002180274 0.001441389)
(0.02553086 0.001168707 0.0009584694)
(0.02360437 -3.051378e-05 0.0005563484)
(0.02045327 -0.001713322 0.0002113403)
(0.01470945 -0.004436928 -0.0001090764)
(0.006519529 -0.007721713 -0.0003814501)
(0.004990673 -0.00638806 0.0001212195)
(0.01295197 -0.004565188 0.0001725978)
(0.01874902 -0.002139428 0.0002696195)
(0.02161402 -0.0003571483 0.000330801)
(0.02244151 0.0006980049 0.0003230723)
(0.0221862 0.001140366 0.0002301754)
(0.02155504 0.001200324 7.930768e-05)
(0.02092657 0.00106157 -0.0001353867)
(0.02052421 0.000802115 -0.0004471612)
(0.02050752 0.0004190704 -0.0009388157)
(0.02110636 -0.0001260873 -0.001746362)
(0.02241446 -0.0005626668 -0.003193986)
(0.0236431 0.0005503836 -0.005089231)
(0.02131826 0.006535406 -0.007330192)
(0.01473382 0.01364702 -0.01058785)
(-0.001911634 0.01764202 -0.01207855)
(-0.01499629 0.009985749 -0.008910431)
(-0.01881904 0.001439219 -0.007034838)
(-0.019029 -0.0004135836 -0.004346181)
(-0.01810607 -0.0001508926 -0.002429713)
(-0.01773583 0.0003524695 -0.001388269)
(-0.01783282 0.0007280423 -0.000802299)
(-0.01824833 0.0009894266 -0.0004862604)
(-0.01884392 0.00114464 -0.0003279312)
(-0.01942684 0.001130985 -0.0002743674)
(-0.01966006 0.0007866787 -0.0002973483)
(-0.01892013 -0.0001071852 -0.0003866672)
(-0.01633836 -0.001665092 -0.000501384)
(-0.01117956 -0.003753382 -0.0005760701)
(-0.004158274 -0.005131769 -0.0004719521)
(0.003264356 -0.01538666 -0.000633591)
(0.009593279 -0.01231446 -0.0008975126)
(0.01442379 -0.00721229 -0.0009646209)
(0.0174703 -0.003345717 -0.0009494158)
(0.01928084 -0.0009021256 -0.0009354682)
(0.02036819 0.00034406 -0.001001116)
(0.02104284 0.0007391986 -0.001159138)
(0.02161299 0.0006477751 -0.001393544)
(0.02210146 0.0003100189 -0.001723597)
(0.02243711 -0.0001196784 -0.0021622)
(0.02255611 -0.000461373 -0.002588967)
(0.02206871 0.000184595 -0.002947878)
(0.02053535 0.005325669 -0.001540585)
(0.01618547 0.01873378 -0.004125303)
(0.01009914 0.03224913 -0.006778822)
(-0.001525157 0.03817371 -0.007883119)
(-0.01077481 0.02514724 -0.005216412)
(-0.01589072 0.007543565 -0.002810183)
(-0.01886171 0.001227251 -0.00359323)
(-0.01991282 9.418486e-05 -0.002991652)
(-0.0201771 0.0002287519 -0.002431936)
(-0.02009505 0.0005381723 -0.001926054)
(-0.01979671 0.0008009643 -0.001566888)
(-0.01936493 0.0008629423 -0.001336502)
(-0.01878666 0.0004972137 -0.001217293)
(-0.01780588 -0.00063776 -0.001192075)
(-0.01603407 -0.00286385 -0.001226284)
(-0.01313179 -0.006349006 -0.001220814)
(-0.008639454 -0.01082052 -0.001104992)
(-0.002911389 -0.01308469 -0.0007787261)
(0.0006150948 -0.02049163 -0.001177705)
(0.002103851 -0.01631962 -0.001746858)
(0.003096191 -0.009340298 -0.00225291)
(0.004206332 -0.004261871 -0.002668897)
(0.005293148 -0.001181057 -0.002912109)
(0.006632573 0.0004428232 -0.003116575)
(0.007634996 0.001181929 -0.003498917)
(0.008544588 0.0015309 -0.00405717)
(0.009302669 0.001866324 -0.004787807)
(0.009821005 0.002396155 -0.005668883)
(0.01008648 0.003426901 -0.006367776)
(0.009169091 0.006047375 -0.006242805)
(0.008255309 0.01434207 -0.001527276)
(0.006504996 0.02968544 -0.002432015)
(0.004512099 0.04551442 -0.00360375)
(-0.0005982173 0.05224581 -0.004331334)
(-0.004213951 0.03711654 -0.00257588)
(-0.006550963 0.01644822 -0.001191599)
(-0.009091992 0.006911276 -0.005260959)
(-0.01028345 0.003839848 -0.005535213)
(-0.0101696 0.00274141 -0.005072633)
(-0.009631179 0.002206136 -0.004390488)
(-0.008839378 0.00186128 -0.00380285)
(-0.00790068 0.001496259 -0.003350599)
(-0.00687258 0.0007545807 -0.0030541)
(-0.005524725 -0.0008506206 -0.002867058)
(-0.004379987 -0.003787759 -0.002583629)
(-0.003236533 -0.008435591 -0.002120814)
(-0.002152123 -0.01459938 -0.001581828)
(-0.0007282188 -0.01779924 -0.001036507)
(-0.002949348 -0.01788939 -0.001470347)
(-0.007391523 -0.01297096 -0.002064219)
(-0.01094146 -0.007090251 -0.002784147)
(-0.01234878 -0.003487931 -0.003433646)
(-0.01248647 -0.001596499 -0.003870664)
(-0.0119091 -0.0006512105 -0.004140609)
(-0.01092244 -0.0001811378 -0.004318284)
(-0.0100089 1.237714e-05 -0.004432062)
(-0.009216894 0.0001970405 -0.004288643)
(-0.008698227 0.000785971 -0.003609999)
(-0.008608322 0.00267392 -0.001943156)
(-0.009390481 0.007301063 0.001005848)
(-0.007360394 0.01728815 0.005939693)
(-0.005745987 0.0292763 0.002484905)
(-0.002093798 0.04329754 0.002191178)
(0.001432226 0.04959686 0.00165467)
(0.005415451 0.03583866 0.002591256)
(0.007794845 0.01963386 0.006469737)
(0.008692277 0.00828726 0.002179793)
(0.007425105 0.002915447 -0.0005094891)
(0.007138282 0.0007118045 -0.002243192)
(0.007422417 4.209204e-05 -0.00310707)
(0.008104426 -0.0001276108 -0.003440962)
(0.008992485 -0.0002838141 -0.003503162)
(0.009977243 -0.0007229005 -0.003471009)
(0.01071079 -0.001609652 -0.003272815)
(0.01070506 -0.003373888 -0.00288335)
(0.0095001 -0.006675923 -0.002276398)
(0.006392676 -0.01191851 -0.001604283)
(0.002396948 -0.01588792 -0.001101884)
(-0.007838855 -0.008524402 -0.0008224559)
(-0.01684628 -0.004731153 -0.0002309535)
(-0.02296971 -0.001935669 0.0004542599)
(-0.02614767 -0.0003782557 0.001186716)
(-0.0279835 0.0006127698 0.002027547)
(-0.02912737 0.001378006 0.003028428)
(-0.02997114 0.002136355 0.004260762)
(-0.03078118 0.003078835 0.005859926)
(-0.03159761 0.004345146 0.007932449)
(-0.03236437 0.006109882 0.01061973)
(-0.03278241 0.00859182 0.01408284)
(-0.03160406 0.01203537 0.01814365)
(-0.02434732 0.01684 0.02076514)
(-0.01909849 0.02077933 0.01450651)
(-0.01155078 0.02946191 0.01495403)
(0.004621028 0.03446104 0.01473818)
(0.01649902 0.0249188 0.01505545)
(0.02411702 0.01866621 0.02156789)
(0.03142548 0.01299265 0.01916642)
(0.03256476 0.009185971 0.01520943)
(0.03192782 0.006509696 0.01170543)
(0.03088344 0.004603215 0.008912655)
(0.02979933 0.003221265 0.006712373)
(0.02874845 0.002184251 0.004986365)
(0.02769737 0.001351648 0.003653856)
(0.02635068 0.0005442993 0.002575417)
(0.02438186 -0.0004280077 0.001695587)
(0.02117995 -0.001882545 0.0009584413)
(0.01533555 -0.004398748 0.000299701)
(0.006891511 -0.007614113 -0.0003181976)
(0.005005065 -0.006193968 -0.0009486821)
(0.01298378 -0.004223019 -0.001189187)
(0.01873363 -0.001730677 -0.001103235)
(0.02150281 6.608393e-05 -0.0008893089)
(0.02217937 0.001054012 -0.0006792227)
(0.02176977 0.001411039 -0.0005372696)
(0.0209569 0.001401511 -0.000477967)
(0.02007973 0.001219591 -0.0005197)
(0.01928728 0.0009571215 -0.0006994739)
(0.01861863 0.0006313614 -0.001099133)
(0.01806927 0.0002070856 -0.00185975)
(0.01752234 -0.0003077102 -0.003270802)
(0.01675253 -0.0007526227 -0.005664171)
(0.01476109 -0.0003635794 -0.00895992)
(0.01049132 0.0009636136 -0.01167744)
(0.001507458 0.002769654 -0.01247122)
(-0.00803903 0.001611158 -0.009533597)
(-0.01169366 4.621714e-05 -0.006313844)
(-0.0137842 -3.691096e-05 -0.00367108)
(-0.0148619 0.0002767507 -0.00215948)
(-0.01573248 0.0006111245 -0.001344861)
(-0.01656847 0.0008868359 -0.0009409843)
(-0.01744608 0.001112065 -0.0007913208)
(-0.01835441 0.001264103 -0.000807225)
(-0.01916895 0.001256548 -0.0009437713)
(-0.0195778 0.0009120872 -0.001169889)
(-0.01895771 -3.499239e-06 -0.001447116)
(-0.0164329 -0.001625333 -0.001680754)
(-0.01126438 -0.003792399 -0.001727634)
(-0.004205302 -0.005237604 -0.001361929)
(0.003149233 -0.01522855 -0.001020555)
(0.00933677 -0.01193434 -0.001558189)
(0.01407873 -0.00669414 -0.001775208)
(0.01703559 -0.002758741 -0.001758281)
(0.01879624 -0.0002657345 -0.001625447)
(0.01956728 0.0009537708 -0.001571049)
(0.01995592 0.001263811 -0.001638932)
(0.02017122 0.001095718 -0.001846256)
(0.02017624 0.0007303735 -0.002223008)
(0.01985389 0.0003332734 -0.002820836)
(0.01907284 8.4903e-06 -0.003675102)
(0.01755737 -6.547032e-05 -0.004836115)
(0.01537959 0.0005328234 -0.0060913)
(0.01192354 0.003069757 -0.007140611)
(0.006860298 0.007400028 -0.006635878)
(-0.001607182 0.01078051 -0.005829111)
(-0.008406089 0.006876723 -0.005848724)
(-0.01207164 0.002442774 -0.005503067)
(-0.01477247 0.0009487913 -0.00458257)
(-0.016487 0.0006065284 -0.003646168)
(-0.01748101 0.000701665 -0.002910215)
(-0.01798738 0.0009365122 -0.002377774)
(-0.01814883 0.001173181 -0.002041584)
(-0.01807331 0.001238686 -0.001868092)
(-0.0177892 0.0008593882 -0.001836997)
(-0.0170797 -0.0003540563 -0.001926982)
(-0.01542717 -0.002707774 -0.002044681)
(-0.01267015 -0.00631242 -0.002003331)
(-0.008327125 -0.01092184 -0.001718005)
(-0.002804759 -0.01328859 -0.001132502)
(0.0002958933 -0.02038915 -0.001152251)
(0.001258277 -0.01597853 -0.002023941)
(0.001831564 -0.008828492 -0.00287677)
(0.002640747 -0.003690037 -0.003513161)
(0.003423528 -0.0005548007 -0.003841646)
(0.004730964 0.001041942 -0.00392555)
(0.005363339 0.001671044 -0.004206438)
(0.005750529 0.001920465 -0.004792275)
(0.005821176 0.002185385 -0.005621999)
(0.005535703 0.002590082 -0.0066672)
(0.004935607 0.003160881 -0.00778594)
(0.003737455 0.00394797 -0.008674515)
(0.00271943 0.005464113 -0.00785042)
(0.001924568 0.008853319 -0.005314018)
(0.0006449889 0.01385194 -0.001322682)
(-0.002598883 0.01637496 -0.000137826)
(-0.004579873 0.01159737 -0.002856115)
(-0.004994845 0.006491411 -0.005806562)
(-0.005738871 0.00426092 -0.006970166)
(-0.006343082 0.003323293 -0.00661747)
(-0.006488631 0.002796925 -0.005892229)
(-0.006388539 0.002425128 -0.005139742)
(-0.006036824 0.002153295 -0.004515571)
(-0.005461027 0.001841491 -0.004067725)
(-0.004702194 0.001112788 -0.003881399)
(-0.003418689 -0.0005512366 -0.003787116)
(-0.002630778 -0.003586218 -0.003392901)
(-0.001872955 -0.008327563 -0.002695551)
(-0.001278894 -0.0146457 -0.001816599)
(-0.0004361348 -0.01796694 -0.0009969327)
(-0.003511975 -0.01755888 -0.001046282)
(-0.008740108 -0.01242069 -0.001889164)
(-0.0129132 -0.006727653 -0.002908378)
(-0.01486831 -0.00343465 -0.003755592)
(-0.01550138 -0.001824514 -0.004331963)
(-0.01530393 -0.00106843 -0.004709096)
(-0.01461535 -0.0006735809 -0.004954728)
(-0.0139995 -0.0005599184 -0.005039307)
(-0.01337324 -0.0005791975 -0.004880878)
(-0.01271484 -0.0005292898 -0.004249761)
(-0.01194652 -4.874987e-05 -0.002815384)
(-0.01098011 0.0014043 -0.0001777341)
(-0.008854496 0.004650366 0.004097217)
(-0.006326582 0.009089171 0.007298304)
(-0.00334926 0.01492204 0.01087226)
(-0.000892801 0.01752983 0.01170296)
(0.00220382 0.0117485 0.008752404)
(0.005454729 0.005722661 0.005532002)
(0.007456 0.001576684 0.001444659)
(0.008632912 -0.000420599 -0.001237623)
(0.009633751 -0.001014507 -0.002844237)
(0.01053752 -0.001039101 -0.003684051)
(0.01140474 -0.0009635083 -0.004043737)
(0.01232501 -0.0009972298 -0.004072734)
(0.01322798 -0.001311714 -0.003954096)
(0.01358199 -0.001994622 -0.003671083)
(0.01310731 -0.003498883 -0.003150808)
(0.01136165 -0.006530395 -0.002354)
(0.007640936 -0.01160291 -0.001396983)
(0.002888196 -0.01572361 -0.000670272)
(-0.008214715 -0.008325896 0.0002562772)
(-0.01739812 -0.004691254 0.0009077838)
(-0.02351163 -0.002168231 0.001562337)
(-0.02662934 -0.0008732322 0.002336979)
(-0.02837066 -0.0001339517 0.003287153)
(-0.02936126 0.00039203 0.00446823)
(-0.02992378 0.0009091809 0.005951169)
(-0.03015179 0.001513536 0.007797109)
(-0.03010831 0.002272785 0.01012863)
(-0.02970849 0.003288872 0.01305898)
(-0.02872351 0.004654608 0.01668312)
(-0.02667478 0.006407587 0.0210145)
(-0.02204099 0.008483123 0.0253197)
(-0.01664324 0.0106318 0.02600406)
(-0.009669986 0.01469365 0.02894486)
(0.003104454 0.01722497 0.02992266)
(0.01281767 0.01280294 0.02761062)
(0.01970566 0.009870142 0.02691939)
(0.02482754 0.0072691 0.02251031)
(0.02708785 0.005214681 0.01806923)
(0.02809291 0.003644024 0.01430564)
(0.0284468 0.002472379 0.01123299)
(0.02842229 0.001586335 0.008763758)
(0.02806289 0.0008831836 0.006746093)
(0.02739704 0.0003137293 0.005128078)
(0.02632141 -0.0002347315 0.003852089)
(0.02453846 -0.0009585888 0.002843659)
(0.02146827 -0.002169438 0.00204473)
(0.01569367 -0.004438635 0.001398092)
(0.007150926 -0.007487922 0.0007222235)
(0.00505197 -0.006931418 -0.00157179)
(0.01302663 -0.005017319 -0.002166509)
(0.01878646 -0.002361355 -0.00226141)
(0.02144602 -0.0003523419 -0.002036766)
(0.0219172 0.0008321267 -0.001694091)
(0.02119955 0.001320654 -0.001363439)
(0.02005632 0.001380735 -0.001076555)
(0.01885956 0.00124206 -0.000844305)
(0.01775051 0.001027728 -0.0006839418)
(0.01673492 0.0007793801 -0.0006272447)
(0.01574553 0.0004920194 -0.0007193504)
(0.01463342 0.000151906 -0.001039572)
(0.01318012 -0.0002140001 -0.00164786)
(0.01089739 -0.0003984348 -0.002608668)
(0.007373747 -0.0001436251 -0.003373456)
(0.001863238 0.0007584623 -0.003477471)
(-0.004714981 0.0009902415 -0.002504454)
(-0.008290928 0.0005841742 -0.001811249)
(-0.01082152 0.0005411341 -0.001184041)
(-0.0124945 0.0006585546 -0.0008524245)
(-0.01384314 0.0008217892 -0.0007432029)
(-0.01507005 0.0009943595 -0.0007937827)
(-0.01629991 0.00115683 -0.00095748)
(-0.01755514 0.001257531 -0.001200305)
(-0.01871424 0.001172226 -0.001499789)
(-0.01942394 0.0006825086 -0.001837748)
(-0.01897914 -0.0004453667 -0.002168931)
(-0.01652793 -0.002276655 -0.002353656)
(-0.01131836 -0.004593366 -0.002216435)
(-0.004253468 -0.005948462 -0.001611196)
(0.003058832 -0.01627426 -0.0008392327)
(0.008888598 -0.01310265 -0.001898675)
(0.01325594 -0.007658327 -0.002489298)
(0.01582738 -0.003409658 -0.002599159)
(0.01720281 -0.0005977742 -0.002420236)
(0.01766551 0.0009088365 -0.002174659)
(0.01769693 0.001397505 -0.002032489)
(0.01754533 0.001339266 -0.002012119)
(0.01714368 0.00108596 -0.002127018)
(0.01636708 0.0008272856 -0.002390167)
(0.01508678 0.000660071 -0.002785083)
(0.01313875 0.0006276603 -0.00328052)
(0.01047125 0.0007484265 -0.003701226)
(0.006932981 0.001270405 -0.004069117)
(0.002864245 0.002544836 -0.003614585)
(-0.001832024 0.004154823 -0.002807835)
(-0.005408723 0.003482885 -0.002912665)
(-0.008304933 0.00221625 -0.003138231)
(-0.01082518 0.00158633 -0.003029651)
(-0.01273554 0.001299509 -0.002747036)
(-0.01410581 0.001245501 -0.002471263)
(-0.01501766 0.001325968 -0.002275271)
(-0.01556976 0.001427814 -0.002195169)
(-0.0158634 0.001354577 -0.002230366)
(-0.01593826 0.0007540936 -0.002370995)
(-0.0155043 -0.0007898665 -0.002595419)
(-0.01424531 -0.003472717 -0.002712035)
(-0.01187008 -0.007378093 -0.0025251)
(-0.007889351 -0.01215998 -0.001892156)
(-0.002721115 -0.01434814 -0.000903786)
(9.299979e-05 -0.02121389 -9.245907e-05)
(0.0003914078 -0.01695845 -0.00162245)
(0.0001968427 -0.00965528 -0.002929526)
(0.0003062929 -0.004216512 -0.003710745)
(0.0004881233 -0.0008556726 -0.004066108)
(0.001339413 0.0008716861 -0.004044423)
(0.001926052 0.001657834 -0.004055218)
(0.001962024 0.002068157 -0.004413226)
(0.00167958 0.002436791 -0.005007448)
(0.001031128 0.002850179 -0.005738692)
(0.0001008782 0.003240477 -0.006480818)
(-0.00109629 0.003434997 -0.007026709)
(-0.002157678 0.003423841 -0.00686445)
(-0.002861622 0.00372144 -0.006162203)
(-0.002942392 0.004620058 -0.004710023)
(-0.002702376 0.0053804 -0.003945687)
(-0.002101178 0.004651582 -0.00478921)
(-0.001671175 0.003870243 -0.005737796)
(-0.001823682 0.003630038 -0.006051626)
(-0.002128941 0.003336157 -0.005731052)
(-0.002369146 0.002948114 -0.005230008)
(-0.002477648 0.00253239 -0.004709707)
(-0.00236614 0.002129729 -0.004284999)
(-0.002067309 0.001630655 -0.00404137)
(-0.001251805 0.0007249409 -0.004058351)
(-0.0005324882 -0.001073145 -0.004014625)
(-0.0003501195 -0.004307202 -0.003580969)
(-0.0003093473 -0.009295875 -0.002743603)
(-0.0004523509 -0.0157076 -0.001454014)
(-0.0002535323 -0.01880702 -9.9892e-05)
(-0.003834685 -0.0178027 0.0008184242)
(-0.009784941 -0.01282751 -0.0007634156)
(-0.01467385 -0.007359182 -0.002172116)
(-0.01729889 -0.004210277 -0.00313056)
(-0.01853319 -0.002703779 -0.003727209)
(-0.01891674 -0.002060387 -0.004109869)
(-0.01881891 -0.00179406 -0.004340763)
(-0.01841638 -0.001800705 -0.004470797)
(-0.01786175 -0.002059444 -0.004469614)
(-0.01708005 -0.002479064 -0.004234339)
(-0.01597771 -0.002944091 -0.003659499)
(-0.01442478 -0.00326658 -0.002645811)
(-0.01202397 -0.003026414 -0.001091063)
(-0.008877528 -0.001692589 0.0005179513)
(-0.005269444 0.0008674282 0.002840186)
(-0.001400136 0.001984117 0.003404638)
(0.002946357 -0.0008327657 0.001195341)
(0.006660271 -0.002875417 -0.0005859322)
(0.009714427 -0.003559332 -0.002005872)
(0.01185178 -0.003388747 -0.002877706)
(0.01346104 -0.002959356 -0.003417438)
(0.01469083 -0.002529057 -0.003692891)
(0.01562392 -0.002238289 -0.003779105)
(0.01634022 -0.002183436 -0.003739227)
(0.01663775 -0.002361757 -0.003583078)
(0.01643408 -0.002930999 -0.003255313)
(0.01536679 -0.004334688 -0.002700959)
(0.0129672 -0.007220201 -0.001793275)
(0.008573846 -0.01206142 -0.0004748567)
(0.00315602 -0.0159731 0.000875756)
(-0.008235845 -0.008407517 0.002505688)
(-0.01743677 -0.005136795 0.002299284)
(-0.02357671 -0.002869533 0.002243936)
(-0.02668406 -0.001762751 0.002525585)
(-0.02834383 -0.001215224 0.003093045)
(-0.02915413 -0.0009209609 0.003925853)
(-0.02942042 -0.0006963834 0.005053523)
(-0.02923467 -0.000436461 0.006518132)
(-0.02861537 -8.190243e-05 0.008379347)
(-0.02749597 0.0004180032 0.01069602)
(-0.02572917 0.001117008 0.01349792)
(-0.02308302 0.002036128 0.01673214)
(-0.01904442 0.003134468 0.02005416)
(-0.01397857 0.00437843 0.02195762)
(-0.007912733 0.006341153 0.02409317)
(0.002063415 0.007609887 0.02478708)
(0.009779421 0.005566461 0.02300627)
(0.01563503 0.004070509 0.02130902)
(0.02012133 0.002634794 0.01782997)
(0.02300792 0.001453522 0.01442702)
(0.02490623 0.0005770339 0.0114976)
(0.02609554 -3.71598e-05 0.009078582)
(0.02675048 -0.0004625298 0.007129239)
(0.02694563 -0.0007559137 0.005577902)
(0.02668119 -0.0009966186 0.004364617)
(0.02588112 -0.001297291 0.003455019)
(0.02426126 -0.001821934 0.002820573)
(0.0212743 -0.002840931 0.002477379)
(0.01555148 -0.004855942 0.002461232)
(0.007075688 -0.007540875 0.002510487)
(0.004618145 -0.006978804 -0.0006948644)
(0.0119663 -0.005682035 -0.001261442)
(0.017122 -0.00314221 -0.001435467)
(0.01910817 -0.001007342 -0.001328243)
(0.01885599 0.0003651909 -0.001085695)
(0.01740746 0.0009854702 -0.0008267472)
(0.01564559 0.001119605 -0.0005928025)
(0.01399299 0.001042585 -0.0003939769)
(0.0125791 0.0009068076 -0.0002384417)
(0.01137738 0.0007705465 -0.0001341998)
(0.01028532 0.0006429851 -8.818421e-05)
(0.009159528 0.000523361 -0.0001093025)
(0.007851269 0.0004316411 -0.0001835033)
(0.006160488 0.0004510777 -0.0002721105)
(0.003935969 0.000691865 -0.0001736522)
(0.001186317 0.001165896 7.143668e-05)
(-0.001964644 0.001342965 0.0001757635)
(-0.004329625 0.00106528 1.387299e-05)
(-0.006278735 0.0008757988 -1.928129e-05)
(-0.007792899 0.0007995776 -6.190336e-05)
(-0.009131325 0.0008048807 -0.0001312229)
(-0.0104614 0.0008674511 -0.0002413455)
(-0.01191545 0.0009592774 -0.0003933912)
(-0.01353903 0.001014537 -0.0005834234)
(-0.01522212 0.0008833952 -0.0008041224)
(-0.01656145 0.0003040014 -0.001045793)
(-0.01676929 -0.0009557293 -0.001262177)
(-0.0149248 -0.002851704 -0.001339584)
(-0.01029529 -0.005002405 -0.001158376)
(-0.003830055 -0.005817541 -0.0006401601)
(0.003091748 -0.01606328 8.93798e-06)
(0.008337102 -0.01399798 -0.0007313913)
(0.01187945 -0.008846852 -0.001266921)
(0.01344611 -0.004324323 -0.00147911)
(0.01365949 -0.001176013 -0.001449089)
(0.01337775 0.0006475965 -0.001281589)
(0.01263661 0.001364745 -0.001137249)
(0.01184884 0.001457365 -0.001053919)
(0.01092869 0.001351345 -0.001040876)
(0.00977237 0.001283741 -0.001090813)
(0.008322622 0.001358062 -0.001175705)
(0.006558959 0.001583459 -0.001249995)
(0.004554098 0.001899055 -0.001226202)
(0.002413341 0.002283201 -0.001064322)
(0.0004146922 0.002808892 -0.0005972627)
(-0.001019154 0.003422611 -0.0002976428)
(-0.002172187 0.003436527 -0.0005321774)
(-0.00355641 0.002861466 -0.0008902166)
(-0.00518211 0.002295874 -0.001058059)
(-0.006744866 0.001860543 -0.00109816)
(-0.008136513 0.001611058 -0.001082868)
(-0.009318465 0.001519635 -0.001072049)
(-0.01031275 0.001481334 -0.001103347)
(-0.01118576 0.001267273 -0.001189995)
(-0.01197883 0.00047484 -0.001322605)
(-0.01225569 -0.001311346 -0.001460152)
(-0.01205621 -0.004233283 -0.001456126)
(-0.01059475 -0.008285439 -0.001221611)
(-0.007361938 -0.01267818 -0.0007033955)
(-0.002686362 -0.01388828 -5.047307e-05)
(0.0007924939 -0.0207115 0.0005683948)
(0.001160024 -0.01790905 -0.0002706421)
(0.0003888195 -0.01124458 -0.001159065)
(-0.0006877925 -0.005543065 -0.001725989)
(-0.001676235 -0.002147907 -0.001959445)
(-0.002261755 -0.0003388252 -0.001978341)
(-0.002349633 0.0005378553 -0.001911623)
(-0.002675863 0.001011314 -0.001987596)
(-0.00321657 0.001345662 -0.002167399)
(-0.003949051 0.001568498 -0.002339456)
(-0.004676203 0.001625655 -0.002418165)
(-0.005188391 0.001490458 -0.002363955)
(-0.005217493 0.001233393 -0.002137447)
(-0.004608574 0.001079999 -0.001805166)
(-0.003356826 0.001270409 -0.001363058)
(-0.001614097 0.00166062 -0.001141867)
(0.0002731322 0.001725652 -0.001370683)
(0.001702571 0.001606977 -0.001746145)
(0.002450314 0.001600895 -0.002013095)
(0.002697111 0.001533195 -0.002120775)
(0.002630939 0.001380139 -0.002107067)
(0.002425024 0.001137247 -0.002016907)
(0.002244603 0.0008074535 -0.001918475)
(0.002103559 0.0003218871 -0.001900253)
(0.002067779 -0.0005802584 -0.00196157)
(0.001419834 -0.002364181 -0.001900694)
(0.0004862879 -0.00554508 -0.001639258)
(-0.0005306563 -0.0106338 -0.001075068)
(-0.001153901 -0.0162939 -0.0002506103)
(-0.0008029495 -0.01808091 0.0004627522)
(-0.002239922 -0.0175486 0.001321092)
(-0.007223068 -0.01398995 0.0005015031)
(-0.0120216 -0.008881957 -0.0004214308)
(-0.01518312 -0.005699582 -0.0009888874)
(-0.01708487 -0.00415823 -0.00126963)
(-0.01819645 -0.003562959 -0.001392475)
(-0.01881145 -0.003474178 -0.001390568)
(-0.01902495 -0.003698158 -0.001274737)
(-0.01881713 -0.004218987 -0.001032236)
(-0.01813703 -0.004982467 -0.000646337)
(-0.01691013 -0.005905573 -0.0001074008)
(-0.01505883 -0.006856575 0.0005611942)
(-0.01246817 -0.007630292 0.001304332)
(-0.00913209 -0.007919798 0.001927613)
(-0.005200024 -0.007551303 0.002520728)
(-0.0002103017 -0.00731455 0.00270259)
(0.00447945 -0.007751158 0.002180657)
(0.008206804 -0.007721267 0.001579901)
(0.01120694 -0.007106286 0.0008146908)
(0.01340605 -0.006252578 0.0001250531)
(0.01494298 -0.005374487 -0.0004248967)
(0.01590661 -0.004613358 -0.0008208142)
(0.01637555 -0.004061898 -0.00107594)
(0.0163996 -0.003780328 -0.001199651)
(0.01599821 -0.00378705 -0.001212088)
(0.01507165 -0.004294853 -0.001108952)
(0.01335704 -0.005691589 -0.0008516711)
(0.01046519 -0.008532471 -0.0003257877)
(0.006205679 -0.01292238 0.0005133437)
(0.00178222 -0.01549521 0.001178835)
(-0.005789452 -0.008500493 0.002405289)
(-0.0135506 -0.006089142 0.002078455)
(-0.01903907 -0.004024227 0.001607045)
(-0.02211135 -0.003021566 0.00146529)
(-0.02393074 -0.002639803 0.001593708)
(-0.02498627 -0.002581257 0.001922766)
(-0.02551436 -0.002688904 0.002442204)
(-0.02556313 -0.002876219 0.003156077)
(-0.02511119 -0.00309745 0.004082888)
(-0.02408537 -0.003307941 0.005239019)
(-0.022355 -0.003454995 0.006621287)
(-0.01974072 -0.003475946 0.008182202)
(-0.0160224 -0.00330169 0.009787936)
(-0.01134282 -0.002856755 0.01100981)
(-0.006151111 -0.001946055 0.01232305)
(0.001266137 -0.0013435 0.01281819)
(0.007255712 -0.00229377 0.01150061)
(0.0123273 -0.002898649 0.01034913)
(0.01649323 -0.003268208 0.008661893)
(0.01940526 -0.003388361 0.007023507)
(0.02132595 -0.00332739 0.005580828)
(0.02247744 -0.003161722 0.004373817)
(0.02301864 -0.00295816 0.003401069)
(0.02303928 -0.002769651 0.002641927)
(0.02257486 -0.002648002 0.002078927)
(0.02158656 -0.002680367 0.001706275)
(0.01985748 -0.003006389 0.001532921)
(0.01695038 -0.003880245 0.001620292)
(0.01190339 -0.005641842 0.002009771)
(0.004882161 -0.007479473 0.002198817)
)
;

boundaryField
{
    minX
    {
        type            fixedValue;
        value           uniform (0 0 0);
    }
    maxX
    {
        type            fixedValue;
        value           uniform (0 0 0);
    }
    minY
    {
        type            fixedValue;
        value           uniform (0 0 0);
    }
    minZ
    {
        type            fixedValue;
        value           uniform (0 0 0);
    }
    maxZ
    {
        type            fixedValue;
        value           uniform (0 0 0);
    }
    bottomAir_to_rightSolid
    {
        type            fixedValue;
        value           uniform (0 0 0);
    }
    bottomAir_to_leftSolid
    {
        type            fixedValue;
        value           uniform (0 0 0);
    }
    bottomAir_to_heater
    {
        type            fixedValue;
        value           uniform (0 0 0);
    }
}


// ************************************************************************* //
