/*--------------------------------*- C++ -*----------------------------------*\
| =========                 |                                                 |
| \\      /  F ield         | OpenFOAM: The Open Source CFD Toolbox           |
|  \\    /   O peration     | Version:  v2012                                 |
|   \\  /    A nd           | Website:  www.openfoam.com                      |
|    \\/     M anipulation  |                                                 |
\*---------------------------------------------------------------------------*/
FoamFile
{
    version     2.0;
    format      ascii;
    class       volScalarField;
    location    "300/topAir";
    object      p;
}
// * * * * * * * * * * * * * * * * * * * * * * * * * * * * * * * * * * * * * //

dimensions      [1 -1 -2 0 0 0 0];


internalField   nonuniform List<scalar> 
1200
(
99999.89
99999.89
99999.89
99999.89
99999.89
99999.89
99999.89
99999.89
99999.89
99999.88
99999.88
99999.88
99999.88
99999.88
99999.88
99999.88
99999.88
99999.88
99999.88
99999.88
99999.88
99999.88
99999.88
99999.88
99999.88
99999.88
99999.87
99999.88
99999.88
99999.88
99999.8
99999.8
99999.8
99999.8
99999.8
99999.8
99999.8
99999.8
99999.8
99999.8
99999.8
99999.8
99999.8
99999.8
99999.8
99999.8
99999.8
99999.8
99999.79
99999.79
99999.79
99999.79
99999.79
99999.79
99999.79
99999.79
99999.79
99999.79
99999.79
99999.79
99999.71
99999.71
99999.71
99999.71
99999.71
99999.71
99999.71
99999.71
99999.71
99999.71
99999.71
99999.71
99999.71
99999.71
99999.71
99999.71
99999.71
99999.71
99999.71
99999.71
99999.71
99999.71
99999.71
99999.7
99999.7
99999.7
99999.7
99999.7
99999.71
99999.71
99999.62
99999.62
99999.62
99999.62
99999.62
99999.62
99999.62
99999.62
99999.62
99999.62
99999.62
99999.62
99999.62
99999.62
99999.62
99999.62
99999.62
99999.62
99999.62
99999.62
99999.62
99999.62
99999.62
99999.62
99999.62
99999.62
99999.62
99999.62
99999.62
99999.62
99999.89
99999.89
99999.89
99999.89
99999.89
99999.89
99999.89
99999.89
99999.89
99999.88
99999.88
99999.88
99999.88
99999.88
99999.88
99999.88
99999.88
99999.88
99999.88
99999.88
99999.88
99999.88
99999.88
99999.88
99999.88
99999.88
99999.88
99999.88
99999.88
99999.87
99999.8
99999.8
99999.8
99999.8
99999.8
99999.8
99999.8
99999.8
99999.8
99999.8
99999.8
99999.8
99999.8
99999.8
99999.8
99999.8
99999.8
99999.8
99999.8
99999.79
99999.79
99999.79
99999.79
99999.79
99999.79
99999.79
99999.79
99999.79
99999.79
99999.79
99999.71
99999.71
99999.71
99999.71
99999.71
99999.71
99999.71
99999.71
99999.71
99999.71
99999.71
99999.71
99999.71
99999.71
99999.71
99999.71
99999.71
99999.71
99999.71
99999.71
99999.71
99999.7
99999.7
99999.7
99999.7
99999.7
99999.7
99999.7
99999.7
99999.7
99999.62
99999.62
99999.62
99999.62
99999.62
99999.62
99999.62
99999.62
99999.62
99999.62
99999.62
99999.62
99999.62
99999.62
99999.62
99999.62
99999.62
99999.62
99999.61
99999.61
99999.61
99999.61
99999.61
99999.61
99999.61
99999.61
99999.61
99999.61
99999.61
99999.62
99999.89
99999.89
99999.89
99999.89
99999.89
99999.89
99999.89
99999.89
99999.89
99999.88
99999.88
99999.88
99999.88
99999.88
99999.88
99999.88
99999.88
99999.88
99999.88
99999.88
99999.88
99999.88
99999.88
99999.88
99999.88
99999.88
99999.88
99999.88
99999.88
99999.87
99999.8
99999.8
99999.8
99999.8
99999.8
99999.8
99999.8
99999.8
99999.8
99999.8
99999.8
99999.8
99999.8
99999.8
99999.8
99999.8
99999.8
99999.8
99999.8
99999.79
99999.79
99999.79
99999.79
99999.79
99999.79
99999.79
99999.79
99999.79
99999.79
99999.78
99999.71
99999.71
99999.71
99999.71
99999.71
99999.71
99999.71
99999.71
99999.71
99999.71
99999.71
99999.71
99999.71
99999.71
99999.71
99999.71
99999.71
99999.71
99999.71
99999.71
99999.71
99999.71
99999.7
99999.7
99999.7
99999.7
99999.7
99999.7
99999.7
99999.7
99999.62
99999.62
99999.62
99999.62
99999.62
99999.62
99999.62
99999.62
99999.62
99999.62
99999.62
99999.62
99999.62
99999.62
99999.62
99999.62
99999.62
99999.62
99999.61
99999.61
99999.61
99999.61
99999.61
99999.61
99999.61
99999.61
99999.61
99999.61
99999.61
99999.61
99999.89
99999.89
99999.89
99999.89
99999.89
99999.89
99999.89
99999.89
99999.89
99999.88
99999.88
99999.88
99999.88
99999.88
99999.88
99999.88
99999.88
99999.88
99999.88
99999.88
99999.88
99999.88
99999.88
99999.88
99999.88
99999.88
99999.88
99999.88
99999.88
99999.88
99999.8
99999.8
99999.8
99999.8
99999.8
99999.8
99999.8
99999.8
99999.8
99999.8
99999.8
99999.8
99999.8
99999.8
99999.8
99999.8
99999.8
99999.8
99999.8
99999.8
99999.79
99999.79
99999.79
99999.79
99999.79
99999.79
99999.79
99999.79
99999.79
99999.79
99999.71
99999.71
99999.71
99999.71
99999.71
99999.71
99999.71
99999.71
99999.71
99999.71
99999.71
99999.71
99999.71
99999.71
99999.71
99999.71
99999.71
99999.71
99999.71
99999.71
99999.71
99999.71
99999.7
99999.7
99999.7
99999.7
99999.7
99999.7
99999.7
99999.7
99999.62
99999.62
99999.62
99999.62
99999.62
99999.62
99999.62
99999.62
99999.62
99999.62
99999.62
99999.62
99999.62
99999.62
99999.62
99999.62
99999.62
99999.62
99999.61
99999.61
99999.61
99999.61
99999.61
99999.61
99999.61
99999.61
99999.61
99999.61
99999.61
99999.61
99999.89
99999.89
99999.89
99999.89
99999.89
99999.89
99999.89
99999.89
99999.89
99999.88
99999.88
99999.88
99999.88
99999.88
99999.88
99999.88
99999.88
99999.88
99999.88
99999.88
99999.88
99999.88
99999.88
99999.88
99999.88
99999.88
99999.88
99999.88
99999.88
99999.88
99999.8
99999.8
99999.8
99999.8
99999.8
99999.8
99999.8
99999.8
99999.8
99999.8
99999.8
99999.8
99999.8
99999.8
99999.8
99999.8
99999.8
99999.8
99999.8
99999.8
99999.79
99999.79
99999.79
99999.79
99999.79
99999.79
99999.79
99999.79
99999.79
99999.79
99999.71
99999.71
99999.71
99999.71
99999.71
99999.71
99999.71
99999.71
99999.71
99999.71
99999.71
99999.71
99999.71
99999.71
99999.71
99999.71
99999.71
99999.71
99999.71
99999.71
99999.71
99999.71
99999.71
99999.71
99999.71
99999.71
99999.71
99999.71
99999.71
99999.71
99999.62
99999.62
99999.62
99999.62
99999.62
99999.62
99999.62
99999.62
99999.62
99999.62
99999.62
99999.62
99999.62
99999.62
99999.62
99999.62
99999.62
99999.62
99999.62
99999.61
99999.61
99999.61
99999.61
99999.61
99999.62
99999.62
99999.62
99999.62
99999.62
99999.62
99999.89
99999.89
99999.89
99999.89
99999.89
99999.89
99999.89
99999.89
99999.89
99999.88
99999.88
99999.88
99999.88
99999.88
99999.88
99999.88
99999.88
99999.88
99999.88
99999.88
99999.88
99999.88
99999.88
99999.88
99999.88
99999.88
99999.88
99999.88
99999.88
99999.88
99999.8
99999.8
99999.8
99999.8
99999.8
99999.8
99999.8
99999.8
99999.8
99999.8
99999.8
99999.8
99999.8
99999.8
99999.8
99999.8
99999.8
99999.8
99999.8
99999.8
99999.79
99999.79
99999.79
99999.79
99999.79
99999.79
99999.79
99999.79
99999.79
99999.79
99999.71
99999.71
99999.71
99999.71
99999.71
99999.71
99999.71
99999.71
99999.71
99999.71
99999.71
99999.71
99999.71
99999.71
99999.71
99999.71
99999.71
99999.71
99999.71
99999.71
99999.71
99999.71
99999.71
99999.71
99999.71
99999.71
99999.71
99999.71
99999.71
99999.71
99999.62
99999.62
99999.62
99999.62
99999.62
99999.62
99999.62
99999.62
99999.62
99999.62
99999.62
99999.62
99999.62
99999.62
99999.62
99999.62
99999.62
99999.62
99999.62
99999.61
99999.61
99999.61
99999.61
99999.61
99999.62
99999.62
99999.62
99999.62
99999.62
99999.62
99999.89
99999.89
99999.89
99999.89
99999.89
99999.89
99999.89
99999.89
99999.89
99999.88
99999.88
99999.88
99999.88
99999.88
99999.88
99999.88
99999.88
99999.88
99999.88
99999.88
99999.88
99999.88
99999.88
99999.88
99999.88
99999.88
99999.88
99999.88
99999.88
99999.88
99999.8
99999.8
99999.8
99999.8
99999.8
99999.8
99999.8
99999.8
99999.8
99999.8
99999.8
99999.8
99999.8
99999.8
99999.8
99999.8
99999.8
99999.8
99999.8
99999.8
99999.79
99999.79
99999.79
99999.79
99999.79
99999.79
99999.79
99999.79
99999.79
99999.79
99999.71
99999.71
99999.71
99999.71
99999.71
99999.71
99999.71
99999.71
99999.71
99999.71
99999.71
99999.71
99999.71
99999.71
99999.71
99999.71
99999.71
99999.71
99999.71
99999.71
99999.71
99999.71
99999.7
99999.7
99999.7
99999.7
99999.7
99999.7
99999.7
99999.7
99999.62
99999.62
99999.62
99999.62
99999.62
99999.62
99999.62
99999.62
99999.62
99999.62
99999.62
99999.62
99999.62
99999.62
99999.62
99999.62
99999.62
99999.62
99999.61
99999.61
99999.61
99999.61
99999.61
99999.61
99999.61
99999.61
99999.61
99999.61
99999.61
99999.61
99999.89
99999.89
99999.89
99999.89
99999.89
99999.89
99999.89
99999.89
99999.89
99999.88
99999.88
99999.88
99999.88
99999.88
99999.88
99999.88
99999.88
99999.88
99999.88
99999.88
99999.88
99999.88
99999.88
99999.88
99999.88
99999.88
99999.88
99999.88
99999.88
99999.87
99999.8
99999.8
99999.8
99999.8
99999.8
99999.8
99999.8
99999.8
99999.8
99999.8
99999.8
99999.8
99999.8
99999.8
99999.8
99999.8
99999.8
99999.8
99999.8
99999.79
99999.79
99999.79
99999.79
99999.79
99999.79
99999.79
99999.79
99999.79
99999.79
99999.78
99999.71
99999.71
99999.71
99999.71
99999.71
99999.71
99999.71
99999.71
99999.71
99999.71
99999.71
99999.71
99999.71
99999.71
99999.71
99999.71
99999.71
99999.71
99999.71
99999.71
99999.71
99999.71
99999.7
99999.7
99999.7
99999.7
99999.7
99999.7
99999.7
99999.7
99999.62
99999.62
99999.62
99999.62
99999.62
99999.62
99999.62
99999.62
99999.62
99999.62
99999.62
99999.62
99999.62
99999.62
99999.62
99999.62
99999.62
99999.62
99999.61
99999.61
99999.61
99999.61
99999.61
99999.61
99999.61
99999.61
99999.61
99999.61
99999.61
99999.61
99999.89
99999.89
99999.89
99999.89
99999.89
99999.89
99999.89
99999.89
99999.89
99999.88
99999.88
99999.88
99999.88
99999.88
99999.88
99999.88
99999.88
99999.88
99999.88
99999.88
99999.88
99999.88
99999.88
99999.88
99999.88
99999.88
99999.88
99999.88
99999.88
99999.87
99999.8
99999.8
99999.8
99999.8
99999.8
99999.8
99999.8
99999.8
99999.8
99999.8
99999.8
99999.8
99999.8
99999.8
99999.8
99999.8
99999.8
99999.8
99999.8
99999.79
99999.79
99999.79
99999.79
99999.79
99999.79
99999.79
99999.79
99999.79
99999.79
99999.79
99999.71
99999.71
99999.71
99999.71
99999.71
99999.71
99999.71
99999.71
99999.71
99999.71
99999.71
99999.71
99999.71
99999.71
99999.71
99999.71
99999.71
99999.71
99999.71
99999.71
99999.71
99999.7
99999.7
99999.7
99999.7
99999.7
99999.7
99999.7
99999.7
99999.7
99999.62
99999.62
99999.62
99999.62
99999.62
99999.62
99999.62
99999.62
99999.62
99999.62
99999.62
99999.62
99999.62
99999.62
99999.62
99999.62
99999.62
99999.62
99999.61
99999.61
99999.61
99999.61
99999.61
99999.61
99999.61
99999.61
99999.61
99999.61
99999.61
99999.62
99999.89
99999.89
99999.89
99999.89
99999.89
99999.89
99999.89
99999.89
99999.89
99999.88
99999.88
99999.88
99999.88
99999.88
99999.88
99999.88
99999.88
99999.88
99999.88
99999.88
99999.88
99999.88
99999.88
99999.88
99999.88
99999.88
99999.88
99999.88
99999.88
99999.88
99999.8
99999.8
99999.8
99999.8
99999.8
99999.8
99999.8
99999.8
99999.8
99999.8
99999.8
99999.8
99999.8
99999.8
99999.8
99999.8
99999.8
99999.8
99999.79
99999.79
99999.79
99999.79
99999.79
99999.79
99999.79
99999.79
99999.79
99999.79
99999.79
99999.79
99999.71
99999.71
99999.71
99999.71
99999.71
99999.71
99999.71
99999.71
99999.71
99999.71
99999.71
99999.71
99999.71
99999.71
99999.71
99999.71
99999.71
99999.71
99999.71
99999.71
99999.71
99999.71
99999.71
99999.7
99999.7
99999.7
99999.7
99999.7
99999.71
99999.71
99999.62
99999.62
99999.62
99999.62
99999.62
99999.62
99999.62
99999.62
99999.62
99999.62
99999.62
99999.62
99999.62
99999.62
99999.62
99999.62
99999.62
99999.62
99999.62
99999.62
99999.62
99999.62
99999.62
99999.62
99999.62
99999.62
99999.62
99999.62
99999.62
99999.62
)
;

boundaryField
{
    maxY
    {
        type            calculated;
        value           nonuniform List<scalar> 
300
(
99999.57
99999.57
99999.57
99999.57
99999.57
99999.57
99999.57
99999.57
99999.57
99999.57
99999.57
99999.57
99999.57
99999.57
99999.57
99999.57
99999.57
99999.57
99999.57
99999.57
99999.57
99999.57
99999.57
99999.57
99999.57
99999.57
99999.57
99999.57
99999.57
99999.57
99999.57
99999.57
99999.57
99999.57
99999.57
99999.57
99999.57
99999.57
99999.57
99999.57
99999.57
99999.57
99999.57
99999.57
99999.57
99999.57
99999.57
99999.57
99999.57
99999.57
99999.57
99999.57
99999.57
99999.57
99999.57
99999.57
99999.57
99999.57
99999.57
99999.57
99999.57
99999.57
99999.57
99999.57
99999.57
99999.57
99999.57
99999.57
99999.57
99999.57
99999.57
99999.57
99999.57
99999.57
99999.57
99999.57
99999.57
99999.57
99999.57
99999.57
99999.57
99999.57
99999.57
99999.57
99999.57
99999.57
99999.57
99999.57
99999.57
99999.57
99999.57
99999.57
99999.57
99999.57
99999.57
99999.57
99999.57
99999.57
99999.57
99999.57
99999.57
99999.57
99999.57
99999.57
99999.57
99999.57
99999.57
99999.57
99999.57
99999.57
99999.57
99999.57
99999.57
99999.57
99999.57
99999.57
99999.57
99999.57
99999.57
99999.57
99999.57
99999.57
99999.57
99999.57
99999.57
99999.57
99999.57
99999.57
99999.57
99999.57
99999.57
99999.57
99999.57
99999.57
99999.57
99999.57
99999.57
99999.57
99999.57
99999.57
99999.57
99999.57
99999.57
99999.57
99999.57
99999.57
99999.57
99999.57
99999.57
99999.57
99999.57
99999.57
99999.57
99999.57
99999.57
99999.57
99999.57
99999.57
99999.57
99999.57
99999.57
99999.57
99999.57
99999.57
99999.57
99999.57
99999.57
99999.57
99999.57
99999.57
99999.57
99999.57
99999.57
99999.57
99999.57
99999.57
99999.57
99999.57
99999.57
99999.57
99999.57
99999.57
99999.57
99999.57
99999.57
99999.57
99999.57
99999.57
99999.57
99999.57
99999.57
99999.57
99999.57
99999.57
99999.57
99999.57
99999.57
99999.57
99999.57
99999.57
99999.57
99999.57
99999.57
99999.57
99999.57
99999.57
99999.57
99999.57
99999.57
99999.57
99999.57
99999.57
99999.57
99999.57
99999.57
99999.57
99999.57
99999.57
99999.57
99999.57
99999.57
99999.57
99999.57
99999.57
99999.57
99999.57
99999.57
99999.57
99999.57
99999.57
99999.57
99999.57
99999.57
99999.57
99999.57
99999.57
99999.57
99999.57
99999.57
99999.57
99999.57
99999.57
99999.57
99999.57
99999.57
99999.57
99999.57
99999.57
99999.57
99999.57
99999.57
99999.57
99999.57
99999.57
99999.57
99999.57
99999.57
99999.57
99999.57
99999.57
99999.57
99999.57
99999.57
99999.57
99999.57
99999.57
99999.57
99999.57
99999.57
99999.57
99999.58
99999.57
99999.57
99999.57
99999.57
99999.57
99999.57
99999.57
99999.57
99999.58
99999.58
99999.57
99999.57
99999.57
99999.57
99999.57
99999.57
99999.57
99999.57
99999.58
99999.58
99999.57
99999.57
99999.57
99999.57
99999.57
99999.57
99999.57
99999.57
99999.58
)
;
    }
    minX
    {
        type            calculated;
        value           nonuniform List<scalar> 
40
(
99999.89
99999.8
99999.71
99999.62
99999.89
99999.8
99999.71
99999.62
99999.89
99999.8
99999.71
99999.62
99999.89
99999.8
99999.71
99999.62
99999.89
99999.8
99999.71
99999.62
99999.89
99999.8
99999.71
99999.62
99999.89
99999.8
99999.71
99999.62
99999.89
99999.8
99999.71
99999.62
99999.89
99999.8
99999.71
99999.62
99999.89
99999.8
99999.71
99999.62
)
;
    }
    maxX
    {
        type            calculated;
        value           nonuniform List<scalar> 
40
(
99999.88
99999.8
99999.71
99999.62
99999.88
99999.78
99999.7
99999.61
99999.87
99999.78
99999.69
99999.61
99999.88
99999.79
99999.69
99999.6
99999.88
99999.8
99999.71
99999.61
99999.88
99999.8
99999.71
99999.61
99999.88
99999.78
99999.69
99999.6
99999.87
99999.78
99999.69
99999.61
99999.88
99999.78
99999.7
99999.62
99999.88
99999.8
99999.71
99999.62
)
;
    }
    minZ
    {
        type            calculated;
        value           nonuniform List<scalar> 
120
(
99999.89
99999.8
99999.71
99999.62
99999.89
99999.8
99999.71
99999.62
99999.89
99999.8
99999.71
99999.62
99999.89
99999.8
99999.71
99999.62
99999.89
99999.8
99999.71
99999.62
99999.89
99999.8
99999.71
99999.62
99999.89
99999.8
99999.71
99999.62
99999.89
99999.8
99999.71
99999.62
99999.89
99999.8
99999.71
99999.62
99999.88
99999.8
99999.71
99999.62
99999.88
99999.8
99999.71
99999.62
99999.88
99999.8
99999.71
99999.62
99999.88
99999.8
99999.71
99999.62
99999.88
99999.8
99999.71
99999.62
99999.88
99999.8
99999.71
99999.62
99999.88
99999.8
99999.71
99999.62
99999.88
99999.8
99999.71
99999.62
99999.88
99999.8
99999.71
99999.62
99999.88
99999.79
99999.71
99999.62
99999.88
99999.79
99999.71
99999.62
99999.88
99999.79
99999.71
99999.62
99999.88
99999.79
99999.71
99999.62
99999.88
99999.79
99999.71
99999.62
99999.88
99999.79
99999.7
99999.62
99999.88
99999.79
99999.7
99999.62
99999.88
99999.79
99999.7
99999.62
99999.87
99999.79
99999.7
99999.62
99999.88
99999.79
99999.7
99999.62
99999.88
99999.79
99999.71
99999.62
99999.88
99999.79
99999.71
99999.62
)
;
    }
    maxZ
    {
        type            calculated;
        value           nonuniform List<scalar> 
120
(
99999.89
99999.8
99999.71
99999.62
99999.89
99999.8
99999.71
99999.62
99999.89
99999.8
99999.71
99999.62
99999.89
99999.8
99999.71
99999.62
99999.89
99999.8
99999.71
99999.62
99999.89
99999.8
99999.71
99999.62
99999.89
99999.8
99999.71
99999.62
99999.89
99999.8
99999.71
99999.62
99999.89
99999.8
99999.71
99999.62
99999.88
99999.8
99999.71
99999.62
99999.88
99999.8
99999.71
99999.62
99999.88
99999.8
99999.71
99999.62
99999.88
99999.8
99999.71
99999.62
99999.88
99999.8
99999.71
99999.62
99999.88
99999.8
99999.71
99999.62
99999.88
99999.8
99999.71
99999.62
99999.88
99999.8
99999.71
99999.62
99999.88
99999.8
99999.71
99999.62
99999.88
99999.79
99999.71
99999.62
99999.88
99999.79
99999.71
99999.62
99999.88
99999.79
99999.71
99999.62
99999.88
99999.79
99999.71
99999.62
99999.88
99999.79
99999.71
99999.62
99999.88
99999.79
99999.7
99999.62
99999.88
99999.79
99999.7
99999.62
99999.88
99999.79
99999.7
99999.62
99999.88
99999.79
99999.7
99999.62
99999.88
99999.79
99999.7
99999.62
99999.88
99999.79
99999.71
99999.62
99999.88
99999.79
99999.71
99999.62
)
;
    }
    topAir_to_rightSolid
    {
        type            calculated;
        value           nonuniform List<scalar> 
130
(
99999.92
99999.92
99999.92
99999.92
99999.92
99999.92
99999.92
99999.92
99999.92
99999.92
99999.92
99999.92
99999.92
99999.92
99999.92
99999.92
99999.92
99999.92
99999.92
99999.92
99999.92
99999.92
99999.92
99999.92
99999.92
99999.92
99999.92
99999.92
99999.92
99999.92
99999.92
99999.92
99999.92
99999.92
99999.92
99999.92
99999.92
99999.92
99999.92
99999.92
99999.92
99999.92
99999.92
99999.92
99999.92
99999.92
99999.92
99999.92
99999.92
99999.92
99999.92
99999.92
99999.92
99999.92
99999.92
99999.92
99999.92
99999.92
99999.92
99999.92
99999.91
99999.91
99999.92
99999.92
99999.92
99999.92
99999.92
99999.92
99999.92
99999.92
99999.92
99999.92
99999.92
99999.91
99999.91
99999.92
99999.92
99999.92
99999.92
99999.92
99999.92
99999.92
99999.92
99999.92
99999.92
99999.92
99999.92
99999.92
99999.92
99999.92
99999.92
99999.92
99999.92
99999.92
99999.92
99999.92
99999.92
99999.92
99999.92
99999.92
99999.92
99999.92
99999.92
99999.92
99999.92
99999.92
99999.92
99999.92
99999.92
99999.92
99999.92
99999.92
99999.92
99999.92
99999.92
99999.92
99999.92
99999.92
99999.92
99999.92
99999.92
99999.92
99999.92
99999.92
99999.92
99999.92
99999.92
99999.92
99999.92
99999.92
)
;
    }
    topAir_to_heater
    {
        type            calculated;
        value           nonuniform List<scalar> 
40
(
99999.92
99999.92
99999.92
99999.92
99999.92
99999.92
99999.92
99999.92
99999.92
99999.92
99999.92
99999.92
99999.92
99999.92
99999.92
99999.92
99999.92
99999.92
99999.92
99999.92
99999.92
99999.92
99999.92
99999.92
99999.92
99999.92
99999.92
99999.92
99999.92
99999.92
99999.92
99999.92
99999.92
99999.92
99999.92
99999.92
99999.92
99999.92
99999.92
99999.92
)
;
    }
    topAir_to_leftSolid
    {
        type            calculated;
        value           nonuniform List<scalar> 
130
(
99999.94
99999.93
99999.93
99999.93
99999.93
99999.93
99999.93
99999.93
99999.93
99999.93
99999.93
99999.92
99999.92
99999.94
99999.93
99999.93
99999.93
99999.93
99999.93
99999.93
99999.93
99999.93
99999.93
99999.93
99999.93
99999.92
99999.94
99999.93
99999.93
99999.93
99999.93
99999.93
99999.93
99999.93
99999.93
99999.93
99999.93
99999.93
99999.92
99999.93
99999.93
99999.93
99999.93
99999.93
99999.93
99999.93
99999.93
99999.93
99999.93
99999.93
99999.93
99999.92
99999.93
99999.93
99999.93
99999.93
99999.93
99999.93
99999.93
99999.93
99999.93
99999.93
99999.93
99999.93
99999.92
99999.93
99999.93
99999.93
99999.93
99999.93
99999.93
99999.93
99999.93
99999.93
99999.93
99999.93
99999.93
99999.92
99999.93
99999.93
99999.93
99999.93
99999.93
99999.93
99999.93
99999.93
99999.93
99999.93
99999.93
99999.93
99999.92
99999.94
99999.93
99999.93
99999.93
99999.93
99999.93
99999.93
99999.93
99999.93
99999.93
99999.93
99999.93
99999.92
99999.94
99999.93
99999.93
99999.93
99999.93
99999.93
99999.93
99999.93
99999.93
99999.93
99999.93
99999.93
99999.92
99999.94
99999.93
99999.93
99999.93
99999.93
99999.93
99999.93
99999.93
99999.93
99999.93
99999.93
99999.92
99999.92
)
;
    }
}


// ************************************************************************* //
