/*--------------------------------*- C++ -*----------------------------------*\
| =========                 |                                                 |
| \\      /  F ield         | OpenFOAM: The Open Source CFD Toolbox           |
|  \\    /   O peration     | Version:  v2012                                 |
|   \\  /    A nd           | Website:  www.openfoam.com                      |
|    \\/     M anipulation  |                                                 |
\*---------------------------------------------------------------------------*/
FoamFile
{
    version     2.0;
    format      ascii;
    class       volScalarField;
    location    "300/topAir";
    object      qr;
}
// * * * * * * * * * * * * * * * * * * * * * * * * * * * * * * * * * * * * * //

dimensions      [1 0 -3 0 0 0 0];


internalField   uniform 0;

boundaryField
{
    maxY
    {
        type            greyDiffusiveRadiationViewFactor;
        value           nonuniform List<scalar> 
300
(
33.61819
33.61819
43.55001
43.55001
45.00244
45.00244
43.59196
43.59196
33.67338
33.67338
33.61819
33.61819
43.55001
43.55001
45.00244
45.00244
43.59196
43.59196
33.67338
33.67338
33.61819
33.61819
43.55001
43.55001
45.00244
45.00244
43.59196
43.59196
33.67338
33.67338
33.61819
33.61819
43.55001
43.55001
45.00244
45.00244
43.59196
43.59196
33.67338
33.67338
53.48258
53.48258
68.28145
68.28145
69.76215
69.76215
68.40491
68.40491
53.67631
53.67631
53.48258
53.48258
68.28145
68.28145
69.76215
69.76215
68.40491
68.40491
53.67631
53.67631
53.48258
53.48258
68.28145
68.28145
69.76215
69.76215
68.40491
68.40491
53.67631
53.67631
53.48258
53.48258
68.28145
68.28145
69.76215
69.76215
68.40491
68.40491
53.67631
53.67631
68.93895
68.93895
87.8005
87.8005
89.25584
89.25584
87.66908
87.66908
69.18647
69.18647
68.93895
68.93895
87.8005
87.8005
89.25584
89.25584
87.66908
87.66908
69.18647
69.18647
68.93895
68.93895
87.8005
87.8005
89.25584
89.25584
87.66908
87.66908
69.18647
69.18647
68.93895
68.93895
87.8005
87.8005
89.25584
89.25584
87.66908
87.66908
69.18647
69.18647
83.44163
83.44163
105.5699
105.5699
107.2895
107.2895
105.4783
105.4783
83.63605
83.63605
83.44163
83.44163
105.5699
105.5699
107.2895
107.2895
105.4783
105.4783
83.63605
83.63605
83.44163
83.44163
105.5699
105.5699
107.2895
107.2895
105.4783
105.4783
83.63605
83.63605
83.44163
83.44163
105.5699
105.5699
107.2895
107.2895
105.4783
105.4783
83.63605
83.63605
95.9492
95.9492
118.0559
118.0559
117.7882
117.7882
118.2974
118.2974
96.29338
96.29338
95.9492
95.9492
118.0559
118.0559
117.7882
117.7882
118.2974
118.2974
96.29338
96.29338
95.9492
95.9492
118.0559
118.0559
117.7882
117.7882
118.2974
118.2974
96.29338
96.29338
95.9492
95.9492
118.0559
118.0559
117.7882
117.7882
118.2974
118.2974
96.29338
96.29338
102.5181
102.5181
129.4834
129.4834
125.5868
125.5868
130.084
130.084
103.1596
103.1596
102.5181
102.5181
129.4834
129.4834
125.5868
125.5868
130.084
130.084
103.1596
103.1596
102.5181
102.5181
129.4834
129.4834
125.5868
125.5868
130.084
130.084
103.1596
103.1596
102.5181
102.5181
129.4834
129.4834
125.5868
125.5868
130.084
130.084
103.1596
103.1596
82.63763
82.63763
133.8748
133.8748
122.5538
122.5538
133.8793
133.8793
66.28686
66.28686
82.63763
82.63763
133.8748
133.8748
122.5538
122.5538
133.8793
133.8793
66.28686
66.28686
82.63763
82.63763
133.8748
133.8748
122.5538
122.5538
133.8793
133.8793
66.28686
66.28686
82.63763
82.63763
133.8748
133.8748
122.5538
122.5538
133.8793
133.8793
66.28686
66.28686
53.258
53.258
53.258
53.258
66.89404
66.89404
66.89404
66.89404
66.28686
66.28686
53.258
53.258
53.258
53.258
66.89404
66.89404
66.89404
66.89404
66.28686
66.28686
)
;
        qro             uniform 0;
    }
    minX
    {
        type            greyDiffusiveRadiationViewFactor;
        value           nonuniform List<scalar> 
40
(
42.95398
42.95398
27.90161
27.90161
42.95398
42.95398
27.90161
27.90161
45.47357
45.47357
35.24663
35.24663
45.47357
45.47357
35.24663
35.24663
45.8046
45.8046
36.61112
36.61112
45.8046
45.8046
36.61112
36.61112
45.50107
45.50107
35.27122
35.27122
45.50107
45.50107
35.27122
35.27122
42.99548
42.99548
27.93455
27.93455
42.99548
42.99548
27.93455
27.93455
)
;
        qro             uniform 0;
    }
    maxX
    {
        type            greyDiffusiveRadiationViewFactor;
        value           nonuniform List<scalar> 
40
(
-69.83972
-69.83972
-21.5372
-21.5372
-69.83972
-69.83972
-21.5372
-21.5372
-38.41838
-38.41838
40.97295
40.97295
-38.41838
-38.41838
40.97295
40.97295
-203.7101
-203.7101
-51.49466
-51.49466
-203.7101
-203.7101
-51.49466
-51.49466
-36.72062
-36.72062
35.0769
35.0769
-36.72062
-36.72062
35.0769
35.0769
-65.72772
-65.72772
-23.85909
-23.85909
-65.72772
-65.72772
-23.85909
-23.85909
)
;
        qro             uniform 0;
    }
    minZ
    {
        type            greyDiffusiveRadiationViewFactor;
        value           nonuniform List<scalar> 
120
(
9.256656
9.256656
23.53832
23.53832
9.256656
9.256656
23.53832
23.53832
9.256656
9.256656
23.53832
23.53832
9.256656
9.256656
23.53832
23.53832
-16.09477
-16.09477
34.3738
34.3738
-16.09477
-16.09477
34.3738
34.3738
-16.09477
-16.09477
34.3738
34.3738
-16.09477
-16.09477
34.3738
34.3738
-44.55389
-44.55389
42.97133
42.97133
-44.55389
-44.55389
42.97133
42.97133
-44.55389
-44.55389
42.97133
42.97133
-44.55389
-44.55389
42.97133
42.97133
-74.26706
-74.26706
50.17006
50.17006
-74.26706
-74.26706
50.17006
50.17006
-74.26706
-74.26706
50.17006
50.17006
-74.26706
-74.26706
50.17006
50.17006
-107.7156
-107.7156
52.07704
52.07704
-107.7156
-107.7156
52.07704
52.07704
-107.7156
-107.7156
52.07704
52.07704
-107.7156
-107.7156
52.07704
52.07704
-131.9089
-131.9089
37.7359
37.7359
-131.9089
-131.9089
37.7359
37.7359
-131.9089
-131.9089
37.7359
37.7359
-131.9089
-131.9089
37.7359
37.7359
-124.9279
-124.9279
2.342308
2.342308
-124.9279
-124.9279
2.342308
2.342308
-124.9279
-124.9279
2.342308
2.342308
-124.9279
-124.9279
2.342308
2.342308
-80.44106
-80.44106
-80.44106
-80.44106
-80.44106
-80.44106
-80.44106
-80.44106
)
;
        qro             uniform 0;
    }
    maxZ
    {
        type            greyDiffusiveRadiationViewFactor;
        value           nonuniform List<scalar> 
120
(
9.251783
9.251783
23.53707
23.53707
9.251783
9.251783
23.53707
23.53707
9.251783
9.251783
23.53707
23.53707
9.251783
9.251783
23.53707
23.53707
-16.04521
-16.04521
34.40976
34.40976
-16.04521
-16.04521
34.40976
34.40976
-16.04521
-16.04521
34.40976
34.40976
-16.04521
-16.04521
34.40976
34.40976
-43.87373
-43.87373
43.00157
43.00157
-43.87373
-43.87373
43.00157
43.00157
-43.87373
-43.87373
43.00157
43.00157
-43.87373
-43.87373
43.00157
43.00157
-74.1269
-74.1269
50.13035
50.13035
-74.1269
-74.1269
50.13035
50.13035
-74.1269
-74.1269
50.13035
50.13035
-74.1269
-74.1269
50.13035
50.13035
-107.8733
-107.8733
52.05997
52.05997
-107.8733
-107.8733
52.05997
52.05997
-107.8733
-107.8733
52.05997
52.05997
-107.8733
-107.8733
52.05997
52.05997
-131.3226
-131.3226
38.36845
38.36845
-131.3226
-131.3226
38.36845
38.36845
-131.3226
-131.3226
38.36845
38.36845
-131.3226
-131.3226
38.36845
38.36845
-122.0063
-122.0063
8.187513
8.187513
-122.0063
-122.0063
8.187513
8.187513
-122.0063
-122.0063
8.187513
8.187513
-122.0063
-122.0063
8.187513
8.187513
-79.87591
-79.87591
-79.87591
-79.87591
-79.87591
-79.87591
-79.87591
-79.87591
)
;
        qro             uniform 0;
    }
    topAir_to_rightSolid
    {
        type            greyDiffusiveRadiationViewFactor;
        value           nonuniform List<scalar> 
130
(
-72.2416
-72.2416
-72.2416
-72.2416
-60.87569
-60.87569
-60.87569
-60.87569
-51.88175
-51.88175
-51.88175
-51.88175
-51.22986
-72.2416
-72.2416
-72.2416
-72.2416
-60.87569
-60.87569
-60.87569
-60.87569
-51.88175
-51.88175
-51.88175
-51.88175
-51.22986
-81.64549
-81.64549
-81.64549
-81.64549
-66.51461
-66.51461
-66.51461
-66.51461
-58.77963
-58.77963
-51.22986
-51.22986
-51.22986
-81.64549
-81.64549
-81.64549
-81.64549
-66.51461
-66.51461
-66.51461
-66.51461
-58.77963
-58.77963
-51.22986
-51.22986
-51.22986
-88.24152
-88.24152
-88.24152
-88.24152
-68.01587
-68.01587
-68.01587
-68.01587
-58.77963
-58.77963
-50.51511
-50.51511
-50.51511
-88.24152
-88.24152
-88.24152
-88.24152
-68.01587
-68.01587
-68.01587
-68.01587
-58.77963
-58.77963
-50.51511
-50.51511
-50.51511
-81.66054
-81.66054
-81.66054
-81.66054
-66.45716
-66.45716
-66.45716
-66.45716
-56.19722
-56.19722
-56.19722
-56.19722
-50.51511
-81.66054
-81.66054
-81.66054
-81.66054
-66.45716
-66.45716
-66.45716
-66.45716
-56.19722
-56.19722
-56.19722
-56.19722
-50.51511
-72.26606
-72.26606
-72.26606
-72.26606
-60.76908
-60.76908
-60.76908
-60.76908
-50.6676
-50.6676
-50.6676
-50.6676
-50.6676
-72.26606
-72.26606
-72.26606
-72.26606
-60.76908
-60.76908
-60.76908
-60.76908
-50.6676
-50.6676
-50.6676
-50.6676
-50.6676
)
;
        qro             uniform 0;
    }
    topAir_to_heater
    {
        type            greyDiffusiveRadiationViewFactor;
        value           nonuniform List<scalar> 
40
(
-76.62747
-76.62747
-75.72895
-75.72895
-82.30566
-82.30566
-81.8758
-81.8758
-88.97439
-88.97439
-88.7204
-88.7204
-99.50172
-99.50172
-99.3239
-99.3239
-118.2853
-118.2853
-118.129
-118.129
-118.304
-118.304
-118.1453
-118.1453
-99.54664
-99.54664
-99.35857
-99.35857
-89.03515
-89.03515
-88.76957
-88.76957
-82.38118
-82.38118
-81.93924
-81.93924
-76.70147
-76.70147
-75.8008
-75.8008
)
;
        qro             uniform 0;
    }
    topAir_to_leftSolid
    {
        type            greyDiffusiveRadiationViewFactor;
        value           nonuniform List<scalar> 
130
(
-61.56756
-61.56756
-61.56756
-61.56756
-65.24552
-65.24552
-65.24552
-65.24552
-72.93962
-72.93962
-72.93962
-72.93962
-82.94393
-61.56756
-61.56756
-61.56756
-61.56756
-65.24552
-65.24552
-65.24552
-65.24552
-72.93962
-72.93962
-72.93962
-72.93962
-82.94393
-62.06924
-62.06924
-62.06924
-62.06924
-67.17526
-67.17526
-67.17526
-67.17526
-75.9764
-75.9764
-82.94393
-82.94393
-82.94393
-62.06924
-62.06924
-62.06924
-62.06924
-67.17526
-67.17526
-67.17526
-67.17526
-75.9764
-75.9764
-82.94393
-82.94393
-82.94393
-62.20556
-62.20556
-62.20556
-62.20556
-67.82044
-67.82044
-67.82044
-67.82044
-75.9764
-75.9764
-91.49296
-91.49296
-91.49296
-62.20556
-62.20556
-62.20556
-62.20556
-67.82044
-67.82044
-67.82044
-67.82044
-75.9764
-75.9764
-91.49296
-91.49296
-91.49296
-62.10813
-62.10813
-62.10813
-62.10813
-67.22066
-67.22066
-67.22066
-67.22066
-78.77656
-78.77656
-78.77656
-78.77656
-91.49296
-62.10813
-62.10813
-62.10813
-62.10813
-67.22066
-67.22066
-67.22066
-67.22066
-78.77656
-78.77656
-78.77656
-78.77656
-91.49296
-61.63295
-61.63295
-61.63295
-61.63295
-65.32924
-65.32924
-65.32924
-65.32924
-73.99981
-73.99981
-73.99981
-73.99981
-73.99981
-61.63295
-61.63295
-61.63295
-61.63295
-65.32924
-65.32924
-65.32924
-65.32924
-73.99981
-73.99981
-73.99981
-73.99981
-73.99981
)
;
        qro             uniform 0;
    }
}


// ************************************************************************* //
