/*--------------------------------*- C++ -*----------------------------------*\
| =========                 |                                                 |
| \\      /  F ield         | OpenFOAM: The Open Source CFD Toolbox           |
|  \\    /   O peration     | Version:  v2012                                 |
|   \\  /    A nd           | Website:  www.openfoam.com                      |
|    \\/     M anipulation  |                                                 |
\*---------------------------------------------------------------------------*/
FoamFile
{
    version     2.0;
    format      ascii;
    class       volScalarField;
    location    "200";
    object      alphat;
}
// * * * * * * * * * * * * * * * * * * * * * * * * * * * * * * * * * * * * * //

dimensions      [1 -1 -1 0 0 0 0];


internalField   nonuniform List<scalar> 
4000
(
0.00109022
0.00108969
0.00106339
0.000998349
0.000919924
0.000826591
0.000875336
0.000908522
0.000928143
0.000938954
0.000940518
0.000933825
0.000920185
0.000900941
0.000877283
0.000850228
0.000820733
0.000789923
0.000759365
0.000726891
0.00117028
0.00118822
0.00115559
0.00101646
0.000861335
0.000843917
0.000902502
0.000941395
0.000963962
0.000977549
0.000988315
0.000991422
0.000987024
0.000975397
0.000956307
0.00092892
0.00089158
0.000842267
0.000785263
0.000739728
0.00122531
0.00126662
0.00125306
0.00107799
0.000846897
0.000843904
0.000907849
0.000953747
0.000978414
0.000987899
0.000988069
0.000980149
0.000964901
0.000943108
0.0009127
0.000875131
0.000836615
0.000808438
0.000803272
0.00083025
0.00126543
0.00132692
0.00134549
0.00123146
0.000905626
0.000838236
0.000880848
0.000930418
0.000961138
0.000972364
0.000973907
0.000967564
0.000953703
0.000934251
0.000912894
0.000901521
0.000895887
0.000906008
0.000935107
0.00097035
0.00129888
0.00137731
0.0014264
0.00140062
0.00115667
0.000960802
0.000922773
0.000934383
0.000956142
0.000972257
0.000982546
0.000990181
0.000999833
0.00102597
0.00105225
0.00105868
0.00106187
0.00107049
0.00108457
0.00107953
0.00132921
0.00142151
0.00149531
0.00153073
0.0014598
0.00134367
0.00126615
0.00122763
0.00121275
0.00121346
0.00122733
0.00125223
0.00128252
0.00130546
0.00131075
0.00130108
0.0012783
0.0012484
0.00121545
0.00116154
0.00135706
0.0014629
0.00155435
0.00162883
0.00163947
0.0015965
0.00157118
0.00155737
0.00154784
0.00153962
0.00153156
0.00152251
0.00151117
0.00149617
0.00147631
0.00145034
0.00141655
0.00137254
0.00131167
0.00121876
0.00138317
0.00150556
0.00161233
0.00170159
0.00176305
0.00176801
0.00175773
0.00174264
0.00172283
0.00170012
0.00167605
0.00165098
0.00162584
0.00159916
0.00156902
0.00153373
0.00149125
0.00143814
0.00136412
0.00125065
0.00140801
0.00153897
0.00164607
0.00172984
0.00179691
0.00183936
0.00184212
0.0018303
0.00180898
0.00178232
0.00175292
0.00172185
0.00168925
0.00165453
0.00161658
0.00157404
0.00152594
0.00146885
0.0013897
0.00126758
0.00142947
0.00154214
0.00162711
0.00168592
0.00172895
0.00176411
0.00177584
0.00177229
0.00176039
0.00174378
0.00172363
0.00170067
0.00167515
0.00164688
0.00161519
0.00157877
0.00153531
0.00148006
0.00140156
0.00128009
0.00108969
0.00114887
0.0011342
0.0010595
0.000968114
0.000870553
0.000940041
0.00100183
0.00104057
0.00106376
0.00107302
0.00107066
0.00105861
0.00103859
0.00101182
0.00097919
0.000941494
0.000899357
0.000855488
0.000791462
0.00118822
0.00223634
0.00248057
0.00216581
0.00167375
0.00138097
0.00173006
0.00209481
0.0023322
0.00248848
0.00261478
0.00272561
0.00280828
0.00284644
0.00282067
0.00270906
0.00248437
0.00210934
0.00154591
0.000807142
0.00126662
0.00290924
0.00342592
0.00306806
0.00221648
0.00170009
0.00218104
0.00271579
0.00304918
0.00322643
0.00333313
0.00340163
0.00342669
0.00338258
0.00324028
0.00297243
0.00257098
0.00207982
0.00153546
0.000866543
0.00132692
0.00335077
0.00418876
0.0038821
0.00287179
0.00217904
0.00237297
0.00286649
0.00323816
0.00335734
0.00334918
0.00328356
0.00317937
0.00303139
0.00282824
0.00255987
0.00225044
0.00190248
0.00153306
0.000995159
0.00137731
0.00357904
0.00474301
0.00470347
0.0036445
0.00285422
0.00270897
0.00288259
0.00310346
0.00321885
0.00322401
0.00310974
0.00289087
0.00269962
0.00256537
0.00238902
0.00216238
0.00190883
0.00162941
0.00111113
0.00142151
0.00365838
0.00512814
0.00556789
0.00475118
0.00387808
0.00342797
0.0032485
0.00318516
0.00314167
0.00307813
0.00297059
0.00282876
0.00270581
0.00261775
0.00253782
0.00239443
0.00217526
0.00186267
0.00120712
0.0014629
0.00364143
0.00529085
0.00627591
0.00613384
0.00551796
0.00499466
0.00456015
0.00423097
0.00397417
0.00376114
0.00356779
0.00338595
0.00323728
0.00311932
0.00298133
0.00279463
0.0025399
0.00214898
0.0012791
0.00150556
0.00345657
0.00492584
0.00605811
0.00655972
0.00634971
0.00614318
0.00593982
0.00570526
0.00545439
0.00521191
0.00500397
0.00477246
0.00446679
0.00410461
0.00370648
0.00327956
0.00283483
0.00231727
0.001318
0.00153897
0.0029487
0.00398787
0.00491025
0.00574279
0.0059459
0.00593621
0.00583657
0.00565258
0.00532362
0.00496057
0.00461929
0.0043005
0.00399134
0.00367531
0.00335997
0.00301161
0.0026202
0.00216672
0.00132497
0.00154214
0.00167506
0.00177359
0.00184334
0.00189398
0.00193964
0.00195474
0.00194015
0.00191308
0.00188245
0.00184842
0.00181222
0.00177435
0.00173465
0.00169231
0.00164593
0.00159285
0.0015279
0.0014388
0.00129884
0.00106339
0.0011342
0.00112298
0.00105859
0.000978057
0.000889214
0.00100022
0.00108592
0.00113698
0.00116666
0.00117752
0.00117378
0.00115918
0.00113631
0.00110644
0.00107013
0.00102792
0.00098068
0.000921639
0.000833227
0.00115559
0.00248057
0.00283879
0.00260277
0.00196047
0.00157999
0.00215902
0.00276486
0.00316521
0.00342606
0.00362838
0.00377618
0.00386853
0.00388997
0.00381468
0.00361182
0.00324331
0.00265113
0.00185653
0.000850868
0.00125306
0.00342592
0.00411096
0.00378888
0.00283274
0.00215693
0.0029104
0.00381594
0.00439096
0.00470436
0.00487381
0.00495693
0.00496431
0.00486688
0.0046149
0.00417223
0.00353241
0.00275495
0.001897
0.000894565
0.00134549
0.00418876
0.00523935
0.00497045
0.00388247
0.00298855
0.00338937
0.00427181
0.0048721
0.00509638
0.00509745
0.00498037
0.00480715
0.0045836
0.00426164
0.00379402
0.00322432
0.00258154
0.00189673
0.00100949
0.0014264
0.00474301
0.00615187
0.00606833
0.00500065
0.00403348
0.00405246
0.00454978
0.00496243
0.00511918
0.00503806
0.00471889
0.00429153
0.00398336
0.00373943
0.00341256
0.00300849
0.00253923
0.00199901
0.00112539
0.00149531
0.00512814
0.00688851
0.00707398
0.00612826
0.00517738
0.00496699
0.00507932
0.00516347
0.00512495
0.00495532
0.00465162
0.00428755
0.00397223
0.00370094
0.00345918
0.00318808
0.0028083
0.00226745
0.00122443
0.00155435
0.00529085
0.00733388
0.00774264
0.00701899
0.00624247
0.00608155
0.00608404
0.00593975
0.00572578
0.00546303
0.00515639
0.00483439
0.00454028
0.0042812
0.00403326
0.00373378
0.00330223
0.00263114
0.00130571
0.00161233
0.00492584
0.00697314
0.00764958
0.00738384
0.00693198
0.00695482
0.00705317
0.00697928
0.00678894
0.00654937
0.0062908
0.00601891
0.00573108
0.00541357
0.00501583
0.00445625
0.00375062
0.00286907
0.00135609
0.00164607
0.00398787
0.00568719
0.00643997
0.0066417
0.00663303
0.00676196
0.00680916
0.00669635
0.00648932
0.00625074
0.00600607
0.00576116
0.00551343
0.00525741
0.00485579
0.00424107
0.00349457
0.00265504
0.00136965
0.00162711
0.00177359
0.00187829
0.00195658
0.00201142
0.00204884
0.00207659
0.00206305
0.00203057
0.0019891
0.00194435
0.00189857
0.00185223
0.00180486
0.00175532
0.00170293
0.00164439
0.00157385
0.00147775
0.00132829
0.000998349
0.0010595
0.00105859
0.00101986
0.000954867
0.00090532
0.001083
0.00117846
0.00123013
0.00125615
0.00126136
0.00125068
0.00122959
0.00120206
0.00116922
0.00113114
0.00108729
0.00103571
0.00096457
0.000856973
0.00101646
0.00216581
0.00260277
0.00239457
0.00191552
0.00181341
0.00269791
0.00350224
0.00405368
0.00440844
0.00462918
0.00473265
0.00475877
0.00470636
0.00454648
0.00423819
0.00372812
0.00299959
0.00205485
0.000876504
0.00107799
0.00306806
0.00378888
0.00357298
0.00279637
0.00261901
0.00380499
0.00491363
0.0056313
0.00601936
0.00618833
0.00622277
0.00616449
0.00598155
0.00561824
0.00503285
0.00421838
0.00324024
0.00215257
0.000916577
0.00123146
0.0038821
0.00497045
0.00481315
0.00377626
0.00344274
0.00459622
0.00571739
0.00638947
0.00663655
0.00660334
0.00642
0.00616756
0.00584702
0.00539485
0.00475705
0.00397047
0.00308612
0.00214836
0.00101926
0.00140062
0.00470347
0.00606833
0.0059852
0.00477073
0.0042861
0.00526725
0.00625997
0.00676605
0.0068484
0.00661404
0.00615635
0.00563712
0.00521
0.00480934
0.00431051
0.00371526
0.00302471
0.0022486
0.00113195
0.00153073
0.00556789
0.00707398
0.00695231
0.00565014
0.00507982
0.00590511
0.00676338
0.00706311
0.00699082
0.00669136
0.00621656
0.00566732
0.00515068
0.00467271
0.00425536
0.00383853
0.00327274
0.00252329
0.0012298
0.00162883
0.00627591
0.00774264
0.00748608
0.00635537
0.00579832
0.00649203
0.00727532
0.00754725
0.00740409
0.00711761
0.00671888
0.00625798
0.00579903
0.00536834
0.00494908
0.00447192
0.00383785
0.00292259
0.00131932
0.00170159
0.00605811
0.00764958
0.00758136
0.00688921
0.00652423
0.00713136
0.00780101
0.00803931
0.00795868
0.00776038
0.00748667
0.00715759
0.00679413
0.00640176
0.00595304
0.00528827
0.00437184
0.00320742
0.00138112
0.00172984
0.00491025
0.00643997
0.00673095
0.00665906
0.00665177
0.00710084
0.00741893
0.00741885
0.00724438
0.00702465
0.00679018
0.00654391
0.00629202
0.00600576
0.00563782
0.00502739
0.00409144
0.0029754
0.00140463
0.00168592
0.00184334
0.00195658
0.00202795
0.00207352
0.00210984
0.00216068
0.00215402
0.00211703
0.00206755
0.00201568
0.00196445
0.001914
0.00186355
0.00181108
0.00175317
0.0016885
0.00161463
0.00151238
0.0013578
0.000919924
0.000968114
0.000978057
0.000954867
0.00091701
0.000992206
0.00118752
0.00127832
0.00132176
0.00133573
0.00133107
0.00131041
0.00127938
0.00124539
0.0012095
0.0011715
0.00112736
0.00107034
0.000990741
0.000868959
0.000861335
0.00167375
0.00196047
0.00191552
0.0017819
0.00215843
0.00319751
0.00418555
0.00494133
0.00544961
0.00565138
0.00562497
0.00550017
0.00531373
0.00503603
0.00460508
0.00400784
0.00320621
0.00216866
0.000888789
0.000846897
0.00221648
0.00283274
0.00279637
0.00258102
0.00311237
0.00446631
0.00579294
0.00675854
0.00730451
0.00746371
0.00738091
0.00716906
0.00683966
0.0063421
0.00562483
0.00468954
0.00357694
0.00232656
0.000932114
0.000905626
0.00287179
0.00388247
0.00377626
0.00337759
0.00389768
0.00532247
0.00676474
0.00772017
0.00807838
0.00800286
0.00771405
0.00733611
0.00688001
0.00628445
0.00549481
0.00453405
0.0034584
0.00232264
0.00102656
0.00115667
0.0036445
0.00500065
0.00477073
0.00415569
0.00455092
0.00591325
0.00736719
0.00826776
0.00840583
0.00808741
0.00753463
0.00692138
0.00634792
0.00576537
0.00508274
0.00428644
0.00338592
0.00240975
0.00113573
0.0014598
0.00475118
0.00612826
0.00565014
0.00487474
0.00510691
0.00634086
0.00775903
0.00863816
0.00864934
0.00824251
0.00763749
0.0069366
0.00623168
0.00555885
0.00497067
0.00437122
0.00360838
0.00267329
0.0012345
0.00163947
0.00613384
0.00701899
0.00635537
0.00555378
0.00564898
0.00672556
0.00809399
0.00888879
0.00889479
0.00856951
0.00809651
0.00752186
0.00691386
0.00631633
0.00572007
0.00503729
0.00419318
0.00308279
0.0013257
0.00176305
0.00655972
0.00738384
0.00688921
0.00631301
0.00638039
0.00732004
0.00849564
0.00905557
0.0090532
0.00884702
0.00853683
0.00814053
0.00768358
0.0071841
0.00662788
0.00585699
0.00476292
0.00339564
0.0013961
0.00179691
0.00574278
0.0066417
0.00665906
0.00658495
0.00676679
0.00745761
0.00804567
0.00812311
0.00791291
0.00765689
0.00740206
0.00714158
0.00684132
0.0064924
0.00607637
0.0055102
0.00445653
0.00316351
0.00142828
0.00172895
0.00189398
0.00201142
0.00207352
0.00212048
0.00216548
0.00223525
0.00223787
0.00219383
0.0021324
0.00207071
0.00201273
0.00195781
0.0019038
0.00184827
0.0017879
0.00171873
0.00163982
0.00153491
0.00138057
0.000826591
0.000870553
0.000889214
0.00090532
0.000992206
0.0011572
0.00127191
0.00134744
0.00138569
0.00139581
0.00138999
0.00136267
0.00131832
0.00127594
0.0012371
0.00119708
0.0011502
0.00108977
0.00100469
0.000872756
0.000843917
0.00138097
0.00157999
0.00181341
0.00215843
0.00222975
0.00280383
0.00382511
0.00491363
0.00584246
0.00622591
0.00610992
0.00587811
0.00558529
0.00522503
0.00475295
0.00412207
0.00328686
0.00220899
0.000891855
0.000843904
0.00170009
0.00215693
0.00261901
0.00311237
0.00312295
0.00387561
0.00533029
0.00688505
0.0080345
0.00844988
0.0082901
0.00790374
0.00740594
0.00676949
0.00595648
0.0049485
0.00375628
0.00241515
0.000940484
0.000838236
0.00217904
0.00298855
0.00344274
0.00389768
0.00389674
0.00472389
0.00637724
0.00806892
0.00907671
0.00919224
0.00882151
0.00829172
0.00767479
0.00693292
0.00601075
0.00492073
0.00370761
0.00243102
0.00103061
0.000960802
0.00285422
0.00403348
0.0042861
0.00455092
0.0045603
0.00540545
0.00711016
0.00876867
0.00954411
0.0093598
0.00877077
0.00805357
0.00732165
0.00655716
0.00569519
0.00471478
0.00363684
0.00250484
0.00113532
0.00134367
0.00387808
0.00517738
0.00507982
0.00510691
0.00513834
0.00597499
0.0076431
0.00919111
0.00979198
0.00950442
0.00886399
0.00805882
0.00720829
0.00638113
0.00560257
0.00478799
0.00383499
0.00275049
0.00123349
0.0015965
0.00551796
0.00624247
0.00579832
0.00564898
0.00572589
0.0065466
0.00812297
0.0095004
0.00995367
0.00970924
0.00921823
0.00856833
0.00783925
0.00708815
0.00631661
0.00543695
0.00440208
0.00315154
0.00132436
0.00176801
0.00634971
0.00693198
0.00652423
0.00638039
0.0065503
0.00734616
0.00876318
0.00970561
0.00987579
0.0096886
0.0093565
0.00890685
0.00836673
0.00776216
0.0070899
0.00621194
0.00497561
0.00347603
0.00139959
0.00183936
0.0059459
0.00663303
0.00665177
0.00676679
0.00705211
0.00770047
0.00849074
0.0086665
0.00842705
0.00812555
0.0078441
0.0075378
0.0071891
0.00678769
0.00632002
0.00574448
0.00463161
0.00324462
0.00143665
0.00176411
0.00193964
0.00204884
0.00210984
0.00216548
0.0022166
0.00228346
0.00230131
0.00225345
0.00218067
0.00210908
0.00204403
0.00198323
0.00192405
0.00186399
0.00179925
0.00172419
0.00164393
0.00153937
0.00138919
0.000875337
0.000940041
0.00100022
0.001083
0.00118752
0.00127191
0.00133
0.00136873
0.00140425
0.00142054
0.00142296
0.00139864
0.00134499
0.00129508
0.00125226
0.00121026
0.00116197
0.00109964
0.00101095
0.000871267
0.000902502
0.00173006
0.00215902
0.00269791
0.00319751
0.00280383
0.00243432
0.00287948
0.00392172
0.00528608
0.00624318
0.00625553
0.00599426
0.00564563
0.00524497
0.00475241
0.00411466
0.0032792
0.00220283
0.000890463
0.000907849
0.00218104
0.0029104
0.00380499
0.00446631
0.00387561
0.00340595
0.0041381
0.0058403
0.00774615
0.0087865
0.00869646
0.0082241
0.00762048
0.00690931
0.00605007
0.00501135
0.00379298
0.00242635
0.000942438
0.000880848
0.00237297
0.00338937
0.00459622
0.00532247
0.00472389
0.00429996
0.00525988
0.00730079
0.00916874
0.0098319
0.00956426
0.00894844
0.00819585
0.00732459
0.00630312
0.00513126
0.00383732
0.00247997
0.00103026
0.000922773
0.00270897
0.00405246
0.00526725
0.00591325
0.00540545
0.00512664
0.00625056
0.0083439
0.0098937
0.0101702
0.0096843
0.00892445
0.00806474
0.00714236
0.00612518
0.0049997
0.00379042
0.0025502
0.00112981
0.00126615
0.00342797
0.00496699
0.00590511
0.00634086
0.00597499
0.0058983
0.00712035
0.00906695
0.0102453
0.0103079
0.00978058
0.00896874
0.00802707
0.0070574
0.00609084
0.00507744
0.00396583
0.00277485
0.00122554
0.00157118
0.00499466
0.00608155
0.00649203
0.00672556
0.0065466
0.00669648
0.00794363
0.00960918
0.0104425
0.0104454
0.010029
0.00936433
0.00854864
0.00766154
0.00672967
0.00567959
0.00449114
0.00315408
0.00131471
0.00175773
0.00614319
0.00695482
0.00713136
0.00732004
0.00734616
0.00770017
0.00885923
0.0100411
0.0103548
0.01023
0.00991526
0.00944366
0.00884191
0.00814585
0.00736717
0.00639074
0.00504771
0.00347493
0.00139191
0.00184212
0.00593621
0.00676196
0.00710084
0.00745761
0.00770047
0.00806966
0.00877615
0.0090159
0.0087479
0.00840548
0.00809708
0.0077736
0.00739755
0.00695684
0.00644235
0.00582498
0.00466866
0.00324358
0.00143151
0.00177584
0.00195474
0.00207659
0.00216068
0.00223525
0.00228346
0.00231568
0.00233573
0.00228643
0.00220344
0.0021211
0.00204747
0.00198046
0.00191695
0.00185408
0.00178796
0.00171241
0.0016329
0.00153044
0.00138604
0.000908522
0.00100183
0.00108592
0.00117846
0.00127832
0.00134744
0.00136873
0.00137395
0.00139354
0.00141299
0.00142227
0.00141417
0.00135753
0.00130422
0.00125989
0.00121733
0.00116858
0.00110509
0.0010136
0.000866998
0.000941395
0.00209481
0.00276486
0.00350224
0.00418555
0.00382511
0.00287948
0.00255758
0.00299415
0.00422622
0.00589909
0.0061819
0.00594175
0.00556946
0.00515598
0.00466701
0.00404508
0.00323295
0.00218223
0.000888326
0.000953747
0.00271579
0.00381594
0.00491363
0.00579294
0.00533029
0.0041381
0.00371011
0.00463077
0.00672738
0.00850703
0.00856675
0.00813473
0.00752579
0.00680195
0.0059418
0.00491656
0.00372149
0.00238436
0.000939818
0.000930418
0.00286649
0.00427181
0.00571739
0.00676474
0.00637725
0.00525988
0.0049526
0.006286
0.00854561
0.00978368
0.00968577
0.00911665
0.00833661
0.00741663
0.00636108
0.00516595
0.00385155
0.00247522
0.00102464
0.000934383
0.00288259
0.00454978
0.00625997
0.00736719
0.00711016
0.00625056
0.00621244
0.00773634
0.00963773
0.0103187
0.0100579
0.00938717
0.00849508
0.0074798
0.0063582
0.00514265
0.00385712
0.00255768
0.00111881
0.00122763
0.0032485
0.00507932
0.00676338
0.00775903
0.0076431
0.00712035
0.00737865
0.00885896
0.0102319
0.0105556
0.0102342
0.00952623
0.00857515
0.00751179
0.00640064
0.00523899
0.00401641
0.002762
0.00121087
0.00155737
0.00456015
0.00608404
0.00727532
0.00809399
0.00812297
0.00794363
0.0084316
0.00969207
0.0105635
0.0107074
0.0104393
0.00984119
0.00899596
0.00801319
0.00695567
0.00577486
0.00448344
0.00310967
0.00129768
0.00174264
0.00593982
0.00705317
0.00780101
0.00849564
0.00876318
0.00885923
0.00942064
0.0102737
0.0105482
0.0104373
0.0101721
0.00972272
0.00909487
0.00833438
0.0074724
0.00641946
0.00500874
0.00341333
0.00137539
0.0018303
0.00583657
0.00680916
0.00741893
0.00804567
0.00849074
0.00877615
0.00913644
0.00919874
0.00884978
0.00849439
0.0082068
0.00789216
0.0075023
0.00702985
0.00647348
0.00580967
0.00462102
0.00318971
0.00141733
0.00177229
0.00194015
0.00206305
0.00215402
0.00223787
0.00230131
0.00233573
0.00233308
0.00227569
0.00218812
0.00210447
0.00203092
0.00196397
0.00190038
0.00183737
0.00177103
0.00169598
0.00161645
0.00151559
0.0013763
0.000928143
0.00104057
0.00113698
0.00123013
0.00132176
0.00138569
0.00140425
0.00139354
0.00139115
0.00139992
0.00140912
0.00141443
0.0013607
0.00130885
0.00126561
0.00122357
0.00117472
0.0011102
0.00101586
0.000861657
0.000963962
0.0023322
0.00316521
0.00405368
0.00494133
0.00491363
0.00392172
0.00299415
0.00274733
0.00338101
0.00524276
0.00594457
0.00577305
0.0054255
0.00503428
0.00457023
0.00397733
0.00319707
0.00217489
0.000886971
0.000978414
0.00304918
0.00439096
0.0056313
0.00675854
0.00688505
0.0058403
0.00463077
0.0044096
0.00576152
0.0078827
0.00807472
0.00772348
0.00717647
0.00650335
0.00569242
0.00472329
0.00359221
0.00232086
0.000934831
0.000961138
0.00323816
0.0048721
0.00638947
0.00772017
0.00806892
0.00730079
0.006286
0.00631699
0.00784428
0.0092085
0.00914978
0.00868524
0.00800098
0.00714904
0.00614895
0.00501102
0.003756
0.00242654
0.00101354
0.000956142
0.00310346
0.00496243
0.00676605
0.00826776
0.00876867
0.0083439
0.00773635
0.00801879
0.0092218
0.00988559
0.00974438
0.00926304
0.00848598
0.00749276
0.00636222
0.00513475
0.00384032
0.0025346
0.00110196
0.00121275
0.00318516
0.00516347
0.00706311
0.00863816
0.00919111
0.00906695
0.00885896
0.00926441
0.0100241
0.0102824
0.0101157
0.00959547
0.00874032
0.00767759
0.00650429
0.00527048
0.00399678
0.00272243
0.0011897
0.00154784
0.00423097
0.00593975
0.00754725
0.00888879
0.0095004
0.00960918
0.00969207
0.010091
0.0104829
0.0105418
0.0103808
0.00991143
0.00912344
0.00811498
0.00698748
0.00573472
0.00439781
0.00303275
0.0012737
0.00172283
0.00570526
0.00697928
0.00803931
0.00905557
0.00970561
0.0100411
0.0102737
0.0104972
0.0104831
0.0103176
0.0101063
0.00971512
0.00910405
0.00831793
0.00740643
0.00631251
0.00487721
0.00330495
0.00135166
0.00180898
0.00565258
0.00669635
0.00741885
0.00812311
0.0086665
0.0090159
0.00919874
0.00906891
0.00870471
0.00840285
0.00816625
0.0078764
0.00748618
0.00699526
0.00640989
0.00571604
0.00451783
0.00310081
0.00139643
0.00176039
0.00191308
0.00203057
0.00211703
0.00219383
0.00225345
0.00228643
0.00227569
0.00222021
0.00214234
0.00206752
0.00199991
0.00193687
0.00187604
0.00181492
0.00174969
0.00167474
0.00159563
0.00149625
0.00136178
0.000938954
0.00106376
0.00116666
0.00125615
0.00133573
0.00139581
0.00142054
0.00141299
0.00139992
0.00139523
0.00139651
0.00140428
0.00135808
0.00131268
0.00127289
0.00123216
0.00118332
0.00111754
0.00101972
0.000855654
0.000977549
0.00248848
0.00342606
0.00440844
0.00544961
0.00584246
0.00528608
0.00422622
0.00338101
0.00327398
0.00465915
0.00569178
0.00559087
0.00530991
0.00497017
0.00454216
0.00397703
0.00321871
0.00220568
0.000885892
0.000987899
0.00322643
0.00470436
0.00601936
0.00730451
0.0080345
0.00774615
0.00672738
0.00576152
0.00586365
0.00730965
0.00745638
0.0071802
0.00674017
0.00616339
0.00543327
0.00453712
0.00347689
0.00227249
0.000927644
0.000972364
0.00335734
0.00509638
0.00663655
0.00807838
0.00907671
0.00916874
0.00854561
0.00784428
0.00791204
0.00844408
0.00824132
0.00786056
0.00731758
0.00660912
0.0057383
0.00471772
0.00357419
0.00234936
0.00099745
0.000972257
0.00321885
0.00511918
0.0068484
0.00840583
0.00954411
0.0098937
0.00963773
0.0092218
0.00913026
0.00911508
0.00885784
0.00846346
0.00785953
0.00705353
0.00607263
0.00494906
0.00373115
0.00248235
0.00107898
0.00121346
0.00314167
0.00512495
0.00699082
0.00864934
0.00979198
0.0102453
0.0102319
0.0100241
0.00985051
0.00966185
0.00944064
0.0090839
0.00840507
0.00746212
0.00634634
0.00514529
0.00390026
0.00265869
0.001162
0.00153962
0.00397417
0.00572578
0.00740409
0.00889479
0.00995367
0.0104425
0.0105635
0.0104829
0.0102982
0.0100915
0.00990873
0.00953442
0.00885083
0.00790681
0.006798
0.00555053
0.00423692
0.00292609
0.00124304
0.00170012
0.00545439
0.00678894
0.00795868
0.0090532
0.00987579
0.0103548
0.0105482
0.0104831
0.0102333
0.00999161
0.00978024
0.00942905
0.00885664
0.00808451
0.00716252
0.00606856
0.00465696
0.00315521
0.00132109
0.00178232
0.00532362
0.00648932
0.00724438
0.00791291
0.00842705
0.0087479
0.00884978
0.00870471
0.00843933
0.00821399
0.00800894
0.00773311
0.00734773
0.00685156
0.00625132
0.00553716
0.00436732
0.00298328
0.00136951
0.00174378
0.00188245
0.0019891
0.00206755
0.0021324
0.00218067
0.00220344
0.00218812
0.00214234
0.00208084
0.00201828
0.00195867
0.00190152
0.0018454
0.00178785
0.00172488
0.00165123
0.00157121
0.0014729
0.00134309
0.000940518
0.00107302
0.00117752
0.00126136
0.00133107
0.00138999
0.00142296
0.00142227
0.00140912
0.00139651
0.00138685
0.00138838
0.00135221
0.00131665
0.00128181
0.00124291
0.00119413
0.00112683
0.00102472
0.000847821
0.000988315
0.00261478
0.00362838
0.00462918
0.00565138
0.00622591
0.00624318
0.00589909
0.00524276
0.00465915
0.00542949
0.00558926
0.00549984
0.00531025
0.00503862
0.00464942
0.0041024
0.00334418
0.00230175
0.000883552
0.000988069
0.00333313
0.00487381
0.00618833
0.00746371
0.00844988
0.0087865
0.00850703
0.0078827
0.00730965
0.0071717
0.00699014
0.00677161
0.00645566
0.00599171
0.00534408
0.00450285
0.00347709
0.00228807
0.000916425
0.000973907
0.00334918
0.00509745
0.00660334
0.00800286
0.00919224
0.0098319
0.00978368
0.0092085
0.00844408
0.00782718
0.00739842
0.00704198
0.00662587
0.00606767
0.00533537
0.00443777
0.00340611
0.00227846
0.000976172
0.000982546
0.00322401
0.00503806
0.00661404
0.00808741
0.0093598
0.0101702
0.0103187
0.00988559
0.00911508
0.00836711
0.00780279
0.00735391
0.00686676
0.00624279
0.00545946
0.00453823
0.00350537
0.00239341
0.00104951
0.00122733
0.00307813
0.00495532
0.00669136
0.00824251
0.00950442
0.0103079
0.0105556
0.0102824
0.00966185
0.00899467
0.00845885
0.0079963
0.00747292
0.00675775
0.00584965
0.00480833
0.0036932
0.00255918
0.00112737
0.00153156
0.00376114
0.00546303
0.00711761
0.00856951
0.00970924
0.0104454
0.0107074
0.0105418
0.0100915
0.00958774
0.00916964
0.00874903
0.0081481
0.00732517
0.00632037
0.00517368
0.00397125
0.00278001
0.0012053
0.00167605
0.00521191
0.00654937
0.00776038
0.00884702
0.0096886
0.01023
0.0104373
0.0103176
0.00999161
0.00963417
0.00929893
0.00890412
0.00835188
0.00761429
0.00671671
0.00565639
0.00433161
0.00295948
0.0012834
0.00175292
0.00496057
0.00625074
0.00702465
0.00765689
0.00812555
0.00840548
0.00849439
0.00840285
0.00821399
0.00800454
0.00777069
0.00747396
0.00708578
0.00659205
0.00598956
0.00527064
0.00415946
0.00283298
0.00133657
0.00172363
0.00184842
0.00194435
0.00201568
0.00207071
0.00210908
0.0021211
0.00210447
0.00206752
0.00201828
0.00196533
0.0019128
0.00186169
0.00181096
0.00175772
0.00169755
0.00162523
0.00154346
0.00144587
0.00132061
0.000933825
0.00107066
0.00117378
0.00125068
0.00131041
0.00136267
0.00139864
0.00141417
0.00141443
0.00140428
0.00138838
0.00136795
0.00134419
0.00131839
0.00128816
0.00125076
0.00120152
0.00113192
0.00102473
0.000834958
0.000991422
0.00272561
0.00377618
0.00473265
0.00562497
0.00610992
0.00625553
0.0061819
0.00594457
0.00569178
0.00558926
0.00556203
0.00553055
0.00544672
0.00525282
0.00490766
0.00437566
0.00360083
0.00248572
0.000879163
0.000980149
0.00340163
0.00495693
0.00622277
0.00738091
0.0082901
0.00869646
0.00856675
0.00807472
0.00745638
0.00699014
0.00675672
0.00663349
0.0064635
0.00612841
0.00556424
0.00475132
0.00369688
0.00242208
0.000898659
0.000967564
0.00328356
0.00498037
0.00642
0.00771405
0.00882151
0.00956426
0.00968577
0.00914978
0.00824132
0.00739842
0.00686375
0.00655752
0.00628339
0.00588183
0.00527146
0.00443912
0.00342162
0.00228297
0.00094473
0.000990181
0.00310974
0.00471889
0.00615635
0.00753463
0.00877077
0.0096843
0.0100579
0.00974438
0.00885784
0.00780279
0.00697955
0.00645141
0.00604723
0.00558757
0.00497857
0.00419802
0.00327469
0.00227754
0.00101146
0.00125223
0.00297059
0.00465161
0.00621656
0.00763749
0.00886399
0.00978058
0.0102342
0.0101157
0.00944064
0.00845885
0.0075092
0.00680152
0.00624518
0.00567477
0.00500932
0.00423276
0.00334443
0.00239275
0.00108469
0.00152251
0.00356779
0.00515639
0.00671888
0.00809651
0.00921823
0.010029
0.0104393
0.0103808
0.00990873
0.00916964
0.00838344
0.0077282
0.00710034
0.00636562
0.0055116
0.00456331
0.00356021
0.00256455
0.00116005
0.00165098
0.00500397
0.0062908
0.00748667
0.00853683
0.0093565
0.00991526
0.0101721
0.0101063
0.00978024
0.00929893
0.00876519
0.00823109
0.00763597
0.00691033
0.00604764
0.00503703
0.00386478
0.00269815
0.00123803
0.00172185
0.00461929
0.00600607
0.00679018
0.00740206
0.0078441
0.00809708
0.0082068
0.00816625
0.00800894
0.00777069
0.00746985
0.00711815
0.00670689
0.00621039
0.00561035
0.00489697
0.00384972
0.00262902
0.00129722
0.00170067
0.00181222
0.00189857
0.00196445
0.00201273
0.00204403
0.00204747
0.00203092
0.00199991
0.00195867
0.0019128
0.00186613
0.00182016
0.00177401
0.00172442
0.00166652
0.00159521
0.00151175
0.00141506
0.00129458
0.000920185
0.00105861
0.00115918
0.00122959
0.00127938
0.00131832
0.00134499
0.00135753
0.0013607
0.00135808
0.00135221
0.00134419
0.0013321
0.00131251
0.00128407
0.00124555
0.00119306
0.00111798
0.00100402
0.000812319
0.000987024
0.00280828
0.00386853
0.00475877
0.00550017
0.00587811
0.00599426
0.00594175
0.00577305
0.00559087
0.00549984
0.00553056
0.00561335
0.00564082
0.00553009
0.00523644
0.00472745
0.00394202
0.00274193
0.000874673
0.000964901
0.00342669
0.00496431
0.00616449
0.00716906
0.00790374
0.0082241
0.00813473
0.00772348
0.0071802
0.00677161
0.00663349
0.00666667
0.00667407
0.00649444
0.00603545
0.00525752
0.00414653
0.0026935
0.00087888
0.000953703
0.00317937
0.00480715
0.00616756
0.00733611
0.00829172
0.00894844
0.00911665
0.00868524
0.00786056
0.00704198
0.00655752
0.00639063
0.00630996
0.00609888
0.00562569
0.00483892
0.00375437
0.00244001
0.000901721
0.000999833
0.00289087
0.00429153
0.00563712
0.00692138
0.00805357
0.00892445
0.00938717
0.00926304
0.00846346
0.00735391
0.00645141
0.00595728
0.00569562
0.0054221
0.00497554
0.00428055
0.00334449
0.00225997
0.000958937
0.00128252
0.00282876
0.00428755
0.00566732
0.0069366
0.00805882
0.00896874
0.00952623
0.00959547
0.0090839
0.0079963
0.00680152
0.0059349
0.00540308
0.00497794
0.00449428
0.00386569
0.00307224
0.00220106
0.00102993
0.00151117
0.00338595
0.00483439
0.00625798
0.00752186
0.00856833
0.00936433
0.00984119
0.00991143
0.00953442
0.00874903
0.0077282
0.00665303
0.00585849
0.00518113
0.00451608
0.00381623
0.00305234
0.00226668
0.00110508
0.00162584
0.00477246
0.00601891
0.00715759
0.00814053
0.00890685
0.00944366
0.00972272
0.00971512
0.00942905
0.00890412
0.00823109
0.00753306
0.00683594
0.00605106
0.00516587
0.00421465
0.00325513
0.00235493
0.0011834
0.00168925
0.0043005
0.00576116
0.00654391
0.00714158
0.0075378
0.0077736
0.00789216
0.0078764
0.00773311
0.00747396
0.00711815
0.00670404
0.00624989
0.00573106
0.00511986
0.00438362
0.00336476
0.00233646
0.00124984
0.00167515
0.00177435
0.00185223
0.001914
0.00195781
0.00198323
0.00198046
0.00196397
0.00193687
0.00190152
0.00186169
0.00182016
0.00177796
0.00173449
0.00168652
0.00162926
0.00155684
0.00147394
0.00137919
0.00126381
0.000900941
0.00103859
0.00113631
0.00120206
0.00124539
0.00127594
0.00129508
0.00130422
0.00130885
0.00131268
0.00131665
0.00131839
0.00131251
0.00129417
0.00126261
0.00121789
0.00115688
0.00107164
0.000951705
0.000782884
0.000975397
0.00284644
0.00388997
0.00470636
0.00531373
0.00558529
0.00564563
0.00556946
0.0054255
0.00530991
0.00531025
0.00544672
0.00564082
0.00576773
0.00572909
0.00547772
0.00498848
0.0042036
0.00295162
0.000866415
0.000943108
0.00338258
0.00486688
0.00598155
0.00683966
0.00740594
0.00762049
0.00752579
0.00717647
0.00674017
0.00645566
0.0064635
0.00667407
0.00687032
0.00686051
0.00652785
0.00581568
0.00468337
0.00305948
0.000875511
0.000934251
0.00303139
0.0045836
0.00584702
0.00688001
0.00767479
0.00819585
0.00833661
0.00800098
0.00731758
0.00662587
0.00628339
0.00630996
0.00645749
0.00647157
0.00617439
0.00546798
0.00432305
0.00276542
0.000867817
0.00102597
0.00269962
0.00398336
0.00521
0.00634792
0.00732165
0.00806474
0.00849508
0.00848598
0.00785953
0.00686676
0.00604723
0.00569562
0.00563641
0.00559216
0.00534765
0.00476053
0.00378025
0.00247065
0.000893535
0.00130546
0.00270581
0.00397222
0.00515068
0.00623168
0.00720829
0.00802707
0.00857515
0.00874032
0.00840507
0.00747292
0.00624518
0.00540308
0.00498462
0.00474135
0.00445919
0.00398171
0.00322072
0.00222378
0.000954768
0.00149617
0.00323728
0.00454028
0.00579903
0.00691386
0.00783925
0.00854864
0.00899596
0.00912344
0.00885083
0.0081481
0.00710034
0.00585849
0.00500299
0.0044157
0.00391609
0.00340172
0.00278016
0.00205948
0.00103069
0.00159916
0.00446679
0.00573108
0.00679413
0.00768358
0.00836673
0.00884191
0.00909487
0.00910405
0.00885664
0.00835188
0.00763597
0.00683594
0.00597712
0.00505103
0.00415655
0.00336479
0.00265919
0.00200927
0.00111158
0.00165453
0.00399134
0.00551343
0.00629202
0.00684132
0.0071891
0.00739755
0.0075023
0.00748618
0.00734773
0.00708578
0.00670689
0.00624989
0.00574641
0.00517745
0.00447391
0.00358779
0.00270877
0.00197064
0.00118703
0.00164688
0.00173465
0.00180486
0.00186355
0.0019038
0.00192405
0.00191695
0.00190038
0.00187604
0.0018454
0.00181096
0.00177401
0.00173449
0.00169172
0.0016426
0.00158054
0.00150845
0.00142754
0.00133372
0.0012216
0.000877283
0.00101182
0.00110644
0.00116922
0.0012095
0.0012371
0.00125226
0.00125989
0.00126561
0.00127289
0.00128181
0.00128816
0.00128407
0.00126261
0.00122347
0.00116855
0.00109664
0.00100318
0.000888937
0.000754137
0.000956307
0.00282068
0.00381468
0.00454648
0.00503604
0.00522503
0.00524497
0.00515598
0.00503428
0.00497017
0.00503862
0.00525282
0.00553009
0.00572909
0.0057328
0.00549198
0.0049946
0.00419943
0.0029416
0.000842282
0.0009127
0.00324028
0.0046149
0.00561824
0.0063421
0.00676949
0.00690931
0.00680195
0.00650335
0.00616339
0.00599171
0.00612841
0.00649444
0.00686051
0.00700566
0.00679077
0.0061544
0.00504947
0.00335152
0.000874002
0.000912894
0.00282824
0.00426164
0.00539485
0.00628445
0.00693292
0.00732459
0.00741663
0.00714904
0.00660912
0.00606767
0.00588183
0.00609888
0.00647157
0.00671854
0.00661797
0.00603148
0.00488869
0.00314631
0.000863894
0.00105225
0.00256537
0.00373943
0.00480934
0.00576537
0.00655716
0.00714236
0.0074798
0.00749276
0.00705353
0.00624279
0.00558757
0.0054221
0.00559216
0.00581093
0.00581192
0.00537652
0.00437861
0.00281581
0.000850769
0.00131075
0.00261775
0.00370094
0.00467271
0.00555885
0.00638113
0.0070574
0.00751179
0.00767759
0.00746212
0.00675775
0.00567477
0.00497794
0.00474135
0.00473799
0.00472754
0.00445793
0.00372551
0.0024906
0.00087039
0.00147631
0.00311932
0.0042812
0.00536834
0.00631633
0.00708815
0.00766154
0.00801319
0.00811498
0.00790681
0.00732517
0.00636562
0.00518113
0.0044157
0.00398463
0.00373161
0.00348195
0.00300025
0.00215477
0.000926547
0.00156902
0.00410461
0.00541357
0.00640176
0.0071841
0.00776216
0.00814585
0.00833438
0.00831793
0.00808451
0.00761429
0.00691033
0.00605106
0.00505103
0.00408693
0.00334518
0.00283983
0.00240919
0.00186808
0.00100383
0.00161658
0.00367531
0.00525741
0.00600576
0.0064924
0.00678769
0.00695684
0.00702985
0.00699526
0.00685156
0.00659205
0.00621039
0.00573106
0.00517745
0.00445891
0.00354922
0.00273096
0.00213751
0.00167096
0.00108968
0.00161519
0.00169231
0.00175532
0.00181108
0.00184827
0.00186399
0.00185408
0.00183737
0.00181492
0.00178785
0.00175772
0.00172442
0.00168652
0.0016426
0.00158625
0.00152394
0.00145097
0.0013652
0.0012626
0.001148
0.000850228
0.00097919
0.00107013
0.00113114
0.0011715
0.00119708
0.00121026
0.00121733
0.00122357
0.00123216
0.00124291
0.00125076
0.00124555
0.00121789
0.00116855
0.00110265
0.0010226
0.000930048
0.0008335
0.000726783
0.00092892
0.00270906
0.00361182
0.00423819
0.00460508
0.00475295
0.00475241
0.00466701
0.00457023
0.00454216
0.00464942
0.00490766
0.00523644
0.00547772
0.00549198
0.00523035
0.00470044
0.00389119
0.00270015
0.000807998
0.000875131
0.00297243
0.00417223
0.00503285
0.00562483
0.00595648
0.00605007
0.0059418
0.00569242
0.00543327
0.00534408
0.00556424
0.00603545
0.00652785
0.00679077
0.00666147
0.00608611
0.00504002
0.00339441
0.000853716
0.000901521
0.00255987
0.00379402
0.00475705
0.00549481
0.00601075
0.00630312
0.00636108
0.00614895
0.0057383
0.00533537
0.00527146
0.00562569
0.00617439
0.00661797
0.0066911
0.00623198
0.00516459
0.00339767
0.000861053
0.00105868
0.00238902
0.00341256
0.00431051
0.00508274
0.00569519
0.00612518
0.0063582
0.00636222
0.00607263
0.00545946
0.00497857
0.00497554
0.00534765
0.00581192
0.00604708
0.00577268
0.00482328
0.00313476
0.000845109
0.00130108
0.00253782
0.00345918
0.00425536
0.00497067
0.00560257
0.00609084
0.00640064
0.00650429
0.00634634
0.00584965
0.00500932
0.00449428
0.00445919
0.00472754
0.0050141
0.00495336
0.00425309
0.00280711
0.000826454
0.00145034
0.00298133
0.00403326
0.00494908
0.00572007
0.00631661
0.00672967
0.00695567
0.00698748
0.006798
0.00632037
0.0055116
0.00451608
0.00391609
0.00373161
0.00382784
0.00388639
0.00350499
0.00243719
0.000831322
0.00153373
0.00370648
0.00501583
0.00595304
0.00662788
0.0070899
0.00736717
0.0074724
0.00740643
0.00716252
0.00671671
0.00604764
0.00516587
0.00415655
0.00334518
0.00294605
0.00283563
0.00264515
0.00200508
0.000870864
0.00157404
0.00335996
0.00485579
0.00563782
0.00607637
0.00632002
0.00644235
0.00647348
0.00640989
0.00625132
0.00598956
0.00561035
0.00511986
0.00447391
0.00354922
0.00270238
0.00219054
0.00191475
0.00157346
0.000940917
0.00157877
0.00164593
0.00170293
0.00175317
0.0017879
0.00179925
0.00178796
0.00177103
0.00174969
0.00172488
0.00169755
0.00166652
0.00162926
0.00158054
0.00152394
0.00145769
0.00137306
0.00126072
0.00112616
0.00101273
0.000820733
0.000941494
0.00102792
0.00108729
0.00112736
0.0011502
0.00116197
0.00116858
0.00117472
0.00118332
0.00119413
0.00120152
0.00119306
0.00115688
0.00109664
0.0010226
0.000942457
0.000862701
0.000786323
0.000698388
0.00089158
0.00248437
0.00324331
0.00372812
0.00400784
0.00412207
0.00411466
0.00404508
0.00397733
0.00397703
0.0041024
0.00437566
0.00472745
0.00498848
0.0049946
0.00470044
0.00414114
0.00335978
0.002359
0.000769661
0.000836615
0.00257098
0.00353241
0.00421838
0.00468954
0.0049485
0.00501135
0.00491656
0.00472329
0.00453712
0.00450285
0.00475132
0.00525752
0.00581568
0.0061544
0.00608611
0.00557015
0.00462353
0.00315729
0.000817634
0.000895887
0.00225044
0.00322433
0.00397047
0.00453405
0.00492073
0.00513126
0.00516595
0.00501102
0.00471772
0.00443777
0.00443912
0.00483892
0.00546798
0.00603148
0.00623198
0.00589846
0.00497518
0.00336121
0.000835765
0.00106187
0.00216238
0.0030085
0.00371526
0.00428644
0.00471478
0.0049997
0.00514265
0.00513475
0.00494906
0.00453823
0.00419802
0.00428055
0.00476053
0.00537652
0.00577268
0.00564519
0.00483698
0.00324661
0.000831731
0.0012783
0.00239443
0.00318808
0.00383853
0.00437122
0.00478799
0.00507744
0.00523899
0.00527048
0.00514529
0.00480833
0.00423276
0.00386569
0.00398171
0.00445793
0.00495336
0.0050422
0.00443482
0.00299393
0.000812405
0.00141655
0.00279463
0.00373378
0.00447192
0.00503729
0.00543695
0.00567959
0.00577486
0.00573472
0.00555053
0.00517368
0.00456331
0.00381623
0.00340172
0.00348195
0.00388639
0.00415347
0.00382873
0.00266329
0.000789224
0.00149125
0.00327956
0.00445625
0.00528827
0.00585699
0.00621194
0.00639074
0.00641946
0.00631251
0.00606856
0.00565639
0.00503703
0.00421465
0.00336479
0.00283983
0.00283563
0.00305743
0.00299295
0.00222634
0.000778095
0.00152594
0.00301161
0.00424107
0.00502739
0.0055102
0.00574448
0.00582498
0.00580967
0.00571604
0.00553716
0.00527064
0.00489697
0.00438362
0.00358779
0.00273096
0.00219054
0.00204021
0.001985
0.00164668
0.000791632
0.00153531
0.00159285
0.00164439
0.0016885
0.00171873
0.00172419
0.00171241
0.00169598
0.00167474
0.00165123
0.00162523
0.00159521
0.00155684
0.00150845
0.00145097
0.00137306
0.00125154
0.00108193
0.000923844
0.000832923
0.000789923
0.000899357
0.00098068
0.00103571
0.00107034
0.00108977
0.00109964
0.00110509
0.0011102
0.00111754
0.00112683
0.00113192
0.00111798
0.00107164
0.00100318
0.000930048
0.000862701
0.000801485
0.000743677
0.000668505
0.000842267
0.00210934
0.00265113
0.00299959
0.00320621
0.00328686
0.0032792
0.00323295
0.00319707
0.00321871
0.00334418
0.00360083
0.00394202
0.0042036
0.00419943
0.00389119
0.00335978
0.00273668
0.00199254
0.00072869
0.000808438
0.00207982
0.00275495
0.00324024
0.00357694
0.00375628
0.00379298
0.00372149
0.00359221
0.00347689
0.00347709
0.00369688
0.00414653
0.00468337
0.00504947
0.00504002
0.00462353
0.00386101
0.00269804
0.000770969
0.000906008
0.00190248
0.00258154
0.00308612
0.0034584
0.00370761
0.00383732
0.00385155
0.003756
0.00357419
0.00340611
0.00342162
0.00375437
0.00432305
0.00488869
0.00516459
0.00497518
0.0042786
0.00298712
0.000790309
0.00107049
0.00190883
0.00253923
0.00302471
0.00338592
0.00363684
0.00379042
0.00385712
0.00384032
0.00373115
0.00350537
0.00327469
0.00334449
0.00378025
0.00437861
0.00482328
0.00483698
0.00427192
0.00300354
0.000791831
0.0012484
0.00217526
0.0028083
0.00327274
0.00360838
0.00383499
0.00396583
0.00401641
0.00399678
0.00390026
0.0036932
0.00334443
0.00307224
0.00322072
0.00372551
0.00425309
0.00443482
0.0040315
0.00287278
0.000780592
0.00137254
0.0025399
0.00330223
0.00383785
0.00419318
0.00440208
0.00449114
0.00448344
0.00439781
0.00423692
0.00397125
0.00356021
0.00305234
0.00278016
0.00300025
0.00350499
0.00382873
0.00362124
0.00264729
0.000758844
0.00143814
0.00283483
0.00375062
0.00437184
0.00476292
0.00497561
0.00504771
0.00500874
0.00487721
0.00465696
0.00433161
0.00386478
0.00325513
0.00265919
0.00240919
0.00264515
0.00299295
0.00298663
0.0022929
0.000733132
0.00146885
0.0026202
0.00349457
0.00409144
0.00445653
0.00463161
0.00466866
0.00462102
0.00451783
0.00436732
0.00415946
0.00384972
0.00336476
0.00270877
0.00213751
0.00191475
0.001985
0.00202663
0.00171908
0.000711783
0.00148006
0.0015279
0.00157385
0.00161463
0.00163982
0.00164393
0.0016329
0.00161645
0.00159563
0.00157121
0.00154346
0.00151175
0.00147394
0.00142754
0.0013652
0.00126072
0.00108193
0.000893834
0.000776586
0.000698849
0.000759365
0.000855488
0.000921639
0.00096457
0.000990741
0.00100469
0.00101095
0.0010136
0.00101586
0.00101972
0.00102472
0.00102473
0.00100402
0.000951705
0.000888937
0.0008335
0.000786323
0.000743677
0.000700704
0.000638398
0.000785263
0.00154591
0.00185653
0.00205485
0.00216866
0.00220899
0.00220283
0.00218223
0.00217489
0.00220568
0.00230175
0.00248572
0.00274193
0.00295162
0.0029416
0.00270015
0.002359
0.00199254
0.00153013
0.000683597
0.000803272
0.00153546
0.001897
0.00215257
0.00232656
0.00241515
0.00242635
0.00238436
0.00232086
0.00227249
0.00228807
0.00242208
0.0026935
0.00305948
0.00335152
0.00339441
0.00315729
0.00269804
0.00198669
0.000713034
0.000935107
0.00153306
0.00189673
0.00214836
0.00232264
0.00243102
0.00247997
0.00247522
0.00242653
0.00234936
0.00227846
0.00228297
0.00244001
0.00276542
0.00314631
0.00339767
0.00336121
0.00298712
0.00221975
0.000725869
0.00108457
0.00162941
0.00199901
0.0022486
0.00240975
0.00250484
0.0025502
0.00255768
0.0025346
0.00248235
0.00239341
0.00227754
0.00225997
0.00247065
0.00281581
0.00313476
0.00324661
0.00300354
0.00229051
0.000726207
0.00121545
0.00186267
0.00226745
0.00252329
0.00267329
0.00275049
0.00277485
0.002762
0.00272242
0.00265869
0.00255918
0.00239275
0.00220106
0.00222378
0.0024906
0.00280712
0.00299393
0.00287278
0.00226171
0.000719174
0.00131167
0.00214898
0.00263114
0.00292259
0.00308279
0.00315154
0.00315408
0.00310967
0.00303275
0.00292609
0.00278001
0.00256455
0.00226668
0.00205948
0.00215477
0.00243719
0.00266329
0.00264729
0.00215863
0.000708021
0.00136412
0.00231727
0.00286907
0.00320742
0.00339564
0.00347603
0.00347493
0.00341333
0.00330495
0.00315521
0.00295948
0.00269815
0.00235493
0.00200927
0.00186808
0.00200508
0.00222634
0.0022929
0.00193259
0.000694089
0.0013897
0.00216672
0.00265504
0.0029754
0.00316351
0.00324462
0.00324358
0.00318971
0.00310081
0.00298328
0.00283298
0.00262902
0.00233646
0.00197064
0.00167096
0.00157345
0.00164668
0.00171908
0.00150838
0.000671563
0.00140156
0.0014388
0.00147775
0.00151238
0.00153491
0.00153937
0.00153044
0.00151559
0.00149625
0.0014729
0.00144587
0.00141506
0.00137919
0.00133372
0.0012626
0.00112616
0.000923844
0.000776586
0.000703552
0.000634522
0.000726891
0.000791462
0.000833227
0.000856973
0.000868959
0.000872756
0.000871267
0.000866998
0.000861657
0.000855654
0.000847821
0.000834958
0.000812319
0.000782884
0.000754137
0.000726783
0.000698388
0.000668505
0.000638398
0.000606856
0.000739728
0.000807142
0.000850868
0.000876504
0.000888789
0.000891855
0.000890463
0.000888326
0.000886971
0.000885892
0.000883552
0.000879163
0.000874673
0.000866415
0.000842282
0.000807998
0.000769661
0.00072869
0.000683597
0.000628442
0.00083025
0.000866543
0.000894565
0.000916577
0.000932114
0.000940484
0.000942438
0.000939818
0.000934831
0.000927644
0.000916425
0.000898659
0.00087888
0.000875511
0.000874002
0.000853716
0.000817634
0.000770969
0.000713034
0.000638764
0.00097035
0.000995159
0.00100949
0.00101926
0.00102656
0.00103061
0.00103026
0.00102464
0.00101354
0.00099745
0.000976172
0.00094473
0.000901721
0.000867817
0.000863894
0.000861053
0.000835765
0.000790309
0.000725869
0.000641045
0.00107953
0.00111113
0.00112539
0.00113195
0.00113573
0.00113532
0.00112981
0.00111881
0.00110196
0.00107898
0.00104951
0.00101146
0.000958937
0.000893535
0.000850769
0.000845109
0.000831731
0.000791831
0.000726207
0.000638534
0.00116154
0.00120712
0.00122443
0.0012298
0.0012345
0.00123349
0.00122554
0.00121087
0.0011897
0.001162
0.00112737
0.00108469
0.00102993
0.000954768
0.00087039
0.000826454
0.000812405
0.000780592
0.000719174
0.000634352
0.00121876
0.0012791
0.00130571
0.00131932
0.0013257
0.00132436
0.00131471
0.00129768
0.0012737
0.00124304
0.0012053
0.00116005
0.00110508
0.00103069
0.000926547
0.000831322
0.000789224
0.000758844
0.000708021
0.000628792
0.00125065
0.001318
0.00135609
0.00138112
0.0013961
0.00139959
0.00139191
0.00137539
0.00135166
0.00132109
0.0012834
0.00123803
0.0011834
0.00111158
0.00100383
0.000870864
0.000778095
0.000733132
0.000694089
0.00061936
0.00126758
0.00132497
0.00136965
0.00140463
0.00142828
0.00143665
0.00143151
0.00141733
0.00139643
0.00136951
0.00133657
0.00129722
0.00124984
0.00118703
0.00108968
0.000940917
0.000791632
0.000711783
0.000671563
0.00060587
0.00128009
0.00129884
0.00132829
0.0013578
0.00138057
0.00138919
0.00138604
0.0013763
0.00136178
0.00134309
0.00132061
0.00129458
0.00126381
0.0012216
0.001148
0.00101273
0.000832923
0.000698849
0.000634522
0.000587429
)
;

boundaryField
{
    floor
    {
        type            compressible::alphatWallFunction;
        Prt             0.85;
        value           nonuniform List<scalar> 
400
(
0.00015412
0.000155123
0.000151966
0.000143134
0.000132389
0.00012026
0.000128501
0.00013368
0.000136701
0.000138285
0.000138456
0.000137409
0.000135345
0.000132461
0.000128927
0.000124885
0.000120467
0.000115838
0.000111249
0.000106373
0.000155123
0.000165052
0.000163312
0.000152743
0.000139719
0.000126299
0.000138169
0.000147528
0.000153221
0.000156584
0.000157913
0.000157578
0.000155853
0.000152967
0.00014908
0.000144304
0.000138734
0.000132493
0.000125646
0.000116119
0.000151966
0.000163312
0.000161872
0.000152575
0.000140969
0.000128714
0.000147189
0.000159846
0.000167246
0.000171554
0.000173211
0.000172823
0.000170876
0.000167704
0.000163466
0.000158223
0.000152017
0.000144939
0.000135775
0.000122515
0.000143134
0.000152743
0.000152575
0.0001468
0.000137377
0.000132097
0.000159578
0.000173243
0.000180627
0.000184475
0.000185425
0.000184171
0.000181432
0.000177717
0.000173161
0.000167737
0.000161399
0.000153469
0.000142516
0.000126288
0.000132389
0.000139719
0.000140969
0.000137377
0.000132739
0.000148025
0.000174926
0.000187552
0.000193732
0.000195925
0.000195531
0.000192908
0.000188839
0.000184297
0.000179413
0.000174057
0.000167501
0.000158876
0.000146775
0.000128365
0.00012026
0.000126299
0.000128714
0.000132097
0.000148025
0.000173115
0.000187272
0.000197328
0.000202814
0.000204482
0.000204033
0.000200447
0.000194521
0.000188799
0.000183441
0.000177758
0.000170927
0.000161963
0.000149212
0.000129222
0.000128501
0.000138169
0.000147189
0.000159578
0.000174926
0.000187272
0.000194738
0.000200071
0.000205136
0.000207785
0.000208557
0.000205355
0.000198096
0.000191316
0.000185432
0.000179559
0.000172674
0.000163616
0.000150503
0.000129213
0.00013368
0.000147528
0.000159846
0.000173243
0.000187552
0.000197328
0.000200071
0.000200746
0.000203583
0.000206549
0.000208213
0.000207256
0.000199581
0.000192345
0.000186308
0.000180466
0.000173673
0.000164639
0.000151254
0.000128669
0.000136701
0.000153221
0.000167246
0.000180627
0.000193732
0.000202814
0.000205136
0.000203583
0.000203324
0.000204725
0.000206031
0.000206975
0.000199746
0.000192763
0.00018695
0.000181296
0.00017465
0.000165644
0.00015195
0.000127883
0.000138285
0.000156584
0.000171554
0.000184475
0.000195925
0.000204482
0.000207785
0.000206549
0.000204725
0.000103096
0.000103086
0.000205345
0.000199211
0.000193175
0.00018791
0.000182539
0.000176029
0.000166993
0.000152879
0.00012702
0.000138456
0.000157913
0.000173211
0.000185425
0.000195531
0.000204033
0.000208557
0.000208213
0.000206031
0.000103086
0.0001023
0.00020313
0.000198412
0.000193765
0.000189233
0.000184185
0.000177775
0.000168624
0.000153948
0.000126025
0.000137409
0.000157578
0.000172823
0.000184171
0.000192908
0.000200447
0.000205355
0.000207256
0.000206975
0.000205345
0.00020313
0.000200494
0.000197483
0.000194185
0.000190305
0.000185491
0.000179049
0.000169582
0.000154106
0.00012446
0.000135345
0.000155853
0.000170876
0.000181432
0.000188839
0.000194521
0.000198096
0.000199581
0.000199746
0.000199211
0.000198412
0.000197483
0.000196055
0.000193568
0.000189875
0.000184844
0.000177849
0.000167385
0.000150486
0.000121377
0.000132461
0.000152967
0.000167704
0.000177717
0.000184297
0.000188799
0.000191316
0.000192345
0.000192763
0.000193175
0.000193765
0.000194185
0.000193568
0.000191108
0.000186769
0.000180636
0.000172175
0.000159911
0.000141829
0.000117038
0.000128927
0.00014908
0.000163466
0.000173161
0.000179413
0.000183441
0.000185432
0.000186308
0.00018695
0.00018791
0.000189233
0.000190305
0.000189875
0.000186769
0.000181087
0.000173282
0.000163121
0.000149579
0.000132443
0.000112728
0.000124885
0.000144304
0.000158223
0.000167737
0.000174057
0.000177758
0.000179559
0.000180466
0.000181296
0.000182539
0.000184185
0.000185491
0.000184844
0.000180636
0.000173282
0.000163815
0.000152422
0.000138907
0.00012453
0.0001085
0.000120467
0.000138734
0.000152017
0.000161399
0.000167501
0.000170927
0.000172674
0.000173673
0.00017465
0.000176029
0.000177775
0.000179049
0.000177849
0.000172175
0.000163121
0.000152422
0.000140828
0.000129214
0.000117425
0.000103933
0.000115838
0.000132493
0.000144939
0.000153469
0.000158876
0.000161963
0.000163616
0.000164639
0.000165644
0.000166993
0.000168624
0.000169582
0.000167385
0.000159911
0.000149579
0.000138907
0.000129214
0.000119851
0.000110325
9.89014e-05
0.000111249
0.000125646
0.000135775
0.000142516
0.000146775
0.000149212
0.000150503
0.000151254
0.00015195
0.000152879
0.000153948
0.000154106
0.000150486
0.000141829
0.000132443
0.00012453
0.000117425
0.000110325
0.000103074
9.37047e-05
0.000106373
0.000116119
0.000122515
0.000126288
0.000128365
0.000129222
0.000129213
0.000128669
0.000127883
0.00012702
0.000126025
0.00012446
0.000121377
0.000117038
0.000112728
0.0001085
0.000103933
9.89014e-05
9.37047e-05
8.84364e-05
)
;
    }
    ceiling
    {
        type            compressible::alphatWallFunction;
        Prt             0.85;
        value           nonuniform List<scalar> 
400
(
0.000206685
0.000222857
0.000234758
0.000242905
0.000248794
0.000253498
0.000254616
0.000253787
0.000251945
0.000249542
0.000246714
0.00024353
0.000240002
0.000236076
0.000231631
0.000226443
0.000220104
0.000211787
0.000199554
0.000179963
0.000222857
0.000241396
0.000254976
0.000264547
0.000271447
0.000277595
0.000278894
0.000276436
0.000272498
0.000268164
0.000263501
0.000258603
0.000253503
0.000248147
0.000242383
0.000235959
0.000228419
0.000218858
0.000205207
0.000182994
0.000234758
0.000254976
0.000269331
0.000280054
0.000287482
0.00029225
0.00029491
0.000292513
0.000287858
0.000282182
0.000276173
0.00027009
0.000263975
0.000257739
0.000251166
0.000244023
0.000235836
0.000225624
0.000211233
0.000188018
0.000242905
0.000264547
0.000280054
0.000289723
0.00029562
0.000299882
0.000305339
0.000303816
0.000298666
0.000292088
0.000285288
0.000278621
0.0002721
0.000265602
0.000258793
0.000251101
0.000242107
0.000231489
0.000216475
0.000192887
0.000248794
0.000271447
0.000287482
0.00029562
0.000301251
0.000306343
0.000314219
0.000313851
0.000307918
0.000299994
0.000292098
0.000284696
0.00027771
0.000270852
0.000263754
0.000255861
0.000246331
0.000235193
0.000219948
0.00019665
0.000253498
0.000277595
0.00029225
0.000299882
0.000306343
0.000312034
0.000319764
0.000321118
0.000314761
0.000305593
0.000296606
0.000288405
0.000280745
0.000273305
0.000265714
0.000257368
0.000247324
0.000235943
0.000220786
0.00019823
0.000254616
0.000278894
0.00029491
0.000305339
0.000314219
0.000319764
0.000323294
0.000324671
0.000317914
0.000307517
0.000297319
0.00028819
0.000279872
0.000271979
0.000264097
0.000255616
0.000245559
0.000234318
0.000219532
0.000197939
0.000253787
0.000276436
0.000292513
0.000303816
0.000313851
0.000321118
0.000324671
0.000323414
0.000315754
0.000304932
0.000294713
0.000285685
0.000277431
0.000269551
0.000261641
0.000253107
0.000243043
0.000231873
0.000217372
0.000196606
0.000251945
0.000272498
0.000287858
0.000298666
0.000307918
0.000314761
0.000317914
0.000315754
0.000308512
0.00029891
0.00028978
0.000281518
0.000273776
0.000266221
0.000258489
0.000250015
0.000239945
0.000228774
0.000214505
0.00019448
0.000249542
0.000268164
0.000282182
0.000292088
0.000299994
0.000305593
0.000307517
0.000304932
0.00029891
0.000291215
0.000283516
0.000276225
0.000269199
0.000262169
0.000254765
0.000246434
0.000236392
0.000225072
0.000210967
0.000191628
0.000246714
0.000263501
0.000276173
0.000285288
0.000292098
0.000296606
0.000297319
0.000294713
0.00028978
0.000283516
0.000276931
0.000270463
0.000264114
0.000257635
0.000250593
0.000242406
0.000232356
0.000220762
0.000206761
0.000188068
0.00024353
0.000258603
0.00027009
0.000278621
0.000284696
0.000288405
0.00028819
0.000285685
0.000281518
0.000276225
0.000270463
0.000264616
0.000258752
0.00025265
0.000245826
0.000237658
0.000227487
0.000215649
0.00020175
0.000183681
0.000240002
0.000253503
0.000263975
0.0002721
0.00027771
0.000280745
0.000279872
0.000277431
0.000273776
0.000269199
0.000264114
0.000258752
0.000253135
0.000247095
0.000240159
0.00023168
0.000221109
0.00020924
0.000195356
0.000177752
0.000236076
0.000248147
0.000257739
0.000265602
0.000270852
0.000273305
0.000271979
0.000269551
0.000266221
0.000262169
0.000257635
0.00025265
0.000247095
0.000240795
0.00023321
0.000223813
0.000213
0.000200558
0.000185848
0.000168225
0.000231631
0.000242383
0.000251166
0.000258793
0.000263754
0.000265714
0.000264097
0.000261641
0.000258489
0.000254765
0.000250593
0.000245826
0.000240159
0.00023321
0.000224528
0.000214389
0.000202014
0.000187073
0.000169793
0.000152243
0.000226443
0.000235959
0.000244023
0.000251101
0.000255861
0.000257368
0.000255616
0.000253107
0.000250015
0.000246434
0.000242406
0.000237658
0.00023168
0.000223813
0.000214389
0.0002021
0.000185747
0.000165929
0.000145841
0.000130358
0.000220104
0.000228419
0.000235836
0.000242107
0.000246331
0.000247324
0.000245559
0.000243043
0.000239945
0.000236392
0.000232356
0.000227487
0.000221109
0.000213
0.000202014
0.000185747
0.000163649
0.000140714
0.000122539
0.000109938
0.000211787
0.000218858
0.000225624
0.000231489
0.000235193
0.000235943
0.000234318
0.000231873
0.000228774
0.000225072
0.000220762
0.000215649
0.00020924
0.000200558
0.000187073
0.000165929
0.000140714
0.000121609
0.000109278
9.74618e-05
0.000199554
0.000205207
0.000211233
0.000216475
0.000219948
0.000220786
0.000219532
0.000217372
0.000214505
0.000210967
0.000206761
0.00020175
0.000195356
0.000185848
0.000169793
0.000145841
0.000122539
0.000109278
0.000101223
9.07764e-05
0.000179963
0.000182994
0.000188018
0.000192887
0.00019665
0.00019823
0.000197939
0.000196606
0.00019448
0.000191628
0.000188068
0.000183681
0.000177752
0.000168225
0.000152243
0.000130358
0.000109938
9.74618e-05
9.07764e-05
8.41933e-05
)
;
    }
    fixedWalls
    {
        type            compressible::alphatWallFunction;
        Prt             0.85;
        value           nonuniform List<scalar> 
800
(
0.000153847
0.000165175
0.000173277
0.000179484
0.000184869
0.000189888
0.000194501
0.000198809
0.000202846
0.000206317
0.000154849
0.000169067
0.000180312
0.000189034
0.000196506
0.000203265
0.000209759
0.00021641
0.000221582
0.000222457
0.000151699
0.000165098
0.000179035
0.000192157
0.0002037
0.000213838
0.000222874
0.000231478
0.000236601
0.000234336
0.000142884
0.00014587
0.00015483
0.000176428
0.000200347
0.000219056
0.000233488
0.000244108
0.000248299
0.000242467
0.000132162
0.000124595
0.000123049
0.000132153
0.000168205
0.000210119
0.00023573
0.000253026
0.000257682
0.000248344
0.000120068
0.000122742
0.00012271
0.000122747
0.000140647
0.000194213
0.000230029
0.000254019
0.000263563
0.000253038
0.000128311
0.00013223
0.000132707
0.000128921
0.000135521
0.000183405
0.000226238
0.000252387
0.000263629
0.000254154
0.000133486
0.000138263
0.000139771
0.000136059
0.000137194
0.000178371
0.000224255
0.000250027
0.000261645
0.000253326
0.000136505
0.000141653
0.000143583
0.00014061
0.000140228
0.000176945
0.000222915
0.000247057
0.000258446
0.000251489
0.000138087
0.000143523
0.000145109
0.000142022
0.000142382
0.000177951
0.000221749
0.000243731
0.000254606
0.000249092
0.00013826
0.000144816
0.000145289
0.000142302
0.000144027
0.000180808
0.000220527
0.000240218
0.000250436
0.00024627
0.000137214
0.00014523
0.000144354
0.000141814
0.00014608
0.00018467
0.00021903
0.000236537
0.000246052
0.000243093
0.000135153
0.000144663
0.000142342
0.000140353
0.000149138
0.000188069
0.000217036
0.000232722
0.000241442
0.000239572
0.000132274
0.000143145
0.000139288
0.000137936
0.00015265
0.00018936
0.000214347
0.000228643
0.000236491
0.000235655
0.000128746
0.000140648
0.000135137
0.000134934
0.000153516
0.000188131
0.000210753
0.000223969
0.000231005
0.000231219
0.000124709
0.00013704
0.000129944
0.000131625
0.000151428
0.000184391
0.000205968
0.000218394
0.000224748
0.000226041
0.000120297
0.000132027
0.000124118
0.00012828
0.000148506
0.000178368
0.000199611
0.000211528
0.000217516
0.000219714
0.000115674
0.000125125
0.000118476
0.000126007
0.000145986
0.000171276
0.000191302
0.000202734
0.000208657
0.000211414
0.000111091
0.000116395
0.000114054
0.000125489
0.000144154
0.000163918
0.000180339
0.000190478
0.000196103
0.000199208
0.000106221
0.000107283
0.000112336
0.000126229
0.00014102
0.00015421
0.000164902
0.000172026
0.000176438
0.000179662
0.000106221
0.000107283
0.000112336
0.000126229
0.00014102
0.00015421
0.000164902
0.000172026
0.000176438
0.000179662
0.000115953
0.000118597
0.00012064
0.000131713
0.000145951
0.00015991
0.000172176
0.00018042
0.000184086
0.000182688
0.00012234
0.000125645
0.000126691
0.000135797
0.000149149
0.000162888
0.000175976
0.00018573
0.000190653
0.000187704
0.000126107
0.000129543
0.000130888
0.000138928
0.000151496
0.00016493
0.000178477
0.000189658
0.000196065
0.000192564
0.00012818
0.000131205
0.000133358
0.000141192
0.000153222
0.000166515
0.000180108
0.000192346
0.000199935
0.000196321
0.000129034
0.00013132
0.000134263
0.00014248
0.000154163
0.00016722
0.000180652
0.000193403
0.000201572
0.000197898
0.000129024
0.000130663
0.000134074
0.00014277
0.000154212
0.0001669
0.000179975
0.000192792
0.000201152
0.000197607
0.00012848
0.000129902
0.000133414
0.000142195
0.000153359
0.000165576
0.000178186
0.000190837
0.000199322
0.000196277
0.000127693
0.00012942
0.000132718
0.000140992
0.000151645
0.000163283
0.000175362
0.000187744
0.000196385
0.000194155
0.000126832
0.000129283
0.000132029
0.000139319
0.000149123
0.000160036
0.000171524
0.000183569
0.000192432
0.000191309
0.00012584
0.000129373
0.000131082
0.000137017
0.000145724
0.000155776
0.000166612
0.000178283
0.00018745
0.000187755
0.000124279
0.000129667
0.000129725
0.000133457
0.000140935
0.000150147
0.000160392
0.000171691
0.000181271
0.000183377
0.000121204
0.000130162
0.000129004
0.000128975
0.000133973
0.000142223
0.00015203
0.00016302
0.00017317
0.000177461
0.000116872
0.000128923
0.000130169
0.00012716
0.000127077
0.000132077
0.000140387
0.000150623
0.00016133
0.000167958
0.000112569
0.000125032
0.000129864
0.000128388
0.000124838
0.000123931
0.00012742
0.00013454
0.000144122
0.000152014
0.000108349
0.000119805
0.000126456
0.000127799
0.000125548
0.000121695
0.000119341
0.000120186
0.000124461
0.000130176
0.000103788
0.000113892
0.0001208
0.000123597
0.000123284
0.000120527
0.000116469
0.000112665
0.000110318
0.000109791
9.87636e-05
0.000107322
0.000113474
0.000116413
0.000116793
0.000115289
0.000112034
0.000107665
0.00010284
9.73336e-05
9.35735e-05
0.000100011
0.000104344
0.000106317
0.000106408
0.000105282
0.000103387
0.000100962
9.71218e-05
9.06576e-05
8.83112e-05
9.12339e-05
9.26589e-05
9.29877e-05
9.25663e-05
9.18165e-05
9.08526e-05
8.92564e-05
8.70297e-05
8.40828e-05
0.000153847
0.000165175
0.000173277
0.000179484
0.000184869
0.000189888
0.000194501
0.000198809
0.000202846
0.000206317
0.000154849
0.000169067
0.000180312
0.000189034
0.000196506
0.000203265
0.000209759
0.00021641
0.000221582
0.000222457
0.000151699
0.000165098
0.000179035
0.000192157
0.0002037
0.000213838
0.000222874
0.000231478
0.000236601
0.000234336
0.000142884
0.00014587
0.00015483
0.000176428
0.000200347
0.000219056
0.000233488
0.000244108
0.000248299
0.000242467
0.000132162
0.000124595
0.000123049
0.000132153
0.000168205
0.000210119
0.00023573
0.000253026
0.000257682
0.000248344
0.000120068
0.000122742
0.00012271
0.000122747
0.000140647
0.000194213
0.000230029
0.000254019
0.000263563
0.000253038
0.000128311
0.00013223
0.000132707
0.000128921
0.000135521
0.000183404
0.000226238
0.000252387
0.000263629
0.000254154
0.000133486
0.000138263
0.000139771
0.000136059
0.000137194
0.000178371
0.000224255
0.000250027
0.000261645
0.000253326
0.000136505
0.000141653
0.000143583
0.00014061
0.000140228
0.000176945
0.000222915
0.000247057
0.000258446
0.000251489
0.000138087
0.000143523
0.000145109
0.000142022
0.000142382
0.000177951
0.000221749
0.000243731
0.000254606
0.000249092
0.00013826
0.000144816
0.000145289
0.000142302
0.000144027
0.000180808
0.000220527
0.000240218
0.000250436
0.00024627
0.000137214
0.00014523
0.000144354
0.000141814
0.00014608
0.00018467
0.00021903
0.000236537
0.000246052
0.000243093
0.000135153
0.000144663
0.000142342
0.000140353
0.000149138
0.000188069
0.000217036
0.000232722
0.000241442
0.000239572
0.000132274
0.000143145
0.000139288
0.000137936
0.00015265
0.00018936
0.000214347
0.000228643
0.000236491
0.000235655
0.000128746
0.000140648
0.000135137
0.000134934
0.000153516
0.000188131
0.000210753
0.000223969
0.000231005
0.000231219
0.000124709
0.00013704
0.000129944
0.000131625
0.000151428
0.000184391
0.000205968
0.000218394
0.000224748
0.000226041
0.000120297
0.000132027
0.000124118
0.00012828
0.000148506
0.000178368
0.000199611
0.000211528
0.000217516
0.000219714
0.000115674
0.000125125
0.000118476
0.000126007
0.000145986
0.000171276
0.000191302
0.000202734
0.000208657
0.000211414
0.000111091
0.000116395
0.000114054
0.000125489
0.000144154
0.000163918
0.000180339
0.000190478
0.000196103
0.000199208
0.000106221
0.000107283
0.000112336
0.000126229
0.00014102
0.00015421
0.000164902
0.000172026
0.000176438
0.000179662
0.000106221
0.000107283
0.000112336
0.000126229
0.00014102
0.00015421
0.000164902
0.000172026
0.000176438
0.000179662
0.000115953
0.000118597
0.00012064
0.000131712
0.000145951
0.00015991
0.000172176
0.00018042
0.000184086
0.000182688
0.00012234
0.000125645
0.000126691
0.000135797
0.000149149
0.000162888
0.000175976
0.00018573
0.000190653
0.000187704
0.000126107
0.000129543
0.000130888
0.000138928
0.000151496
0.00016493
0.000178477
0.000189658
0.000196065
0.000192564
0.00012818
0.000131205
0.000133358
0.000141192
0.000153222
0.000166515
0.000180108
0.000192346
0.000199935
0.000196321
0.000129034
0.00013132
0.000134263
0.00014248
0.000154163
0.00016722
0.000180652
0.000193403
0.000201572
0.000197898
0.000129024
0.000130663
0.000134074
0.00014277
0.000154212
0.0001669
0.000179975
0.000192792
0.000201152
0.000197607
0.00012848
0.000129902
0.000133414
0.000142195
0.000153359
0.000165576
0.000178186
0.000190837
0.000199322
0.000196277
0.000127693
0.00012942
0.000132718
0.000140992
0.000151645
0.000163283
0.000175362
0.000187744
0.000196385
0.000194155
0.000126832
0.000129283
0.000132029
0.000139319
0.000149123
0.000160036
0.000171524
0.000183569
0.000192432
0.000191309
0.00012584
0.000129373
0.000131082
0.000137017
0.000145724
0.000155776
0.000166612
0.000178283
0.00018745
0.000187755
0.000124279
0.000129667
0.000129725
0.000133457
0.000140935
0.000150147
0.000160392
0.000171691
0.000181271
0.000183377
0.000121203
0.000130162
0.000129004
0.000128975
0.000133973
0.000142223
0.00015203
0.00016302
0.00017317
0.000177461
0.000116872
0.000128923
0.000130169
0.00012716
0.000127077
0.000132076
0.000140387
0.000150623
0.00016133
0.000167958
0.000112569
0.000125032
0.000129864
0.000128388
0.000124838
0.000123931
0.00012742
0.00013454
0.000144122
0.000152014
0.000108349
0.000119805
0.000126456
0.000127799
0.000125548
0.000121695
0.000119341
0.000120186
0.000124461
0.000130176
0.000103788
0.000113892
0.0001208
0.000123597
0.000123284
0.000120527
0.000116469
0.000112665
0.000110318
0.000109791
9.87636e-05
0.000107322
0.000113474
0.000116413
0.000116793
0.000115289
0.000112034
0.000107665
0.00010284
9.73336e-05
9.35735e-05
0.000100011
0.000104344
0.000106317
0.000106408
0.000105282
0.000103387
0.000100962
9.71218e-05
9.06576e-05
8.83112e-05
9.12339e-05
9.26589e-05
9.29877e-05
9.25663e-05
9.18165e-05
9.08526e-05
8.92564e-05
8.70297e-05
8.40828e-05
)
;
    }
}


// ************************************************************************* //
