/*--------------------------------*- C++ -*----------------------------------*\
| =========                 |                                                 |
| \\      /  F ield         | OpenFOAM: The Open Source CFD Toolbox           |
|  \\    /   O peration     | Version:  v2012                                 |
|   \\  /    A nd           | Website:  www.openfoam.com                      |
|    \\/     M anipulation  |                                                 |
\*---------------------------------------------------------------------------*/
FoamFile
{
    version     2.0;
    format      ascii;
    class       volScalarField;
    location    "200";
    object      T;
}
// * * * * * * * * * * * * * * * * * * * * * * * * * * * * * * * * * * * * * //

dimensions      [0 0 0 1 0 0 0];


internalField   nonuniform List<scalar> 
4000
(
300.533
300.533
300.53
300.522
300.509
300.468
300.435
300.43
300.427
300.424
300.422
300.42
300.418
300.416
300.415
300.413
300.412
300.41
300.41
300.41
300.549
300.552
300.55
300.54
300.51
300.467
300.453
300.45
300.447
300.444
300.442
300.44
300.439
300.439
300.439
300.439
300.44
300.442
300.444
300.447
300.558
300.563
300.561
300.55
300.514
300.476
300.468
300.465
300.462
300.459
300.457
300.455
300.453
300.453
300.453
300.453
300.455
300.458
300.462
300.467
300.564
300.571
300.571
300.56
300.527
300.494
300.485
300.483
300.482
300.482
300.482
300.482
300.482
300.481
300.48
300.479
300.479
300.481
300.483
300.485
300.57
300.578
300.579
300.573
300.552
300.522
300.51
300.506
300.504
300.505
300.508
300.515
300.526
300.535
300.533
300.524
300.517
300.513
300.51
300.502
300.574
300.583
300.586
300.583
300.576
300.566
300.557
300.552
300.55
300.551
300.555
300.561
300.567
300.571
300.572
300.569
300.561
300.55
300.537
300.518
300.576
300.586
300.59
300.589
300.586
300.583
300.583
300.583
300.584
300.584
300.586
300.587
300.588
300.589
300.588
300.586
300.582
300.573
300.558
300.531
300.577
300.587
300.591
300.591
300.589
300.588
300.588
300.588
300.589
300.59
300.591
300.591
300.592
300.592
300.592
300.591
300.587
300.581
300.567
300.538
300.576
300.585
300.589
300.591
300.592
300.592
300.592
300.592
300.591
300.591
300.59
300.59
300.589
300.589
300.588
300.587
300.584
300.579
300.566
300.538
300.571
300.579
300.583
300.585
300.588
300.59
300.59
300.589
300.588
300.586
300.584
300.582
300.58
300.578
300.576
300.574
300.571
300.566
300.556
300.532
300.533
300.53
300.525
300.517
300.506
300.481
300.445
300.44
300.438
300.436
300.434
300.432
300.43
300.428
300.426
300.424
300.422
300.42
300.418
300.415
300.552
300.549
300.544
300.535
300.515
300.481
300.462
300.46
300.458
300.456
300.454
300.453
300.451
300.45
300.449
300.449
300.449
300.45
300.45
300.452
300.563
300.558
300.552
300.542
300.52
300.489
300.475
300.473
300.472
300.469
300.467
300.465
300.463
300.462
300.461
300.46
300.461
300.463
300.466
300.469
300.571
300.566
300.559
300.548
300.528
300.502
300.489
300.487
300.486
300.486
300.485
300.484
300.482
300.48
300.478
300.478
300.478
300.48
300.483
300.484
300.578
300.574
300.566
300.556
300.539
300.519
300.507
300.503
300.502
300.502
300.505
300.51
300.517
300.52
300.515
300.51
300.507
300.506
300.504
300.499
300.583
300.581
300.573
300.563
300.552
300.539
300.53
300.526
300.525
300.526
300.53
300.535
300.542
300.548
300.552
300.55
300.544
300.537
300.529
300.513
300.586
300.585
300.579
300.57
300.56
300.552
300.547
300.545
300.545
300.547
300.55
300.555
300.559
300.564
300.568
300.569
300.567
300.561
300.549
300.525
300.587
300.588
300.584
300.578
300.572
300.567
300.564
300.563
300.562
300.563
300.565
300.568
300.571
300.574
300.576
300.578
300.577
300.572
300.56
300.532
300.585
300.588
300.588
300.587
300.586
300.585
300.584
300.582
300.581
300.58
300.579
300.579
300.58
300.58
300.581
300.581
300.58
300.575
300.563
300.535
300.579
300.583
300.586
300.588
300.591
300.594
300.594
300.592
300.589
300.586
300.583
300.58
300.577
300.575
300.573
300.571
300.568
300.565
300.556
300.532
300.53
300.525
300.52
300.512
300.503
300.484
300.451
300.447
300.445
300.443
300.441
300.44
300.438
300.436
300.434
300.432
300.43
300.427
300.424
300.418
300.55
300.544
300.538
300.529
300.512
300.487
300.468
300.467
300.466
300.465
300.463
300.461
300.46
300.458
300.457
300.456
300.455
300.455
300.455
300.455
300.561
300.552
300.545
300.534
300.518
300.495
300.48
300.48
300.478
300.476
300.474
300.472
300.469
300.467
300.466
300.465
300.465
300.466
300.468
300.47
300.571
300.559
300.549
300.539
300.524
300.505
300.493
300.491
300.49
300.489
300.487
300.485
300.483
300.48
300.478
300.478
300.478
300.48
300.482
300.483
300.579
300.566
300.555
300.544
300.532
300.517
300.508
300.504
300.502
300.501
300.503
300.505
300.508
300.508
300.504
300.501
300.5
300.5
300.5
300.496
300.586
300.573
300.561
300.55
300.54
300.531
300.524
300.519
300.517
300.517
300.519
300.523
300.529
300.534
300.537
300.535
300.53
300.526
300.522
300.509
300.59
300.579
300.567
300.557
300.55
300.546
300.542
300.537
300.533
300.533
300.535
300.539
300.544
300.549
300.553
300.555
300.554
300.55
300.541
300.521
300.591
300.584
300.575
300.567
300.564
300.564
300.562
300.557
300.553
300.55
300.55
300.552
300.555
300.559
300.563
300.566
300.567
300.564
300.554
300.529
300.589
300.588
300.585
300.582
300.582
300.585
300.585
300.58
300.575
300.572
300.569
300.568
300.569
300.57
300.571
300.573
300.573
300.57
300.56
300.534
300.583
300.586
300.588
300.591
300.595
300.6
300.601
300.597
300.592
300.587
300.582
300.578
300.575
300.572
300.569
300.567
300.565
300.562
300.555
300.533
300.522
300.517
300.512
300.506
300.497
300.481
300.455
300.452
300.451
300.45
300.447
300.445
300.443
300.441
300.44
300.438
300.436
300.433
300.429
300.421
300.54
300.535
300.529
300.519
300.506
300.489
300.477
300.476
300.475
300.473
300.47
300.468
300.465
300.464
300.462
300.461
300.46
300.459
300.458
300.457
300.55
300.542
300.534
300.525
300.513
300.5
300.493
300.491
300.487
300.483
300.479
300.477
300.474
300.472
300.47
300.469
300.468
300.468
300.469
300.471
300.56
300.548
300.539
300.53
300.522
300.517
300.511
300.505
300.498
300.493
300.489
300.487
300.484
300.481
300.479
300.478
300.478
300.479
300.481
300.482
300.573
300.556
300.544
300.536
300.532
300.534
300.53
300.52
300.51
300.504
300.502
300.502
300.502
300.5
300.497
300.495
300.495
300.496
300.497
300.494
300.583
300.563
300.55
300.543
300.544
300.551
300.549
300.537
300.524
300.517
300.515
300.517
300.52
300.523
300.525
300.522
300.52
300.519
300.516
300.506
300.589
300.57
300.557
300.552
300.556
300.567
300.566
300.554
300.54
300.532
300.53
300.531
300.534
300.538
300.542
300.544
300.544
300.541
300.535
300.518
300.591
300.578
300.567
300.565
300.572
300.583
300.584
300.573
300.56
300.551
300.547
300.546
300.547
300.55
300.553
300.557
300.558
300.556
300.549
300.528
300.591
300.587
300.582
300.583
300.59
300.601
300.602
300.593
300.582
300.573
300.567
300.564
300.563
300.563
300.564
300.566
300.567
300.565
300.557
300.534
300.585
300.588
300.591
300.596
300.604
300.613
300.615
300.608
300.599
300.591
300.584
300.578
300.574
300.57
300.567
300.565
300.563
300.56
300.554
300.535
300.509
300.506
300.503
300.497
300.491
300.484
300.469
300.465
300.463
300.46
300.454
300.449
300.447
300.445
300.443
300.442
300.44
300.438
300.433
300.425
300.51
300.515
300.512
300.506
300.505
300.515
300.508
300.503
300.496
300.487
300.478
300.473
300.47
300.467
300.466
300.464
300.463
300.461
300.46
300.459
300.514
300.52
300.518
300.513
300.523
300.545
300.545
300.532
300.513
300.496
300.486
300.481
300.477
300.475
300.473
300.471
300.47
300.47
300.47
300.472
300.527
300.528
300.524
300.522
300.541
300.57
300.572
300.554
300.526
300.504
300.494
300.489
300.485
300.482
300.48
300.478
300.478
300.479
300.481
300.482
300.552
300.539
300.532
300.532
300.557
300.588
300.592
300.57
300.538
300.513
300.504
300.5
300.498
300.496
300.493
300.492
300.492
300.493
300.495
300.493
300.576
300.552
300.54
300.544
300.57
300.602
300.606
300.583
300.55
300.524
300.515
300.513
300.514
300.516
300.516
300.513
300.512
300.513
300.512
300.505
300.586
300.56
300.55
300.556
300.582
300.612
300.617
300.594
300.562
300.539
300.529
300.527
300.528
300.531
300.533
300.535
300.535
300.534
300.53
300.517
300.589
300.572
300.564
300.572
300.594
300.62
300.625
300.604
300.577
300.558
300.547
300.543
300.543
300.544
300.547
300.549
300.551
300.55
300.545
300.527
300.592
300.586
300.582
300.59
300.608
300.628
300.632
300.616
300.596
300.58
300.569
300.563
300.56
300.559
300.559
300.56
300.562
300.561
300.554
300.535
300.588
300.591
300.595
300.604
300.616
300.63
300.633
300.622
300.609
300.598
300.588
300.58
300.574
300.569
300.565
300.563
300.56
300.558
300.553
300.536
300.468
300.481
300.484
300.481
300.484
300.554
300.549
300.514
300.5
300.487
300.469
300.454
300.45
300.448
300.447
300.445
300.444
300.441
300.437
300.428
300.467
300.481
300.487
300.489
300.515
300.596
300.623
300.601
300.562
300.522
300.492
300.478
300.473
300.47
300.468
300.466
300.465
300.463
300.462
300.461
300.476
300.489
300.495
300.5
300.545
300.624
300.657
300.634
300.581
300.529
300.498
300.485
300.48
300.477
300.475
300.473
300.472
300.471
300.472
300.472
300.494
300.502
300.505
300.517
300.57
300.642
300.673
300.646
300.587
300.532
300.502
300.491
300.486
300.483
300.481
300.479
300.479
300.479
300.48
300.482
300.522
300.519
300.517
300.534
300.588
300.652
300.678
300.648
300.588
300.535
300.509
300.5
300.497
300.494
300.491
300.49
300.49
300.491
300.493
300.493
300.566
300.539
300.531
300.551
300.602
300.657
300.677
300.646
300.589
300.541
300.518
300.511
300.51
300.51
300.509
300.507
300.507
300.508
300.509
300.504
300.583
300.552
300.546
300.567
300.612
300.658
300.673
300.643
300.591
300.55
300.531
300.524
300.524
300.525
300.527
300.528
300.528
300.528
300.526
300.516
300.588
300.567
300.564
300.583
300.62
300.657
300.668
300.64
300.597
300.565
300.548
300.541
300.539
300.539
300.541
300.543
300.545
300.545
300.542
300.527
300.592
300.585
300.585
300.601
300.628
300.654
300.662
300.64
300.609
300.586
300.571
300.562
300.557
300.555
300.555
300.556
300.558
300.557
300.552
300.535
300.59
300.594
300.6
300.613
300.63
300.646
300.652
300.637
300.619
300.603
300.591
300.581
300.573
300.567
300.563
300.56
300.558
300.556
300.551
300.537
300.435
300.445
300.451
300.455
300.469
300.549
300.756
300.751
300.652
300.568
300.502
300.461
300.453
300.45
300.449
300.448
300.446
300.444
300.44
300.431
300.453
300.462
300.468
300.477
300.508
300.623
300.773
300.788
300.706
300.599
300.515
300.484
300.475
300.472
300.47
300.468
300.466
300.465
300.464
300.463
300.468
300.475
300.48
300.493
300.545
300.657
300.774
300.783
300.699
300.588
300.514
300.49
300.482
300.478
300.476
300.474
300.473
300.473
300.473
300.473
300.485
300.489
300.493
300.511
300.572
300.673
300.762
300.76
300.675
300.573
300.514
300.495
300.488
300.484
300.481
300.48
300.479
300.479
300.481
300.482
300.51
300.507
300.508
300.53
300.592
300.678
300.744
300.731
300.65
300.563
300.517
300.501
300.496
300.493
300.49
300.489
300.489
300.49
300.492
300.492
300.557
300.53
300.524
300.549
300.606
300.677
300.724
300.703
300.629
300.558
300.522
300.51
300.507
300.506
300.505
300.503
300.504
300.505
300.507
300.503
300.583
300.547
300.542
300.566
300.617
300.673
300.704
300.681
300.617
300.56
300.532
300.522
300.52
300.52
300.522
300.523
300.523
300.524
300.524
300.515
300.588
300.564
300.562
300.584
300.625
300.668
300.688
300.665
300.611
300.57
300.548
300.538
300.535
300.535
300.537
300.539
300.54
300.541
300.539
300.526
300.592
300.584
300.585
300.602
300.632
300.662
300.676
300.654
300.617
300.588
300.569
300.559
300.554
300.552
300.552
300.553
300.554
300.554
300.55
300.535
300.59
300.594
300.601
300.615
300.633
300.652
300.661
300.645
300.624
300.605
300.59
300.579
300.571
300.565
300.56
300.557
300.555
300.554
300.55
300.536
300.43
300.44
300.447
300.452
300.465
300.514
300.751
300.999
301.003
300.815
300.599
300.468
300.455
300.452
300.45
300.449
300.448
300.446
300.442
300.434
300.45
300.46
300.467
300.476
300.503
300.601
300.788
300.956
300.939
300.757
300.555
300.49
300.476
300.473
300.471
300.469
300.468
300.466
300.465
300.464
300.465
300.473
300.48
300.491
300.532
300.634
300.783
300.892
300.846
300.678
300.533
300.493
300.483
300.479
300.477
300.476
300.474
300.474
300.474
300.474
300.483
300.487
300.491
300.505
300.554
300.646
300.76
300.823
300.761
300.62
300.524
300.497
300.488
300.485
300.482
300.481
300.48
300.48
300.481
300.482
300.506
300.503
300.504
300.52
300.57
300.648
300.731
300.762
300.695
300.585
300.521
300.502
300.495
300.492
300.49
300.488
300.488
300.489
300.491
300.491
300.552
300.526
300.519
300.537
300.583
300.646
300.703
300.712
300.649
300.567
300.524
300.51
300.505
300.503
300.502
300.501
300.501
300.503
300.505
300.502
300.583
300.545
300.537
300.554
300.594
300.643
300.681
300.676
300.621
300.561
300.531
300.52
300.517
300.517
300.518
300.518
300.519
300.52
300.521
300.514
300.588
300.563
300.557
300.573
300.604
300.64
300.665
300.655
300.609
300.566
300.544
300.535
300.532
300.532
300.533
300.535
300.537
300.538
300.537
300.525
300.592
300.582
300.58
300.593
300.616
300.64
300.654
300.642
300.61
300.582
300.565
300.556
300.551
300.549
300.549
300.55
300.551
300.552
300.548
300.534
300.589
300.592
300.597
300.608
300.622
300.637
300.645
300.634
300.615
300.598
300.585
300.576
300.568
300.562
300.558
300.555
300.554
300.552
300.549
300.535
300.427
300.438
300.445
300.451
300.463
300.5
300.652
301.003
301.367
301.379
300.88
300.477
300.456
300.453
300.451
300.45
300.449
300.447
300.444
300.436
300.447
300.458
300.466
300.475
300.496
300.562
300.706
300.939
301.118
301.008
300.619
300.494
300.477
300.473
300.471
300.469
300.468
300.467
300.465
300.464
300.462
300.472
300.478
300.487
300.513
300.581
300.699
300.846
300.914
300.775
300.546
300.494
300.483
300.479
300.478
300.476
300.475
300.474
300.474
300.474
300.482
300.486
300.49
300.498
300.526
300.587
300.675
300.761
300.768
300.647
300.524
300.495
300.488
300.485
300.483
300.482
300.481
300.481
300.481
300.482
300.504
300.502
300.502
300.51
300.538
300.588
300.65
300.695
300.674
300.584
300.518
300.5
300.495
300.492
300.49
300.489
300.488
300.489
300.49
300.49
300.55
300.525
300.517
300.524
300.55
300.589
300.629
300.649
300.62
300.557
300.519
300.508
300.504
300.502
300.5
300.499
300.5
300.502
300.503
300.501
300.584
300.545
300.533
300.54
300.562
300.591
300.617
300.621
300.592
300.549
300.526
300.518
300.515
300.515
300.515
300.515
300.516
300.518
300.519
300.513
300.589
300.562
300.553
300.56
300.577
300.597
300.611
300.609
300.584
300.554
300.539
300.532
300.53
300.53
300.531
300.532
300.534
300.535
300.535
300.524
300.591
300.581
300.575
300.582
300.596
300.609
300.617
300.61
300.59
300.571
300.559
300.552
300.548
300.546
300.546
300.548
300.549
300.55
300.547
300.533
300.588
300.589
300.592
300.599
300.609
300.619
300.624
300.615
300.602
300.589
300.579
300.571
300.564
300.559
300.555
300.553
300.552
300.551
300.547
300.534
300.424
300.436
300.443
300.45
300.46
300.487
300.568
300.815
301.379
302.223
301.585
300.483
300.455
300.452
300.451
300.45
300.449
300.447
300.443
300.436
300.444
300.456
300.465
300.473
300.487
300.522
300.599
300.757
301.008
301.171
300.695
300.492
300.475
300.471
300.47
300.469
300.467
300.466
300.464
300.463
300.459
300.469
300.476
300.483
300.496
300.529
300.588
300.678
300.775
300.762
300.54
300.49
300.481
300.478
300.477
300.475
300.474
300.473
300.473
300.472
300.482
300.486
300.489
300.493
300.504
300.532
300.573
300.62
300.647
300.603
300.512
300.491
300.486
300.484
300.482
300.481
300.481
300.481
300.48
300.48
300.505
300.502
300.501
300.504
300.513
300.535
300.563
300.585
300.584
300.547
300.507
300.497
300.493
300.491
300.489
300.489
300.489
300.489
300.49
300.489
300.551
300.526
300.517
300.517
300.524
300.541
300.558
300.567
300.557
300.531
300.511
300.505
300.502
300.501
300.499
300.498
300.499
300.5
300.502
300.499
300.584
300.547
300.533
300.532
300.539
300.55
300.56
300.561
300.549
300.531
300.52
300.516
300.514
300.513
300.513
300.513
300.514
300.516
300.517
300.51
300.59
300.563
300.55
300.551
300.558
300.565
300.57
300.566
300.554
300.541
300.534
300.53
300.529
300.528
300.529
300.53
300.531
300.533
300.532
300.522
300.591
300.58
300.572
300.573
300.58
300.586
300.588
300.582
300.571
300.56
300.553
300.549
300.546
300.545
300.545
300.546
300.548
300.548
300.545
300.531
300.586
300.586
300.587
300.591
300.598
300.603
300.605
300.598
300.589
300.58
300.573
300.566
300.56
300.556
300.553
300.551
300.55
300.549
300.546
300.533
300.422
300.434
300.441
300.447
300.454
300.469
300.502
300.599
300.88
301.585
301.294
300.47
300.453
300.451
300.45
300.449
300.448
300.446
300.442
300.433
300.442
300.454
300.463
300.47
300.478
300.492
300.515
300.555
300.619
300.695
300.54
300.479
300.471
300.469
300.467
300.466
300.465
300.464
300.462
300.459
300.457
300.467
300.474
300.479
300.486
300.498
300.514
300.533
300.546
300.54
300.497
300.482
300.477
300.475
300.474
300.472
300.472
300.471
300.47
300.469
300.482
300.485
300.487
300.489
300.494
300.502
300.514
300.524
300.524
300.512
300.493
300.486
300.483
300.481
300.479
300.479
300.478
300.478
300.477
300.476
300.508
300.505
300.503
300.502
300.504
300.509
300.517
300.521
300.518
300.507
300.497
300.492
300.49
300.488
300.487
300.486
300.487
300.487
300.487
300.485
300.555
300.53
300.519
300.515
300.515
300.518
300.522
300.524
300.519
300.511
300.506
300.503
300.5
300.499
300.497
300.497
300.498
300.499
300.499
300.495
300.586
300.55
300.535
300.53
300.529
300.531
300.532
300.531
300.526
300.52
300.517
300.515
300.513
300.512
300.512
300.511
300.512
300.513
300.514
300.507
300.591
300.565
300.55
300.547
300.547
300.548
300.548
300.544
300.539
300.534
300.531
300.529
300.528
300.528
300.528
300.529
300.529
300.531
300.529
300.518
300.59
300.579
300.569
300.567
300.569
300.571
300.569
300.565
300.559
300.553
300.549
300.546
300.545
300.544
300.544
300.545
300.547
300.547
300.543
300.528
300.584
300.583
300.582
300.584
300.588
300.591
300.59
300.585
300.579
300.573
300.567
300.561
300.557
300.553
300.551
300.55
300.549
300.548
300.545
300.531
300.42
300.432
300.44
300.445
300.449
300.454
300.461
300.468
300.477
300.483
300.47
300.453
300.45
300.448
300.447
300.447
300.445
300.443
300.438
300.426
300.44
300.453
300.461
300.468
300.473
300.478
300.484
300.49
300.494
300.492
300.479
300.471
300.467
300.465
300.464
300.463
300.461
300.459
300.457
300.454
300.455
300.465
300.472
300.477
300.481
300.485
300.49
300.493
300.494
300.49
300.482
300.476
300.473
300.47
300.469
300.467
300.466
300.465
300.464
300.463
300.482
300.484
300.485
300.487
300.489
300.491
300.495
300.497
300.495
300.491
300.486
300.482
300.478
300.475
300.473
300.472
300.472
300.471
300.471
300.47
300.515
300.51
300.505
300.502
300.5
300.5
300.501
300.502
300.5
300.497
300.492
300.489
300.485
300.482
300.48
300.48
300.48
300.48
300.481
300.479
300.561
300.535
300.523
300.517
300.513
300.511
300.51
300.51
300.508
300.505
300.503
300.499
300.496
300.493
300.492
300.491
300.492
300.493
300.493
300.489
300.587
300.555
300.539
300.531
300.527
300.524
300.522
300.52
300.518
300.516
300.515
300.514
300.513
300.511
300.509
300.508
300.508
300.509
300.508
300.5
300.591
300.568
300.552
300.546
300.543
300.541
300.538
300.535
300.532
300.53
300.529
300.529
300.528
300.528
300.528
300.528
300.527
300.527
300.524
300.512
300.59
300.579
300.568
300.564
300.563
300.562
300.559
300.556
300.552
300.549
300.546
300.545
300.544
300.544
300.544
300.545
300.546
300.545
300.539
300.523
300.582
300.58
300.578
300.578
300.58
300.581
300.579
300.576
300.571
300.566
300.561
300.557
300.554
300.551
300.55
300.549
300.548
300.547
300.543
300.527
300.418
300.43
300.438
300.443
300.447
300.45
300.453
300.455
300.456
300.455
300.453
300.45
300.447
300.446
300.444
300.443
300.441
300.438
300.431
300.417
300.439
300.451
300.46
300.465
300.47
300.473
300.475
300.476
300.477
300.475
300.471
300.467
300.464
300.462
300.46
300.458
300.457
300.454
300.451
300.445
300.453
300.463
300.469
300.474
300.477
300.48
300.482
300.483
300.483
300.481
300.477
300.473
300.469
300.466
300.463
300.462
300.46
300.459
300.457
300.455
300.482
300.482
300.483
300.484
300.485
300.486
300.488
300.488
300.488
300.486
300.483
300.478
300.473
300.469
300.466
300.464
300.463
300.462
300.462
300.461
300.526
300.517
300.508
300.502
300.498
300.497
300.496
300.495
300.495
300.493
300.49
300.485
300.48
300.475
300.472
300.469
300.468
300.468
300.469
300.468
300.567
300.542
300.529
300.52
300.514
300.51
300.507
300.505
300.504
300.502
300.5
300.496
300.492
300.487
300.483
300.48
300.478
300.479
300.48
300.477
300.588
300.559
300.544
300.534
300.528
300.524
300.52
300.517
300.515
300.514
300.513
300.513
300.509
300.505
300.501
300.498
300.496
300.497
300.496
300.489
300.592
300.571
300.555
300.547
300.543
300.539
300.535
300.532
300.53
300.529
300.528
300.528
300.529
300.528
300.526
300.523
300.521
300.518
300.513
300.501
300.589
300.58
300.569
300.563
300.56
300.557
300.554
300.551
300.548
300.546
300.545
300.544
300.544
300.545
300.545
300.545
300.544
300.539
300.531
300.513
300.58
300.577
300.575
300.574
300.574
300.573
300.571
300.568
300.564
300.56
300.557
300.554
300.552
300.55
300.549
300.548
300.548
300.546
300.539
300.52
300.416
300.428
300.436
300.441
300.445
300.448
300.45
300.452
300.453
300.452
300.451
300.448
300.446
300.443
300.441
300.439
300.436
300.432
300.424
300.411
300.439
300.45
300.458
300.464
300.467
300.47
300.472
300.473
300.473
300.471
300.469
300.465
300.462
300.459
300.457
300.454
300.452
300.449
300.445
300.437
300.453
300.462
300.467
300.472
300.475
300.477
300.478
300.479
300.479
300.478
300.475
300.47
300.466
300.462
300.459
300.457
300.455
300.453
300.45
300.447
300.481
300.48
300.48
300.481
300.482
300.483
300.484
300.485
300.485
300.484
300.481
300.475
300.469
300.464
300.46
300.457
300.455
300.454
300.453
300.452
300.535
300.52
300.508
300.5
300.496
300.494
300.493
300.492
300.492
300.491
300.488
300.482
300.475
300.469
300.464
300.46
300.457
300.456
300.456
300.456
300.571
300.548
300.534
300.523
300.516
300.51
300.506
300.503
300.502
300.501
300.499
300.493
300.487
300.479
300.473
300.467
300.463
300.461
300.461
300.462
300.589
300.564
300.549
300.538
300.531
300.525
300.52
300.517
300.515
300.513
300.512
300.511
300.505
300.499
300.491
300.483
300.477
300.474
300.473
300.471
300.592
300.574
300.559
300.55
300.544
300.539
300.535
300.532
300.53
300.528
300.528
300.528
300.528
300.526
300.521
300.513
300.504
300.497
300.491
300.482
300.589
300.58
300.57
300.563
300.559
300.555
300.552
300.549
300.546
300.545
300.544
300.544
300.545
300.546
300.545
300.542
300.535
300.524
300.511
300.494
300.578
300.575
300.572
300.57
300.569
300.567
300.565
300.562
300.559
300.556
300.553
300.551
300.55
300.549
300.549
300.548
300.545
300.539
300.526
300.503
300.415
300.426
300.434
300.44
300.443
300.447
300.449
300.45
300.451
300.451
300.45
300.447
300.444
300.441
300.438
300.435
300.431
300.426
300.417
300.406
300.439
300.449
300.457
300.462
300.466
300.468
300.47
300.471
300.471
300.47
300.467
300.464
300.46
300.457
300.454
300.451
300.448
300.445
300.439
300.431
300.453
300.461
300.466
300.47
300.473
300.475
300.476
300.477
300.478
300.477
300.474
300.469
300.463
300.459
300.456
300.453
300.451
300.448
300.445
300.44
300.48
300.478
300.478
300.479
300.48
300.481
300.481
300.482
300.483
300.482
300.479
300.473
300.466
300.46
300.456
300.453
300.45
300.448
300.447
300.445
300.533
300.515
300.504
300.497
300.493
300.491
300.49
300.49
300.49
300.489
300.487
300.48
300.472
300.464
300.457
300.452
300.449
300.448
300.447
300.447
300.572
300.552
300.537
300.525
300.516
300.509
300.505
300.502
300.5
300.499
300.497
300.492
300.483
300.473
300.463
300.456
300.45
300.448
300.447
300.449
300.588
300.568
300.553
300.542
300.533
300.527
300.522
300.518
300.515
300.513
300.512
300.509
300.501
300.491
300.479
300.467
300.457
300.452
300.451
300.452
300.592
300.576
300.563
300.553
300.547
300.541
300.537
300.533
300.531
300.529
300.528
300.528
300.526
300.521
300.509
300.493
300.477
300.465
300.46
300.458
300.588
300.581
300.571
300.564
300.559
300.555
300.552
300.549
300.546
300.545
300.544
300.544
300.545
300.545
300.541
300.53
300.512
300.493
300.476
300.465
300.576
300.573
300.569
300.567
300.565
300.563
300.56
300.558
300.555
300.553
300.551
300.55
300.549
300.549
300.548
300.545
300.536
300.519
300.496
300.472
300.413
300.424
300.432
300.438
300.442
300.445
300.448
300.449
300.45
300.45
300.449
300.447
300.443
300.439
300.435
300.431
300.426
300.419
300.412
300.402
300.439
300.449
300.456
300.461
300.464
300.466
300.468
300.469
300.469
300.469
300.466
300.463
300.458
300.454
300.451
300.448
300.444
300.44
300.434
300.426
300.453
300.46
300.465
300.469
300.471
300.473
300.474
300.476
300.476
300.475
300.472
300.467
300.462
300.457
300.453
300.45
300.447
300.444
300.44
300.434
300.479
300.478
300.478
300.478
300.478
300.479
300.48
300.481
300.482
300.481
300.479
300.472
300.464
300.457
300.453
300.449
300.446
300.444
300.441
300.438
300.524
300.51
300.501
300.495
300.492
300.49
300.489
300.488
300.489
300.489
300.486
300.48
300.469
300.46
300.452
300.448
300.445
300.443
300.441
300.44
300.569
300.55
300.535
300.522
300.513
300.507
300.503
300.501
300.499
300.498
300.497
300.491
300.48
300.467
300.456
300.447
300.443
300.44
300.44
300.441
300.586
300.569
300.555
300.544
300.535
300.528
300.523
300.518
300.515
300.513
300.511
300.508
300.498
300.483
300.467
300.453
300.443
300.438
300.438
300.44
300.591
300.578
300.566
300.557
300.549
300.543
300.539
300.535
300.532
300.53
300.529
300.528
300.523
300.513
300.493
300.47
300.451
300.44
300.437
300.439
300.587
300.581
300.573
300.566
300.56
300.556
300.553
300.55
300.548
300.546
300.545
300.545
300.545
300.542
300.53
300.507
300.477
300.452
300.44
300.438
300.574
300.571
300.567
300.565
300.563
300.56
300.557
300.555
300.553
300.551
300.55
300.549
300.548
300.548
300.545
300.534
300.511
300.478
300.449
300.434
300.412
300.422
300.43
300.436
300.44
300.444
300.446
300.448
300.449
300.449
300.448
300.445
300.441
300.436
300.431
300.426
300.42
300.413
300.406
300.398
300.44
300.449
300.455
300.46
300.463
300.465
300.466
300.468
300.468
300.467
300.465
300.461
300.457
300.452
300.448
300.444
300.44
300.434
300.428
300.422
300.455
300.461
300.465
300.468
300.47
300.472
300.473
300.474
300.475
300.474
300.472
300.466
300.46
300.455
300.451
300.447
300.443
300.439
300.435
300.43
300.479
300.478
300.478
300.478
300.478
300.479
300.479
300.48
300.481
300.481
300.478
300.472
300.463
300.455
300.45
300.446
300.443
300.44
300.437
300.433
300.517
300.507
300.5
300.495
300.492
300.49
300.489
300.488
300.488
300.489
300.487
300.48
300.468
300.457
300.449
300.445
300.441
300.439
300.436
300.434
300.561
300.544
300.53
300.52
300.512
300.507
300.504
300.501
300.5
300.499
300.498
300.492
300.478
300.463
300.45
300.443
300.438
300.436
300.434
300.434
300.582
300.567
300.554
300.544
300.535
300.528
300.523
300.519
300.516
300.514
300.512
300.508
300.496
300.477
300.457
300.443
300.435
300.432
300.431
300.432
300.587
300.577
300.567
300.558
300.551
300.545
300.54
300.537
300.534
300.531
300.529
300.527
300.521
300.504
300.477
300.451
300.434
300.427
300.427
300.428
300.584
300.58
300.573
300.567
300.562
300.558
300.554
300.551
300.549
300.548
300.547
300.546
300.544
300.535
300.512
300.477
300.443
300.425
300.42
300.422
300.571
300.568
300.565
300.563
300.56
300.558
300.555
300.554
300.552
300.55
300.549
300.548
300.548
300.545
300.536
300.511
300.469
300.43
300.411
300.407
300.41
300.42
300.427
300.433
300.438
300.441
300.444
300.446
300.447
300.447
300.446
300.443
300.438
300.432
300.426
300.419
300.413
300.407
300.4
300.395
300.442
300.45
300.455
300.459
300.461
300.463
300.465
300.466
300.467
300.466
300.464
300.459
300.454
300.449
300.445
300.44
300.434
300.428
300.423
300.419
300.458
300.463
300.466
300.468
300.47
300.471
300.473
300.474
300.474
300.473
300.471
300.465
300.459
300.453
300.448
300.444
300.439
300.435
300.43
300.425
300.481
300.48
300.48
300.479
300.479
300.479
300.479
300.48
300.481
300.481
300.478
300.471
300.462
300.454
300.448
300.444
300.44
300.436
300.432
300.427
300.513
300.506
300.5
300.496
300.493
300.491
300.49
300.489
300.489
300.489
300.487
300.48
300.468
300.456
300.448
300.443
300.439
300.435
300.431
300.428
300.55
300.537
300.526
300.519
300.513
300.508
300.505
300.503
300.502
300.5
300.499
300.493
300.479
300.461
300.448
300.44
300.436
300.432
300.429
300.427
300.573
300.561
300.55
300.541
300.534
300.528
300.524
300.52
300.518
300.516
300.513
300.509
300.497
300.474
300.452
300.438
300.432
300.429
300.426
300.425
300.581
300.572
300.564
300.556
300.55
300.545
300.541
300.538
300.535
300.533
300.531
300.527
300.518
300.497
300.465
300.44
300.427
300.423
300.421
300.421
300.579
300.575
300.57
300.565
300.561
300.557
300.554
300.552
300.55
300.548
300.547
300.545
300.539
300.524
300.493
300.452
300.425
300.415
300.413
300.413
300.566
300.565
300.562
300.56
300.558
300.556
300.554
300.552
300.551
300.549
300.548
300.547
300.546
300.539
300.519
300.478
300.43
300.403
300.394
300.393
300.41
300.418
300.424
300.429
300.433
300.437
300.44
300.442
300.444
300.443
300.442
300.438
300.431
300.424
300.417
300.412
300.406
300.4
300.396
300.394
300.444
300.45
300.455
300.458
300.46
300.462
300.464
300.465
300.465
300.464
300.462
300.457
300.451
300.445
300.439
300.434
300.428
300.423
300.419
300.416
300.462
300.466
300.468
300.469
300.47
300.472
300.473
300.474
300.474
300.473
300.47
300.464
300.457
300.45
300.445
300.44
300.435
300.43
300.425
300.421
300.483
300.483
300.482
300.481
300.481
300.48
300.481
300.481
300.481
300.48
300.477
300.471
300.462
300.453
300.447
300.441
300.437
300.432
300.427
300.423
300.51
300.504
300.5
300.497
300.495
300.493
300.492
300.491
300.49
300.49
300.487
300.481
300.469
300.456
300.447
300.441
300.436
300.431
300.427
300.422
300.537
300.529
300.522
300.516
300.512
300.509
300.507
300.505
300.503
300.502
300.499
300.493
300.48
300.461
300.447
300.44
300.434
300.429
300.425
300.421
300.558
300.549
300.541
300.535
300.53
300.526
300.524
300.521
300.519
300.517
300.514
300.508
300.496
300.473
300.451
300.438
300.431
300.426
300.422
300.419
300.567
300.56
300.554
300.549
300.545
300.542
300.539
300.537
300.535
300.532
300.529
300.524
300.513
300.491
300.46
300.437
300.427
300.421
300.418
300.415
300.566
300.563
300.56
300.557
300.554
300.552
300.55
300.548
300.547
300.545
300.543
300.539
300.531
300.511
300.476
300.44
300.42
300.413
300.409
300.406
300.556
300.556
300.555
300.554
300.553
300.551
300.55
300.549
300.547
300.546
300.545
300.543
300.539
300.526
300.496
300.449
300.411
300.394
300.389
300.386
300.41
300.415
300.418
300.421
300.425
300.428
300.431
300.434
300.436
300.436
300.433
300.426
300.417
300.411
300.406
300.402
300.398
300.395
300.394
300.394
300.447
300.452
300.455
300.457
300.459
300.461
300.463
300.464
300.464
300.463
300.459
300.454
300.445
300.437
300.431
300.426
300.422
300.419
300.416
300.415
300.467
300.469
300.47
300.471
300.472
300.472
300.473
300.474
300.474
300.472
300.469
300.463
300.455
300.447
300.44
300.434
300.43
300.425
300.421
300.418
300.485
300.484
300.483
300.482
300.482
300.482
300.482
300.482
300.482
300.48
300.476
300.47
300.461
300.452
300.445
300.438
300.433
300.427
300.423
300.419
300.502
300.499
300.496
300.494
300.493
300.493
300.492
300.491
300.49
300.489
300.485
300.479
300.468
300.456
300.447
300.44
300.434
300.428
300.422
300.418
300.518
300.513
300.509
300.506
300.505
300.504
300.503
300.502
300.501
300.499
300.495
300.489
300.477
300.462
300.449
300.441
300.434
300.427
300.421
300.417
300.531
300.525
300.521
300.518
300.517
300.516
300.515
300.514
300.513
300.51
300.507
300.5
300.489
300.471
300.452
300.44
300.432
300.425
300.419
300.414
300.538
300.532
300.529
300.528
300.527
300.527
300.526
300.525
300.524
300.522
300.518
300.512
300.501
300.482
300.458
300.439
300.428
300.421
300.415
300.408
300.538
300.535
300.534
300.534
300.535
300.535
300.535
300.534
300.533
300.531
300.528
300.523
300.513
300.494
300.465
300.438
300.422
300.413
300.406
300.399
300.532
300.532
300.533
300.535
300.536
300.537
300.536
300.535
300.534
300.533
300.531
300.527
300.52
300.503
300.472
300.434
300.407
300.393
300.386
300.383
)
;

boundaryField
{
    floor
    {
        type            fixedValue;
        value           nonuniform List<scalar> 
400
(
300
300
300
300
300
300
300
300
300
300
300
300
300
300
300
300
300
300
300
300
300
300
300
300
300
300
300
300
300
300
300
300
300
300
300
300
300
300
300
300
300
300
300
300
300
300
300
300
300
300
300
300
300
300
300
300
300
300
300
300
300
300
300
300
300
300
300
300
300
300
300
300
300
300
300
300
300
300
300
300
300
300
300
300
300
300
300
300
300
300
300
300
300
300
300
300
300
300
300
300
300
300
300
300
300
300
300
300
300
300
300
300
300
300
300
300
300
300
300
300
300
300
300
300
300
300
300
300
300
300
300
300
300
300
300
300
300
300
300
300
300
300
300
300
300
300
300
300
300
300
300
300
300
300
300
300
300
300
300
300
300
300
300
300
300
300
300
300
300
300
300
300
300
300
300
300
300
300
300
300
300
300
300
300
300
300
300
300
300
600
600
300
300
300
300
300
300
300
300
300
300
300
300
300
300
300
300
300
300
600
600
300
300
300
300
300
300
300
300
300
300
300
300
300
300
300
300
300
300
300
300
300
300
300
300
300
300
300
300
300
300
300
300
300
300
300
300
300
300
300
300
300
300
300
300
300
300
300
300
300
300
300
300
300
300
300
300
300
300
300
300
300
300
300
300
300
300
300
300
300
300
300
300
300
300
300
300
300
300
300
300
300
300
300
300
300
300
300
300
300
300
300
300
300
300
300
300
300
300
300
300
300
300
300
300
300
300
300
300
300
300
300
300
300
300
300
300
300
300
300
300
300
300
300
300
300
300
300
300
300
300
300
300
300
300
300
300
300
300
300
300
300
300
300
300
300
300
300
300
300
300
300
300
300
300
300
300
300
300
300
300
300
300
300
300
300
300
300
300
300
300
300
300
300
300
300
300
300
300
300
300
300
300
300
300
300
300
300
300
300
)
;
    }
    ceiling
    {
        type            lumpedMassWallTemperature;
        refValue        uniform 300.004;
        refGradient     uniform 0;
        valueFraction   uniform 1;
        value           uniform 300.004;
        kappaMethod     fluidThermo;
        kappa           none;
        alphaAni        none;
        alpha           none;
        Cp              4100;
        mass            1000;
    }
    fixedWalls
    {
        type            zeroGradient;
    }
}


// ************************************************************************* //
