/*--------------------------------*- C++ -*----------------------------------*\
| =========                 |                                                 |
| \\      /  F ield         | OpenFOAM: The Open Source CFD Toolbox           |
|  \\    /   O peration     | Version:  v2012                                 |
|   \\  /    A nd           | Website:  www.openfoam.com                      |
|    \\/     M anipulation  |                                                 |
\*---------------------------------------------------------------------------*/
FoamFile
{
    version     2.0;
    format      ascii;
    class       volScalarField;
    location    "20000/solid";
    object      T;
}
// * * * * * * * * * * * * * * * * * * * * * * * * * * * * * * * * * * * * * //

dimensions      [0 0 0 1 0 0 0];


internalField   nonuniform List<scalar> 
10000
(
500.718
502.147
503.571
504.989
506.401
507.807
509.208
510.603
511.992
513.376
514.753
516.125
517.492
518.852
520.207
521.556
522.899
524.237
525.569
526.895
528.215
529.53
530.838
532.141
533.439
534.73
536.016
537.296
538.571
539.839
541.102
542.36
543.611
544.857
546.097
547.331
548.559
549.782
550.999
552.21
553.416
554.615
555.809
556.998
558.18
559.357
560.528
561.693
562.853
564.007
565.155
566.297
567.434
568.565
569.69
570.809
571.923
573.031
574.133
575.229
576.32
577.405
578.484
579.557
580.625
581.687
582.743
583.794
584.838
585.877
586.911
587.938
588.96
589.976
590.986
591.991
592.99
593.983
594.97
595.952
596.927
597.897
598.862
599.82
600.773
601.72
602.662
603.598
604.527
605.452
606.37
607.283
608.19
609.091
609.986
610.876
611.76
612.638
613.511
614.378
615.239
616.094
616.943
617.787
618.625
619.458
620.284
621.105
621.92
622.729
623.533
624.331
625.123
625.91
626.69
627.465
628.234
628.998
629.755
630.507
631.254
631.994
632.729
633.458
634.181
634.898
635.61
636.316
637.017
637.711
638.4
639.083
639.76
640.432
641.098
641.758
642.412
643.061
643.704
644.341
644.972
645.598
646.218
646.832
647.44
648.043
648.64
649.231
649.817
650.397
650.971
651.539
652.101
652.658
653.209
653.754
654.294
654.828
655.356
655.878
656.395
656.906
657.411
657.91
658.404
658.892
659.374
659.85
660.321
660.786
661.245
661.699
662.146
662.588
663.025
663.455
663.88
664.299
664.712
665.12
665.521
665.917
666.308
666.692
667.071
667.444
667.812
668.173
668.529
668.879
669.224
669.562
669.895
670.222
670.544
670.859
671.169
671.474
671.772
672.065
672.352
672.633
672.909
673.178
673.442
673.701
673.953
674.2
674.441
674.677
674.906
675.13
675.348
675.56
675.767
675.968
676.163
676.353
676.536
676.714
676.886
677.053
677.214
677.369
677.518
677.661
677.799
677.931
678.057
678.178
678.293
678.402
678.505
678.603
678.694
678.781
678.861
678.936
679.004
679.068
679.125
679.177
679.223
679.263
679.297
679.326
679.349
679.366
679.377
679.383
679.383
679.377
679.366
679.349
679.326
679.297
679.263
679.223
679.177
679.125
679.068
679.004
678.936
678.861
678.781
678.694
678.603
678.505
678.402
678.293
678.178
678.057
677.931
677.799
677.661
677.518
677.369
677.214
677.053
676.886
676.714
676.536
676.353
676.163
675.968
675.767
675.56
675.348
675.13
674.906
674.677
674.441
674.2
673.953
673.701
673.442
673.178
672.909
672.633
672.352
672.065
671.772
671.474
671.169
670.859
670.544
670.222
669.895
669.562
669.224
668.879
668.529
668.173
667.812
667.444
667.071
666.692
666.308
665.917
665.521
665.12
664.712
664.299
663.88
663.455
663.025
662.588
662.146
661.699
661.245
660.786
660.321
659.85
659.374
658.892
658.404
657.91
657.411
656.906
656.395
655.878
655.356
654.828
654.294
653.754
653.209
652.658
652.101
651.539
650.971
650.397
649.817
649.231
648.64
648.043
647.44
646.832
646.218
645.598
644.972
644.341
643.704
643.061
642.412
641.758
641.098
640.432
639.76
639.083
638.4
637.711
637.017
636.316
635.61
634.898
634.181
633.458
632.729
631.994
631.254
630.507
629.755
628.998
628.234
627.465
626.69
625.91
625.123
624.331
623.533
622.729
621.92
621.105
620.284
619.458
618.625
617.787
616.943
616.094
615.239
614.378
613.511
612.638
611.76
610.876
609.986
609.091
608.19
607.283
606.37
605.452
604.527
603.598
602.662
601.72
600.773
599.82
598.862
597.897
596.927
595.952
594.97
593.983
592.99
591.991
590.986
589.976
588.96
587.938
586.911
585.877
584.838
583.794
582.743
581.687
580.625
579.557
578.484
577.405
576.32
575.229
574.133
573.031
571.923
570.809
569.69
568.565
567.434
566.297
565.155
564.007
562.853
561.693
560.528
559.357
558.18
556.998
555.809
554.615
553.416
552.21
550.999
549.782
548.559
547.331
546.097
544.857
543.611
542.36
541.102
539.839
538.571
537.296
536.016
534.73
533.439
532.141
530.838
529.53
528.215
526.895
525.569
524.237
522.899
521.556
520.207
518.852
517.492
516.125
514.753
513.376
511.992
510.603
509.208
507.807
506.401
504.989
503.571
502.147
500.718
500.718
502.147
503.571
504.989
506.401
507.807
509.208
510.603
511.992
513.376
514.753
516.125
517.492
518.852
520.207
521.556
522.899
524.237
525.569
526.895
528.215
529.53
530.838
532.141
533.439
534.73
536.016
537.296
538.571
539.839
541.102
542.36
543.611
544.857
546.097
547.331
548.559
549.782
550.999
552.21
553.416
554.615
555.809
556.998
558.18
559.357
560.528
561.693
562.853
564.007
565.155
566.297
567.434
568.565
569.69
570.809
571.923
573.031
574.133
575.229
576.32
577.405
578.484
579.557
580.625
581.687
582.743
583.794
584.838
585.877
586.911
587.938
588.96
589.976
590.986
591.991
592.99
593.983
594.97
595.952
596.927
597.897
598.862
599.82
600.773
601.72
602.662
603.598
604.527
605.452
606.37
607.283
608.19
609.091
609.986
610.876
611.76
612.638
613.511
614.378
615.239
616.094
616.943
617.787
618.625
619.458
620.284
621.105
621.92
622.729
623.533
624.331
625.123
625.91
626.69
627.465
628.234
628.998
629.755
630.507
631.254
631.994
632.729
633.458
634.181
634.898
635.61
636.316
637.017
637.711
638.4
639.083
639.76
640.432
641.098
641.758
642.412
643.061
643.704
644.341
644.972
645.598
646.218
646.832
647.44
648.043
648.64
649.231
649.817
650.397
650.971
651.539
652.101
652.658
653.209
653.754
654.294
654.828
655.356
655.878
656.395
656.906
657.411
657.91
658.404
658.892
659.374
659.85
660.321
660.786
661.245
661.699
662.146
662.588
663.025
663.455
663.88
664.299
664.712
665.12
665.521
665.917
666.308
666.692
667.071
667.444
667.812
668.173
668.529
668.879
669.224
669.562
669.895
670.222
670.544
670.859
671.169
671.474
671.772
672.065
672.352
672.633
672.909
673.178
673.442
673.701
673.953
674.2
674.441
674.677
674.906
675.13
675.348
675.56
675.767
675.968
676.163
676.353
676.536
676.714
676.886
677.053
677.214
677.369
677.518
677.661
677.799
677.931
678.057
678.178
678.293
678.402
678.505
678.603
678.694
678.781
678.861
678.936
679.004
679.068
679.125
679.177
679.223
679.263
679.297
679.326
679.349
679.366
679.377
679.383
679.383
679.377
679.366
679.349
679.326
679.297
679.263
679.223
679.177
679.125
679.068
679.004
678.936
678.861
678.781
678.694
678.603
678.505
678.402
678.293
678.178
678.057
677.931
677.799
677.661
677.518
677.369
677.214
677.053
676.886
676.714
676.536
676.353
676.163
675.968
675.767
675.56
675.348
675.13
674.906
674.677
674.441
674.2
673.953
673.701
673.442
673.178
672.909
672.633
672.352
672.065
671.772
671.474
671.169
670.859
670.544
670.222
669.895
669.562
669.224
668.879
668.529
668.173
667.812
667.444
667.071
666.692
666.308
665.917
665.521
665.12
664.712
664.299
663.88
663.455
663.025
662.588
662.146
661.699
661.245
660.786
660.321
659.85
659.374
658.892
658.404
657.91
657.411
656.906
656.395
655.878
655.356
654.828
654.294
653.754
653.209
652.658
652.101
651.539
650.971
650.397
649.817
649.231
648.64
648.043
647.44
646.832
646.218
645.598
644.972
644.341
643.704
643.061
642.412
641.758
641.098
640.432
639.76
639.083
638.4
637.711
637.017
636.316
635.61
634.898
634.181
633.458
632.729
631.994
631.254
630.507
629.755
628.998
628.234
627.465
626.69
625.91
625.123
624.331
623.533
622.729
621.92
621.105
620.284
619.458
618.625
617.787
616.943
616.094
615.239
614.378
613.511
612.638
611.76
610.876
609.986
609.091
608.19
607.283
606.37
605.452
604.527
603.598
602.662
601.72
600.773
599.82
598.862
597.897
596.927
595.952
594.97
593.983
592.99
591.991
590.986
589.976
588.96
587.938
586.911
585.877
584.838
583.794
582.743
581.687
580.625
579.557
578.484
577.405
576.32
575.229
574.133
573.031
571.923
570.809
569.69
568.565
567.434
566.297
565.155
564.007
562.853
561.693
560.528
559.357
558.18
556.998
555.809
554.615
553.416
552.21
550.999
549.782
548.559
547.331
546.097
544.857
543.611
542.36
541.102
539.839
538.571
537.296
536.016
534.73
533.439
532.141
530.838
529.53
528.215
526.895
525.569
524.237
522.899
521.556
520.207
518.852
517.492
516.125
514.753
513.376
511.992
510.603
509.208
507.807
506.401
504.989
503.571
502.147
500.718
500.718
502.147
503.571
504.989
506.401
507.807
509.208
510.603
511.992
513.376
514.753
516.125
517.492
518.852
520.207
521.556
522.899
524.237
525.569
526.895
528.215
529.53
530.838
532.141
533.439
534.73
536.016
537.296
538.571
539.839
541.102
542.36
543.611
544.857
546.097
547.331
548.559
549.782
550.999
552.21
553.416
554.615
555.809
556.998
558.18
559.357
560.528
561.693
562.853
564.007
565.155
566.297
567.434
568.565
569.69
570.809
571.923
573.031
574.133
575.229
576.32
577.405
578.484
579.557
580.625
581.687
582.743
583.794
584.838
585.877
586.911
587.938
588.96
589.976
590.986
591.991
592.99
593.983
594.97
595.952
596.927
597.897
598.862
599.82
600.773
601.72
602.662
603.598
604.527
605.452
606.37
607.283
608.19
609.091
609.986
610.876
611.76
612.638
613.511
614.378
615.239
616.094
616.943
617.787
618.625
619.458
620.284
621.105
621.92
622.729
623.533
624.331
625.123
625.91
626.69
627.465
628.234
628.998
629.755
630.507
631.254
631.994
632.729
633.458
634.181
634.898
635.61
636.316
637.017
637.711
638.4
639.083
639.76
640.432
641.098
641.758
642.412
643.061
643.704
644.341
644.972
645.598
646.218
646.832
647.44
648.043
648.64
649.231
649.817
650.397
650.971
651.539
652.101
652.658
653.209
653.754
654.294
654.828
655.356
655.878
656.395
656.906
657.411
657.91
658.404
658.892
659.374
659.85
660.321
660.786
661.245
661.699
662.146
662.588
663.025
663.455
663.88
664.299
664.712
665.12
665.521
665.917
666.308
666.692
667.071
667.444
667.812
668.173
668.529
668.879
669.224
669.562
669.895
670.222
670.544
670.859
671.169
671.474
671.772
672.065
672.352
672.633
672.909
673.178
673.442
673.701
673.953
674.2
674.441
674.677
674.906
675.13
675.348
675.56
675.767
675.968
676.163
676.353
676.536
676.714
676.886
677.053
677.214
677.369
677.518
677.661
677.799
677.931
678.057
678.178
678.293
678.402
678.505
678.603
678.694
678.781
678.861
678.936
679.004
679.068
679.125
679.177
679.223
679.263
679.297
679.326
679.349
679.366
679.377
679.383
679.383
679.377
679.366
679.349
679.326
679.297
679.263
679.223
679.177
679.125
679.068
679.004
678.936
678.861
678.781
678.694
678.603
678.505
678.402
678.293
678.178
678.057
677.931
677.799
677.661
677.518
677.369
677.214
677.053
676.886
676.714
676.536
676.353
676.163
675.968
675.767
675.56
675.348
675.13
674.906
674.677
674.441
674.2
673.953
673.701
673.442
673.178
672.909
672.633
672.352
672.065
671.772
671.474
671.169
670.859
670.544
670.222
669.895
669.562
669.224
668.879
668.529
668.173
667.812
667.444
667.071
666.692
666.308
665.917
665.521
665.12
664.712
664.299
663.88
663.455
663.025
662.588
662.146
661.699
661.245
660.786
660.321
659.85
659.374
658.892
658.404
657.91
657.411
656.906
656.395
655.878
655.356
654.828
654.294
653.754
653.209
652.658
652.101
651.539
650.971
650.397
649.817
649.231
648.64
648.043
647.44
646.832
646.218
645.598
644.972
644.341
643.704
643.061
642.412
641.758
641.098
640.432
639.76
639.083
638.4
637.711
637.017
636.316
635.61
634.898
634.181
633.458
632.729
631.994
631.254
630.507
629.755
628.998
628.234
627.465
626.69
625.91
625.123
624.331
623.533
622.729
621.92
621.105
620.284
619.458
618.625
617.787
616.943
616.094
615.239
614.378
613.511
612.638
611.76
610.876
609.986
609.091
608.19
607.283
606.37
605.452
604.527
603.598
602.662
601.72
600.773
599.82
598.862
597.897
596.927
595.952
594.97
593.983
592.99
591.991
590.986
589.976
588.96
587.938
586.911
585.877
584.838
583.794
582.743
581.687
580.625
579.557
578.484
577.405
576.32
575.229
574.133
573.031
571.923
570.809
569.69
568.565
567.434
566.297
565.155
564.007
562.853
561.693
560.528
559.357
558.18
556.998
555.809
554.615
553.416
552.21
550.999
549.782
548.559
547.331
546.097
544.857
543.611
542.36
541.102
539.839
538.571
537.296
536.016
534.73
533.439
532.141
530.838
529.53
528.215
526.895
525.569
524.237
522.899
521.556
520.207
518.852
517.492
516.125
514.753
513.376
511.992
510.603
509.208
507.807
506.401
504.989
503.571
502.147
500.718
500.718
502.147
503.571
504.989
506.401
507.807
509.208
510.603
511.992
513.376
514.753
516.125
517.492
518.852
520.207
521.556
522.899
524.237
525.569
526.895
528.215
529.53
530.838
532.141
533.439
534.73
536.016
537.296
538.571
539.839
541.102
542.36
543.611
544.857
546.097
547.331
548.559
549.782
550.999
552.21
553.416
554.615
555.809
556.998
558.18
559.357
560.528
561.693
562.853
564.007
565.155
566.297
567.434
568.565
569.69
570.809
571.923
573.031
574.133
575.229
576.32
577.405
578.484
579.557
580.625
581.687
582.743
583.794
584.838
585.877
586.911
587.938
588.96
589.976
590.986
591.991
592.99
593.983
594.97
595.952
596.927
597.897
598.862
599.82
600.773
601.72
602.662
603.598
604.527
605.452
606.37
607.283
608.19
609.091
609.986
610.876
611.76
612.638
613.511
614.378
615.239
616.094
616.943
617.787
618.625
619.458
620.284
621.105
621.92
622.729
623.533
624.331
625.123
625.91
626.69
627.465
628.234
628.998
629.755
630.507
631.254
631.994
632.729
633.458
634.181
634.898
635.61
636.316
637.017
637.711
638.4
639.083
639.76
640.432
641.098
641.758
642.412
643.061
643.704
644.341
644.972
645.598
646.218
646.832
647.44
648.043
648.64
649.231
649.817
650.397
650.971
651.539
652.101
652.658
653.209
653.754
654.294
654.828
655.356
655.878
656.395
656.906
657.411
657.91
658.404
658.892
659.374
659.85
660.321
660.786
661.245
661.699
662.146
662.588
663.025
663.455
663.88
664.299
664.712
665.12
665.521
665.917
666.308
666.692
667.071
667.444
667.812
668.173
668.529
668.879
669.224
669.562
669.895
670.222
670.544
670.859
671.169
671.474
671.772
672.065
672.352
672.633
672.909
673.178
673.442
673.701
673.953
674.2
674.441
674.677
674.906
675.13
675.348
675.56
675.767
675.968
676.163
676.353
676.536
676.714
676.886
677.053
677.214
677.369
677.518
677.661
677.799
677.931
678.057
678.178
678.293
678.402
678.505
678.603
678.694
678.781
678.861
678.936
679.004
679.068
679.125
679.177
679.223
679.263
679.297
679.326
679.349
679.366
679.377
679.383
679.383
679.377
679.366
679.349
679.326
679.297
679.263
679.223
679.177
679.125
679.068
679.004
678.936
678.861
678.781
678.694
678.603
678.505
678.402
678.293
678.178
678.057
677.931
677.799
677.661
677.518
677.369
677.214
677.053
676.886
676.714
676.536
676.353
676.163
675.968
675.767
675.56
675.348
675.13
674.906
674.677
674.441
674.2
673.953
673.701
673.442
673.178
672.909
672.633
672.352
672.065
671.772
671.474
671.169
670.859
670.544
670.222
669.895
669.562
669.224
668.879
668.529
668.173
667.812
667.444
667.071
666.692
666.308
665.917
665.521
665.12
664.712
664.299
663.88
663.455
663.025
662.588
662.146
661.699
661.245
660.786
660.321
659.85
659.374
658.892
658.404
657.91
657.411
656.906
656.395
655.878
655.356
654.828
654.294
653.754
653.209
652.658
652.101
651.539
650.971
650.397
649.817
649.231
648.64
648.043
647.44
646.832
646.218
645.598
644.972
644.341
643.704
643.061
642.412
641.758
641.098
640.432
639.76
639.083
638.4
637.711
637.017
636.316
635.61
634.898
634.181
633.458
632.729
631.994
631.254
630.507
629.755
628.998
628.234
627.465
626.69
625.91
625.123
624.331
623.533
622.729
621.92
621.105
620.284
619.458
618.625
617.787
616.943
616.094
615.239
614.378
613.511
612.638
611.76
610.876
609.986
609.091
608.19
607.283
606.37
605.452
604.527
603.598
602.662
601.72
600.773
599.82
598.862
597.897
596.927
595.952
594.97
593.983
592.99
591.991
590.986
589.976
588.96
587.938
586.911
585.877
584.838
583.794
582.743
581.687
580.625
579.557
578.484
577.405
576.32
575.229
574.133
573.031
571.923
570.809
569.69
568.565
567.434
566.297
565.155
564.007
562.853
561.693
560.528
559.357
558.18
556.998
555.809
554.615
553.416
552.21
550.999
549.782
548.559
547.331
546.097
544.857
543.611
542.36
541.102
539.839
538.571
537.296
536.016
534.73
533.439
532.141
530.838
529.53
528.215
526.895
525.569
524.237
522.899
521.556
520.207
518.852
517.492
516.125
514.753
513.376
511.992
510.603
509.208
507.807
506.401
504.989
503.571
502.147
500.718
500.718
502.147
503.571
504.989
506.401
507.807
509.208
510.603
511.992
513.376
514.753
516.125
517.492
518.852
520.207
521.556
522.899
524.237
525.569
526.895
528.215
529.53
530.838
532.141
533.439
534.73
536.016
537.296
538.571
539.839
541.102
542.36
543.611
544.857
546.097
547.331
548.559
549.782
550.999
552.21
553.416
554.615
555.809
556.998
558.18
559.357
560.528
561.693
562.853
564.007
565.155
566.297
567.434
568.565
569.69
570.809
571.923
573.031
574.133
575.229
576.32
577.405
578.484
579.557
580.625
581.687
582.743
583.794
584.838
585.877
586.911
587.938
588.96
589.976
590.986
591.991
592.99
593.983
594.97
595.952
596.927
597.897
598.862
599.82
600.773
601.72
602.662
603.598
604.527
605.452
606.37
607.283
608.19
609.091
609.986
610.876
611.76
612.638
613.511
614.378
615.239
616.094
616.943
617.787
618.625
619.458
620.284
621.105
621.92
622.729
623.533
624.331
625.123
625.91
626.69
627.465
628.234
628.998
629.755
630.507
631.254
631.994
632.729
633.458
634.181
634.898
635.61
636.316
637.017
637.711
638.4
639.083
639.76
640.432
641.098
641.758
642.412
643.061
643.704
644.341
644.972
645.598
646.218
646.832
647.44
648.043
648.64
649.231
649.817
650.397
650.971
651.539
652.101
652.658
653.209
653.754
654.294
654.828
655.356
655.878
656.395
656.906
657.411
657.91
658.404
658.892
659.374
659.85
660.321
660.786
661.245
661.699
662.146
662.588
663.025
663.455
663.88
664.299
664.712
665.12
665.521
665.917
666.308
666.692
667.071
667.444
667.812
668.173
668.529
668.879
669.224
669.562
669.895
670.222
670.544
670.859
671.169
671.474
671.772
672.065
672.352
672.633
672.909
673.178
673.442
673.701
673.953
674.2
674.441
674.677
674.906
675.13
675.348
675.56
675.767
675.968
676.163
676.353
676.536
676.714
676.886
677.053
677.214
677.369
677.518
677.661
677.799
677.931
678.057
678.178
678.293
678.402
678.505
678.603
678.694
678.781
678.861
678.936
679.004
679.068
679.125
679.177
679.223
679.263
679.297
679.326
679.349
679.366
679.377
679.383
679.383
679.377
679.366
679.349
679.326
679.297
679.263
679.223
679.177
679.125
679.068
679.004
678.936
678.861
678.781
678.694
678.603
678.505
678.402
678.293
678.178
678.057
677.931
677.799
677.661
677.518
677.369
677.214
677.053
676.886
676.714
676.536
676.353
676.163
675.968
675.767
675.56
675.348
675.13
674.906
674.677
674.441
674.2
673.953
673.701
673.442
673.178
672.909
672.633
672.352
672.065
671.772
671.474
671.169
670.859
670.544
670.222
669.895
669.562
669.224
668.879
668.529
668.173
667.812
667.444
667.071
666.692
666.308
665.917
665.521
665.12
664.712
664.299
663.88
663.455
663.025
662.588
662.146
661.699
661.245
660.786
660.321
659.85
659.374
658.892
658.404
657.91
657.411
656.906
656.395
655.878
655.356
654.828
654.294
653.754
653.209
652.658
652.101
651.539
650.971
650.397
649.817
649.231
648.64
648.043
647.44
646.832
646.218
645.598
644.972
644.341
643.704
643.061
642.412
641.758
641.098
640.432
639.76
639.083
638.4
637.711
637.017
636.316
635.61
634.898
634.181
633.458
632.729
631.994
631.254
630.507
629.755
628.998
628.234
627.465
626.69
625.91
625.123
624.331
623.533
622.729
621.92
621.105
620.284
619.458
618.625
617.787
616.943
616.094
615.239
614.378
613.511
612.638
611.76
610.876
609.986
609.091
608.19
607.283
606.37
605.452
604.527
603.598
602.662
601.72
600.773
599.82
598.862
597.897
596.927
595.952
594.97
593.983
592.99
591.991
590.986
589.976
588.96
587.938
586.911
585.877
584.838
583.794
582.743
581.687
580.625
579.557
578.484
577.405
576.32
575.229
574.133
573.031
571.923
570.809
569.69
568.565
567.434
566.297
565.155
564.007
562.853
561.693
560.528
559.357
558.18
556.998
555.809
554.615
553.416
552.21
550.999
549.782
548.559
547.331
546.097
544.857
543.611
542.36
541.102
539.839
538.571
537.296
536.016
534.73
533.439
532.141
530.838
529.53
528.215
526.895
525.569
524.237
522.899
521.556
520.207
518.852
517.492
516.125
514.753
513.376
511.992
510.603
509.208
507.807
506.401
504.989
503.571
502.147
500.718
500.718
502.147
503.571
504.989
506.401
507.807
509.208
510.603
511.992
513.376
514.753
516.125
517.492
518.852
520.207
521.556
522.899
524.237
525.569
526.895
528.215
529.53
530.838
532.141
533.439
534.73
536.016
537.296
538.571
539.839
541.102
542.36
543.611
544.857
546.097
547.331
548.559
549.782
550.999
552.21
553.416
554.615
555.809
556.998
558.18
559.357
560.528
561.693
562.853
564.007
565.155
566.297
567.434
568.565
569.69
570.809
571.923
573.031
574.133
575.229
576.32
577.405
578.484
579.557
580.625
581.687
582.743
583.794
584.838
585.877
586.911
587.938
588.96
589.976
590.986
591.991
592.99
593.983
594.97
595.952
596.927
597.897
598.862
599.82
600.773
601.72
602.662
603.598
604.527
605.452
606.37
607.283
608.19
609.091
609.986
610.876
611.76
612.638
613.511
614.378
615.239
616.094
616.943
617.787
618.625
619.458
620.284
621.105
621.92
622.729
623.533
624.331
625.123
625.91
626.69
627.465
628.234
628.998
629.755
630.507
631.254
631.994
632.729
633.458
634.181
634.898
635.61
636.316
637.017
637.711
638.4
639.083
639.76
640.432
641.098
641.758
642.412
643.061
643.704
644.341
644.972
645.598
646.218
646.832
647.44
648.043
648.64
649.231
649.817
650.397
650.971
651.539
652.101
652.658
653.209
653.754
654.294
654.828
655.356
655.878
656.395
656.906
657.411
657.91
658.404
658.892
659.374
659.85
660.321
660.786
661.245
661.699
662.146
662.588
663.025
663.455
663.88
664.299
664.712
665.12
665.521
665.917
666.308
666.692
667.071
667.444
667.812
668.173
668.529
668.879
669.224
669.562
669.895
670.222
670.544
670.859
671.169
671.474
671.772
672.065
672.352
672.633
672.909
673.178
673.442
673.701
673.953
674.2
674.441
674.677
674.906
675.13
675.348
675.56
675.767
675.968
676.163
676.353
676.536
676.714
676.886
677.053
677.214
677.369
677.518
677.661
677.799
677.931
678.057
678.178
678.293
678.402
678.505
678.603
678.694
678.781
678.861
678.936
679.004
679.068
679.125
679.177
679.223
679.263
679.297
679.326
679.349
679.366
679.377
679.383
679.383
679.377
679.366
679.349
679.326
679.297
679.263
679.223
679.177
679.125
679.068
679.004
678.936
678.861
678.781
678.694
678.603
678.505
678.402
678.293
678.178
678.057
677.931
677.799
677.661
677.518
677.369
677.214
677.053
676.886
676.714
676.536
676.353
676.163
675.968
675.767
675.56
675.348
675.13
674.906
674.677
674.441
674.2
673.953
673.701
673.442
673.178
672.909
672.633
672.352
672.065
671.772
671.474
671.169
670.859
670.544
670.222
669.895
669.562
669.224
668.879
668.529
668.173
667.812
667.444
667.071
666.692
666.308
665.917
665.521
665.12
664.712
664.299
663.88
663.455
663.025
662.588
662.146
661.699
661.245
660.786
660.321
659.85
659.374
658.892
658.404
657.91
657.411
656.906
656.395
655.878
655.356
654.828
654.294
653.754
653.209
652.658
652.101
651.539
650.971
650.397
649.817
649.231
648.64
648.043
647.44
646.832
646.218
645.598
644.972
644.341
643.704
643.061
642.412
641.758
641.098
640.432
639.76
639.083
638.4
637.711
637.017
636.316
635.61
634.898
634.181
633.458
632.729
631.994
631.254
630.507
629.755
628.998
628.234
627.465
626.69
625.91
625.123
624.331
623.533
622.729
621.92
621.105
620.284
619.458
618.625
617.787
616.943
616.094
615.239
614.378
613.511
612.638
611.76
610.876
609.986
609.091
608.19
607.283
606.37
605.452
604.527
603.598
602.662
601.72
600.773
599.82
598.862
597.897
596.927
595.952
594.97
593.983
592.99
591.991
590.986
589.976
588.96
587.938
586.911
585.877
584.838
583.794
582.743
581.687
580.625
579.557
578.484
577.405
576.32
575.229
574.133
573.031
571.923
570.809
569.69
568.565
567.434
566.297
565.155
564.007
562.853
561.693
560.528
559.357
558.18
556.998
555.809
554.615
553.416
552.21
550.999
549.782
548.559
547.331
546.097
544.857
543.611
542.36
541.102
539.839
538.571
537.296
536.016
534.73
533.439
532.141
530.838
529.53
528.215
526.895
525.569
524.237
522.899
521.556
520.207
518.852
517.492
516.125
514.753
513.376
511.992
510.603
509.208
507.807
506.401
504.989
503.571
502.147
500.718
500.718
502.147
503.571
504.989
506.401
507.807
509.208
510.603
511.992
513.376
514.753
516.125
517.492
518.852
520.207
521.556
522.899
524.237
525.569
526.895
528.215
529.53
530.838
532.141
533.439
534.73
536.016
537.296
538.571
539.839
541.102
542.36
543.611
544.857
546.097
547.331
548.559
549.782
550.999
552.21
553.416
554.615
555.809
556.998
558.18
559.357
560.528
561.693
562.853
564.007
565.155
566.297
567.434
568.565
569.69
570.809
571.923
573.031
574.133
575.229
576.32
577.405
578.484
579.557
580.625
581.687
582.743
583.794
584.838
585.877
586.911
587.938
588.96
589.976
590.986
591.991
592.99
593.983
594.97
595.952
596.927
597.897
598.862
599.82
600.773
601.72
602.662
603.598
604.527
605.452
606.37
607.283
608.19
609.091
609.986
610.876
611.76
612.638
613.511
614.378
615.239
616.094
616.943
617.787
618.625
619.458
620.284
621.105
621.92
622.729
623.533
624.331
625.123
625.91
626.69
627.465
628.234
628.998
629.755
630.507
631.254
631.994
632.729
633.458
634.181
634.898
635.61
636.316
637.017
637.711
638.4
639.083
639.76
640.432
641.098
641.758
642.412
643.061
643.704
644.341
644.972
645.598
646.218
646.832
647.44
648.043
648.64
649.231
649.817
650.397
650.971
651.539
652.101
652.658
653.209
653.754
654.294
654.828
655.356
655.878
656.395
656.906
657.411
657.91
658.404
658.892
659.374
659.85
660.321
660.786
661.245
661.699
662.146
662.588
663.025
663.455
663.88
664.299
664.712
665.12
665.521
665.917
666.308
666.692
667.071
667.444
667.812
668.173
668.529
668.879
669.224
669.562
669.895
670.222
670.544
670.859
671.169
671.474
671.772
672.065
672.352
672.633
672.909
673.178
673.442
673.701
673.953
674.2
674.441
674.677
674.906
675.13
675.348
675.56
675.767
675.968
676.163
676.353
676.536
676.714
676.886
677.053
677.214
677.369
677.518
677.661
677.799
677.931
678.057
678.178
678.293
678.402
678.505
678.603
678.694
678.781
678.861
678.936
679.004
679.068
679.125
679.177
679.223
679.263
679.297
679.326
679.349
679.366
679.377
679.383
679.383
679.377
679.366
679.349
679.326
679.297
679.263
679.223
679.177
679.125
679.068
679.004
678.936
678.861
678.781
678.694
678.603
678.505
678.402
678.293
678.178
678.057
677.931
677.799
677.661
677.518
677.369
677.214
677.053
676.886
676.714
676.536
676.353
676.163
675.968
675.767
675.56
675.348
675.13
674.906
674.677
674.441
674.2
673.953
673.701
673.442
673.178
672.909
672.633
672.352
672.065
671.772
671.474
671.169
670.859
670.544
670.222
669.895
669.562
669.224
668.879
668.529
668.173
667.812
667.444
667.071
666.692
666.308
665.917
665.521
665.12
664.712
664.299
663.88
663.455
663.025
662.588
662.146
661.699
661.245
660.786
660.321
659.85
659.374
658.892
658.404
657.91
657.411
656.906
656.395
655.878
655.356
654.828
654.294
653.754
653.209
652.658
652.101
651.539
650.971
650.397
649.817
649.231
648.64
648.043
647.44
646.832
646.218
645.598
644.972
644.341
643.704
643.061
642.412
641.758
641.098
640.432
639.76
639.083
638.4
637.711
637.017
636.316
635.61
634.898
634.181
633.458
632.729
631.994
631.254
630.507
629.755
628.998
628.234
627.465
626.69
625.91
625.123
624.331
623.533
622.729
621.92
621.105
620.284
619.458
618.625
617.787
616.943
616.094
615.239
614.378
613.511
612.638
611.76
610.876
609.986
609.091
608.19
607.283
606.37
605.452
604.527
603.598
602.662
601.72
600.773
599.82
598.862
597.897
596.927
595.952
594.97
593.983
592.99
591.991
590.986
589.976
588.96
587.938
586.911
585.877
584.838
583.794
582.743
581.687
580.625
579.557
578.484
577.405
576.32
575.229
574.133
573.031
571.923
570.809
569.69
568.565
567.434
566.297
565.155
564.007
562.853
561.693
560.528
559.357
558.18
556.998
555.809
554.615
553.416
552.21
550.999
549.782
548.559
547.331
546.097
544.857
543.611
542.36
541.102
539.839
538.571
537.296
536.016
534.73
533.439
532.141
530.838
529.53
528.215
526.895
525.569
524.237
522.899
521.556
520.207
518.852
517.492
516.125
514.753
513.376
511.992
510.603
509.208
507.807
506.401
504.989
503.571
502.147
500.718
500.718
502.147
503.571
504.989
506.401
507.807
509.208
510.603
511.992
513.376
514.753
516.125
517.492
518.852
520.207
521.556
522.899
524.237
525.569
526.895
528.215
529.53
530.838
532.141
533.439
534.73
536.016
537.296
538.571
539.839
541.102
542.36
543.611
544.857
546.097
547.331
548.559
549.782
550.999
552.21
553.416
554.615
555.809
556.998
558.18
559.357
560.528
561.693
562.853
564.007
565.155
566.297
567.434
568.565
569.69
570.809
571.923
573.031
574.133
575.229
576.32
577.405
578.484
579.557
580.625
581.687
582.743
583.794
584.838
585.877
586.911
587.938
588.96
589.976
590.986
591.991
592.99
593.983
594.97
595.952
596.927
597.897
598.862
599.82
600.773
601.72
602.662
603.598
604.527
605.452
606.37
607.283
608.19
609.091
609.986
610.876
611.76
612.638
613.511
614.378
615.239
616.094
616.943
617.787
618.625
619.458
620.284
621.105
621.92
622.729
623.533
624.331
625.123
625.91
626.69
627.465
628.234
628.998
629.755
630.507
631.254
631.994
632.729
633.458
634.181
634.898
635.61
636.316
637.017
637.711
638.4
639.083
639.76
640.432
641.098
641.758
642.412
643.061
643.704
644.341
644.972
645.598
646.218
646.832
647.44
648.043
648.64
649.231
649.817
650.397
650.971
651.539
652.101
652.658
653.209
653.754
654.294
654.828
655.356
655.878
656.395
656.906
657.411
657.91
658.404
658.892
659.374
659.85
660.321
660.786
661.245
661.699
662.146
662.588
663.025
663.455
663.88
664.299
664.712
665.12
665.521
665.917
666.308
666.692
667.071
667.444
667.812
668.173
668.529
668.879
669.224
669.562
669.895
670.222
670.544
670.859
671.169
671.474
671.772
672.065
672.352
672.633
672.909
673.178
673.442
673.701
673.953
674.2
674.441
674.677
674.906
675.13
675.348
675.56
675.767
675.968
676.163
676.353
676.536
676.714
676.886
677.053
677.214
677.369
677.518
677.661
677.799
677.931
678.057
678.178
678.293
678.402
678.505
678.603
678.694
678.781
678.861
678.936
679.004
679.068
679.125
679.177
679.223
679.263
679.297
679.326
679.349
679.366
679.377
679.383
679.383
679.377
679.366
679.349
679.326
679.297
679.263
679.223
679.177
679.125
679.068
679.004
678.936
678.861
678.781
678.694
678.603
678.505
678.402
678.293
678.178
678.057
677.931
677.799
677.661
677.518
677.369
677.214
677.053
676.886
676.714
676.536
676.353
676.163
675.968
675.767
675.56
675.348
675.13
674.906
674.677
674.441
674.2
673.953
673.701
673.442
673.178
672.909
672.633
672.352
672.065
671.772
671.474
671.169
670.859
670.544
670.222
669.895
669.562
669.224
668.879
668.529
668.173
667.812
667.444
667.071
666.692
666.308
665.917
665.521
665.12
664.712
664.299
663.88
663.455
663.025
662.588
662.146
661.699
661.245
660.786
660.321
659.85
659.374
658.892
658.404
657.91
657.411
656.906
656.395
655.878
655.356
654.828
654.294
653.754
653.209
652.658
652.101
651.539
650.971
650.397
649.817
649.231
648.64
648.043
647.44
646.832
646.218
645.598
644.972
644.341
643.704
643.061
642.412
641.758
641.098
640.432
639.76
639.083
638.4
637.711
637.017
636.316
635.61
634.898
634.181
633.458
632.729
631.994
631.254
630.507
629.755
628.998
628.234
627.465
626.69
625.91
625.123
624.331
623.533
622.729
621.92
621.105
620.284
619.458
618.625
617.787
616.943
616.094
615.239
614.378
613.511
612.638
611.76
610.876
609.986
609.091
608.19
607.283
606.37
605.452
604.527
603.598
602.662
601.72
600.773
599.82
598.862
597.897
596.927
595.952
594.97
593.983
592.99
591.991
590.986
589.976
588.96
587.938
586.911
585.877
584.838
583.794
582.743
581.687
580.625
579.557
578.484
577.405
576.32
575.229
574.133
573.031
571.923
570.809
569.69
568.565
567.434
566.297
565.155
564.007
562.853
561.693
560.528
559.357
558.18
556.998
555.809
554.615
553.416
552.21
550.999
549.782
548.559
547.331
546.097
544.857
543.611
542.36
541.102
539.839
538.571
537.296
536.016
534.73
533.439
532.141
530.838
529.53
528.215
526.895
525.569
524.237
522.899
521.556
520.207
518.852
517.492
516.125
514.753
513.376
511.992
510.603
509.208
507.807
506.401
504.989
503.571
502.147
500.718
500.718
502.147
503.571
504.989
506.401
507.807
509.208
510.603
511.992
513.376
514.753
516.125
517.492
518.852
520.207
521.556
522.899
524.237
525.569
526.895
528.215
529.53
530.838
532.141
533.439
534.73
536.016
537.296
538.571
539.839
541.102
542.36
543.611
544.857
546.097
547.331
548.559
549.782
550.999
552.21
553.416
554.615
555.809
556.998
558.18
559.357
560.528
561.693
562.853
564.007
565.155
566.297
567.434
568.565
569.69
570.809
571.923
573.031
574.133
575.229
576.32
577.405
578.484
579.557
580.625
581.687
582.743
583.794
584.838
585.877
586.911
587.938
588.96
589.976
590.986
591.991
592.99
593.983
594.97
595.952
596.927
597.897
598.862
599.82
600.773
601.72
602.662
603.598
604.527
605.452
606.37
607.283
608.19
609.091
609.986
610.876
611.76
612.638
613.511
614.378
615.239
616.094
616.943
617.787
618.625
619.458
620.284
621.105
621.92
622.729
623.533
624.331
625.123
625.91
626.69
627.465
628.234
628.998
629.755
630.507
631.254
631.994
632.729
633.458
634.181
634.898
635.61
636.316
637.017
637.711
638.4
639.083
639.76
640.432
641.098
641.758
642.412
643.061
643.704
644.341
644.972
645.598
646.218
646.832
647.44
648.043
648.64
649.231
649.817
650.397
650.971
651.539
652.101
652.658
653.209
653.754
654.294
654.828
655.356
655.878
656.395
656.906
657.411
657.91
658.404
658.892
659.374
659.85
660.321
660.786
661.245
661.699
662.146
662.588
663.025
663.455
663.88
664.299
664.712
665.12
665.521
665.917
666.308
666.692
667.071
667.444
667.812
668.173
668.529
668.879
669.224
669.562
669.895
670.222
670.544
670.859
671.169
671.474
671.772
672.065
672.352
672.633
672.909
673.178
673.442
673.701
673.953
674.2
674.441
674.677
674.906
675.13
675.348
675.56
675.767
675.968
676.163
676.353
676.536
676.714
676.886
677.053
677.214
677.369
677.518
677.661
677.799
677.931
678.057
678.178
678.293
678.402
678.505
678.603
678.694
678.781
678.861
678.936
679.004
679.068
679.125
679.177
679.223
679.263
679.297
679.326
679.349
679.366
679.377
679.383
679.383
679.377
679.366
679.349
679.326
679.297
679.263
679.223
679.177
679.125
679.068
679.004
678.936
678.861
678.781
678.694
678.603
678.505
678.402
678.293
678.178
678.057
677.931
677.799
677.661
677.518
677.369
677.214
677.053
676.886
676.714
676.536
676.353
676.163
675.968
675.767
675.56
675.348
675.13
674.906
674.677
674.441
674.2
673.953
673.701
673.442
673.178
672.909
672.633
672.352
672.065
671.772
671.474
671.169
670.859
670.544
670.222
669.895
669.562
669.224
668.879
668.529
668.173
667.812
667.444
667.071
666.692
666.308
665.917
665.521
665.12
664.712
664.299
663.88
663.455
663.025
662.588
662.146
661.699
661.245
660.786
660.321
659.85
659.374
658.892
658.404
657.91
657.411
656.906
656.395
655.878
655.356
654.828
654.294
653.754
653.209
652.658
652.101
651.539
650.971
650.397
649.817
649.231
648.64
648.043
647.44
646.832
646.218
645.598
644.972
644.341
643.704
643.061
642.412
641.758
641.098
640.432
639.76
639.083
638.4
637.711
637.017
636.316
635.61
634.898
634.181
633.458
632.729
631.994
631.254
630.507
629.755
628.998
628.234
627.465
626.69
625.91
625.123
624.331
623.533
622.729
621.92
621.105
620.284
619.458
618.625
617.787
616.943
616.094
615.239
614.378
613.511
612.638
611.76
610.876
609.986
609.091
608.19
607.283
606.37
605.452
604.527
603.598
602.662
601.72
600.773
599.82
598.862
597.897
596.927
595.952
594.97
593.983
592.99
591.991
590.986
589.976
588.96
587.938
586.911
585.877
584.838
583.794
582.743
581.687
580.625
579.557
578.484
577.405
576.32
575.229
574.133
573.031
571.923
570.809
569.69
568.565
567.434
566.297
565.155
564.007
562.853
561.693
560.528
559.357
558.18
556.998
555.809
554.615
553.416
552.21
550.999
549.782
548.559
547.331
546.097
544.857
543.611
542.36
541.102
539.839
538.571
537.296
536.016
534.73
533.439
532.141
530.838
529.53
528.215
526.895
525.569
524.237
522.899
521.556
520.207
518.852
517.492
516.125
514.753
513.376
511.992
510.603
509.208
507.807
506.401
504.989
503.571
502.147
500.718
500.718
502.147
503.571
504.989
506.401
507.807
509.208
510.603
511.992
513.376
514.753
516.125
517.492
518.852
520.207
521.556
522.899
524.237
525.569
526.895
528.215
529.53
530.838
532.141
533.439
534.73
536.016
537.296
538.571
539.839
541.102
542.36
543.611
544.857
546.097
547.331
548.559
549.782
550.999
552.21
553.416
554.615
555.809
556.998
558.18
559.357
560.528
561.693
562.853
564.007
565.155
566.297
567.434
568.565
569.69
570.809
571.923
573.031
574.133
575.229
576.32
577.405
578.484
579.557
580.625
581.687
582.743
583.794
584.838
585.877
586.911
587.938
588.96
589.976
590.986
591.991
592.99
593.983
594.97
595.952
596.927
597.897
598.862
599.82
600.773
601.72
602.662
603.598
604.527
605.452
606.37
607.283
608.19
609.091
609.986
610.876
611.76
612.638
613.511
614.378
615.239
616.094
616.943
617.787
618.625
619.458
620.284
621.105
621.92
622.729
623.533
624.331
625.123
625.91
626.69
627.465
628.234
628.998
629.755
630.507
631.254
631.994
632.729
633.458
634.181
634.898
635.61
636.316
637.017
637.711
638.4
639.083
639.76
640.432
641.098
641.758
642.412
643.061
643.704
644.341
644.972
645.598
646.218
646.832
647.44
648.043
648.64
649.231
649.817
650.397
650.971
651.539
652.101
652.658
653.209
653.754
654.294
654.828
655.356
655.878
656.395
656.906
657.411
657.91
658.404
658.892
659.374
659.85
660.321
660.786
661.245
661.699
662.146
662.588
663.025
663.455
663.88
664.299
664.712
665.12
665.521
665.917
666.308
666.692
667.071
667.444
667.812
668.173
668.529
668.879
669.224
669.562
669.895
670.222
670.544
670.859
671.169
671.474
671.772
672.065
672.352
672.633
672.909
673.178
673.442
673.701
673.953
674.2
674.441
674.677
674.906
675.13
675.348
675.56
675.767
675.968
676.163
676.353
676.536
676.714
676.886
677.053
677.214
677.369
677.518
677.661
677.799
677.931
678.057
678.178
678.293
678.402
678.505
678.603
678.694
678.781
678.861
678.936
679.004
679.068
679.125
679.177
679.223
679.263
679.297
679.326
679.349
679.366
679.377
679.383
679.383
679.377
679.366
679.349
679.326
679.297
679.263
679.223
679.177
679.125
679.068
679.004
678.936
678.861
678.781
678.694
678.603
678.505
678.402
678.293
678.178
678.057
677.931
677.799
677.661
677.518
677.369
677.214
677.053
676.886
676.714
676.536
676.353
676.163
675.968
675.767
675.56
675.348
675.13
674.906
674.677
674.441
674.2
673.953
673.701
673.442
673.178
672.909
672.633
672.352
672.065
671.772
671.474
671.169
670.859
670.544
670.222
669.895
669.562
669.224
668.879
668.529
668.173
667.812
667.444
667.071
666.692
666.308
665.917
665.521
665.12
664.712
664.299
663.88
663.455
663.025
662.588
662.146
661.699
661.245
660.786
660.321
659.85
659.374
658.892
658.404
657.91
657.411
656.906
656.395
655.878
655.356
654.828
654.294
653.754
653.209
652.658
652.101
651.539
650.971
650.397
649.817
649.231
648.64
648.043
647.44
646.832
646.218
645.598
644.972
644.341
643.704
643.061
642.412
641.758
641.098
640.432
639.76
639.083
638.4
637.711
637.017
636.316
635.61
634.898
634.181
633.458
632.729
631.994
631.254
630.507
629.755
628.998
628.234
627.465
626.69
625.91
625.123
624.331
623.533
622.729
621.92
621.105
620.284
619.458
618.625
617.787
616.943
616.094
615.239
614.378
613.511
612.638
611.76
610.876
609.986
609.091
608.19
607.283
606.37
605.452
604.527
603.598
602.662
601.72
600.773
599.82
598.862
597.897
596.927
595.952
594.97
593.983
592.99
591.991
590.986
589.976
588.96
587.938
586.911
585.877
584.838
583.794
582.743
581.687
580.625
579.557
578.484
577.405
576.32
575.229
574.133
573.031
571.923
570.809
569.69
568.565
567.434
566.297
565.155
564.007
562.853
561.693
560.528
559.357
558.18
556.998
555.809
554.615
553.416
552.21
550.999
549.782
548.559
547.331
546.097
544.857
543.611
542.36
541.102
539.839
538.571
537.296
536.016
534.73
533.439
532.141
530.838
529.53
528.215
526.895
525.569
524.237
522.899
521.556
520.207
518.852
517.492
516.125
514.753
513.376
511.992
510.603
509.208
507.807
506.401
504.989
503.571
502.147
500.718
500.718
502.147
503.571
504.989
506.401
507.807
509.208
510.603
511.992
513.376
514.753
516.125
517.492
518.852
520.207
521.556
522.899
524.237
525.569
526.895
528.215
529.53
530.838
532.141
533.439
534.73
536.016
537.296
538.571
539.839
541.102
542.36
543.611
544.857
546.097
547.331
548.559
549.782
550.999
552.21
553.416
554.615
555.809
556.998
558.18
559.357
560.528
561.693
562.853
564.007
565.155
566.297
567.434
568.565
569.69
570.809
571.923
573.031
574.133
575.229
576.32
577.405
578.484
579.557
580.625
581.687
582.743
583.794
584.838
585.877
586.911
587.938
588.96
589.976
590.986
591.991
592.99
593.983
594.97
595.952
596.927
597.897
598.862
599.82
600.773
601.72
602.662
603.598
604.527
605.452
606.37
607.283
608.19
609.091
609.986
610.876
611.76
612.638
613.511
614.378
615.239
616.094
616.943
617.787
618.625
619.458
620.284
621.105
621.92
622.729
623.533
624.331
625.123
625.91
626.69
627.465
628.234
628.998
629.755
630.507
631.254
631.994
632.729
633.458
634.181
634.898
635.61
636.316
637.017
637.711
638.4
639.083
639.76
640.432
641.098
641.758
642.412
643.061
643.704
644.341
644.972
645.598
646.218
646.832
647.44
648.043
648.64
649.231
649.817
650.397
650.971
651.539
652.101
652.658
653.209
653.754
654.294
654.828
655.356
655.878
656.395
656.906
657.411
657.91
658.404
658.892
659.374
659.85
660.321
660.786
661.245
661.699
662.146
662.588
663.025
663.455
663.88
664.299
664.712
665.12
665.521
665.917
666.308
666.692
667.071
667.444
667.812
668.173
668.529
668.879
669.224
669.562
669.895
670.222
670.544
670.859
671.169
671.474
671.772
672.065
672.352
672.633
672.909
673.178
673.442
673.701
673.953
674.2
674.441
674.677
674.906
675.13
675.348
675.56
675.767
675.968
676.163
676.353
676.536
676.714
676.886
677.053
677.214
677.369
677.518
677.661
677.799
677.931
678.057
678.178
678.293
678.402
678.505
678.603
678.694
678.781
678.861
678.936
679.004
679.068
679.125
679.177
679.223
679.263
679.297
679.326
679.349
679.366
679.377
679.383
679.383
679.377
679.366
679.349
679.326
679.297
679.263
679.223
679.177
679.125
679.068
679.004
678.936
678.861
678.781
678.694
678.603
678.505
678.402
678.293
678.178
678.057
677.931
677.799
677.661
677.518
677.369
677.214
677.053
676.886
676.714
676.536
676.353
676.163
675.968
675.767
675.56
675.348
675.13
674.906
674.677
674.441
674.2
673.953
673.701
673.442
673.178
672.909
672.633
672.352
672.065
671.772
671.474
671.169
670.859
670.544
670.222
669.895
669.562
669.224
668.879
668.529
668.173
667.812
667.444
667.071
666.692
666.308
665.917
665.521
665.12
664.712
664.299
663.88
663.455
663.025
662.588
662.146
661.699
661.245
660.786
660.321
659.85
659.374
658.892
658.404
657.91
657.411
656.906
656.395
655.878
655.356
654.828
654.294
653.754
653.209
652.658
652.101
651.539
650.971
650.397
649.817
649.231
648.64
648.043
647.44
646.832
646.218
645.598
644.972
644.341
643.704
643.061
642.412
641.758
641.098
640.432
639.76
639.083
638.4
637.711
637.017
636.316
635.61
634.898
634.181
633.458
632.729
631.994
631.254
630.507
629.755
628.998
628.234
627.465
626.69
625.91
625.123
624.331
623.533
622.729
621.92
621.105
620.284
619.458
618.625
617.787
616.943
616.094
615.239
614.378
613.511
612.638
611.76
610.876
609.986
609.091
608.19
607.283
606.37
605.452
604.527
603.598
602.662
601.72
600.773
599.82
598.862
597.897
596.927
595.952
594.97
593.983
592.99
591.991
590.986
589.976
588.96
587.938
586.911
585.877
584.838
583.794
582.743
581.687
580.625
579.557
578.484
577.405
576.32
575.229
574.133
573.031
571.923
570.809
569.69
568.565
567.434
566.297
565.155
564.007
562.853
561.693
560.528
559.357
558.18
556.998
555.809
554.615
553.416
552.21
550.999
549.782
548.559
547.331
546.097
544.857
543.611
542.36
541.102
539.839
538.571
537.296
536.016
534.73
533.439
532.141
530.838
529.53
528.215
526.895
525.569
524.237
522.899
521.556
520.207
518.852
517.492
516.125
514.753
513.376
511.992
510.603
509.208
507.807
506.401
504.989
503.571
502.147
500.718
500.718
502.147
503.571
504.989
506.401
507.807
509.208
510.603
511.992
513.376
514.753
516.125
517.492
518.852
520.207
521.556
522.899
524.237
525.569
526.895
528.215
529.53
530.838
532.141
533.439
534.73
536.016
537.296
538.571
539.839
541.102
542.36
543.611
544.857
546.097
547.331
548.559
549.782
550.999
552.21
553.416
554.615
555.809
556.998
558.18
559.357
560.528
561.693
562.853
564.007
565.155
566.297
567.434
568.565
569.69
570.809
571.923
573.031
574.133
575.229
576.32
577.405
578.484
579.557
580.625
581.687
582.743
583.794
584.838
585.877
586.911
587.938
588.96
589.976
590.986
591.991
592.99
593.983
594.97
595.952
596.927
597.897
598.862
599.82
600.773
601.72
602.662
603.598
604.527
605.452
606.37
607.283
608.19
609.091
609.986
610.876
611.76
612.638
613.511
614.378
615.239
616.094
616.943
617.787
618.625
619.458
620.284
621.105
621.92
622.729
623.533
624.331
625.123
625.91
626.69
627.465
628.234
628.998
629.755
630.507
631.254
631.994
632.729
633.458
634.181
634.898
635.61
636.316
637.017
637.711
638.4
639.083
639.76
640.432
641.098
641.758
642.412
643.061
643.704
644.341
644.972
645.598
646.218
646.832
647.44
648.043
648.64
649.231
649.817
650.397
650.971
651.539
652.101
652.658
653.209
653.754
654.294
654.828
655.356
655.878
656.395
656.906
657.411
657.91
658.404
658.892
659.374
659.85
660.321
660.786
661.245
661.699
662.146
662.588
663.025
663.455
663.88
664.299
664.712
665.12
665.521
665.917
666.308
666.692
667.071
667.444
667.812
668.173
668.529
668.879
669.224
669.562
669.895
670.222
670.544
670.859
671.169
671.474
671.772
672.065
672.352
672.633
672.909
673.178
673.442
673.701
673.953
674.2
674.441
674.677
674.906
675.13
675.348
675.56
675.767
675.968
676.163
676.353
676.536
676.714
676.886
677.053
677.214
677.369
677.518
677.661
677.799
677.931
678.057
678.178
678.293
678.402
678.505
678.603
678.694
678.781
678.861
678.936
679.004
679.068
679.125
679.177
679.223
679.263
679.297
679.326
679.349
679.366
679.377
679.383
679.383
679.377
679.366
679.349
679.326
679.297
679.263
679.223
679.177
679.125
679.068
679.004
678.936
678.861
678.781
678.694
678.603
678.505
678.402
678.293
678.178
678.057
677.931
677.799
677.661
677.518
677.369
677.214
677.053
676.886
676.714
676.536
676.353
676.163
675.968
675.767
675.56
675.348
675.13
674.906
674.677
674.441
674.2
673.953
673.701
673.442
673.178
672.909
672.633
672.352
672.065
671.772
671.474
671.169
670.859
670.544
670.222
669.895
669.562
669.224
668.879
668.529
668.173
667.812
667.444
667.071
666.692
666.308
665.917
665.521
665.12
664.712
664.299
663.88
663.455
663.025
662.588
662.146
661.699
661.245
660.786
660.321
659.85
659.374
658.892
658.404
657.91
657.411
656.906
656.395
655.878
655.356
654.828
654.294
653.754
653.209
652.658
652.101
651.539
650.971
650.397
649.817
649.231
648.64
648.043
647.44
646.832
646.218
645.598
644.972
644.341
643.704
643.061
642.412
641.758
641.098
640.432
639.76
639.083
638.4
637.711
637.017
636.316
635.61
634.898
634.181
633.458
632.729
631.994
631.254
630.507
629.755
628.998
628.234
627.465
626.69
625.91
625.123
624.331
623.533
622.729
621.92
621.105
620.284
619.458
618.625
617.787
616.943
616.094
615.239
614.378
613.511
612.638
611.76
610.876
609.986
609.091
608.19
607.283
606.37
605.452
604.527
603.598
602.662
601.72
600.773
599.82
598.862
597.897
596.927
595.952
594.97
593.983
592.99
591.991
590.986
589.976
588.96
587.938
586.911
585.877
584.838
583.794
582.743
581.687
580.625
579.557
578.484
577.405
576.32
575.229
574.133
573.031
571.923
570.809
569.69
568.565
567.434
566.297
565.155
564.007
562.853
561.693
560.528
559.357
558.18
556.998
555.809
554.615
553.416
552.21
550.999
549.782
548.559
547.331
546.097
544.857
543.611
542.36
541.102
539.839
538.571
537.296
536.016
534.73
533.439
532.141
530.838
529.53
528.215
526.895
525.569
524.237
522.899
521.556
520.207
518.852
517.492
516.125
514.753
513.376
511.992
510.603
509.208
507.807
506.401
504.989
503.571
502.147
500.718
500.718
502.147
503.571
504.989
506.401
507.807
509.208
510.603
511.992
513.376
514.753
516.125
517.492
518.852
520.207
521.556
522.899
524.237
525.569
526.895
528.215
529.53
530.838
532.141
533.439
534.73
536.016
537.296
538.571
539.839
541.102
542.36
543.611
544.857
546.097
547.331
548.559
549.782
550.999
552.21
553.416
554.615
555.809
556.998
558.18
559.357
560.528
561.693
562.853
564.007
565.155
566.297
567.434
568.565
569.69
570.809
571.923
573.031
574.133
575.229
576.32
577.405
578.484
579.557
580.625
581.687
582.743
583.794
584.838
585.877
586.911
587.938
588.96
589.976
590.986
591.991
592.99
593.983
594.97
595.952
596.927
597.897
598.862
599.82
600.773
601.72
602.662
603.598
604.527
605.452
606.37
607.283
608.19
609.091
609.986
610.876
611.76
612.638
613.511
614.378
615.239
616.094
616.943
617.787
618.625
619.458
620.284
621.105
621.92
622.729
623.533
624.331
625.123
625.91
626.69
627.465
628.234
628.998
629.755
630.507
631.254
631.994
632.729
633.458
634.181
634.898
635.61
636.316
637.017
637.711
638.4
639.083
639.76
640.432
641.098
641.758
642.412
643.061
643.704
644.341
644.972
645.598
646.218
646.832
647.44
648.043
648.64
649.231
649.817
650.397
650.971
651.539
652.101
652.658
653.209
653.754
654.294
654.828
655.356
655.878
656.395
656.906
657.411
657.91
658.404
658.892
659.374
659.85
660.321
660.786
661.245
661.699
662.146
662.588
663.025
663.455
663.88
664.299
664.712
665.12
665.521
665.917
666.308
666.692
667.071
667.444
667.812
668.173
668.529
668.879
669.224
669.562
669.895
670.222
670.544
670.859
671.169
671.474
671.772
672.065
672.352
672.633
672.909
673.178
673.442
673.701
673.953
674.2
674.441
674.677
674.906
675.13
675.348
675.56
675.767
675.968
676.163
676.353
676.536
676.714
676.886
677.053
677.214
677.369
677.518
677.661
677.799
677.931
678.057
678.178
678.293
678.402
678.505
678.603
678.694
678.781
678.861
678.936
679.004
679.068
679.125
679.177
679.223
679.263
679.297
679.326
679.349
679.366
679.377
679.383
679.383
679.377
679.366
679.349
679.326
679.297
679.263
679.223
679.177
679.125
679.068
679.004
678.936
678.861
678.781
678.694
678.603
678.505
678.402
678.293
678.178
678.057
677.931
677.799
677.661
677.518
677.369
677.214
677.053
676.886
676.714
676.536
676.353
676.163
675.968
675.767
675.56
675.348
675.13
674.906
674.677
674.441
674.2
673.953
673.701
673.442
673.178
672.909
672.633
672.352
672.065
671.772
671.474
671.169
670.859
670.544
670.222
669.895
669.562
669.224
668.879
668.529
668.173
667.812
667.444
667.071
666.692
666.308
665.917
665.521
665.12
664.712
664.299
663.88
663.455
663.025
662.588
662.146
661.699
661.245
660.786
660.321
659.85
659.374
658.892
658.404
657.91
657.411
656.906
656.395
655.878
655.356
654.828
654.294
653.754
653.209
652.658
652.101
651.539
650.971
650.397
649.817
649.231
648.64
648.043
647.44
646.832
646.218
645.598
644.972
644.341
643.704
643.061
642.412
641.758
641.098
640.432
639.76
639.083
638.4
637.711
637.017
636.316
635.61
634.898
634.181
633.458
632.729
631.994
631.254
630.507
629.755
628.998
628.234
627.465
626.69
625.91
625.123
624.331
623.533
622.729
621.92
621.105
620.284
619.458
618.625
617.787
616.943
616.094
615.239
614.378
613.511
612.638
611.76
610.876
609.986
609.091
608.19
607.283
606.37
605.452
604.527
603.598
602.662
601.72
600.773
599.82
598.862
597.897
596.927
595.952
594.97
593.983
592.99
591.991
590.986
589.976
588.96
587.938
586.911
585.877
584.838
583.794
582.743
581.687
580.625
579.557
578.484
577.405
576.32
575.229
574.133
573.031
571.923
570.809
569.69
568.565
567.434
566.297
565.155
564.007
562.853
561.693
560.528
559.357
558.18
556.998
555.809
554.615
553.416
552.21
550.999
549.782
548.559
547.331
546.097
544.857
543.611
542.36
541.102
539.839
538.571
537.296
536.016
534.73
533.439
532.141
530.838
529.53
528.215
526.895
525.569
524.237
522.899
521.556
520.207
518.852
517.492
516.125
514.753
513.376
511.992
510.603
509.208
507.807
506.401
504.989
503.571
502.147
500.718
500.718
502.147
503.571
504.989
506.401
507.807
509.208
510.603
511.992
513.376
514.753
516.125
517.492
518.852
520.207
521.556
522.899
524.237
525.569
526.895
528.215
529.53
530.838
532.141
533.439
534.73
536.016
537.296
538.571
539.839
541.102
542.36
543.611
544.857
546.097
547.331
548.559
549.782
550.999
552.21
553.416
554.615
555.809
556.998
558.18
559.357
560.528
561.693
562.853
564.007
565.155
566.297
567.434
568.565
569.69
570.809
571.923
573.031
574.133
575.229
576.32
577.405
578.484
579.557
580.625
581.687
582.743
583.794
584.838
585.877
586.911
587.938
588.96
589.976
590.986
591.991
592.99
593.983
594.97
595.952
596.927
597.897
598.862
599.82
600.773
601.72
602.662
603.598
604.527
605.452
606.37
607.283
608.19
609.091
609.986
610.876
611.76
612.638
613.511
614.378
615.239
616.094
616.943
617.787
618.625
619.458
620.284
621.105
621.92
622.729
623.533
624.331
625.123
625.91
626.69
627.465
628.234
628.998
629.755
630.507
631.254
631.994
632.729
633.458
634.181
634.898
635.61
636.316
637.017
637.711
638.4
639.083
639.76
640.432
641.098
641.758
642.412
643.061
643.704
644.341
644.972
645.598
646.218
646.832
647.44
648.043
648.64
649.231
649.817
650.397
650.971
651.539
652.101
652.658
653.209
653.754
654.294
654.828
655.356
655.878
656.395
656.906
657.411
657.91
658.404
658.892
659.374
659.85
660.321
660.786
661.245
661.699
662.146
662.588
663.025
663.455
663.88
664.299
664.712
665.12
665.521
665.917
666.308
666.692
667.071
667.444
667.812
668.173
668.529
668.879
669.224
669.562
669.895
670.222
670.544
670.859
671.169
671.474
671.772
672.065
672.352
672.633
672.909
673.178
673.442
673.701
673.953
674.2
674.441
674.677
674.906
675.13
675.348
675.56
675.767
675.968
676.163
676.353
676.536
676.714
676.886
677.053
677.214
677.369
677.518
677.661
677.799
677.931
678.057
678.178
678.293
678.402
678.505
678.603
678.694
678.781
678.861
678.936
679.004
679.068
679.125
679.177
679.223
679.263
679.297
679.326
679.349
679.366
679.377
679.383
679.383
679.377
679.366
679.349
679.326
679.297
679.263
679.223
679.177
679.125
679.068
679.004
678.936
678.861
678.781
678.694
678.603
678.505
678.402
678.293
678.178
678.057
677.931
677.799
677.661
677.518
677.369
677.214
677.053
676.886
676.714
676.536
676.353
676.163
675.968
675.767
675.56
675.348
675.13
674.906
674.677
674.441
674.2
673.953
673.701
673.442
673.178
672.909
672.633
672.352
672.065
671.772
671.474
671.169
670.859
670.544
670.222
669.895
669.562
669.224
668.879
668.529
668.173
667.812
667.444
667.071
666.692
666.308
665.917
665.521
665.12
664.712
664.299
663.88
663.455
663.025
662.588
662.146
661.699
661.245
660.786
660.321
659.85
659.374
658.892
658.404
657.91
657.411
656.906
656.395
655.878
655.356
654.828
654.294
653.754
653.209
652.658
652.101
651.539
650.971
650.397
649.817
649.231
648.64
648.043
647.44
646.832
646.218
645.598
644.972
644.341
643.704
643.061
642.412
641.758
641.098
640.432
639.76
639.083
638.4
637.711
637.017
636.316
635.61
634.898
634.181
633.458
632.729
631.994
631.254
630.507
629.755
628.998
628.234
627.465
626.69
625.91
625.123
624.331
623.533
622.729
621.92
621.105
620.284
619.458
618.625
617.787
616.943
616.094
615.239
614.378
613.511
612.638
611.76
610.876
609.986
609.091
608.19
607.283
606.37
605.452
604.527
603.598
602.662
601.72
600.773
599.82
598.862
597.897
596.927
595.952
594.97
593.983
592.99
591.991
590.986
589.976
588.96
587.938
586.911
585.877
584.838
583.794
582.743
581.687
580.625
579.557
578.484
577.405
576.32
575.229
574.133
573.031
571.923
570.809
569.69
568.565
567.434
566.297
565.155
564.007
562.853
561.693
560.528
559.357
558.18
556.998
555.809
554.615
553.416
552.21
550.999
549.782
548.559
547.331
546.097
544.857
543.611
542.36
541.102
539.839
538.571
537.296
536.016
534.73
533.439
532.141
530.838
529.53
528.215
526.895
525.569
524.237
522.899
521.556
520.207
518.852
517.492
516.125
514.753
513.376
511.992
510.603
509.208
507.807
506.401
504.989
503.571
502.147
500.718
500.718
502.147
503.571
504.989
506.401
507.807
509.208
510.603
511.992
513.376
514.753
516.125
517.492
518.852
520.207
521.556
522.899
524.237
525.569
526.895
528.215
529.53
530.838
532.141
533.439
534.73
536.016
537.296
538.571
539.839
541.102
542.36
543.611
544.857
546.097
547.331
548.559
549.782
550.999
552.21
553.416
554.615
555.809
556.998
558.18
559.357
560.528
561.693
562.853
564.007
565.155
566.297
567.434
568.565
569.69
570.809
571.923
573.031
574.133
575.229
576.32
577.405
578.484
579.557
580.625
581.687
582.743
583.794
584.838
585.877
586.911
587.938
588.96
589.976
590.986
591.991
592.99
593.983
594.97
595.952
596.927
597.897
598.862
599.82
600.773
601.72
602.662
603.598
604.527
605.452
606.37
607.283
608.19
609.091
609.986
610.876
611.76
612.638
613.511
614.378
615.239
616.094
616.943
617.787
618.625
619.458
620.284
621.105
621.92
622.729
623.533
624.331
625.123
625.91
626.69
627.465
628.234
628.998
629.755
630.507
631.254
631.994
632.729
633.458
634.181
634.898
635.61
636.316
637.017
637.711
638.4
639.083
639.76
640.432
641.098
641.758
642.412
643.061
643.704
644.341
644.972
645.598
646.218
646.832
647.44
648.043
648.64
649.231
649.817
650.397
650.971
651.539
652.101
652.658
653.209
653.754
654.294
654.828
655.356
655.878
656.395
656.906
657.411
657.91
658.404
658.892
659.374
659.85
660.321
660.786
661.245
661.699
662.146
662.588
663.025
663.455
663.88
664.299
664.712
665.12
665.521
665.917
666.308
666.692
667.071
667.444
667.812
668.173
668.529
668.879
669.224
669.562
669.895
670.222
670.544
670.859
671.169
671.474
671.772
672.065
672.352
672.633
672.909
673.178
673.442
673.701
673.953
674.2
674.441
674.677
674.906
675.13
675.348
675.56
675.767
675.968
676.163
676.353
676.536
676.714
676.886
677.053
677.214
677.369
677.518
677.661
677.799
677.931
678.057
678.178
678.293
678.402
678.505
678.603
678.694
678.781
678.861
678.936
679.004
679.068
679.125
679.177
679.223
679.263
679.297
679.326
679.349
679.366
679.377
679.383
679.383
679.377
679.366
679.349
679.326
679.297
679.263
679.223
679.177
679.125
679.068
679.004
678.936
678.861
678.781
678.694
678.603
678.505
678.402
678.293
678.178
678.057
677.931
677.799
677.661
677.518
677.369
677.214
677.053
676.886
676.714
676.536
676.353
676.163
675.968
675.767
675.56
675.348
675.13
674.906
674.677
674.441
674.2
673.953
673.701
673.442
673.178
672.909
672.633
672.352
672.065
671.772
671.474
671.169
670.859
670.544
670.222
669.895
669.562
669.224
668.879
668.529
668.173
667.812
667.444
667.071
666.692
666.308
665.917
665.521
665.12
664.712
664.299
663.88
663.455
663.025
662.588
662.146
661.699
661.245
660.786
660.321
659.85
659.374
658.892
658.404
657.91
657.411
656.906
656.395
655.878
655.356
654.828
654.294
653.754
653.209
652.658
652.101
651.539
650.971
650.397
649.817
649.231
648.64
648.043
647.44
646.832
646.218
645.598
644.972
644.341
643.704
643.061
642.412
641.758
641.098
640.432
639.76
639.083
638.4
637.711
637.017
636.316
635.61
634.898
634.181
633.458
632.729
631.994
631.254
630.507
629.755
628.998
628.234
627.465
626.69
625.91
625.123
624.331
623.533
622.729
621.92
621.105
620.284
619.458
618.625
617.787
616.943
616.094
615.239
614.378
613.511
612.638
611.76
610.876
609.986
609.091
608.19
607.283
606.37
605.452
604.527
603.598
602.662
601.72
600.773
599.82
598.862
597.897
596.927
595.952
594.97
593.983
592.99
591.991
590.986
589.976
588.96
587.938
586.911
585.877
584.838
583.794
582.743
581.687
580.625
579.557
578.484
577.405
576.32
575.229
574.133
573.031
571.923
570.809
569.69
568.565
567.434
566.297
565.155
564.007
562.853
561.693
560.528
559.357
558.18
556.998
555.809
554.615
553.416
552.21
550.999
549.782
548.559
547.331
546.097
544.857
543.611
542.36
541.102
539.839
538.571
537.296
536.016
534.73
533.439
532.141
530.838
529.53
528.215
526.895
525.569
524.237
522.899
521.556
520.207
518.852
517.492
516.125
514.753
513.376
511.992
510.603
509.208
507.807
506.401
504.989
503.571
502.147
500.718
500.718
502.147
503.571
504.989
506.401
507.807
509.208
510.603
511.992
513.376
514.753
516.125
517.492
518.852
520.207
521.556
522.899
524.237
525.569
526.895
528.215
529.53
530.838
532.141
533.439
534.73
536.016
537.296
538.571
539.839
541.102
542.36
543.611
544.857
546.097
547.331
548.559
549.782
550.999
552.21
553.416
554.615
555.809
556.998
558.18
559.357
560.528
561.693
562.853
564.007
565.155
566.297
567.434
568.565
569.69
570.809
571.923
573.031
574.133
575.229
576.32
577.405
578.484
579.557
580.625
581.687
582.743
583.794
584.838
585.877
586.911
587.938
588.96
589.976
590.986
591.991
592.99
593.983
594.97
595.952
596.927
597.897
598.862
599.82
600.773
601.72
602.662
603.598
604.527
605.452
606.37
607.283
608.19
609.091
609.986
610.876
611.76
612.638
613.511
614.378
615.239
616.094
616.943
617.787
618.625
619.458
620.284
621.105
621.92
622.729
623.533
624.331
625.123
625.91
626.69
627.465
628.234
628.998
629.755
630.507
631.254
631.994
632.729
633.458
634.181
634.898
635.61
636.316
637.017
637.711
638.4
639.083
639.76
640.432
641.098
641.758
642.412
643.061
643.704
644.341
644.972
645.598
646.218
646.832
647.44
648.043
648.64
649.231
649.817
650.397
650.971
651.539
652.101
652.658
653.209
653.754
654.294
654.828
655.356
655.878
656.395
656.906
657.411
657.91
658.404
658.892
659.374
659.85
660.321
660.786
661.245
661.699
662.146
662.588
663.025
663.455
663.88
664.299
664.712
665.12
665.521
665.917
666.308
666.692
667.071
667.444
667.812
668.173
668.529
668.879
669.224
669.562
669.895
670.222
670.544
670.859
671.169
671.474
671.772
672.065
672.352
672.633
672.909
673.178
673.442
673.701
673.953
674.2
674.441
674.677
674.906
675.13
675.348
675.56
675.767
675.968
676.163
676.353
676.536
676.714
676.886
677.053
677.214
677.369
677.518
677.661
677.799
677.931
678.057
678.178
678.293
678.402
678.505
678.603
678.694
678.781
678.861
678.936
679.004
679.068
679.125
679.177
679.223
679.263
679.297
679.326
679.349
679.366
679.377
679.383
679.383
679.377
679.366
679.349
679.326
679.297
679.263
679.223
679.177
679.125
679.068
679.004
678.936
678.861
678.781
678.694
678.603
678.505
678.402
678.293
678.178
678.057
677.931
677.799
677.661
677.518
677.369
677.214
677.053
676.886
676.714
676.536
676.353
676.163
675.968
675.767
675.56
675.348
675.13
674.906
674.677
674.441
674.2
673.953
673.701
673.442
673.178
672.909
672.633
672.352
672.065
671.772
671.474
671.169
670.859
670.544
670.222
669.895
669.562
669.224
668.879
668.529
668.173
667.812
667.444
667.071
666.692
666.308
665.917
665.521
665.12
664.712
664.299
663.88
663.455
663.025
662.588
662.146
661.699
661.245
660.786
660.321
659.85
659.374
658.892
658.404
657.91
657.411
656.906
656.395
655.878
655.356
654.828
654.294
653.754
653.209
652.658
652.101
651.539
650.971
650.397
649.817
649.231
648.64
648.043
647.44
646.832
646.218
645.598
644.972
644.341
643.704
643.061
642.412
641.758
641.098
640.432
639.76
639.083
638.4
637.711
637.017
636.316
635.61
634.898
634.181
633.458
632.729
631.994
631.254
630.507
629.755
628.998
628.234
627.465
626.69
625.91
625.123
624.331
623.533
622.729
621.92
621.105
620.284
619.458
618.625
617.787
616.943
616.094
615.239
614.378
613.511
612.638
611.76
610.876
609.986
609.091
608.19
607.283
606.37
605.452
604.527
603.598
602.662
601.72
600.773
599.82
598.862
597.897
596.927
595.952
594.97
593.983
592.99
591.991
590.986
589.976
588.96
587.938
586.911
585.877
584.838
583.794
582.743
581.687
580.625
579.557
578.484
577.405
576.32
575.229
574.133
573.031
571.923
570.809
569.69
568.565
567.434
566.297
565.155
564.007
562.853
561.693
560.528
559.357
558.18
556.998
555.809
554.615
553.416
552.21
550.999
549.782
548.559
547.331
546.097
544.857
543.611
542.36
541.102
539.839
538.571
537.296
536.016
534.73
533.439
532.141
530.838
529.53
528.215
526.895
525.569
524.237
522.899
521.556
520.207
518.852
517.492
516.125
514.753
513.376
511.992
510.603
509.208
507.807
506.401
504.989
503.571
502.147
500.718
500.718
502.147
503.571
504.989
506.401
507.807
509.208
510.603
511.992
513.376
514.753
516.125
517.492
518.852
520.207
521.556
522.899
524.237
525.569
526.895
528.215
529.53
530.838
532.141
533.439
534.73
536.016
537.296
538.571
539.839
541.102
542.36
543.611
544.857
546.097
547.331
548.559
549.782
550.999
552.21
553.416
554.615
555.809
556.998
558.18
559.357
560.528
561.693
562.853
564.007
565.155
566.297
567.434
568.565
569.69
570.809
571.923
573.031
574.133
575.229
576.32
577.405
578.484
579.557
580.625
581.687
582.743
583.794
584.838
585.877
586.911
587.938
588.96
589.976
590.986
591.991
592.99
593.983
594.97
595.952
596.927
597.897
598.862
599.82
600.773
601.72
602.662
603.598
604.527
605.452
606.37
607.283
608.19
609.091
609.986
610.876
611.76
612.638
613.511
614.378
615.239
616.094
616.943
617.787
618.625
619.458
620.284
621.105
621.92
622.729
623.533
624.331
625.123
625.91
626.69
627.465
628.234
628.998
629.755
630.507
631.254
631.994
632.729
633.458
634.181
634.898
635.61
636.316
637.017
637.711
638.4
639.083
639.76
640.432
641.098
641.758
642.412
643.061
643.704
644.341
644.972
645.598
646.218
646.832
647.44
648.043
648.64
649.231
649.817
650.397
650.971
651.539
652.101
652.658
653.209
653.754
654.294
654.828
655.356
655.878
656.395
656.906
657.411
657.91
658.404
658.892
659.374
659.85
660.321
660.786
661.245
661.699
662.146
662.588
663.025
663.455
663.88
664.299
664.712
665.12
665.521
665.917
666.308
666.692
667.071
667.444
667.812
668.173
668.529
668.879
669.224
669.562
669.895
670.222
670.544
670.859
671.169
671.474
671.772
672.065
672.352
672.633
672.909
673.178
673.442
673.701
673.953
674.2
674.441
674.677
674.906
675.13
675.348
675.56
675.767
675.968
676.163
676.353
676.536
676.714
676.886
677.053
677.214
677.369
677.518
677.661
677.799
677.931
678.057
678.178
678.293
678.402
678.505
678.603
678.694
678.781
678.861
678.936
679.004
679.068
679.125
679.177
679.223
679.263
679.297
679.326
679.349
679.366
679.377
679.383
679.383
679.377
679.366
679.349
679.326
679.297
679.263
679.223
679.177
679.125
679.068
679.004
678.936
678.861
678.781
678.694
678.603
678.505
678.402
678.293
678.178
678.057
677.931
677.799
677.661
677.518
677.369
677.214
677.053
676.886
676.714
676.536
676.353
676.163
675.968
675.767
675.56
675.348
675.13
674.906
674.677
674.441
674.2
673.953
673.701
673.442
673.178
672.909
672.633
672.352
672.065
671.772
671.474
671.169
670.859
670.544
670.222
669.895
669.562
669.224
668.879
668.529
668.173
667.812
667.444
667.071
666.692
666.308
665.917
665.521
665.12
664.712
664.299
663.88
663.455
663.025
662.588
662.146
661.699
661.245
660.786
660.321
659.85
659.374
658.892
658.404
657.91
657.411
656.906
656.395
655.878
655.356
654.828
654.294
653.754
653.209
652.658
652.101
651.539
650.971
650.397
649.817
649.231
648.64
648.043
647.44
646.832
646.218
645.598
644.972
644.341
643.704
643.061
642.412
641.758
641.098
640.432
639.76
639.083
638.4
637.711
637.017
636.316
635.61
634.898
634.181
633.458
632.729
631.994
631.254
630.507
629.755
628.998
628.234
627.465
626.69
625.91
625.123
624.331
623.533
622.729
621.92
621.105
620.284
619.458
618.625
617.787
616.943
616.094
615.239
614.378
613.511
612.638
611.76
610.876
609.986
609.091
608.19
607.283
606.37
605.452
604.527
603.598
602.662
601.72
600.773
599.82
598.862
597.897
596.927
595.952
594.97
593.983
592.99
591.991
590.986
589.976
588.96
587.938
586.911
585.877
584.838
583.794
582.743
581.687
580.625
579.557
578.484
577.405
576.32
575.229
574.133
573.031
571.923
570.809
569.69
568.565
567.434
566.297
565.155
564.007
562.853
561.693
560.528
559.357
558.18
556.998
555.809
554.615
553.416
552.21
550.999
549.782
548.559
547.331
546.097
544.857
543.611
542.36
541.102
539.839
538.571
537.296
536.016
534.73
533.439
532.141
530.838
529.53
528.215
526.895
525.569
524.237
522.899
521.556
520.207
518.852
517.492
516.125
514.753
513.376
511.992
510.603
509.208
507.807
506.401
504.989
503.571
502.147
500.718
500.718
502.147
503.571
504.989
506.401
507.807
509.208
510.603
511.992
513.376
514.753
516.125
517.492
518.852
520.207
521.556
522.899
524.237
525.569
526.895
528.215
529.53
530.838
532.141
533.439
534.73
536.016
537.296
538.571
539.839
541.102
542.36
543.611
544.857
546.097
547.331
548.559
549.782
550.999
552.21
553.416
554.615
555.809
556.998
558.18
559.357
560.528
561.693
562.853
564.007
565.155
566.297
567.434
568.565
569.69
570.809
571.923
573.031
574.133
575.229
576.32
577.405
578.484
579.557
580.625
581.687
582.743
583.794
584.838
585.877
586.911
587.938
588.96
589.976
590.986
591.991
592.99
593.983
594.97
595.952
596.927
597.897
598.862
599.82
600.773
601.72
602.662
603.598
604.527
605.452
606.37
607.283
608.19
609.091
609.986
610.876
611.76
612.638
613.511
614.378
615.239
616.094
616.943
617.787
618.625
619.458
620.284
621.105
621.92
622.729
623.533
624.331
625.123
625.91
626.69
627.465
628.234
628.998
629.755
630.507
631.254
631.994
632.729
633.458
634.181
634.898
635.61
636.316
637.017
637.711
638.4
639.083
639.76
640.432
641.098
641.758
642.412
643.061
643.704
644.341
644.972
645.598
646.218
646.832
647.44
648.043
648.64
649.231
649.817
650.397
650.971
651.539
652.101
652.658
653.209
653.754
654.294
654.828
655.356
655.878
656.395
656.906
657.411
657.91
658.404
658.892
659.374
659.85
660.321
660.786
661.245
661.699
662.146
662.588
663.025
663.455
663.88
664.299
664.712
665.12
665.521
665.917
666.308
666.692
667.071
667.444
667.812
668.173
668.529
668.879
669.224
669.562
669.895
670.222
670.544
670.859
671.169
671.474
671.772
672.065
672.352
672.633
672.909
673.178
673.442
673.701
673.953
674.2
674.441
674.677
674.906
675.13
675.348
675.56
675.767
675.968
676.163
676.353
676.536
676.714
676.886
677.053
677.214
677.369
677.518
677.661
677.799
677.931
678.057
678.178
678.293
678.402
678.505
678.603
678.694
678.781
678.861
678.936
679.004
679.068
679.125
679.177
679.223
679.263
679.297
679.326
679.349
679.366
679.377
679.383
679.383
679.377
679.366
679.349
679.326
679.297
679.263
679.223
679.177
679.125
679.068
679.004
678.936
678.861
678.781
678.694
678.603
678.505
678.402
678.293
678.178
678.057
677.931
677.799
677.661
677.518
677.369
677.214
677.053
676.886
676.714
676.536
676.353
676.163
675.968
675.767
675.56
675.348
675.13
674.906
674.677
674.441
674.2
673.953
673.701
673.442
673.178
672.909
672.633
672.352
672.065
671.772
671.474
671.169
670.859
670.544
670.222
669.895
669.562
669.224
668.879
668.529
668.173
667.812
667.444
667.071
666.692
666.308
665.917
665.521
665.12
664.712
664.299
663.88
663.455
663.025
662.588
662.146
661.699
661.245
660.786
660.321
659.85
659.374
658.892
658.404
657.91
657.411
656.906
656.395
655.878
655.356
654.828
654.294
653.754
653.209
652.658
652.101
651.539
650.971
650.397
649.817
649.231
648.64
648.043
647.44
646.832
646.218
645.598
644.972
644.341
643.704
643.061
642.412
641.758
641.098
640.432
639.76
639.083
638.4
637.711
637.017
636.316
635.61
634.898
634.181
633.458
632.729
631.994
631.254
630.507
629.755
628.998
628.234
627.465
626.69
625.91
625.123
624.331
623.533
622.729
621.92
621.105
620.284
619.458
618.625
617.787
616.943
616.094
615.239
614.378
613.511
612.638
611.76
610.876
609.986
609.091
608.19
607.283
606.37
605.452
604.527
603.598
602.662
601.72
600.773
599.82
598.862
597.897
596.927
595.952
594.97
593.983
592.99
591.991
590.986
589.976
588.96
587.938
586.911
585.877
584.838
583.794
582.743
581.687
580.625
579.557
578.484
577.405
576.32
575.229
574.133
573.031
571.923
570.809
569.69
568.565
567.434
566.297
565.155
564.007
562.853
561.693
560.528
559.357
558.18
556.998
555.809
554.615
553.416
552.21
550.999
549.782
548.559
547.331
546.097
544.857
543.611
542.36
541.102
539.839
538.571
537.296
536.016
534.73
533.439
532.141
530.838
529.53
528.215
526.895
525.569
524.237
522.899
521.556
520.207
518.852
517.492
516.125
514.753
513.376
511.992
510.603
509.208
507.807
506.401
504.989
503.571
502.147
500.718
500.718
502.147
503.571
504.989
506.401
507.807
509.208
510.603
511.992
513.376
514.753
516.125
517.492
518.852
520.207
521.556
522.899
524.237
525.569
526.895
528.215
529.53
530.838
532.141
533.439
534.73
536.016
537.296
538.571
539.839
541.102
542.36
543.611
544.857
546.097
547.331
548.559
549.782
550.999
552.21
553.416
554.615
555.809
556.998
558.18
559.357
560.528
561.693
562.853
564.007
565.155
566.297
567.434
568.565
569.69
570.809
571.923
573.031
574.133
575.229
576.32
577.405
578.484
579.557
580.625
581.687
582.743
583.794
584.838
585.877
586.911
587.938
588.96
589.976
590.986
591.991
592.99
593.983
594.97
595.952
596.927
597.897
598.862
599.82
600.773
601.72
602.662
603.598
604.527
605.452
606.37
607.283
608.19
609.091
609.986
610.876
611.76
612.638
613.511
614.378
615.239
616.094
616.943
617.787
618.625
619.458
620.284
621.105
621.92
622.729
623.533
624.331
625.123
625.91
626.69
627.465
628.234
628.998
629.755
630.507
631.254
631.994
632.729
633.458
634.181
634.898
635.61
636.316
637.017
637.711
638.4
639.083
639.76
640.432
641.098
641.758
642.412
643.061
643.704
644.341
644.972
645.598
646.218
646.832
647.44
648.043
648.64
649.231
649.817
650.397
650.971
651.539
652.101
652.658
653.209
653.754
654.294
654.828
655.356
655.878
656.395
656.906
657.411
657.91
658.404
658.892
659.374
659.85
660.321
660.786
661.245
661.699
662.146
662.588
663.025
663.455
663.88
664.299
664.712
665.12
665.521
665.917
666.308
666.692
667.071
667.444
667.812
668.173
668.529
668.879
669.224
669.562
669.895
670.222
670.544
670.86
671.169
671.474
671.772
672.065
672.352
672.633
672.909
673.178
673.442
673.701
673.953
674.2
674.441
674.677
674.906
675.13
675.348
675.56
675.767
675.968
676.163
676.353
676.536
676.714
676.886
677.053
677.214
677.369
677.518
677.661
677.799
677.931
678.057
678.178
678.293
678.402
678.505
678.603
678.694
678.781
678.861
678.936
679.004
679.068
679.125
679.177
679.223
679.263
679.297
679.326
679.349
679.366
679.377
679.383
679.383
679.377
679.366
679.349
679.326
679.297
679.263
679.223
679.177
679.125
679.068
679.004
678.936
678.861
678.781
678.694
678.603
678.505
678.402
678.293
678.178
678.057
677.931
677.799
677.661
677.518
677.369
677.214
677.053
676.886
676.714
676.536
676.353
676.163
675.968
675.767
675.56
675.348
675.13
674.906
674.677
674.441
674.2
673.953
673.701
673.442
673.178
672.909
672.633
672.352
672.065
671.772
671.474
671.169
670.86
670.544
670.222
669.895
669.562
669.224
668.879
668.529
668.173
667.812
667.444
667.071
666.692
666.308
665.917
665.521
665.12
664.712
664.299
663.88
663.455
663.025
662.588
662.146
661.699
661.245
660.786
660.321
659.85
659.374
658.892
658.404
657.91
657.411
656.906
656.395
655.878
655.356
654.828
654.294
653.754
653.209
652.658
652.101
651.539
650.971
650.397
649.817
649.231
648.64
648.043
647.44
646.832
646.218
645.598
644.972
644.341
643.704
643.061
642.412
641.758
641.098
640.432
639.76
639.083
638.4
637.711
637.017
636.316
635.61
634.898
634.181
633.458
632.729
631.994
631.254
630.507
629.755
628.998
628.234
627.465
626.69
625.91
625.123
624.331
623.533
622.729
621.92
621.105
620.284
619.458
618.625
617.787
616.943
616.094
615.239
614.378
613.511
612.638
611.76
610.876
609.986
609.091
608.19
607.283
606.37
605.452
604.527
603.598
602.662
601.72
600.773
599.82
598.862
597.897
596.927
595.952
594.97
593.983
592.99
591.991
590.986
589.976
588.96
587.938
586.911
585.877
584.838
583.794
582.743
581.687
580.625
579.557
578.484
577.405
576.32
575.229
574.133
573.031
571.923
570.809
569.69
568.565
567.434
566.297
565.155
564.007
562.853
561.693
560.528
559.357
558.18
556.998
555.809
554.615
553.416
552.21
550.999
549.782
548.559
547.331
546.097
544.857
543.611
542.36
541.102
539.839
538.571
537.296
536.016
534.73
533.439
532.141
530.838
529.53
528.215
526.895
525.569
524.237
522.899
521.556
520.207
518.852
517.492
516.125
514.753
513.376
511.992
510.603
509.208
507.807
506.401
504.989
503.571
502.147
500.718
500.718
502.147
503.571
504.989
506.401
507.807
509.208
510.603
511.992
513.376
514.753
516.125
517.492
518.852
520.207
521.556
522.899
524.237
525.569
526.895
528.215
529.53
530.838
532.141
533.439
534.73
536.016
537.296
538.571
539.839
541.102
542.36
543.611
544.857
546.097
547.331
548.559
549.782
550.999
552.21
553.416
554.615
555.809
556.998
558.18
559.357
560.528
561.693
562.853
564.007
565.155
566.297
567.434
568.565
569.69
570.809
571.923
573.031
574.133
575.229
576.32
577.405
578.484
579.557
580.625
581.687
582.743
583.794
584.838
585.877
586.911
587.938
588.96
589.976
590.986
591.991
592.99
593.983
594.97
595.952
596.927
597.897
598.862
599.82
600.773
601.72
602.662
603.598
604.527
605.452
606.37
607.283
608.19
609.091
609.986
610.876
611.76
612.638
613.511
614.378
615.239
616.094
616.943
617.787
618.625
619.458
620.284
621.105
621.92
622.729
623.533
624.331
625.123
625.91
626.69
627.465
628.234
628.998
629.755
630.507
631.254
631.994
632.729
633.458
634.181
634.898
635.61
636.316
637.017
637.711
638.4
639.083
639.76
640.432
641.098
641.758
642.412
643.061
643.704
644.341
644.972
645.598
646.218
646.832
647.44
648.043
648.64
649.231
649.817
650.397
650.971
651.539
652.101
652.658
653.209
653.754
654.294
654.828
655.356
655.878
656.395
656.906
657.411
657.91
658.404
658.892
659.374
659.85
660.321
660.786
661.245
661.699
662.146
662.588
663.025
663.455
663.88
664.299
664.712
665.12
665.521
665.917
666.308
666.692
667.071
667.444
667.812
668.173
668.529
668.879
669.224
669.562
669.895
670.222
670.544
670.86
671.169
671.474
671.772
672.065
672.352
672.633
672.909
673.178
673.442
673.701
673.953
674.2
674.441
674.677
674.906
675.13
675.348
675.56
675.767
675.968
676.163
676.353
676.536
676.714
676.886
677.053
677.214
677.369
677.518
677.661
677.799
677.931
678.057
678.178
678.293
678.402
678.505
678.603
678.694
678.781
678.861
678.936
679.004
679.068
679.125
679.177
679.223
679.263
679.297
679.326
679.349
679.366
679.377
679.383
679.383
679.377
679.366
679.349
679.326
679.297
679.263
679.223
679.177
679.125
679.068
679.004
678.936
678.861
678.781
678.694
678.603
678.505
678.402
678.293
678.178
678.057
677.931
677.799
677.661
677.518
677.369
677.214
677.053
676.886
676.714
676.536
676.353
676.163
675.968
675.767
675.56
675.348
675.13
674.906
674.677
674.441
674.2
673.953
673.701
673.442
673.178
672.909
672.633
672.352
672.065
671.772
671.474
671.169
670.86
670.544
670.222
669.895
669.562
669.224
668.879
668.529
668.173
667.812
667.444
667.071
666.692
666.308
665.917
665.521
665.12
664.712
664.299
663.88
663.455
663.025
662.588
662.146
661.699
661.245
660.786
660.321
659.85
659.374
658.892
658.404
657.91
657.411
656.906
656.395
655.878
655.356
654.828
654.294
653.754
653.209
652.658
652.101
651.539
650.971
650.397
649.817
649.231
648.64
648.043
647.44
646.832
646.218
645.598
644.972
644.341
643.704
643.061
642.412
641.758
641.098
640.432
639.76
639.083
638.4
637.711
637.017
636.316
635.61
634.898
634.181
633.458
632.729
631.994
631.254
630.507
629.755
628.998
628.234
627.465
626.69
625.91
625.123
624.331
623.533
622.729
621.92
621.105
620.284
619.458
618.625
617.787
616.943
616.094
615.239
614.378
613.511
612.638
611.76
610.876
609.986
609.091
608.19
607.283
606.37
605.452
604.527
603.598
602.662
601.72
600.773
599.82
598.862
597.897
596.927
595.952
594.97
593.983
592.99
591.991
590.986
589.976
588.96
587.938
586.911
585.877
584.838
583.794
582.743
581.687
580.625
579.557
578.484
577.405
576.32
575.229
574.133
573.031
571.923
570.809
569.69
568.565
567.434
566.297
565.155
564.007
562.853
561.693
560.528
559.357
558.18
556.998
555.809
554.615
553.416
552.21
550.999
549.782
548.559
547.331
546.097
544.857
543.611
542.36
541.102
539.839
538.571
537.296
536.016
534.73
533.439
532.141
530.838
529.53
528.215
526.895
525.569
524.237
522.899
521.556
520.207
518.852
517.492
516.125
514.753
513.376
511.992
510.603
509.208
507.807
506.401
504.989
503.571
502.147
500.718
)
;

boundaryField
{
    top
    {
        type            zeroGradient;
    }
    bottom
    {
        type            zeroGradient;
    }
    left
    {
        type            fixedValue;
        value           uniform 500;
    }
    right
    {
        type            fixedValue;
        value           uniform 500;
    }
    frontAndBack
    {
        type            empty;
    }
}


// ************************************************************************* //
