/*--------------------------------*- C++ -*----------------------------------*\
| =========                 |                                                 |
| \\      /  F ield         | OpenFOAM: The Open Source CFD Toolbox           |
|  \\    /   O peration     | Version:  v2012                                 |
|   \\  /    A nd           | Website:  www.openfoam.com                      |
|    \\/     M anipulation  |                                                 |
\*---------------------------------------------------------------------------*/
FoamFile
{
    version     2.0;
    format      ascii;
    class       faceList;
    location    "constant/topAir/polyMesh";
    object      faces;
}
// * * * * * * * * * * * * * * * * * * * * * * * * * * * * * * * * * * * * * //


4060
(
4(1 32 187 156)
4(31 186 187 32)
4(155 156 187 186)
4(2 33 188 157)
4(32 187 188 33)
4(156 157 188 187)
4(3 34 189 158)
4(33 188 189 34)
4(157 158 189 188)
4(4 35 190 159)
4(34 189 190 35)
4(158 159 190 189)
4(5 36 191 160)
4(35 190 191 36)
4(159 160 191 190)
4(6 37 192 161)
4(36 191 192 37)
4(160 161 192 191)
4(7 38 193 162)
4(37 192 193 38)
4(161 162 193 192)
4(8 39 194 163)
4(38 193 194 39)
4(162 163 194 193)
4(9 40 195 164)
4(39 194 195 40)
4(163 164 195 194)
4(10 41 196 165)
4(40 195 196 41)
4(164 165 196 195)
4(11 42 197 166)
4(41 196 197 42)
4(165 166 197 196)
4(12 43 198 167)
4(42 197 198 43)
4(166 167 198 197)
4(13 44 199 168)
4(43 198 199 44)
4(167 168 199 198)
4(14 45 200 169)
4(44 199 200 45)
4(168 169 200 199)
4(15 46 201 170)
4(45 200 201 46)
4(169 170 201 200)
4(16 47 202 171)
4(46 201 202 47)
4(170 171 202 201)
4(17 48 203 172)
4(47 202 203 48)
4(171 172 203 202)
4(18 49 204 173)
4(48 203 204 49)
4(172 173 204 203)
4(19 50 205 174)
4(49 204 205 50)
4(173 174 205 204)
4(20 51 206 175)
4(50 205 206 51)
4(174 175 206 205)
4(21 52 207 176)
4(51 206 207 52)
4(175 176 207 206)
4(22 53 208 177)
4(52 207 208 53)
4(176 177 208 207)
4(23 54 209 178)
4(53 208 209 54)
4(177 178 209 208)
4(24 55 210 179)
4(54 209 210 55)
4(178 179 210 209)
4(25 56 211 180)
4(55 210 211 56)
4(179 180 211 210)
4(26 57 212 181)
4(56 211 212 57)
4(180 181 212 211)
4(27 58 213 182)
4(57 212 213 58)
4(181 182 213 212)
4(28 59 214 183)
4(58 213 214 59)
4(182 183 214 213)
4(29 60 215 184)
4(59 214 215 60)
4(183 184 215 214)
4(60 215 216 61)
4(184 185 216 215)
4(32 63 218 187)
4(62 217 218 63)
4(186 187 218 217)
4(33 64 219 188)
4(63 218 219 64)
4(187 188 219 218)
4(34 65 220 189)
4(64 219 220 65)
4(188 189 220 219)
4(35 66 221 190)
4(65 220 221 66)
4(189 190 221 220)
4(36 67 222 191)
4(66 221 222 67)
4(190 191 222 221)
4(37 68 223 192)
4(67 222 223 68)
4(191 192 223 222)
4(38 69 224 193)
4(68 223 224 69)
4(192 193 224 223)
4(39 70 225 194)
4(69 224 225 70)
4(193 194 225 224)
4(40 71 226 195)
4(70 225 226 71)
4(194 195 226 225)
4(41 72 227 196)
4(71 226 227 72)
4(195 196 227 226)
4(42 73 228 197)
4(72 227 228 73)
4(196 197 228 227)
4(43 74 229 198)
4(73 228 229 74)
4(197 198 229 228)
4(44 75 230 199)
4(74 229 230 75)
4(198 199 230 229)
4(45 76 231 200)
4(75 230 231 76)
4(199 200 231 230)
4(46 77 232 201)
4(76 231 232 77)
4(200 201 232 231)
4(47 78 233 202)
4(77 232 233 78)
4(201 202 233 232)
4(48 79 234 203)
4(78 233 234 79)
4(202 203 234 233)
4(49 80 235 204)
4(79 234 235 80)
4(203 204 235 234)
4(50 81 236 205)
4(80 235 236 81)
4(204 205 236 235)
4(51 82 237 206)
4(81 236 237 82)
4(205 206 237 236)
4(52 83 238 207)
4(82 237 238 83)
4(206 207 238 237)
4(53 84 239 208)
4(83 238 239 84)
4(207 208 239 238)
4(54 85 240 209)
4(84 239 240 85)
4(208 209 240 239)
4(55 86 241 210)
4(85 240 241 86)
4(209 210 241 240)
4(56 87 242 211)
4(86 241 242 87)
4(210 211 242 241)
4(57 88 243 212)
4(87 242 243 88)
4(211 212 243 242)
4(58 89 244 213)
4(88 243 244 89)
4(212 213 244 243)
4(59 90 245 214)
4(89 244 245 90)
4(213 214 245 244)
4(60 91 246 215)
4(90 245 246 91)
4(214 215 246 245)
4(91 246 247 92)
4(215 216 247 246)
4(63 94 249 218)
4(93 248 249 94)
4(217 218 249 248)
4(64 95 250 219)
4(94 249 250 95)
4(218 219 250 249)
4(65 96 251 220)
4(95 250 251 96)
4(219 220 251 250)
4(66 97 252 221)
4(96 251 252 97)
4(220 221 252 251)
4(67 98 253 222)
4(97 252 253 98)
4(221 222 253 252)
4(68 99 254 223)
4(98 253 254 99)
4(222 223 254 253)
4(69 100 255 224)
4(99 254 255 100)
4(223 224 255 254)
4(70 101 256 225)
4(100 255 256 101)
4(224 225 256 255)
4(71 102 257 226)
4(101 256 257 102)
4(225 226 257 256)
4(72 103 258 227)
4(102 257 258 103)
4(226 227 258 257)
4(73 104 259 228)
4(103 258 259 104)
4(227 228 259 258)
4(74 105 260 229)
4(104 259 260 105)
4(228 229 260 259)
4(75 106 261 230)
4(105 260 261 106)
4(229 230 261 260)
4(76 107 262 231)
4(106 261 262 107)
4(230 231 262 261)
4(77 108 263 232)
4(107 262 263 108)
4(231 232 263 262)
4(78 109 264 233)
4(108 263 264 109)
4(232 233 264 263)
4(79 110 265 234)
4(109 264 265 110)
4(233 234 265 264)
4(80 111 266 235)
4(110 265 266 111)
4(234 235 266 265)
4(81 112 267 236)
4(111 266 267 112)
4(235 236 267 266)
4(82 113 268 237)
4(112 267 268 113)
4(236 237 268 267)
4(83 114 269 238)
4(113 268 269 114)
4(237 238 269 268)
4(84 115 270 239)
4(114 269 270 115)
4(238 239 270 269)
4(85 116 271 240)
4(115 270 271 116)
4(239 240 271 270)
4(86 117 272 241)
4(116 271 272 117)
4(240 241 272 271)
4(87 118 273 242)
4(117 272 273 118)
4(241 242 273 272)
4(88 119 274 243)
4(118 273 274 119)
4(242 243 274 273)
4(89 120 275 244)
4(119 274 275 120)
4(243 244 275 274)
4(90 121 276 245)
4(120 275 276 121)
4(244 245 276 275)
4(91 122 277 246)
4(121 276 277 122)
4(245 246 277 276)
4(122 277 278 123)
4(246 247 278 277)
4(94 125 280 249)
4(248 249 280 279)
4(95 126 281 250)
4(249 250 281 280)
4(96 127 282 251)
4(250 251 282 281)
4(97 128 283 252)
4(251 252 283 282)
4(98 129 284 253)
4(252 253 284 283)
4(99 130 285 254)
4(253 254 285 284)
4(100 131 286 255)
4(254 255 286 285)
4(101 132 287 256)
4(255 256 287 286)
4(102 133 288 257)
4(256 257 288 287)
4(103 134 289 258)
4(257 258 289 288)
4(104 135 290 259)
4(258 259 290 289)
4(105 136 291 260)
4(259 260 291 290)
4(106 137 292 261)
4(260 261 292 291)
4(107 138 293 262)
4(261 262 293 292)
4(108 139 294 263)
4(262 263 294 293)
4(109 140 295 264)
4(263 264 295 294)
4(110 141 296 265)
4(264 265 296 295)
4(111 142 297 266)
4(265 266 297 296)
4(112 143 298 267)
4(266 267 298 297)
4(113 144 299 268)
4(267 268 299 298)
4(114 145 300 269)
4(268 269 300 299)
4(115 146 301 270)
4(269 270 301 300)
4(116 147 302 271)
4(270 271 302 301)
4(117 148 303 272)
4(271 272 303 302)
4(118 149 304 273)
4(272 273 304 303)
4(119 150 305 274)
4(273 274 305 304)
4(120 151 306 275)
4(274 275 306 305)
4(121 152 307 276)
4(275 276 307 306)
4(122 153 308 277)
4(276 277 308 307)
4(277 278 309 308)
4(156 187 342 311)
4(186 341 342 187)
4(310 311 342 341)
4(157 188 343 312)
4(187 342 343 188)
4(311 312 343 342)
4(158 189 344 313)
4(188 343 344 189)
4(312 313 344 343)
4(159 190 345 314)
4(189 344 345 190)
4(313 314 345 344)
4(160 191 346 315)
4(190 345 346 191)
4(314 315 346 345)
4(161 192 347 316)
4(191 346 347 192)
4(315 316 347 346)
4(162 193 348 317)
4(192 347 348 193)
4(316 317 348 347)
4(163 194 349 318)
4(193 348 349 194)
4(317 318 349 348)
4(164 195 350 319)
4(194 349 350 195)
4(318 319 350 349)
4(165 196 351 320)
4(195 350 351 196)
4(319 320 351 350)
4(166 197 352 321)
4(196 351 352 197)
4(320 321 352 351)
4(167 198 353 322)
4(197 352 353 198)
4(321 322 353 352)
4(168 199 354 323)
4(198 353 354 199)
4(322 323 354 353)
4(169 200 355 324)
4(199 354 355 200)
4(323 324 355 354)
4(170 201 356 325)
4(200 355 356 201)
4(324 325 356 355)
4(171 202 357 326)
4(201 356 357 202)
4(325 326 357 356)
4(172 203 358 327)
4(202 357 358 203)
4(326 327 358 357)
4(173 204 359 328)
4(203 358 359 204)
4(327 328 359 358)
4(174 205 360 329)
4(204 359 360 205)
4(328 329 360 359)
4(175 206 361 330)
4(205 360 361 206)
4(329 330 361 360)
4(176 207 362 331)
4(206 361 362 207)
4(330 331 362 361)
4(177 208 363 332)
4(207 362 363 208)
4(331 332 363 362)
4(178 209 364 333)
4(208 363 364 209)
4(332 333 364 363)
4(179 210 365 334)
4(209 364 365 210)
4(333 334 365 364)
4(180 211 366 335)
4(210 365 366 211)
4(334 335 366 365)
4(181 212 367 336)
4(211 366 367 212)
4(335 336 367 366)
4(182 213 368 337)
4(212 367 368 213)
4(336 337 368 367)
4(183 214 369 338)
4(213 368 369 214)
4(337 338 369 368)
4(184 215 370 339)
4(214 369 370 215)
4(338 339 370 369)
4(215 370 371 216)
4(339 340 371 370)
4(187 218 373 342)
4(217 372 373 218)
4(341 342 373 372)
4(188 219 374 343)
4(218 373 374 219)
4(342 343 374 373)
4(189 220 375 344)
4(219 374 375 220)
4(343 344 375 374)
4(190 221 376 345)
4(220 375 376 221)
4(344 345 376 375)
4(191 222 377 346)
4(221 376 377 222)
4(345 346 377 376)
4(192 223 378 347)
4(222 377 378 223)
4(346 347 378 377)
4(193 224 379 348)
4(223 378 379 224)
4(347 348 379 378)
4(194 225 380 349)
4(224 379 380 225)
4(348 349 380 379)
4(195 226 381 350)
4(225 380 381 226)
4(349 350 381 380)
4(196 227 382 351)
4(226 381 382 227)
4(350 351 382 381)
4(197 228 383 352)
4(227 382 383 228)
4(351 352 383 382)
4(198 229 384 353)
4(228 383 384 229)
4(352 353 384 383)
4(199 230 385 354)
4(229 384 385 230)
4(353 354 385 384)
4(200 231 386 355)
4(230 385 386 231)
4(354 355 386 385)
4(201 232 387 356)
4(231 386 387 232)
4(355 356 387 386)
4(202 233 388 357)
4(232 387 388 233)
4(356 357 388 387)
4(203 234 389 358)
4(233 388 389 234)
4(357 358 389 388)
4(204 235 390 359)
4(234 389 390 235)
4(358 359 390 389)
4(205 236 391 360)
4(235 390 391 236)
4(359 360 391 390)
4(206 237 392 361)
4(236 391 392 237)
4(360 361 392 391)
4(207 238 393 362)
4(237 392 393 238)
4(361 362 393 392)
4(208 239 394 363)
4(238 393 394 239)
4(362 363 394 393)
4(209 240 395 364)
4(239 394 395 240)
4(363 364 395 394)
4(210 241 396 365)
4(240 395 396 241)
4(364 365 396 395)
4(211 242 397 366)
4(241 396 397 242)
4(365 366 397 396)
4(212 243 398 367)
4(242 397 398 243)
4(366 367 398 397)
4(213 244 399 368)
4(243 398 399 244)
4(367 368 399 398)
4(214 245 400 369)
4(244 399 400 245)
4(368 369 400 399)
4(215 246 401 370)
4(245 400 401 246)
4(369 370 401 400)
4(246 401 402 247)
4(370 371 402 401)
4(218 249 404 373)
4(248 403 404 249)
4(372 373 404 403)
4(219 250 405 374)
4(249 404 405 250)
4(373 374 405 404)
4(220 251 406 375)
4(250 405 406 251)
4(374 375 406 405)
4(221 252 407 376)
4(251 406 407 252)
4(375 376 407 406)
4(222 253 408 377)
4(252 407 408 253)
4(376 377 408 407)
4(223 254 409 378)
4(253 408 409 254)
4(377 378 409 408)
4(224 255 410 379)
4(254 409 410 255)
4(378 379 410 409)
4(225 256 411 380)
4(255 410 411 256)
4(379 380 411 410)
4(226 257 412 381)
4(256 411 412 257)
4(380 381 412 411)
4(227 258 413 382)
4(257 412 413 258)
4(381 382 413 412)
4(228 259 414 383)
4(258 413 414 259)
4(382 383 414 413)
4(229 260 415 384)
4(259 414 415 260)
4(383 384 415 414)
4(230 261 416 385)
4(260 415 416 261)
4(384 385 416 415)
4(231 262 417 386)
4(261 416 417 262)
4(385 386 417 416)
4(232 263 418 387)
4(262 417 418 263)
4(386 387 418 417)
4(233 264 419 388)
4(263 418 419 264)
4(387 388 419 418)
4(234 265 420 389)
4(264 419 420 265)
4(388 389 420 419)
4(235 266 421 390)
4(265 420 421 266)
4(389 390 421 420)
4(236 267 422 391)
4(266 421 422 267)
4(390 391 422 421)
4(237 268 423 392)
4(267 422 423 268)
4(391 392 423 422)
4(238 269 424 393)
4(268 423 424 269)
4(392 393 424 423)
4(239 270 425 394)
4(269 424 425 270)
4(393 394 425 424)
4(240 271 426 395)
4(270 425 426 271)
4(394 395 426 425)
4(241 272 427 396)
4(271 426 427 272)
4(395 396 427 426)
4(242 273 428 397)
4(272 427 428 273)
4(396 397 428 427)
4(243 274 429 398)
4(273 428 429 274)
4(397 398 429 428)
4(244 275 430 399)
4(274 429 430 275)
4(398 399 430 429)
4(245 276 431 400)
4(275 430 431 276)
4(399 400 431 430)
4(246 277 432 401)
4(276 431 432 277)
4(400 401 432 431)
4(277 432 433 278)
4(401 402 433 432)
4(249 280 435 404)
4(403 404 435 434)
4(250 281 436 405)
4(404 405 436 435)
4(251 282 437 406)
4(405 406 437 436)
4(252 283 438 407)
4(406 407 438 437)
4(253 284 439 408)
4(407 408 439 438)
4(254 285 440 409)
4(408 409 440 439)
4(255 286 441 410)
4(409 410 441 440)
4(256 287 442 411)
4(410 411 442 441)
4(257 288 443 412)
4(411 412 443 442)
4(258 289 444 413)
4(412 413 444 443)
4(259 290 445 414)
4(413 414 445 444)
4(260 291 446 415)
4(414 415 446 445)
4(261 292 447 416)
4(415 416 447 446)
4(262 293 448 417)
4(416 417 448 447)
4(263 294 449 418)
4(417 418 449 448)
4(264 295 450 419)
4(418 419 450 449)
4(265 296 451 420)
4(419 420 451 450)
4(266 297 452 421)
4(420 421 452 451)
4(267 298 453 422)
4(421 422 453 452)
4(268 299 454 423)
4(422 423 454 453)
4(269 300 455 424)
4(423 424 455 454)
4(270 301 456 425)
4(424 425 456 455)
4(271 302 457 426)
4(425 426 457 456)
4(272 303 458 427)
4(426 427 458 457)
4(273 304 459 428)
4(427 428 459 458)
4(274 305 460 429)
4(428 429 460 459)
4(275 306 461 430)
4(429 430 461 460)
4(276 307 462 431)
4(430 431 462 461)
4(277 308 463 432)
4(431 432 463 462)
4(432 433 464 463)
4(311 342 497 466)
4(341 496 497 342)
4(465 466 497 496)
4(312 343 498 467)
4(342 497 498 343)
4(466 467 498 497)
4(313 344 499 468)
4(343 498 499 344)
4(467 468 499 498)
4(314 345 500 469)
4(344 499 500 345)
4(468 469 500 499)
4(315 346 501 470)
4(345 500 501 346)
4(469 470 501 500)
4(316 347 502 471)
4(346 501 502 347)
4(470 471 502 501)
4(317 348 503 472)
4(347 502 503 348)
4(471 472 503 502)
4(318 349 504 473)
4(348 503 504 349)
4(472 473 504 503)
4(319 350 505 474)
4(349 504 505 350)
4(473 474 505 504)
4(320 351 506 475)
4(350 505 506 351)
4(474 475 506 505)
4(321 352 507 476)
4(351 506 507 352)
4(475 476 507 506)
4(322 353 508 477)
4(352 507 508 353)
4(476 477 508 507)
4(323 354 509 478)
4(353 508 509 354)
4(477 478 509 508)
4(324 355 510 479)
4(354 509 510 355)
4(478 479 510 509)
4(325 356 511 480)
4(355 510 511 356)
4(479 480 511 510)
4(326 357 512 481)
4(356 511 512 357)
4(480 481 512 511)
4(327 358 513 482)
4(357 512 513 358)
4(481 482 513 512)
4(328 359 514 483)
4(358 513 514 359)
4(482 483 514 513)
4(329 360 515 484)
4(359 514 515 360)
4(483 484 515 514)
4(330 361 516 485)
4(360 515 516 361)
4(484 485 516 515)
4(331 362 517 486)
4(361 516 517 362)
4(485 486 517 516)
4(332 363 518 487)
4(362 517 518 363)
4(486 487 518 517)
4(333 364 519 488)
4(363 518 519 364)
4(487 488 519 518)
4(334 365 520 489)
4(364 519 520 365)
4(488 489 520 519)
4(335 366 521 490)
4(365 520 521 366)
4(489 490 521 520)
4(336 367 522 491)
4(366 521 522 367)
4(490 491 522 521)
4(337 368 523 492)
4(367 522 523 368)
4(491 492 523 522)
4(338 369 524 493)
4(368 523 524 369)
4(492 493 524 523)
4(339 370 525 494)
4(369 524 525 370)
4(493 494 525 524)
4(370 525 526 371)
4(494 495 526 525)
4(342 373 528 497)
4(372 527 528 373)
4(496 497 528 527)
4(343 374 529 498)
4(373 528 529 374)
4(497 498 529 528)
4(344 375 530 499)
4(374 529 530 375)
4(498 499 530 529)
4(345 376 531 500)
4(375 530 531 376)
4(499 500 531 530)
4(346 377 532 501)
4(376 531 532 377)
4(500 501 532 531)
4(347 378 533 502)
4(377 532 533 378)
4(501 502 533 532)
4(348 379 534 503)
4(378 533 534 379)
4(502 503 534 533)
4(349 380 535 504)
4(379 534 535 380)
4(503 504 535 534)
4(350 381 536 505)
4(380 535 536 381)
4(504 505 536 535)
4(351 382 537 506)
4(381 536 537 382)
4(505 506 537 536)
4(352 383 538 507)
4(382 537 538 383)
4(506 507 538 537)
4(353 384 539 508)
4(383 538 539 384)
4(507 508 539 538)
4(354 385 540 509)
4(384 539 540 385)
4(508 509 540 539)
4(355 386 541 510)
4(385 540 541 386)
4(509 510 541 540)
4(356 387 542 511)
4(386 541 542 387)
4(510 511 542 541)
4(357 388 543 512)
4(387 542 543 388)
4(511 512 543 542)
4(358 389 544 513)
4(388 543 544 389)
4(512 513 544 543)
4(359 390 545 514)
4(389 544 545 390)
4(513 514 545 544)
4(360 391 546 515)
4(390 545 546 391)
4(514 515 546 545)
4(361 392 547 516)
4(391 546 547 392)
4(515 516 547 546)
4(362 393 548 517)
4(392 547 548 393)
4(516 517 548 547)
4(363 394 549 518)
4(393 548 549 394)
4(517 518 549 548)
4(364 395 550 519)
4(394 549 550 395)
4(518 519 550 549)
4(365 396 551 520)
4(395 550 551 396)
4(519 520 551 550)
4(366 397 552 521)
4(396 551 552 397)
4(520 521 552 551)
4(367 398 553 522)
4(397 552 553 398)
4(521 522 553 552)
4(368 399 554 523)
4(398 553 554 399)
4(522 523 554 553)
4(369 400 555 524)
4(399 554 555 400)
4(523 524 555 554)
4(370 401 556 525)
4(400 555 556 401)
4(524 525 556 555)
4(401 556 557 402)
4(525 526 557 556)
4(373 404 559 528)
4(403 558 559 404)
4(527 528 559 558)
4(374 405 560 529)
4(404 559 560 405)
4(528 529 560 559)
4(375 406 561 530)
4(405 560 561 406)
4(529 530 561 560)
4(376 407 562 531)
4(406 561 562 407)
4(530 531 562 561)
4(377 408 563 532)
4(407 562 563 408)
4(531 532 563 562)
4(378 409 564 533)
4(408 563 564 409)
4(532 533 564 563)
4(379 410 565 534)
4(409 564 565 410)
4(533 534 565 564)
4(380 411 566 535)
4(410 565 566 411)
4(534 535 566 565)
4(381 412 567 536)
4(411 566 567 412)
4(535 536 567 566)
4(382 413 568 537)
4(412 567 568 413)
4(536 537 568 567)
4(383 414 569 538)
4(413 568 569 414)
4(537 538 569 568)
4(384 415 570 539)
4(414 569 570 415)
4(538 539 570 569)
4(385 416 571 540)
4(415 570 571 416)
4(539 540 571 570)
4(386 417 572 541)
4(416 571 572 417)
4(540 541 572 571)
4(387 418 573 542)
4(417 572 573 418)
4(541 542 573 572)
4(388 419 574 543)
4(418 573 574 419)
4(542 543 574 573)
4(389 420 575 544)
4(419 574 575 420)
4(543 544 575 574)
4(390 421 576 545)
4(420 575 576 421)
4(544 545 576 575)
4(391 422 577 546)
4(421 576 577 422)
4(545 546 577 576)
4(392 423 578 547)
4(422 577 578 423)
4(546 547 578 577)
4(393 424 579 548)
4(423 578 579 424)
4(547 548 579 578)
4(394 425 580 549)
4(424 579 580 425)
4(548 549 580 579)
4(395 426 581 550)
4(425 580 581 426)
4(549 550 581 580)
4(396 427 582 551)
4(426 581 582 427)
4(550 551 582 581)
4(397 428 583 552)
4(427 582 583 428)
4(551 552 583 582)
4(398 429 584 553)
4(428 583 584 429)
4(552 553 584 583)
4(399 430 585 554)
4(429 584 585 430)
4(553 554 585 584)
4(400 431 586 555)
4(430 585 586 431)
4(554 555 586 585)
4(401 432 587 556)
4(431 586 587 432)
4(555 556 587 586)
4(432 587 588 433)
4(556 557 588 587)
4(404 435 590 559)
4(558 559 590 589)
4(405 436 591 560)
4(559 560 591 590)
4(406 437 592 561)
4(560 561 592 591)
4(407 438 593 562)
4(561 562 593 592)
4(408 439 594 563)
4(562 563 594 593)
4(409 440 595 564)
4(563 564 595 594)
4(410 441 596 565)
4(564 565 596 595)
4(411 442 597 566)
4(565 566 597 596)
4(412 443 598 567)
4(566 567 598 597)
4(413 444 599 568)
4(567 568 599 598)
4(414 445 600 569)
4(568 569 600 599)
4(415 446 601 570)
4(569 570 601 600)
4(416 447 602 571)
4(570 571 602 601)
4(417 448 603 572)
4(571 572 603 602)
4(418 449 604 573)
4(572 573 604 603)
4(419 450 605 574)
4(573 574 605 604)
4(420 451 606 575)
4(574 575 606 605)
4(421 452 607 576)
4(575 576 607 606)
4(422 453 608 577)
4(576 577 608 607)
4(423 454 609 578)
4(577 578 609 608)
4(424 455 610 579)
4(578 579 610 609)
4(425 456 611 580)
4(579 580 611 610)
4(426 457 612 581)
4(580 581 612 611)
4(427 458 613 582)
4(581 582 613 612)
4(428 459 614 583)
4(582 583 614 613)
4(429 460 615 584)
4(583 584 615 614)
4(430 461 616 585)
4(584 585 616 615)
4(431 462 617 586)
4(585 586 617 616)
4(432 463 618 587)
4(586 587 618 617)
4(587 588 619 618)
4(466 497 652 621)
4(496 651 652 497)
4(620 621 652 651)
4(467 498 653 622)
4(497 652 653 498)
4(621 622 653 652)
4(468 499 654 623)
4(498 653 654 499)
4(622 623 654 653)
4(469 500 655 624)
4(499 654 655 500)
4(623 624 655 654)
4(470 501 656 625)
4(500 655 656 501)
4(624 625 656 655)
4(471 502 657 626)
4(501 656 657 502)
4(625 626 657 656)
4(472 503 658 627)
4(502 657 658 503)
4(626 627 658 657)
4(473 504 659 628)
4(503 658 659 504)
4(627 628 659 658)
4(474 505 660 629)
4(504 659 660 505)
4(628 629 660 659)
4(475 506 661 630)
4(505 660 661 506)
4(629 630 661 660)
4(476 507 662 631)
4(506 661 662 507)
4(630 631 662 661)
4(477 508 663 632)
4(507 662 663 508)
4(631 632 663 662)
4(478 509 664 633)
4(508 663 664 509)
4(632 633 664 663)
4(479 510 665 634)
4(509 664 665 510)
4(633 634 665 664)
4(480 511 666 635)
4(510 665 666 511)
4(634 635 666 665)
4(481 512 667 636)
4(511 666 667 512)
4(635 636 667 666)
4(482 513 668 637)
4(512 667 668 513)
4(636 637 668 667)
4(483 514 669 638)
4(513 668 669 514)
4(637 638 669 668)
4(484 515 670 639)
4(514 669 670 515)
4(638 639 670 669)
4(485 516 671 640)
4(515 670 671 516)
4(639 640 671 670)
4(486 517 672 641)
4(516 671 672 517)
4(640 641 672 671)
4(487 518 673 642)
4(517 672 673 518)
4(641 642 673 672)
4(488 519 674 643)
4(518 673 674 519)
4(642 643 674 673)
4(489 520 675 644)
4(519 674 675 520)
4(643 644 675 674)
4(490 521 676 645)
4(520 675 676 521)
4(644 645 676 675)
4(491 522 677 646)
4(521 676 677 522)
4(645 646 677 676)
4(492 523 678 647)
4(522 677 678 523)
4(646 647 678 677)
4(493 524 679 648)
4(523 678 679 524)
4(647 648 679 678)
4(494 525 680 649)
4(524 679 680 525)
4(648 649 680 679)
4(525 680 681 526)
4(649 650 681 680)
4(497 528 683 652)
4(527 682 683 528)
4(651 652 683 682)
4(498 529 684 653)
4(528 683 684 529)
4(652 653 684 683)
4(499 530 685 654)
4(529 684 685 530)
4(653 654 685 684)
4(500 531 686 655)
4(530 685 686 531)
4(654 655 686 685)
4(501 532 687 656)
4(531 686 687 532)
4(655 656 687 686)
4(502 533 688 657)
4(532 687 688 533)
4(656 657 688 687)
4(503 534 689 658)
4(533 688 689 534)
4(657 658 689 688)
4(504 535 690 659)
4(534 689 690 535)
4(658 659 690 689)
4(505 536 691 660)
4(535 690 691 536)
4(659 660 691 690)
4(506 537 692 661)
4(536 691 692 537)
4(660 661 692 691)
4(507 538 693 662)
4(537 692 693 538)
4(661 662 693 692)
4(508 539 694 663)
4(538 693 694 539)
4(662 663 694 693)
4(509 540 695 664)
4(539 694 695 540)
4(663 664 695 694)
4(510 541 696 665)
4(540 695 696 541)
4(664 665 696 695)
4(511 542 697 666)
4(541 696 697 542)
4(665 666 697 696)
4(512 543 698 667)
4(542 697 698 543)
4(666 667 698 697)
4(513 544 699 668)
4(543 698 699 544)
4(667 668 699 698)
4(514 545 700 669)
4(544 699 700 545)
4(668 669 700 699)
4(515 546 701 670)
4(545 700 701 546)
4(669 670 701 700)
4(516 547 702 671)
4(546 701 702 547)
4(670 671 702 701)
4(517 548 703 672)
4(547 702 703 548)
4(671 672 703 702)
4(518 549 704 673)
4(548 703 704 549)
4(672 673 704 703)
4(519 550 705 674)
4(549 704 705 550)
4(673 674 705 704)
4(520 551 706 675)
4(550 705 706 551)
4(674 675 706 705)
4(521 552 707 676)
4(551 706 707 552)
4(675 676 707 706)
4(522 553 708 677)
4(552 707 708 553)
4(676 677 708 707)
4(523 554 709 678)
4(553 708 709 554)
4(677 678 709 708)
4(524 555 710 679)
4(554 709 710 555)
4(678 679 710 709)
4(525 556 711 680)
4(555 710 711 556)
4(679 680 711 710)
4(556 711 712 557)
4(680 681 712 711)
4(528 559 714 683)
4(558 713 714 559)
4(682 683 714 713)
4(529 560 715 684)
4(559 714 715 560)
4(683 684 715 714)
4(530 561 716 685)
4(560 715 716 561)
4(684 685 716 715)
4(531 562 717 686)
4(561 716 717 562)
4(685 686 717 716)
4(532 563 718 687)
4(562 717 718 563)
4(686 687 718 717)
4(533 564 719 688)
4(563 718 719 564)
4(687 688 719 718)
4(534 565 720 689)
4(564 719 720 565)
4(688 689 720 719)
4(535 566 721 690)
4(565 720 721 566)
4(689 690 721 720)
4(536 567 722 691)
4(566 721 722 567)
4(690 691 722 721)
4(537 568 723 692)
4(567 722 723 568)
4(691 692 723 722)
4(538 569 724 693)
4(568 723 724 569)
4(692 693 724 723)
4(539 570 725 694)
4(569 724 725 570)
4(693 694 725 724)
4(540 571 726 695)
4(570 725 726 571)
4(694 695 726 725)
4(541 572 727 696)
4(571 726 727 572)
4(695 696 727 726)
4(542 573 728 697)
4(572 727 728 573)
4(696 697 728 727)
4(543 574 729 698)
4(573 728 729 574)
4(697 698 729 728)
4(544 575 730 699)
4(574 729 730 575)
4(698 699 730 729)
4(545 576 731 700)
4(575 730 731 576)
4(699 700 731 730)
4(546 577 732 701)
4(576 731 732 577)
4(700 701 732 731)
4(547 578 733 702)
4(577 732 733 578)
4(701 702 733 732)
4(548 579 734 703)
4(578 733 734 579)
4(702 703 734 733)
4(549 580 735 704)
4(579 734 735 580)
4(703 704 735 734)
4(550 581 736 705)
4(580 735 736 581)
4(704 705 736 735)
4(551 582 737 706)
4(581 736 737 582)
4(705 706 737 736)
4(552 583 738 707)
4(582 737 738 583)
4(706 707 738 737)
4(553 584 739 708)
4(583 738 739 584)
4(707 708 739 738)
4(554 585 740 709)
4(584 739 740 585)
4(708 709 740 739)
4(555 586 741 710)
4(585 740 741 586)
4(709 710 741 740)
4(556 587 742 711)
4(586 741 742 587)
4(710 711 742 741)
4(587 742 743 588)
4(711 712 743 742)
4(559 590 745 714)
4(713 714 745 744)
4(560 591 746 715)
4(714 715 746 745)
4(561 592 747 716)
4(715 716 747 746)
4(562 593 748 717)
4(716 717 748 747)
4(563 594 749 718)
4(717 718 749 748)
4(564 595 750 719)
4(718 719 750 749)
4(565 596 751 720)
4(719 720 751 750)
4(566 597 752 721)
4(720 721 752 751)
4(567 598 753 722)
4(721 722 753 752)
4(568 599 754 723)
4(722 723 754 753)
4(569 600 755 724)
4(723 724 755 754)
4(570 601 756 725)
4(724 725 756 755)
4(571 602 757 726)
4(725 726 757 756)
4(572 603 758 727)
4(726 727 758 757)
4(573 604 759 728)
4(727 728 759 758)
4(574 605 760 729)
4(728 729 760 759)
4(575 606 761 730)
4(729 730 761 760)
4(576 607 762 731)
4(730 731 762 761)
4(577 608 763 732)
4(731 732 763 762)
4(578 609 764 733)
4(732 733 764 763)
4(579 610 765 734)
4(733 734 765 764)
4(580 611 766 735)
4(734 735 766 765)
4(581 612 767 736)
4(735 736 767 766)
4(582 613 768 737)
4(736 737 768 767)
4(583 614 769 738)
4(737 738 769 768)
4(584 615 770 739)
4(738 739 770 769)
4(585 616 771 740)
4(739 740 771 770)
4(586 617 772 741)
4(740 741 772 771)
4(587 618 773 742)
4(741 742 773 772)
4(742 743 774 773)
4(621 652 807 776)
4(651 806 807 652)
4(775 776 807 806)
4(622 653 808 777)
4(652 807 808 653)
4(776 777 808 807)
4(623 654 809 778)
4(653 808 809 654)
4(777 778 809 808)
4(624 655 810 779)
4(654 809 810 655)
4(778 779 810 809)
4(625 656 811 780)
4(655 810 811 656)
4(779 780 811 810)
4(626 657 812 781)
4(656 811 812 657)
4(780 781 812 811)
4(627 658 813 782)
4(657 812 813 658)
4(781 782 813 812)
4(628 659 814 783)
4(658 813 814 659)
4(782 783 814 813)
4(629 660 815 784)
4(659 814 815 660)
4(783 784 815 814)
4(630 661 816 785)
4(660 815 816 661)
4(784 785 816 815)
4(631 662 817 786)
4(661 816 817 662)
4(785 786 817 816)
4(632 663 818 787)
4(662 817 818 663)
4(786 787 818 817)
4(633 664 819 788)
4(663 818 819 664)
4(787 788 819 818)
4(634 665 820 789)
4(664 819 820 665)
4(788 789 820 819)
4(635 666 821 790)
4(665 820 821 666)
4(789 790 821 820)
4(636 667 822 791)
4(666 821 822 667)
4(790 791 822 821)
4(637 668 823 792)
4(667 822 823 668)
4(791 792 823 822)
4(638 669 824 793)
4(668 823 824 669)
4(792 793 824 823)
4(639 670 825 794)
4(669 824 825 670)
4(793 794 825 824)
4(640 671 826 795)
4(670 825 826 671)
4(794 795 826 825)
4(641 672 827 796)
4(671 826 827 672)
4(795 796 827 826)
4(642 673 828 797)
4(672 827 828 673)
4(796 797 828 827)
4(643 674 829 798)
4(673 828 829 674)
4(797 798 829 828)
4(644 675 830 799)
4(674 829 830 675)
4(798 799 830 829)
4(645 676 831 800)
4(675 830 831 676)
4(799 800 831 830)
4(646 677 832 801)
4(676 831 832 677)
4(800 801 832 831)
4(647 678 833 802)
4(677 832 833 678)
4(801 802 833 832)
4(648 679 834 803)
4(678 833 834 679)
4(802 803 834 833)
4(649 680 835 804)
4(679 834 835 680)
4(803 804 835 834)
4(680 835 836 681)
4(804 805 836 835)
4(652 683 838 807)
4(682 837 838 683)
4(806 807 838 837)
4(653 684 839 808)
4(683 838 839 684)
4(807 808 839 838)
4(654 685 840 809)
4(684 839 840 685)
4(808 809 840 839)
4(655 686 841 810)
4(685 840 841 686)
4(809 810 841 840)
4(656 687 842 811)
4(686 841 842 687)
4(810 811 842 841)
4(657 688 843 812)
4(687 842 843 688)
4(811 812 843 842)
4(658 689 844 813)
4(688 843 844 689)
4(812 813 844 843)
4(659 690 845 814)
4(689 844 845 690)
4(813 814 845 844)
4(660 691 846 815)
4(690 845 846 691)
4(814 815 846 845)
4(661 692 847 816)
4(691 846 847 692)
4(815 816 847 846)
4(662 693 848 817)
4(692 847 848 693)
4(816 817 848 847)
4(663 694 849 818)
4(693 848 849 694)
4(817 818 849 848)
4(664 695 850 819)
4(694 849 850 695)
4(818 819 850 849)
4(665 696 851 820)
4(695 850 851 696)
4(819 820 851 850)
4(666 697 852 821)
4(696 851 852 697)
4(820 821 852 851)
4(667 698 853 822)
4(697 852 853 698)
4(821 822 853 852)
4(668 699 854 823)
4(698 853 854 699)
4(822 823 854 853)
4(669 700 855 824)
4(699 854 855 700)
4(823 824 855 854)
4(670 701 856 825)
4(700 855 856 701)
4(824 825 856 855)
4(671 702 857 826)
4(701 856 857 702)
4(825 826 857 856)
4(672 703 858 827)
4(702 857 858 703)
4(826 827 858 857)
4(673 704 859 828)
4(703 858 859 704)
4(827 828 859 858)
4(674 705 860 829)
4(704 859 860 705)
4(828 829 860 859)
4(675 706 861 830)
4(705 860 861 706)
4(829 830 861 860)
4(676 707 862 831)
4(706 861 862 707)
4(830 831 862 861)
4(677 708 863 832)
4(707 862 863 708)
4(831 832 863 862)
4(678 709 864 833)
4(708 863 864 709)
4(832 833 864 863)
4(679 710 865 834)
4(709 864 865 710)
4(833 834 865 864)
4(680 711 866 835)
4(710 865 866 711)
4(834 835 866 865)
4(711 866 867 712)
4(835 836 867 866)
4(683 714 869 838)
4(713 868 869 714)
4(837 838 869 868)
4(684 715 870 839)
4(714 869 870 715)
4(838 839 870 869)
4(685 716 871 840)
4(715 870 871 716)
4(839 840 871 870)
4(686 717 872 841)
4(716 871 872 717)
4(840 841 872 871)
4(687 718 873 842)
4(717 872 873 718)
4(841 842 873 872)
4(688 719 874 843)
4(718 873 874 719)
4(842 843 874 873)
4(689 720 875 844)
4(719 874 875 720)
4(843 844 875 874)
4(690 721 876 845)
4(720 875 876 721)
4(844 845 876 875)
4(691 722 877 846)
4(721 876 877 722)
4(845 846 877 876)
4(692 723 878 847)
4(722 877 878 723)
4(846 847 878 877)
4(693 724 879 848)
4(723 878 879 724)
4(847 848 879 878)
4(694 725 880 849)
4(724 879 880 725)
4(848 849 880 879)
4(695 726 881 850)
4(725 880 881 726)
4(849 850 881 880)
4(696 727 882 851)
4(726 881 882 727)
4(850 851 882 881)
4(697 728 883 852)
4(727 882 883 728)
4(851 852 883 882)
4(698 729 884 853)
4(728 883 884 729)
4(852 853 884 883)
4(699 730 885 854)
4(729 884 885 730)
4(853 854 885 884)
4(700 731 886 855)
4(730 885 886 731)
4(854 855 886 885)
4(701 732 887 856)
4(731 886 887 732)
4(855 856 887 886)
4(702 733 888 857)
4(732 887 888 733)
4(856 857 888 887)
4(703 734 889 858)
4(733 888 889 734)
4(857 858 889 888)
4(704 735 890 859)
4(734 889 890 735)
4(858 859 890 889)
4(705 736 891 860)
4(735 890 891 736)
4(859 860 891 890)
4(706 737 892 861)
4(736 891 892 737)
4(860 861 892 891)
4(707 738 893 862)
4(737 892 893 738)
4(861 862 893 892)
4(708 739 894 863)
4(738 893 894 739)
4(862 863 894 893)
4(709 740 895 864)
4(739 894 895 740)
4(863 864 895 894)
4(710 741 896 865)
4(740 895 896 741)
4(864 865 896 895)
4(711 742 897 866)
4(741 896 897 742)
4(865 866 897 896)
4(742 897 898 743)
4(866 867 898 897)
4(714 745 900 869)
4(868 869 900 899)
4(715 746 901 870)
4(869 870 901 900)
4(716 747 902 871)
4(870 871 902 901)
4(717 748 903 872)
4(871 872 903 902)
4(718 749 904 873)
4(872 873 904 903)
4(719 750 905 874)
4(873 874 905 904)
4(720 751 906 875)
4(874 875 906 905)
4(721 752 907 876)
4(875 876 907 906)
4(722 753 908 877)
4(876 877 908 907)
4(723 754 909 878)
4(877 878 909 908)
4(724 755 910 879)
4(878 879 910 909)
4(725 756 911 880)
4(879 880 911 910)
4(726 757 912 881)
4(880 881 912 911)
4(727 758 913 882)
4(881 882 913 912)
4(728 759 914 883)
4(882 883 914 913)
4(729 760 915 884)
4(883 884 915 914)
4(730 761 916 885)
4(884 885 916 915)
4(731 762 917 886)
4(885 886 917 916)
4(732 763 918 887)
4(886 887 918 917)
4(733 764 919 888)
4(887 888 919 918)
4(734 765 920 889)
4(888 889 920 919)
4(735 766 921 890)
4(889 890 921 920)
4(736 767 922 891)
4(890 891 922 921)
4(737 768 923 892)
4(891 892 923 922)
4(738 769 924 893)
4(892 893 924 923)
4(739 770 925 894)
4(893 894 925 924)
4(740 771 926 895)
4(894 895 926 925)
4(741 772 927 896)
4(895 896 927 926)
4(742 773 928 897)
4(896 897 928 927)
4(897 898 929 928)
4(776 807 962 931)
4(806 961 962 807)
4(930 931 962 961)
4(777 808 963 932)
4(807 962 963 808)
4(931 932 963 962)
4(778 809 964 933)
4(808 963 964 809)
4(932 933 964 963)
4(779 810 965 934)
4(809 964 965 810)
4(933 934 965 964)
4(780 811 966 935)
4(810 965 966 811)
4(934 935 966 965)
4(781 812 967 936)
4(811 966 967 812)
4(935 936 967 966)
4(782 813 968 937)
4(812 967 968 813)
4(936 937 968 967)
4(783 814 969 938)
4(813 968 969 814)
4(937 938 969 968)
4(784 815 970 939)
4(814 969 970 815)
4(938 939 970 969)
4(785 816 971 940)
4(815 970 971 816)
4(939 940 971 970)
4(786 817 972 941)
4(816 971 972 817)
4(940 941 972 971)
4(787 818 973 942)
4(817 972 973 818)
4(941 942 973 972)
4(788 819 974 943)
4(818 973 974 819)
4(942 943 974 973)
4(789 820 975 944)
4(819 974 975 820)
4(943 944 975 974)
4(790 821 976 945)
4(820 975 976 821)
4(944 945 976 975)
4(791 822 977 946)
4(821 976 977 822)
4(945 946 977 976)
4(792 823 978 947)
4(822 977 978 823)
4(946 947 978 977)
4(793 824 979 948)
4(823 978 979 824)
4(947 948 979 978)
4(794 825 980 949)
4(824 979 980 825)
4(948 949 980 979)
4(795 826 981 950)
4(825 980 981 826)
4(949 950 981 980)
4(796 827 982 951)
4(826 981 982 827)
4(950 951 982 981)
4(797 828 983 952)
4(827 982 983 828)
4(951 952 983 982)
4(798 829 984 953)
4(828 983 984 829)
4(952 953 984 983)
4(799 830 985 954)
4(829 984 985 830)
4(953 954 985 984)
4(800 831 986 955)
4(830 985 986 831)
4(954 955 986 985)
4(801 832 987 956)
4(831 986 987 832)
4(955 956 987 986)
4(802 833 988 957)
4(832 987 988 833)
4(956 957 988 987)
4(803 834 989 958)
4(833 988 989 834)
4(957 958 989 988)
4(804 835 990 959)
4(834 989 990 835)
4(958 959 990 989)
4(835 990 991 836)
4(959 960 991 990)
4(807 838 993 962)
4(837 992 993 838)
4(961 962 993 992)
4(808 839 994 963)
4(838 993 994 839)
4(962 963 994 993)
4(809 840 995 964)
4(839 994 995 840)
4(963 964 995 994)
4(810 841 996 965)
4(840 995 996 841)
4(964 965 996 995)
4(811 842 997 966)
4(841 996 997 842)
4(965 966 997 996)
4(812 843 998 967)
4(842 997 998 843)
4(966 967 998 997)
4(813 844 999 968)
4(843 998 999 844)
4(967 968 999 998)
4(814 845 1000 969)
4(844 999 1000 845)
4(968 969 1000 999)
4(815 846 1001 970)
4(845 1000 1001 846)
4(969 970 1001 1000)
4(816 847 1002 971)
4(846 1001 1002 847)
4(970 971 1002 1001)
4(817 848 1003 972)
4(847 1002 1003 848)
4(971 972 1003 1002)
4(818 849 1004 973)
4(848 1003 1004 849)
4(972 973 1004 1003)
4(819 850 1005 974)
4(849 1004 1005 850)
4(973 974 1005 1004)
4(820 851 1006 975)
4(850 1005 1006 851)
4(974 975 1006 1005)
4(821 852 1007 976)
4(851 1006 1007 852)
4(975 976 1007 1006)
4(822 853 1008 977)
4(852 1007 1008 853)
4(976 977 1008 1007)
4(823 854 1009 978)
4(853 1008 1009 854)
4(977 978 1009 1008)
4(824 855 1010 979)
4(854 1009 1010 855)
4(978 979 1010 1009)
4(825 856 1011 980)
4(855 1010 1011 856)
4(979 980 1011 1010)
4(826 857 1012 981)
4(856 1011 1012 857)
4(980 981 1012 1011)
4(827 858 1013 982)
4(857 1012 1013 858)
4(981 982 1013 1012)
4(828 859 1014 983)
4(858 1013 1014 859)
4(982 983 1014 1013)
4(829 860 1015 984)
4(859 1014 1015 860)
4(983 984 1015 1014)
4(830 861 1016 985)
4(860 1015 1016 861)
4(984 985 1016 1015)
4(831 862 1017 986)
4(861 1016 1017 862)
4(985 986 1017 1016)
4(832 863 1018 987)
4(862 1017 1018 863)
4(986 987 1018 1017)
4(833 864 1019 988)
4(863 1018 1019 864)
4(987 988 1019 1018)
4(834 865 1020 989)
4(864 1019 1020 865)
4(988 989 1020 1019)
4(835 866 1021 990)
4(865 1020 1021 866)
4(989 990 1021 1020)
4(866 1021 1022 867)
4(990 991 1022 1021)
4(838 869 1024 993)
4(868 1023 1024 869)
4(992 993 1024 1023)
4(839 870 1025 994)
4(869 1024 1025 870)
4(993 994 1025 1024)
4(840 871 1026 995)
4(870 1025 1026 871)
4(994 995 1026 1025)
4(841 872 1027 996)
4(871 1026 1027 872)
4(995 996 1027 1026)
4(842 873 1028 997)
4(872 1027 1028 873)
4(996 997 1028 1027)
4(843 874 1029 998)
4(873 1028 1029 874)
4(997 998 1029 1028)
4(844 875 1030 999)
4(874 1029 1030 875)
4(998 999 1030 1029)
4(845 876 1031 1000)
4(875 1030 1031 876)
4(999 1000 1031 1030)
4(846 877 1032 1001)
4(876 1031 1032 877)
4(1000 1001 1032 1031)
4(847 878 1033 1002)
4(877 1032 1033 878)
4(1001 1002 1033 1032)
4(848 879 1034 1003)
4(878 1033 1034 879)
4(1002 1003 1034 1033)
4(849 880 1035 1004)
4(879 1034 1035 880)
4(1003 1004 1035 1034)
4(850 881 1036 1005)
4(880 1035 1036 881)
4(1004 1005 1036 1035)
4(851 882 1037 1006)
4(881 1036 1037 882)
4(1005 1006 1037 1036)
4(852 883 1038 1007)
4(882 1037 1038 883)
4(1006 1007 1038 1037)
4(853 884 1039 1008)
4(883 1038 1039 884)
4(1007 1008 1039 1038)
4(854 885 1040 1009)
4(884 1039 1040 885)
4(1008 1009 1040 1039)
4(855 886 1041 1010)
4(885 1040 1041 886)
4(1009 1010 1041 1040)
4(856 887 1042 1011)
4(886 1041 1042 887)
4(1010 1011 1042 1041)
4(857 888 1043 1012)
4(887 1042 1043 888)
4(1011 1012 1043 1042)
4(858 889 1044 1013)
4(888 1043 1044 889)
4(1012 1013 1044 1043)
4(859 890 1045 1014)
4(889 1044 1045 890)
4(1013 1014 1045 1044)
4(860 891 1046 1015)
4(890 1045 1046 891)
4(1014 1015 1046 1045)
4(861 892 1047 1016)
4(891 1046 1047 892)
4(1015 1016 1047 1046)
4(862 893 1048 1017)
4(892 1047 1048 893)
4(1016 1017 1048 1047)
4(863 894 1049 1018)
4(893 1048 1049 894)
4(1017 1018 1049 1048)
4(864 895 1050 1019)
4(894 1049 1050 895)
4(1018 1019 1050 1049)
4(865 896 1051 1020)
4(895 1050 1051 896)
4(1019 1020 1051 1050)
4(866 897 1052 1021)
4(896 1051 1052 897)
4(1020 1021 1052 1051)
4(897 1052 1053 898)
4(1021 1022 1053 1052)
4(869 900 1055 1024)
4(1023 1024 1055 1054)
4(870 901 1056 1025)
4(1024 1025 1056 1055)
4(871 902 1057 1026)
4(1025 1026 1057 1056)
4(872 903 1058 1027)
4(1026 1027 1058 1057)
4(873 904 1059 1028)
4(1027 1028 1059 1058)
4(874 905 1060 1029)
4(1028 1029 1060 1059)
4(875 906 1061 1030)
4(1029 1030 1061 1060)
4(876 907 1062 1031)
4(1030 1031 1062 1061)
4(877 908 1063 1032)
4(1031 1032 1063 1062)
4(878 909 1064 1033)
4(1032 1033 1064 1063)
4(879 910 1065 1034)
4(1033 1034 1065 1064)
4(880 911 1066 1035)
4(1034 1035 1066 1065)
4(881 912 1067 1036)
4(1035 1036 1067 1066)
4(882 913 1068 1037)
4(1036 1037 1068 1067)
4(883 914 1069 1038)
4(1037 1038 1069 1068)
4(884 915 1070 1039)
4(1038 1039 1070 1069)
4(885 916 1071 1040)
4(1039 1040 1071 1070)
4(886 917 1072 1041)
4(1040 1041 1072 1071)
4(887 918 1073 1042)
4(1041 1042 1073 1072)
4(888 919 1074 1043)
4(1042 1043 1074 1073)
4(889 920 1075 1044)
4(1043 1044 1075 1074)
4(890 921 1076 1045)
4(1044 1045 1076 1075)
4(891 922 1077 1046)
4(1045 1046 1077 1076)
4(892 923 1078 1047)
4(1046 1047 1078 1077)
4(893 924 1079 1048)
4(1047 1048 1079 1078)
4(894 925 1080 1049)
4(1048 1049 1080 1079)
4(895 926 1081 1050)
4(1049 1050 1081 1080)
4(896 927 1082 1051)
4(1050 1051 1082 1081)
4(897 928 1083 1052)
4(1051 1052 1083 1082)
4(1052 1053 1084 1083)
4(931 962 1117 1086)
4(961 1116 1117 962)
4(1085 1086 1117 1116)
4(932 963 1118 1087)
4(962 1117 1118 963)
4(1086 1087 1118 1117)
4(933 964 1119 1088)
4(963 1118 1119 964)
4(1087 1088 1119 1118)
4(934 965 1120 1089)
4(964 1119 1120 965)
4(1088 1089 1120 1119)
4(935 966 1121 1090)
4(965 1120 1121 966)
4(1089 1090 1121 1120)
4(936 967 1122 1091)
4(966 1121 1122 967)
4(1090 1091 1122 1121)
4(937 968 1123 1092)
4(967 1122 1123 968)
4(1091 1092 1123 1122)
4(938 969 1124 1093)
4(968 1123 1124 969)
4(1092 1093 1124 1123)
4(939 970 1125 1094)
4(969 1124 1125 970)
4(1093 1094 1125 1124)
4(940 971 1126 1095)
4(970 1125 1126 971)
4(1094 1095 1126 1125)
4(941 972 1127 1096)
4(971 1126 1127 972)
4(1095 1096 1127 1126)
4(942 973 1128 1097)
4(972 1127 1128 973)
4(1096 1097 1128 1127)
4(943 974 1129 1098)
4(973 1128 1129 974)
4(1097 1098 1129 1128)
4(944 975 1130 1099)
4(974 1129 1130 975)
4(1098 1099 1130 1129)
4(945 976 1131 1100)
4(975 1130 1131 976)
4(1099 1100 1131 1130)
4(946 977 1132 1101)
4(976 1131 1132 977)
4(1100 1101 1132 1131)
4(947 978 1133 1102)
4(977 1132 1133 978)
4(1101 1102 1133 1132)
4(948 979 1134 1103)
4(978 1133 1134 979)
4(1102 1103 1134 1133)
4(949 980 1135 1104)
4(979 1134 1135 980)
4(1103 1104 1135 1134)
4(950 981 1136 1105)
4(980 1135 1136 981)
4(1104 1105 1136 1135)
4(951 982 1137 1106)
4(981 1136 1137 982)
4(1105 1106 1137 1136)
4(952 983 1138 1107)
4(982 1137 1138 983)
4(1106 1107 1138 1137)
4(953 984 1139 1108)
4(983 1138 1139 984)
4(1107 1108 1139 1138)
4(954 985 1140 1109)
4(984 1139 1140 985)
4(1108 1109 1140 1139)
4(955 986 1141 1110)
4(985 1140 1141 986)
4(1109 1110 1141 1140)
4(956 987 1142 1111)
4(986 1141 1142 987)
4(1110 1111 1142 1141)
4(957 988 1143 1112)
4(987 1142 1143 988)
4(1111 1112 1143 1142)
4(958 989 1144 1113)
4(988 1143 1144 989)
4(1112 1113 1144 1143)
4(959 990 1145 1114)
4(989 1144 1145 990)
4(1113 1114 1145 1144)
4(990 1145 1146 991)
4(1114 1115 1146 1145)
4(962 993 1148 1117)
4(992 1147 1148 993)
4(1116 1117 1148 1147)
4(963 994 1149 1118)
4(993 1148 1149 994)
4(1117 1118 1149 1148)
4(964 995 1150 1119)
4(994 1149 1150 995)
4(1118 1119 1150 1149)
4(965 996 1151 1120)
4(995 1150 1151 996)
4(1119 1120 1151 1150)
4(966 997 1152 1121)
4(996 1151 1152 997)
4(1120 1121 1152 1151)
4(967 998 1153 1122)
4(997 1152 1153 998)
4(1121 1122 1153 1152)
4(968 999 1154 1123)
4(998 1153 1154 999)
4(1122 1123 1154 1153)
4(969 1000 1155 1124)
4(999 1154 1155 1000)
4(1123 1124 1155 1154)
4(970 1001 1156 1125)
4(1000 1155 1156 1001)
4(1124 1125 1156 1155)
4(971 1002 1157 1126)
4(1001 1156 1157 1002)
4(1125 1126 1157 1156)
4(972 1003 1158 1127)
4(1002 1157 1158 1003)
4(1126 1127 1158 1157)
4(973 1004 1159 1128)
4(1003 1158 1159 1004)
4(1127 1128 1159 1158)
4(974 1005 1160 1129)
4(1004 1159 1160 1005)
4(1128 1129 1160 1159)
4(975 1006 1161 1130)
4(1005 1160 1161 1006)
4(1129 1130 1161 1160)
4(976 1007 1162 1131)
4(1006 1161 1162 1007)
4(1130 1131 1162 1161)
4(977 1008 1163 1132)
4(1007 1162 1163 1008)
4(1131 1132 1163 1162)
4(978 1009 1164 1133)
4(1008 1163 1164 1009)
4(1132 1133 1164 1163)
4(979 1010 1165 1134)
4(1009 1164 1165 1010)
4(1133 1134 1165 1164)
4(980 1011 1166 1135)
4(1010 1165 1166 1011)
4(1134 1135 1166 1165)
4(981 1012 1167 1136)
4(1011 1166 1167 1012)
4(1135 1136 1167 1166)
4(982 1013 1168 1137)
4(1012 1167 1168 1013)
4(1136 1137 1168 1167)
4(983 1014 1169 1138)
4(1013 1168 1169 1014)
4(1137 1138 1169 1168)
4(984 1015 1170 1139)
4(1014 1169 1170 1015)
4(1138 1139 1170 1169)
4(985 1016 1171 1140)
4(1015 1170 1171 1016)
4(1139 1140 1171 1170)
4(986 1017 1172 1141)
4(1016 1171 1172 1017)
4(1140 1141 1172 1171)
4(987 1018 1173 1142)
4(1017 1172 1173 1018)
4(1141 1142 1173 1172)
4(988 1019 1174 1143)
4(1018 1173 1174 1019)
4(1142 1143 1174 1173)
4(989 1020 1175 1144)
4(1019 1174 1175 1020)
4(1143 1144 1175 1174)
4(990 1021 1176 1145)
4(1020 1175 1176 1021)
4(1144 1145 1176 1175)
4(1021 1176 1177 1022)
4(1145 1146 1177 1176)
4(993 1024 1179 1148)
4(1023 1178 1179 1024)
4(1147 1148 1179 1178)
4(994 1025 1180 1149)
4(1024 1179 1180 1025)
4(1148 1149 1180 1179)
4(995 1026 1181 1150)
4(1025 1180 1181 1026)
4(1149 1150 1181 1180)
4(996 1027 1182 1151)
4(1026 1181 1182 1027)
4(1150 1151 1182 1181)
4(997 1028 1183 1152)
4(1027 1182 1183 1028)
4(1151 1152 1183 1182)
4(998 1029 1184 1153)
4(1028 1183 1184 1029)
4(1152 1153 1184 1183)
4(999 1030 1185 1154)
4(1029 1184 1185 1030)
4(1153 1154 1185 1184)
4(1000 1031 1186 1155)
4(1030 1185 1186 1031)
4(1154 1155 1186 1185)
4(1001 1032 1187 1156)
4(1031 1186 1187 1032)
4(1155 1156 1187 1186)
4(1002 1033 1188 1157)
4(1032 1187 1188 1033)
4(1156 1157 1188 1187)
4(1003 1034 1189 1158)
4(1033 1188 1189 1034)
4(1157 1158 1189 1188)
4(1004 1035 1190 1159)
4(1034 1189 1190 1035)
4(1158 1159 1190 1189)
4(1005 1036 1191 1160)
4(1035 1190 1191 1036)
4(1159 1160 1191 1190)
4(1006 1037 1192 1161)
4(1036 1191 1192 1037)
4(1160 1161 1192 1191)
4(1007 1038 1193 1162)
4(1037 1192 1193 1038)
4(1161 1162 1193 1192)
4(1008 1039 1194 1163)
4(1038 1193 1194 1039)
4(1162 1163 1194 1193)
4(1009 1040 1195 1164)
4(1039 1194 1195 1040)
4(1163 1164 1195 1194)
4(1010 1041 1196 1165)
4(1040 1195 1196 1041)
4(1164 1165 1196 1195)
4(1011 1042 1197 1166)
4(1041 1196 1197 1042)
4(1165 1166 1197 1196)
4(1012 1043 1198 1167)
4(1042 1197 1198 1043)
4(1166 1167 1198 1197)
4(1013 1044 1199 1168)
4(1043 1198 1199 1044)
4(1167 1168 1199 1198)
4(1014 1045 1200 1169)
4(1044 1199 1200 1045)
4(1168 1169 1200 1199)
4(1015 1046 1201 1170)
4(1045 1200 1201 1046)
4(1169 1170 1201 1200)
4(1016 1047 1202 1171)
4(1046 1201 1202 1047)
4(1170 1171 1202 1201)
4(1017 1048 1203 1172)
4(1047 1202 1203 1048)
4(1171 1172 1203 1202)
4(1018 1049 1204 1173)
4(1048 1203 1204 1049)
4(1172 1173 1204 1203)
4(1019 1050 1205 1174)
4(1049 1204 1205 1050)
4(1173 1174 1205 1204)
4(1020 1051 1206 1175)
4(1050 1205 1206 1051)
4(1174 1175 1206 1205)
4(1021 1052 1207 1176)
4(1051 1206 1207 1052)
4(1175 1176 1207 1206)
4(1052 1207 1208 1053)
4(1176 1177 1208 1207)
4(1024 1055 1210 1179)
4(1178 1179 1210 1209)
4(1025 1056 1211 1180)
4(1179 1180 1211 1210)
4(1026 1057 1212 1181)
4(1180 1181 1212 1211)
4(1027 1058 1213 1182)
4(1181 1182 1213 1212)
4(1028 1059 1214 1183)
4(1182 1183 1214 1213)
4(1029 1060 1215 1184)
4(1183 1184 1215 1214)
4(1030 1061 1216 1185)
4(1184 1185 1216 1215)
4(1031 1062 1217 1186)
4(1185 1186 1217 1216)
4(1032 1063 1218 1187)
4(1186 1187 1218 1217)
4(1033 1064 1219 1188)
4(1187 1188 1219 1218)
4(1034 1065 1220 1189)
4(1188 1189 1220 1219)
4(1035 1066 1221 1190)
4(1189 1190 1221 1220)
4(1036 1067 1222 1191)
4(1190 1191 1222 1221)
4(1037 1068 1223 1192)
4(1191 1192 1223 1222)
4(1038 1069 1224 1193)
4(1192 1193 1224 1223)
4(1039 1070 1225 1194)
4(1193 1194 1225 1224)
4(1040 1071 1226 1195)
4(1194 1195 1226 1225)
4(1041 1072 1227 1196)
4(1195 1196 1227 1226)
4(1042 1073 1228 1197)
4(1196 1197 1228 1227)
4(1043 1074 1229 1198)
4(1197 1198 1229 1228)
4(1044 1075 1230 1199)
4(1198 1199 1230 1229)
4(1045 1076 1231 1200)
4(1199 1200 1231 1230)
4(1046 1077 1232 1201)
4(1200 1201 1232 1231)
4(1047 1078 1233 1202)
4(1201 1202 1233 1232)
4(1048 1079 1234 1203)
4(1202 1203 1234 1233)
4(1049 1080 1235 1204)
4(1203 1204 1235 1234)
4(1050 1081 1236 1205)
4(1204 1205 1236 1235)
4(1051 1082 1237 1206)
4(1205 1206 1237 1236)
4(1052 1083 1238 1207)
4(1206 1207 1238 1237)
4(1207 1208 1239 1238)
4(1086 1117 1272 1241)
4(1116 1271 1272 1117)
4(1240 1241 1272 1271)
4(1087 1118 1273 1242)
4(1117 1272 1273 1118)
4(1241 1242 1273 1272)
4(1088 1119 1274 1243)
4(1118 1273 1274 1119)
4(1242 1243 1274 1273)
4(1089 1120 1275 1244)
4(1119 1274 1275 1120)
4(1243 1244 1275 1274)
4(1090 1121 1276 1245)
4(1120 1275 1276 1121)
4(1244 1245 1276 1275)
4(1091 1122 1277 1246)
4(1121 1276 1277 1122)
4(1245 1246 1277 1276)
4(1092 1123 1278 1247)
4(1122 1277 1278 1123)
4(1246 1247 1278 1277)
4(1093 1124 1279 1248)
4(1123 1278 1279 1124)
4(1247 1248 1279 1278)
4(1094 1125 1280 1249)
4(1124 1279 1280 1125)
4(1248 1249 1280 1279)
4(1095 1126 1281 1250)
4(1125 1280 1281 1126)
4(1249 1250 1281 1280)
4(1096 1127 1282 1251)
4(1126 1281 1282 1127)
4(1250 1251 1282 1281)
4(1097 1128 1283 1252)
4(1127 1282 1283 1128)
4(1251 1252 1283 1282)
4(1098 1129 1284 1253)
4(1128 1283 1284 1129)
4(1252 1253 1284 1283)
4(1099 1130 1285 1254)
4(1129 1284 1285 1130)
4(1253 1254 1285 1284)
4(1100 1131 1286 1255)
4(1130 1285 1286 1131)
4(1254 1255 1286 1285)
4(1101 1132 1287 1256)
4(1131 1286 1287 1132)
4(1255 1256 1287 1286)
4(1102 1133 1288 1257)
4(1132 1287 1288 1133)
4(1256 1257 1288 1287)
4(1103 1134 1289 1258)
4(1133 1288 1289 1134)
4(1257 1258 1289 1288)
4(1104 1135 1290 1259)
4(1134 1289 1290 1135)
4(1258 1259 1290 1289)
4(1105 1136 1291 1260)
4(1135 1290 1291 1136)
4(1259 1260 1291 1290)
4(1106 1137 1292 1261)
4(1136 1291 1292 1137)
4(1260 1261 1292 1291)
4(1107 1138 1293 1262)
4(1137 1292 1293 1138)
4(1261 1262 1293 1292)
4(1108 1139 1294 1263)
4(1138 1293 1294 1139)
4(1262 1263 1294 1293)
4(1109 1140 1295 1264)
4(1139 1294 1295 1140)
4(1263 1264 1295 1294)
4(1110 1141 1296 1265)
4(1140 1295 1296 1141)
4(1264 1265 1296 1295)
4(1111 1142 1297 1266)
4(1141 1296 1297 1142)
4(1265 1266 1297 1296)
4(1112 1143 1298 1267)
4(1142 1297 1298 1143)
4(1266 1267 1298 1297)
4(1113 1144 1299 1268)
4(1143 1298 1299 1144)
4(1267 1268 1299 1298)
4(1114 1145 1300 1269)
4(1144 1299 1300 1145)
4(1268 1269 1300 1299)
4(1145 1300 1301 1146)
4(1269 1270 1301 1300)
4(1117 1148 1303 1272)
4(1147 1302 1303 1148)
4(1271 1272 1303 1302)
4(1118 1149 1304 1273)
4(1148 1303 1304 1149)
4(1272 1273 1304 1303)
4(1119 1150 1305 1274)
4(1149 1304 1305 1150)
4(1273 1274 1305 1304)
4(1120 1151 1306 1275)
4(1150 1305 1306 1151)
4(1274 1275 1306 1305)
4(1121 1152 1307 1276)
4(1151 1306 1307 1152)
4(1275 1276 1307 1306)
4(1122 1153 1308 1277)
4(1152 1307 1308 1153)
4(1276 1277 1308 1307)
4(1123 1154 1309 1278)
4(1153 1308 1309 1154)
4(1277 1278 1309 1308)
4(1124 1155 1310 1279)
4(1154 1309 1310 1155)
4(1278 1279 1310 1309)
4(1125 1156 1311 1280)
4(1155 1310 1311 1156)
4(1279 1280 1311 1310)
4(1126 1157 1312 1281)
4(1156 1311 1312 1157)
4(1280 1281 1312 1311)
4(1127 1158 1313 1282)
4(1157 1312 1313 1158)
4(1281 1282 1313 1312)
4(1128 1159 1314 1283)
4(1158 1313 1314 1159)
4(1282 1283 1314 1313)
4(1129 1160 1315 1284)
4(1159 1314 1315 1160)
4(1283 1284 1315 1314)
4(1130 1161 1316 1285)
4(1160 1315 1316 1161)
4(1284 1285 1316 1315)
4(1131 1162 1317 1286)
4(1161 1316 1317 1162)
4(1285 1286 1317 1316)
4(1132 1163 1318 1287)
4(1162 1317 1318 1163)
4(1286 1287 1318 1317)
4(1133 1164 1319 1288)
4(1163 1318 1319 1164)
4(1287 1288 1319 1318)
4(1134 1165 1320 1289)
4(1164 1319 1320 1165)
4(1288 1289 1320 1319)
4(1135 1166 1321 1290)
4(1165 1320 1321 1166)
4(1289 1290 1321 1320)
4(1136 1167 1322 1291)
4(1166 1321 1322 1167)
4(1290 1291 1322 1321)
4(1137 1168 1323 1292)
4(1167 1322 1323 1168)
4(1291 1292 1323 1322)
4(1138 1169 1324 1293)
4(1168 1323 1324 1169)
4(1292 1293 1324 1323)
4(1139 1170 1325 1294)
4(1169 1324 1325 1170)
4(1293 1294 1325 1324)
4(1140 1171 1326 1295)
4(1170 1325 1326 1171)
4(1294 1295 1326 1325)
4(1141 1172 1327 1296)
4(1171 1326 1327 1172)
4(1295 1296 1327 1326)
4(1142 1173 1328 1297)
4(1172 1327 1328 1173)
4(1296 1297 1328 1327)
4(1143 1174 1329 1298)
4(1173 1328 1329 1174)
4(1297 1298 1329 1328)
4(1144 1175 1330 1299)
4(1174 1329 1330 1175)
4(1298 1299 1330 1329)
4(1145 1176 1331 1300)
4(1175 1330 1331 1176)
4(1299 1300 1331 1330)
4(1176 1331 1332 1177)
4(1300 1301 1332 1331)
4(1148 1179 1334 1303)
4(1178 1333 1334 1179)
4(1302 1303 1334 1333)
4(1149 1180 1335 1304)
4(1179 1334 1335 1180)
4(1303 1304 1335 1334)
4(1150 1181 1336 1305)
4(1180 1335 1336 1181)
4(1304 1305 1336 1335)
4(1151 1182 1337 1306)
4(1181 1336 1337 1182)
4(1305 1306 1337 1336)
4(1152 1183 1338 1307)
4(1182 1337 1338 1183)
4(1306 1307 1338 1337)
4(1153 1184 1339 1308)
4(1183 1338 1339 1184)
4(1307 1308 1339 1338)
4(1154 1185 1340 1309)
4(1184 1339 1340 1185)
4(1308 1309 1340 1339)
4(1155 1186 1341 1310)
4(1185 1340 1341 1186)
4(1309 1310 1341 1340)
4(1156 1187 1342 1311)
4(1186 1341 1342 1187)
4(1310 1311 1342 1341)
4(1157 1188 1343 1312)
4(1187 1342 1343 1188)
4(1311 1312 1343 1342)
4(1158 1189 1344 1313)
4(1188 1343 1344 1189)
4(1312 1313 1344 1343)
4(1159 1190 1345 1314)
4(1189 1344 1345 1190)
4(1313 1314 1345 1344)
4(1160 1191 1346 1315)
4(1190 1345 1346 1191)
4(1314 1315 1346 1345)
4(1161 1192 1347 1316)
4(1191 1346 1347 1192)
4(1315 1316 1347 1346)
4(1162 1193 1348 1317)
4(1192 1347 1348 1193)
4(1316 1317 1348 1347)
4(1163 1194 1349 1318)
4(1193 1348 1349 1194)
4(1317 1318 1349 1348)
4(1164 1195 1350 1319)
4(1194 1349 1350 1195)
4(1318 1319 1350 1349)
4(1165 1196 1351 1320)
4(1195 1350 1351 1196)
4(1319 1320 1351 1350)
4(1166 1197 1352 1321)
4(1196 1351 1352 1197)
4(1320 1321 1352 1351)
4(1167 1198 1353 1322)
4(1197 1352 1353 1198)
4(1321 1322 1353 1352)
4(1168 1199 1354 1323)
4(1198 1353 1354 1199)
4(1322 1323 1354 1353)
4(1169 1200 1355 1324)
4(1199 1354 1355 1200)
4(1323 1324 1355 1354)
4(1170 1201 1356 1325)
4(1200 1355 1356 1201)
4(1324 1325 1356 1355)
4(1171 1202 1357 1326)
4(1201 1356 1357 1202)
4(1325 1326 1357 1356)
4(1172 1203 1358 1327)
4(1202 1357 1358 1203)
4(1326 1327 1358 1357)
4(1173 1204 1359 1328)
4(1203 1358 1359 1204)
4(1327 1328 1359 1358)
4(1174 1205 1360 1329)
4(1204 1359 1360 1205)
4(1328 1329 1360 1359)
4(1175 1206 1361 1330)
4(1205 1360 1361 1206)
4(1329 1330 1361 1360)
4(1176 1207 1362 1331)
4(1206 1361 1362 1207)
4(1330 1331 1362 1361)
4(1207 1362 1363 1208)
4(1331 1332 1363 1362)
4(1179 1210 1365 1334)
4(1333 1334 1365 1364)
4(1180 1211 1366 1335)
4(1334 1335 1366 1365)
4(1181 1212 1367 1336)
4(1335 1336 1367 1366)
4(1182 1213 1368 1337)
4(1336 1337 1368 1367)
4(1183 1214 1369 1338)
4(1337 1338 1369 1368)
4(1184 1215 1370 1339)
4(1338 1339 1370 1369)
4(1185 1216 1371 1340)
4(1339 1340 1371 1370)
4(1186 1217 1372 1341)
4(1340 1341 1372 1371)
4(1187 1218 1373 1342)
4(1341 1342 1373 1372)
4(1188 1219 1374 1343)
4(1342 1343 1374 1373)
4(1189 1220 1375 1344)
4(1343 1344 1375 1374)
4(1190 1221 1376 1345)
4(1344 1345 1376 1375)
4(1191 1222 1377 1346)
4(1345 1346 1377 1376)
4(1192 1223 1378 1347)
4(1346 1347 1378 1377)
4(1193 1224 1379 1348)
4(1347 1348 1379 1378)
4(1194 1225 1380 1349)
4(1348 1349 1380 1379)
4(1195 1226 1381 1350)
4(1349 1350 1381 1380)
4(1196 1227 1382 1351)
4(1350 1351 1382 1381)
4(1197 1228 1383 1352)
4(1351 1352 1383 1382)
4(1198 1229 1384 1353)
4(1352 1353 1384 1383)
4(1199 1230 1385 1354)
4(1353 1354 1385 1384)
4(1200 1231 1386 1355)
4(1354 1355 1386 1385)
4(1201 1232 1387 1356)
4(1355 1356 1387 1386)
4(1202 1233 1388 1357)
4(1356 1357 1388 1387)
4(1203 1234 1389 1358)
4(1357 1358 1389 1388)
4(1204 1235 1390 1359)
4(1358 1359 1390 1389)
4(1205 1236 1391 1360)
4(1359 1360 1391 1390)
4(1206 1237 1392 1361)
4(1360 1361 1392 1391)
4(1207 1238 1393 1362)
4(1361 1362 1393 1392)
4(1362 1363 1394 1393)
4(1241 1272 1427 1396)
4(1271 1426 1427 1272)
4(1395 1396 1427 1426)
4(1242 1273 1428 1397)
4(1272 1427 1428 1273)
4(1396 1397 1428 1427)
4(1243 1274 1429 1398)
4(1273 1428 1429 1274)
4(1397 1398 1429 1428)
4(1244 1275 1430 1399)
4(1274 1429 1430 1275)
4(1398 1399 1430 1429)
4(1245 1276 1431 1400)
4(1275 1430 1431 1276)
4(1399 1400 1431 1430)
4(1246 1277 1432 1401)
4(1276 1431 1432 1277)
4(1400 1401 1432 1431)
4(1247 1278 1433 1402)
4(1277 1432 1433 1278)
4(1401 1402 1433 1432)
4(1248 1279 1434 1403)
4(1278 1433 1434 1279)
4(1402 1403 1434 1433)
4(1249 1280 1435 1404)
4(1279 1434 1435 1280)
4(1403 1404 1435 1434)
4(1250 1281 1436 1405)
4(1280 1435 1436 1281)
4(1404 1405 1436 1435)
4(1251 1282 1437 1406)
4(1281 1436 1437 1282)
4(1405 1406 1437 1436)
4(1252 1283 1438 1407)
4(1282 1437 1438 1283)
4(1406 1407 1438 1437)
4(1253 1284 1439 1408)
4(1283 1438 1439 1284)
4(1407 1408 1439 1438)
4(1254 1285 1440 1409)
4(1284 1439 1440 1285)
4(1408 1409 1440 1439)
4(1255 1286 1441 1410)
4(1285 1440 1441 1286)
4(1409 1410 1441 1440)
4(1256 1287 1442 1411)
4(1286 1441 1442 1287)
4(1410 1411 1442 1441)
4(1257 1288 1443 1412)
4(1287 1442 1443 1288)
4(1411 1412 1443 1442)
4(1258 1289 1444 1413)
4(1288 1443 1444 1289)
4(1412 1413 1444 1443)
4(1259 1290 1445 1414)
4(1289 1444 1445 1290)
4(1413 1414 1445 1444)
4(1260 1291 1446 1415)
4(1290 1445 1446 1291)
4(1414 1415 1446 1445)
4(1261 1292 1447 1416)
4(1291 1446 1447 1292)
4(1415 1416 1447 1446)
4(1262 1293 1448 1417)
4(1292 1447 1448 1293)
4(1416 1417 1448 1447)
4(1263 1294 1449 1418)
4(1293 1448 1449 1294)
4(1417 1418 1449 1448)
4(1264 1295 1450 1419)
4(1294 1449 1450 1295)
4(1418 1419 1450 1449)
4(1265 1296 1451 1420)
4(1295 1450 1451 1296)
4(1419 1420 1451 1450)
4(1266 1297 1452 1421)
4(1296 1451 1452 1297)
4(1420 1421 1452 1451)
4(1267 1298 1453 1422)
4(1297 1452 1453 1298)
4(1421 1422 1453 1452)
4(1268 1299 1454 1423)
4(1298 1453 1454 1299)
4(1422 1423 1454 1453)
4(1269 1300 1455 1424)
4(1299 1454 1455 1300)
4(1423 1424 1455 1454)
4(1300 1455 1456 1301)
4(1424 1425 1456 1455)
4(1272 1303 1458 1427)
4(1302 1457 1458 1303)
4(1426 1427 1458 1457)
4(1273 1304 1459 1428)
4(1303 1458 1459 1304)
4(1427 1428 1459 1458)
4(1274 1305 1460 1429)
4(1304 1459 1460 1305)
4(1428 1429 1460 1459)
4(1275 1306 1461 1430)
4(1305 1460 1461 1306)
4(1429 1430 1461 1460)
4(1276 1307 1462 1431)
4(1306 1461 1462 1307)
4(1430 1431 1462 1461)
4(1277 1308 1463 1432)
4(1307 1462 1463 1308)
4(1431 1432 1463 1462)
4(1278 1309 1464 1433)
4(1308 1463 1464 1309)
4(1432 1433 1464 1463)
4(1279 1310 1465 1434)
4(1309 1464 1465 1310)
4(1433 1434 1465 1464)
4(1280 1311 1466 1435)
4(1310 1465 1466 1311)
4(1434 1435 1466 1465)
4(1281 1312 1467 1436)
4(1311 1466 1467 1312)
4(1435 1436 1467 1466)
4(1282 1313 1468 1437)
4(1312 1467 1468 1313)
4(1436 1437 1468 1467)
4(1283 1314 1469 1438)
4(1313 1468 1469 1314)
4(1437 1438 1469 1468)
4(1284 1315 1470 1439)
4(1314 1469 1470 1315)
4(1438 1439 1470 1469)
4(1285 1316 1471 1440)
4(1315 1470 1471 1316)
4(1439 1440 1471 1470)
4(1286 1317 1472 1441)
4(1316 1471 1472 1317)
4(1440 1441 1472 1471)
4(1287 1318 1473 1442)
4(1317 1472 1473 1318)
4(1441 1442 1473 1472)
4(1288 1319 1474 1443)
4(1318 1473 1474 1319)
4(1442 1443 1474 1473)
4(1289 1320 1475 1444)
4(1319 1474 1475 1320)
4(1443 1444 1475 1474)
4(1290 1321 1476 1445)
4(1320 1475 1476 1321)
4(1444 1445 1476 1475)
4(1291 1322 1477 1446)
4(1321 1476 1477 1322)
4(1445 1446 1477 1476)
4(1292 1323 1478 1447)
4(1322 1477 1478 1323)
4(1446 1447 1478 1477)
4(1293 1324 1479 1448)
4(1323 1478 1479 1324)
4(1447 1448 1479 1478)
4(1294 1325 1480 1449)
4(1324 1479 1480 1325)
4(1448 1449 1480 1479)
4(1295 1326 1481 1450)
4(1325 1480 1481 1326)
4(1449 1450 1481 1480)
4(1296 1327 1482 1451)
4(1326 1481 1482 1327)
4(1450 1451 1482 1481)
4(1297 1328 1483 1452)
4(1327 1482 1483 1328)
4(1451 1452 1483 1482)
4(1298 1329 1484 1453)
4(1328 1483 1484 1329)
4(1452 1453 1484 1483)
4(1299 1330 1485 1454)
4(1329 1484 1485 1330)
4(1453 1454 1485 1484)
4(1300 1331 1486 1455)
4(1330 1485 1486 1331)
4(1454 1455 1486 1485)
4(1331 1486 1487 1332)
4(1455 1456 1487 1486)
4(1303 1334 1489 1458)
4(1333 1488 1489 1334)
4(1457 1458 1489 1488)
4(1304 1335 1490 1459)
4(1334 1489 1490 1335)
4(1458 1459 1490 1489)
4(1305 1336 1491 1460)
4(1335 1490 1491 1336)
4(1459 1460 1491 1490)
4(1306 1337 1492 1461)
4(1336 1491 1492 1337)
4(1460 1461 1492 1491)
4(1307 1338 1493 1462)
4(1337 1492 1493 1338)
4(1461 1462 1493 1492)
4(1308 1339 1494 1463)
4(1338 1493 1494 1339)
4(1462 1463 1494 1493)
4(1309 1340 1495 1464)
4(1339 1494 1495 1340)
4(1463 1464 1495 1494)
4(1310 1341 1496 1465)
4(1340 1495 1496 1341)
4(1464 1465 1496 1495)
4(1311 1342 1497 1466)
4(1341 1496 1497 1342)
4(1465 1466 1497 1496)
4(1312 1343 1498 1467)
4(1342 1497 1498 1343)
4(1466 1467 1498 1497)
4(1313 1344 1499 1468)
4(1343 1498 1499 1344)
4(1467 1468 1499 1498)
4(1314 1345 1500 1469)
4(1344 1499 1500 1345)
4(1468 1469 1500 1499)
4(1315 1346 1501 1470)
4(1345 1500 1501 1346)
4(1469 1470 1501 1500)
4(1316 1347 1502 1471)
4(1346 1501 1502 1347)
4(1470 1471 1502 1501)
4(1317 1348 1503 1472)
4(1347 1502 1503 1348)
4(1471 1472 1503 1502)
4(1318 1349 1504 1473)
4(1348 1503 1504 1349)
4(1472 1473 1504 1503)
4(1319 1350 1505 1474)
4(1349 1504 1505 1350)
4(1473 1474 1505 1504)
4(1320 1351 1506 1475)
4(1350 1505 1506 1351)
4(1474 1475 1506 1505)
4(1321 1352 1507 1476)
4(1351 1506 1507 1352)
4(1475 1476 1507 1506)
4(1322 1353 1508 1477)
4(1352 1507 1508 1353)
4(1476 1477 1508 1507)
4(1323 1354 1509 1478)
4(1353 1508 1509 1354)
4(1477 1478 1509 1508)
4(1324 1355 1510 1479)
4(1354 1509 1510 1355)
4(1478 1479 1510 1509)
4(1325 1356 1511 1480)
4(1355 1510 1511 1356)
4(1479 1480 1511 1510)
4(1326 1357 1512 1481)
4(1356 1511 1512 1357)
4(1480 1481 1512 1511)
4(1327 1358 1513 1482)
4(1357 1512 1513 1358)
4(1481 1482 1513 1512)
4(1328 1359 1514 1483)
4(1358 1513 1514 1359)
4(1482 1483 1514 1513)
4(1329 1360 1515 1484)
4(1359 1514 1515 1360)
4(1483 1484 1515 1514)
4(1330 1361 1516 1485)
4(1360 1515 1516 1361)
4(1484 1485 1516 1515)
4(1331 1362 1517 1486)
4(1361 1516 1517 1362)
4(1485 1486 1517 1516)
4(1362 1517 1518 1363)
4(1486 1487 1518 1517)
4(1334 1365 1520 1489)
4(1488 1489 1520 1519)
4(1335 1366 1521 1490)
4(1489 1490 1521 1520)
4(1336 1367 1522 1491)
4(1490 1491 1522 1521)
4(1337 1368 1523 1492)
4(1491 1492 1523 1522)
4(1338 1369 1524 1493)
4(1492 1493 1524 1523)
4(1339 1370 1525 1494)
4(1493 1494 1525 1524)
4(1340 1371 1526 1495)
4(1494 1495 1526 1525)
4(1341 1372 1527 1496)
4(1495 1496 1527 1526)
4(1342 1373 1528 1497)
4(1496 1497 1528 1527)
4(1343 1374 1529 1498)
4(1497 1498 1529 1528)
4(1344 1375 1530 1499)
4(1498 1499 1530 1529)
4(1345 1376 1531 1500)
4(1499 1500 1531 1530)
4(1346 1377 1532 1501)
4(1500 1501 1532 1531)
4(1347 1378 1533 1502)
4(1501 1502 1533 1532)
4(1348 1379 1534 1503)
4(1502 1503 1534 1533)
4(1349 1380 1535 1504)
4(1503 1504 1535 1534)
4(1350 1381 1536 1505)
4(1504 1505 1536 1535)
4(1351 1382 1537 1506)
4(1505 1506 1537 1536)
4(1352 1383 1538 1507)
4(1506 1507 1538 1537)
4(1353 1384 1539 1508)
4(1507 1508 1539 1538)
4(1354 1385 1540 1509)
4(1508 1509 1540 1539)
4(1355 1386 1541 1510)
4(1509 1510 1541 1540)
4(1356 1387 1542 1511)
4(1510 1511 1542 1541)
4(1357 1388 1543 1512)
4(1511 1512 1543 1542)
4(1358 1389 1544 1513)
4(1512 1513 1544 1543)
4(1359 1390 1545 1514)
4(1513 1514 1545 1544)
4(1360 1391 1546 1515)
4(1514 1515 1546 1545)
4(1361 1392 1547 1516)
4(1515 1516 1547 1546)
4(1362 1393 1548 1517)
4(1516 1517 1548 1547)
4(1517 1518 1549 1548)
4(1396 1427 1582 1551)
4(1426 1581 1582 1427)
4(1397 1428 1583 1552)
4(1427 1582 1583 1428)
4(1398 1429 1584 1553)
4(1428 1583 1584 1429)
4(1399 1430 1585 1554)
4(1429 1584 1585 1430)
4(1400 1431 1586 1555)
4(1430 1585 1586 1431)
4(1401 1432 1587 1556)
4(1431 1586 1587 1432)
4(1402 1433 1588 1557)
4(1432 1587 1588 1433)
4(1403 1434 1589 1558)
4(1433 1588 1589 1434)
4(1404 1435 1590 1559)
4(1434 1589 1590 1435)
4(1405 1436 1591 1560)
4(1435 1590 1591 1436)
4(1406 1437 1592 1561)
4(1436 1591 1592 1437)
4(1407 1438 1593 1562)
4(1437 1592 1593 1438)
4(1408 1439 1594 1563)
4(1438 1593 1594 1439)
4(1409 1440 1595 1564)
4(1439 1594 1595 1440)
4(1410 1441 1596 1565)
4(1440 1595 1596 1441)
4(1411 1442 1597 1566)
4(1441 1596 1597 1442)
4(1412 1443 1598 1567)
4(1442 1597 1598 1443)
4(1413 1444 1599 1568)
4(1443 1598 1599 1444)
4(1414 1445 1600 1569)
4(1444 1599 1600 1445)
4(1415 1446 1601 1570)
4(1445 1600 1601 1446)
4(1416 1447 1602 1571)
4(1446 1601 1602 1447)
4(1417 1448 1603 1572)
4(1447 1602 1603 1448)
4(1418 1449 1604 1573)
4(1448 1603 1604 1449)
4(1419 1450 1605 1574)
4(1449 1604 1605 1450)
4(1420 1451 1606 1575)
4(1450 1605 1606 1451)
4(1421 1452 1607 1576)
4(1451 1606 1607 1452)
4(1422 1453 1608 1577)
4(1452 1607 1608 1453)
4(1423 1454 1609 1578)
4(1453 1608 1609 1454)
4(1424 1455 1610 1579)
4(1454 1609 1610 1455)
4(1455 1610 1611 1456)
4(1427 1458 1613 1582)
4(1457 1612 1613 1458)
4(1428 1459 1614 1583)
4(1458 1613 1614 1459)
4(1429 1460 1615 1584)
4(1459 1614 1615 1460)
4(1430 1461 1616 1585)
4(1460 1615 1616 1461)
4(1431 1462 1617 1586)
4(1461 1616 1617 1462)
4(1432 1463 1618 1587)
4(1462 1617 1618 1463)
4(1433 1464 1619 1588)
4(1463 1618 1619 1464)
4(1434 1465 1620 1589)
4(1464 1619 1620 1465)
4(1435 1466 1621 1590)
4(1465 1620 1621 1466)
4(1436 1467 1622 1591)
4(1466 1621 1622 1467)
4(1437 1468 1623 1592)
4(1467 1622 1623 1468)
4(1438 1469 1624 1593)
4(1468 1623 1624 1469)
4(1439 1470 1625 1594)
4(1469 1624 1625 1470)
4(1440 1471 1626 1595)
4(1470 1625 1626 1471)
4(1441 1472 1627 1596)
4(1471 1626 1627 1472)
4(1442 1473 1628 1597)
4(1472 1627 1628 1473)
4(1443 1474 1629 1598)
4(1473 1628 1629 1474)
4(1444 1475 1630 1599)
4(1474 1629 1630 1475)
4(1445 1476 1631 1600)
4(1475 1630 1631 1476)
4(1446 1477 1632 1601)
4(1476 1631 1632 1477)
4(1447 1478 1633 1602)
4(1477 1632 1633 1478)
4(1448 1479 1634 1603)
4(1478 1633 1634 1479)
4(1449 1480 1635 1604)
4(1479 1634 1635 1480)
4(1450 1481 1636 1605)
4(1480 1635 1636 1481)
4(1451 1482 1637 1606)
4(1481 1636 1637 1482)
4(1452 1483 1638 1607)
4(1482 1637 1638 1483)
4(1453 1484 1639 1608)
4(1483 1638 1639 1484)
4(1454 1485 1640 1609)
4(1484 1639 1640 1485)
4(1455 1486 1641 1610)
4(1485 1640 1641 1486)
4(1486 1641 1642 1487)
4(1458 1489 1644 1613)
4(1488 1643 1644 1489)
4(1459 1490 1645 1614)
4(1489 1644 1645 1490)
4(1460 1491 1646 1615)
4(1490 1645 1646 1491)
4(1461 1492 1647 1616)
4(1491 1646 1647 1492)
4(1462 1493 1648 1617)
4(1492 1647 1648 1493)
4(1463 1494 1649 1618)
4(1493 1648 1649 1494)
4(1464 1495 1650 1619)
4(1494 1649 1650 1495)
4(1465 1496 1651 1620)
4(1495 1650 1651 1496)
4(1466 1497 1652 1621)
4(1496 1651 1652 1497)
4(1467 1498 1653 1622)
4(1497 1652 1653 1498)
4(1468 1499 1654 1623)
4(1498 1653 1654 1499)
4(1469 1500 1655 1624)
4(1499 1654 1655 1500)
4(1470 1501 1656 1625)
4(1500 1655 1656 1501)
4(1471 1502 1657 1626)
4(1501 1656 1657 1502)
4(1472 1503 1658 1627)
4(1502 1657 1658 1503)
4(1473 1504 1659 1628)
4(1503 1658 1659 1504)
4(1474 1505 1660 1629)
4(1504 1659 1660 1505)
4(1475 1506 1661 1630)
4(1505 1660 1661 1506)
4(1476 1507 1662 1631)
4(1506 1661 1662 1507)
4(1477 1508 1663 1632)
4(1507 1662 1663 1508)
4(1478 1509 1664 1633)
4(1508 1663 1664 1509)
4(1479 1510 1665 1634)
4(1509 1664 1665 1510)
4(1480 1511 1666 1635)
4(1510 1665 1666 1511)
4(1481 1512 1667 1636)
4(1511 1666 1667 1512)
4(1482 1513 1668 1637)
4(1512 1667 1668 1513)
4(1483 1514 1669 1638)
4(1513 1668 1669 1514)
4(1484 1515 1670 1639)
4(1514 1669 1670 1515)
4(1485 1516 1671 1640)
4(1515 1670 1671 1516)
4(1486 1517 1672 1641)
4(1516 1671 1672 1517)
4(1517 1672 1673 1518)
4(1489 1520 1675 1644)
4(1490 1521 1676 1645)
4(1491 1522 1677 1646)
4(1492 1523 1678 1647)
4(1493 1524 1679 1648)
4(1494 1525 1680 1649)
4(1495 1526 1681 1650)
4(1496 1527 1682 1651)
4(1497 1528 1683 1652)
4(1498 1529 1684 1653)
4(1499 1530 1685 1654)
4(1500 1531 1686 1655)
4(1501 1532 1687 1656)
4(1502 1533 1688 1657)
4(1503 1534 1689 1658)
4(1504 1535 1690 1659)
4(1505 1536 1691 1660)
4(1506 1537 1692 1661)
4(1507 1538 1693 1662)
4(1508 1539 1694 1663)
4(1509 1540 1695 1664)
4(1510 1541 1696 1665)
4(1511 1542 1697 1666)
4(1512 1543 1698 1667)
4(1513 1544 1699 1668)
4(1514 1545 1700 1669)
4(1515 1546 1701 1670)
4(1516 1547 1702 1671)
4(1517 1548 1703 1672)
4(124 279 280 125)
4(279 434 435 280)
4(434 589 590 435)
4(589 744 745 590)
4(744 899 900 745)
4(899 1054 1055 900)
4(1054 1209 1210 1055)
4(1209 1364 1365 1210)
4(1364 1519 1520 1365)
4(1519 1674 1675 1520)
4(125 280 281 126)
4(280 435 436 281)
4(435 590 591 436)
4(590 745 746 591)
4(745 900 901 746)
4(900 1055 1056 901)
4(1055 1210 1211 1056)
4(1210 1365 1366 1211)
4(1365 1520 1521 1366)
4(1520 1675 1676 1521)
4(126 281 282 127)
4(281 436 437 282)
4(436 591 592 437)
4(591 746 747 592)
4(746 901 902 747)
4(901 1056 1057 902)
4(1056 1211 1212 1057)
4(1211 1366 1367 1212)
4(1366 1521 1522 1367)
4(1521 1676 1677 1522)
4(127 282 283 128)
4(282 437 438 283)
4(437 592 593 438)
4(592 747 748 593)
4(747 902 903 748)
4(902 1057 1058 903)
4(1057 1212 1213 1058)
4(1212 1367 1368 1213)
4(1367 1522 1523 1368)
4(1522 1677 1678 1523)
4(128 283 284 129)
4(283 438 439 284)
4(438 593 594 439)
4(593 748 749 594)
4(748 903 904 749)
4(903 1058 1059 904)
4(1058 1213 1214 1059)
4(1213 1368 1369 1214)
4(1368 1523 1524 1369)
4(1523 1678 1679 1524)
4(129 284 285 130)
4(284 439 440 285)
4(439 594 595 440)
4(594 749 750 595)
4(749 904 905 750)
4(904 1059 1060 905)
4(1059 1214 1215 1060)
4(1214 1369 1370 1215)
4(1369 1524 1525 1370)
4(1524 1679 1680 1525)
4(130 285 286 131)
4(285 440 441 286)
4(440 595 596 441)
4(595 750 751 596)
4(750 905 906 751)
4(905 1060 1061 906)
4(1060 1215 1216 1061)
4(1215 1370 1371 1216)
4(1370 1525 1526 1371)
4(1525 1680 1681 1526)
4(131 286 287 132)
4(286 441 442 287)
4(441 596 597 442)
4(596 751 752 597)
4(751 906 907 752)
4(906 1061 1062 907)
4(1061 1216 1217 1062)
4(1216 1371 1372 1217)
4(1371 1526 1527 1372)
4(1526 1681 1682 1527)
4(132 287 288 133)
4(287 442 443 288)
4(442 597 598 443)
4(597 752 753 598)
4(752 907 908 753)
4(907 1062 1063 908)
4(1062 1217 1218 1063)
4(1217 1372 1373 1218)
4(1372 1527 1528 1373)
4(1527 1682 1683 1528)
4(133 288 289 134)
4(288 443 444 289)
4(443 598 599 444)
4(598 753 754 599)
4(753 908 909 754)
4(908 1063 1064 909)
4(1063 1218 1219 1064)
4(1218 1373 1374 1219)
4(1373 1528 1529 1374)
4(1528 1683 1684 1529)
4(134 289 290 135)
4(289 444 445 290)
4(444 599 600 445)
4(599 754 755 600)
4(754 909 910 755)
4(909 1064 1065 910)
4(1064 1219 1220 1065)
4(1219 1374 1375 1220)
4(1374 1529 1530 1375)
4(1529 1684 1685 1530)
4(135 290 291 136)
4(290 445 446 291)
4(445 600 601 446)
4(600 755 756 601)
4(755 910 911 756)
4(910 1065 1066 911)
4(1065 1220 1221 1066)
4(1220 1375 1376 1221)
4(1375 1530 1531 1376)
4(1530 1685 1686 1531)
4(136 291 292 137)
4(291 446 447 292)
4(446 601 602 447)
4(601 756 757 602)
4(756 911 912 757)
4(911 1066 1067 912)
4(1066 1221 1222 1067)
4(1221 1376 1377 1222)
4(1376 1531 1532 1377)
4(1531 1686 1687 1532)
4(137 292 293 138)
4(292 447 448 293)
4(447 602 603 448)
4(602 757 758 603)
4(757 912 913 758)
4(912 1067 1068 913)
4(1067 1222 1223 1068)
4(1222 1377 1378 1223)
4(1377 1532 1533 1378)
4(1532 1687 1688 1533)
4(138 293 294 139)
4(293 448 449 294)
4(448 603 604 449)
4(603 758 759 604)
4(758 913 914 759)
4(913 1068 1069 914)
4(1068 1223 1224 1069)
4(1223 1378 1379 1224)
4(1378 1533 1534 1379)
4(1533 1688 1689 1534)
4(139 294 295 140)
4(294 449 450 295)
4(449 604 605 450)
4(604 759 760 605)
4(759 914 915 760)
4(914 1069 1070 915)
4(1069 1224 1225 1070)
4(1224 1379 1380 1225)
4(1379 1534 1535 1380)
4(1534 1689 1690 1535)
4(140 295 296 141)
4(295 450 451 296)
4(450 605 606 451)
4(605 760 761 606)
4(760 915 916 761)
4(915 1070 1071 916)
4(1070 1225 1226 1071)
4(1225 1380 1381 1226)
4(1380 1535 1536 1381)
4(1535 1690 1691 1536)
4(141 296 297 142)
4(296 451 452 297)
4(451 606 607 452)
4(606 761 762 607)
4(761 916 917 762)
4(916 1071 1072 917)
4(1071 1226 1227 1072)
4(1226 1381 1382 1227)
4(1381 1536 1537 1382)
4(1536 1691 1692 1537)
4(142 297 298 143)
4(297 452 453 298)
4(452 607 608 453)
4(607 762 763 608)
4(762 917 918 763)
4(917 1072 1073 918)
4(1072 1227 1228 1073)
4(1227 1382 1383 1228)
4(1382 1537 1538 1383)
4(1537 1692 1693 1538)
4(143 298 299 144)
4(298 453 454 299)
4(453 608 609 454)
4(608 763 764 609)
4(763 918 919 764)
4(918 1073 1074 919)
4(1073 1228 1229 1074)
4(1228 1383 1384 1229)
4(1383 1538 1539 1384)
4(1538 1693 1694 1539)
4(144 299 300 145)
4(299 454 455 300)
4(454 609 610 455)
4(609 764 765 610)
4(764 919 920 765)
4(919 1074 1075 920)
4(1074 1229 1230 1075)
4(1229 1384 1385 1230)
4(1384 1539 1540 1385)
4(1539 1694 1695 1540)
4(145 300 301 146)
4(300 455 456 301)
4(455 610 611 456)
4(610 765 766 611)
4(765 920 921 766)
4(920 1075 1076 921)
4(1075 1230 1231 1076)
4(1230 1385 1386 1231)
4(1385 1540 1541 1386)
4(1540 1695 1696 1541)
4(146 301 302 147)
4(301 456 457 302)
4(456 611 612 457)
4(611 766 767 612)
4(766 921 922 767)
4(921 1076 1077 922)
4(1076 1231 1232 1077)
4(1231 1386 1387 1232)
4(1386 1541 1542 1387)
4(1541 1696 1697 1542)
4(147 302 303 148)
4(302 457 458 303)
4(457 612 613 458)
4(612 767 768 613)
4(767 922 923 768)
4(922 1077 1078 923)
4(1077 1232 1233 1078)
4(1232 1387 1388 1233)
4(1387 1542 1543 1388)
4(1542 1697 1698 1543)
4(148 303 304 149)
4(303 458 459 304)
4(458 613 614 459)
4(613 768 769 614)
4(768 923 924 769)
4(923 1078 1079 924)
4(1078 1233 1234 1079)
4(1233 1388 1389 1234)
4(1388 1543 1544 1389)
4(1543 1698 1699 1544)
4(149 304 305 150)
4(304 459 460 305)
4(459 614 615 460)
4(614 769 770 615)
4(769 924 925 770)
4(924 1079 1080 925)
4(1079 1234 1235 1080)
4(1234 1389 1390 1235)
4(1389 1544 1545 1390)
4(1544 1699 1700 1545)
4(150 305 306 151)
4(305 460 461 306)
4(460 615 616 461)
4(615 770 771 616)
4(770 925 926 771)
4(925 1080 1081 926)
4(1080 1235 1236 1081)
4(1235 1390 1391 1236)
4(1390 1545 1546 1391)
4(1545 1700 1701 1546)
4(151 306 307 152)
4(306 461 462 307)
4(461 616 617 462)
4(616 771 772 617)
4(771 926 927 772)
4(926 1081 1082 927)
4(1081 1236 1237 1082)
4(1236 1391 1392 1237)
4(1391 1546 1547 1392)
4(1546 1701 1702 1547)
4(152 307 308 153)
4(307 462 463 308)
4(462 617 618 463)
4(617 772 773 618)
4(772 927 928 773)
4(927 1082 1083 928)
4(1082 1237 1238 1083)
4(1237 1392 1393 1238)
4(1392 1547 1548 1393)
4(1547 1702 1703 1548)
4(153 308 309 154)
4(308 463 464 309)
4(463 618 619 464)
4(618 773 774 619)
4(773 928 929 774)
4(928 1083 1084 929)
4(1083 1238 1239 1084)
4(1238 1393 1394 1239)
4(1393 1548 1549 1394)
4(1548 1703 1704 1549)
4(0 155 186 31)
4(31 186 217 62)
4(62 217 248 93)
4(93 248 279 124)
4(155 310 341 186)
4(186 341 372 217)
4(217 372 403 248)
4(248 403 434 279)
4(310 465 496 341)
4(341 496 527 372)
4(372 527 558 403)
4(403 558 589 434)
4(465 620 651 496)
4(496 651 682 527)
4(527 682 713 558)
4(558 713 744 589)
4(620 775 806 651)
4(651 806 837 682)
4(682 837 868 713)
4(713 868 899 744)
4(775 930 961 806)
4(806 961 992 837)
4(837 992 1023 868)
4(868 1023 1054 899)
4(930 1085 1116 961)
4(961 1116 1147 992)
4(992 1147 1178 1023)
4(1023 1178 1209 1054)
4(1085 1240 1271 1116)
4(1116 1271 1302 1147)
4(1147 1302 1333 1178)
4(1178 1333 1364 1209)
4(1240 1395 1426 1271)
4(1271 1426 1457 1302)
4(1302 1457 1488 1333)
4(1333 1488 1519 1364)
4(1395 1550 1581 1426)
4(1426 1581 1612 1457)
4(1457 1612 1643 1488)
4(1488 1643 1674 1519)
4(30 61 216 185)
4(61 92 247 216)
4(92 123 278 247)
4(123 154 309 278)
4(185 216 371 340)
4(216 247 402 371)
4(247 278 433 402)
4(278 309 464 433)
4(340 371 526 495)
4(371 402 557 526)
4(402 433 588 557)
4(433 464 619 588)
4(495 526 681 650)
4(526 557 712 681)
4(557 588 743 712)
4(588 619 774 743)
4(650 681 836 805)
4(681 712 867 836)
4(712 743 898 867)
4(743 774 929 898)
4(805 836 991 960)
4(836 867 1022 991)
4(867 898 1053 1022)
4(898 929 1084 1053)
4(960 991 1146 1115)
4(991 1022 1177 1146)
4(1022 1053 1208 1177)
4(1053 1084 1239 1208)
4(1115 1146 1301 1270)
4(1146 1177 1332 1301)
4(1177 1208 1363 1332)
4(1208 1239 1394 1363)
4(1270 1301 1456 1425)
4(1301 1332 1487 1456)
4(1332 1363 1518 1487)
4(1363 1394 1549 1518)
4(1425 1456 1611 1580)
4(1456 1487 1642 1611)
4(1487 1518 1673 1642)
4(1518 1549 1704 1673)
4(0 31 32 1)
4(31 62 63 32)
4(62 93 94 63)
4(93 124 125 94)
4(1 32 33 2)
4(32 63 64 33)
4(63 94 95 64)
4(94 125 126 95)
4(2 33 34 3)
4(33 64 65 34)
4(64 95 96 65)
4(95 126 127 96)
4(3 34 35 4)
4(34 65 66 35)
4(65 96 97 66)
4(96 127 128 97)
4(4 35 36 5)
4(35 66 67 36)
4(66 97 98 67)
4(97 128 129 98)
4(5 36 37 6)
4(36 67 68 37)
4(67 98 99 68)
4(98 129 130 99)
4(6 37 38 7)
4(37 68 69 38)
4(68 99 100 69)
4(99 130 131 100)
4(7 38 39 8)
4(38 69 70 39)
4(69 100 101 70)
4(100 131 132 101)
4(8 39 40 9)
4(39 70 71 40)
4(70 101 102 71)
4(101 132 133 102)
4(9 40 41 10)
4(40 71 72 41)
4(71 102 103 72)
4(102 133 134 103)
4(10 41 42 11)
4(41 72 73 42)
4(72 103 104 73)
4(103 134 135 104)
4(11 42 43 12)
4(42 73 74 43)
4(73 104 105 74)
4(104 135 136 105)
4(12 43 44 13)
4(43 74 75 44)
4(74 105 106 75)
4(105 136 137 106)
4(13 44 45 14)
4(44 75 76 45)
4(75 106 107 76)
4(106 137 138 107)
4(14 45 46 15)
4(45 76 77 46)
4(76 107 108 77)
4(107 138 139 108)
4(15 46 47 16)
4(46 77 78 47)
4(77 108 109 78)
4(108 139 140 109)
4(16 47 48 17)
4(47 78 79 48)
4(78 109 110 79)
4(109 140 141 110)
4(17 48 49 18)
4(48 79 80 49)
4(79 110 111 80)
4(110 141 142 111)
4(18 49 50 19)
4(49 80 81 50)
4(80 111 112 81)
4(111 142 143 112)
4(19 50 51 20)
4(50 81 82 51)
4(81 112 113 82)
4(112 143 144 113)
4(20 51 52 21)
4(51 82 83 52)
4(82 113 114 83)
4(113 144 145 114)
4(21 52 53 22)
4(52 83 84 53)
4(83 114 115 84)
4(114 145 146 115)
4(22 53 54 23)
4(53 84 85 54)
4(84 115 116 85)
4(115 146 147 116)
4(23 54 55 24)
4(54 85 86 55)
4(85 116 117 86)
4(116 147 148 117)
4(24 55 56 25)
4(55 86 87 56)
4(86 117 118 87)
4(117 148 149 118)
4(25 56 57 26)
4(56 87 88 57)
4(87 118 119 88)
4(118 149 150 119)
4(26 57 58 27)
4(57 88 89 58)
4(88 119 120 89)
4(119 150 151 120)
4(27 58 59 28)
4(58 89 90 59)
4(89 120 121 90)
4(120 151 152 121)
4(28 59 60 29)
4(59 90 91 60)
4(90 121 122 91)
4(121 152 153 122)
4(29 60 61 30)
4(60 91 92 61)
4(91 122 123 92)
4(122 153 154 123)
4(1550 1551 1582 1581)
4(1581 1582 1613 1612)
4(1612 1613 1644 1643)
4(1643 1644 1675 1674)
4(1551 1552 1583 1582)
4(1582 1583 1614 1613)
4(1613 1614 1645 1644)
4(1644 1645 1676 1675)
4(1552 1553 1584 1583)
4(1583 1584 1615 1614)
4(1614 1615 1646 1645)
4(1645 1646 1677 1676)
4(1553 1554 1585 1584)
4(1584 1585 1616 1615)
4(1615 1616 1647 1646)
4(1646 1647 1678 1677)
4(1554 1555 1586 1585)
4(1585 1586 1617 1616)
4(1616 1617 1648 1647)
4(1647 1648 1679 1678)
4(1555 1556 1587 1586)
4(1586 1587 1618 1617)
4(1617 1618 1649 1648)
4(1648 1649 1680 1679)
4(1556 1557 1588 1587)
4(1587 1588 1619 1618)
4(1618 1619 1650 1649)
4(1649 1650 1681 1680)
4(1557 1558 1589 1588)
4(1588 1589 1620 1619)
4(1619 1620 1651 1650)
4(1650 1651 1682 1681)
4(1558 1559 1590 1589)
4(1589 1590 1621 1620)
4(1620 1621 1652 1651)
4(1651 1652 1683 1682)
4(1559 1560 1591 1590)
4(1590 1591 1622 1621)
4(1621 1622 1653 1652)
4(1652 1653 1684 1683)
4(1560 1561 1592 1591)
4(1591 1592 1623 1622)
4(1622 1623 1654 1653)
4(1653 1654 1685 1684)
4(1561 1562 1593 1592)
4(1592 1593 1624 1623)
4(1623 1624 1655 1654)
4(1654 1655 1686 1685)
4(1562 1563 1594 1593)
4(1593 1594 1625 1624)
4(1624 1625 1656 1655)
4(1655 1656 1687 1686)
4(1563 1564 1595 1594)
4(1594 1595 1626 1625)
4(1625 1626 1657 1656)
4(1656 1657 1688 1687)
4(1564 1565 1596 1595)
4(1595 1596 1627 1626)
4(1626 1627 1658 1657)
4(1657 1658 1689 1688)
4(1565 1566 1597 1596)
4(1596 1597 1628 1627)
4(1627 1628 1659 1658)
4(1658 1659 1690 1689)
4(1566 1567 1598 1597)
4(1597 1598 1629 1628)
4(1628 1629 1660 1659)
4(1659 1660 1691 1690)
4(1567 1568 1599 1598)
4(1598 1599 1630 1629)
4(1629 1630 1661 1660)
4(1660 1661 1692 1691)
4(1568 1569 1600 1599)
4(1599 1600 1631 1630)
4(1630 1631 1662 1661)
4(1661 1662 1693 1692)
4(1569 1570 1601 1600)
4(1600 1601 1632 1631)
4(1631 1632 1663 1662)
4(1662 1663 1694 1693)
4(1570 1571 1602 1601)
4(1601 1602 1633 1632)
4(1632 1633 1664 1663)
4(1663 1664 1695 1694)
4(1571 1572 1603 1602)
4(1602 1603 1634 1633)
4(1633 1634 1665 1664)
4(1664 1665 1696 1695)
4(1572 1573 1604 1603)
4(1603 1604 1635 1634)
4(1634 1635 1666 1665)
4(1665 1666 1697 1696)
4(1573 1574 1605 1604)
4(1604 1605 1636 1635)
4(1635 1636 1667 1666)
4(1666 1667 1698 1697)
4(1574 1575 1606 1605)
4(1605 1606 1637 1636)
4(1636 1637 1668 1667)
4(1667 1668 1699 1698)
4(1575 1576 1607 1606)
4(1606 1607 1638 1637)
4(1637 1638 1669 1668)
4(1668 1669 1700 1699)
4(1576 1577 1608 1607)
4(1607 1608 1639 1638)
4(1638 1639 1670 1669)
4(1669 1670 1701 1700)
4(1577 1578 1609 1608)
4(1608 1609 1640 1639)
4(1639 1640 1671 1670)
4(1670 1671 1702 1701)
4(1578 1579 1610 1609)
4(1609 1610 1641 1640)
4(1640 1641 1672 1671)
4(1671 1672 1703 1702)
4(1579 1580 1611 1610)
4(1610 1611 1642 1641)
4(1641 1642 1673 1672)
4(1672 1673 1704 1703)
4(17 18 173 172)
4(18 19 174 173)
4(19 20 175 174)
4(20 21 176 175)
4(21 22 177 176)
4(22 23 178 177)
4(23 24 179 178)
4(24 25 180 179)
4(25 26 181 180)
4(26 27 182 181)
4(27 28 183 182)
4(28 29 184 183)
4(29 30 185 184)
4(172 173 328 327)
4(173 174 329 328)
4(174 175 330 329)
4(175 176 331 330)
4(176 177 332 331)
4(177 178 333 332)
4(178 179 334 333)
4(179 180 335 334)
4(180 181 336 335)
4(181 182 337 336)
4(182 183 338 337)
4(183 184 339 338)
4(184 185 340 339)
4(327 328 483 482)
4(328 329 484 483)
4(329 330 485 484)
4(330 331 486 485)
4(331 332 487 486)
4(332 333 488 487)
4(333 334 489 488)
4(334 335 490 489)
4(335 336 491 490)
4(336 337 492 491)
4(337 338 493 492)
4(338 339 494 493)
4(339 340 495 494)
4(482 483 638 637)
4(483 484 639 638)
4(484 485 640 639)
4(485 486 641 640)
4(486 487 642 641)
4(487 488 643 642)
4(488 489 644 643)
4(489 490 645 644)
4(490 491 646 645)
4(491 492 647 646)
4(492 493 648 647)
4(493 494 649 648)
4(494 495 650 649)
4(637 638 793 792)
4(638 639 794 793)
4(639 640 795 794)
4(640 641 796 795)
4(641 642 797 796)
4(642 643 798 797)
4(643 644 799 798)
4(644 645 800 799)
4(645 646 801 800)
4(646 647 802 801)
4(647 648 803 802)
4(648 649 804 803)
4(649 650 805 804)
4(792 793 948 947)
4(793 794 949 948)
4(794 795 950 949)
4(795 796 951 950)
4(796 797 952 951)
4(797 798 953 952)
4(798 799 954 953)
4(799 800 955 954)
4(800 801 956 955)
4(801 802 957 956)
4(802 803 958 957)
4(803 804 959 958)
4(804 805 960 959)
4(947 948 1103 1102)
4(948 949 1104 1103)
4(949 950 1105 1104)
4(950 951 1106 1105)
4(951 952 1107 1106)
4(952 953 1108 1107)
4(953 954 1109 1108)
4(954 955 1110 1109)
4(955 956 1111 1110)
4(956 957 1112 1111)
4(957 958 1113 1112)
4(958 959 1114 1113)
4(959 960 1115 1114)
4(1102 1103 1258 1257)
4(1103 1104 1259 1258)
4(1104 1105 1260 1259)
4(1105 1106 1261 1260)
4(1106 1107 1262 1261)
4(1107 1108 1263 1262)
4(1108 1109 1264 1263)
4(1109 1110 1265 1264)
4(1110 1111 1266 1265)
4(1111 1112 1267 1266)
4(1112 1113 1268 1267)
4(1113 1114 1269 1268)
4(1114 1115 1270 1269)
4(1257 1258 1413 1412)
4(1258 1259 1414 1413)
4(1259 1260 1415 1414)
4(1260 1261 1416 1415)
4(1261 1262 1417 1416)
4(1262 1263 1418 1417)
4(1263 1264 1419 1418)
4(1264 1265 1420 1419)
4(1265 1266 1421 1420)
4(1266 1267 1422 1421)
4(1267 1268 1423 1422)
4(1268 1269 1424 1423)
4(1269 1270 1425 1424)
4(1412 1413 1568 1567)
4(1413 1414 1569 1568)
4(1414 1415 1570 1569)
4(1415 1416 1571 1570)
4(1416 1417 1572 1571)
4(1417 1418 1573 1572)
4(1418 1419 1574 1573)
4(1419 1420 1575 1574)
4(1420 1421 1576 1575)
4(1421 1422 1577 1576)
4(1422 1423 1578 1577)
4(1423 1424 1579 1578)
4(1424 1425 1580 1579)
4(13 14 169 168)
4(14 15 170 169)
4(15 16 171 170)
4(16 17 172 171)
4(168 169 324 323)
4(169 170 325 324)
4(170 171 326 325)
4(171 172 327 326)
4(323 324 479 478)
4(324 325 480 479)
4(325 326 481 480)
4(326 327 482 481)
4(478 479 634 633)
4(479 480 635 634)
4(480 481 636 635)
4(481 482 637 636)
4(633 634 789 788)
4(634 635 790 789)
4(635 636 791 790)
4(636 637 792 791)
4(788 789 944 943)
4(789 790 945 944)
4(790 791 946 945)
4(791 792 947 946)
4(943 944 1099 1098)
4(944 945 1100 1099)
4(945 946 1101 1100)
4(946 947 1102 1101)
4(1098 1099 1254 1253)
4(1099 1100 1255 1254)
4(1100 1101 1256 1255)
4(1101 1102 1257 1256)
4(1253 1254 1409 1408)
4(1254 1255 1410 1409)
4(1255 1256 1411 1410)
4(1256 1257 1412 1411)
4(1408 1409 1564 1563)
4(1409 1410 1565 1564)
4(1410 1411 1566 1565)
4(1411 1412 1567 1566)
4(0 1 156 155)
4(1 2 157 156)
4(2 3 158 157)
4(3 4 159 158)
4(4 5 160 159)
4(5 6 161 160)
4(6 7 162 161)
4(7 8 163 162)
4(8 9 164 163)
4(9 10 165 164)
4(10 11 166 165)
4(11 12 167 166)
4(12 13 168 167)
4(155 156 311 310)
4(156 157 312 311)
4(157 158 313 312)
4(158 159 314 313)
4(159 160 315 314)
4(160 161 316 315)
4(161 162 317 316)
4(162 163 318 317)
4(163 164 319 318)
4(164 165 320 319)
4(165 166 321 320)
4(166 167 322 321)
4(167 168 323 322)
4(310 311 466 465)
4(311 312 467 466)
4(312 313 468 467)
4(313 314 469 468)
4(314 315 470 469)
4(315 316 471 470)
4(316 317 472 471)
4(317 318 473 472)
4(318 319 474 473)
4(319 320 475 474)
4(320 321 476 475)
4(321 322 477 476)
4(322 323 478 477)
4(465 466 621 620)
4(466 467 622 621)
4(467 468 623 622)
4(468 469 624 623)
4(469 470 625 624)
4(470 471 626 625)
4(471 472 627 626)
4(472 473 628 627)
4(473 474 629 628)
4(474 475 630 629)
4(475 476 631 630)
4(476 477 632 631)
4(477 478 633 632)
4(620 621 776 775)
4(621 622 777 776)
4(622 623 778 777)
4(623 624 779 778)
4(624 625 780 779)
4(625 626 781 780)
4(626 627 782 781)
4(627 628 783 782)
4(628 629 784 783)
4(629 630 785 784)
4(630 631 786 785)
4(631 632 787 786)
4(632 633 788 787)
4(775 776 931 930)
4(776 777 932 931)
4(777 778 933 932)
4(778 779 934 933)
4(779 780 935 934)
4(780 781 936 935)
4(781 782 937 936)
4(782 783 938 937)
4(783 784 939 938)
4(784 785 940 939)
4(785 786 941 940)
4(786 787 942 941)
4(787 788 943 942)
4(930 931 1086 1085)
4(931 932 1087 1086)
4(932 933 1088 1087)
4(933 934 1089 1088)
4(934 935 1090 1089)
4(935 936 1091 1090)
4(936 937 1092 1091)
4(937 938 1093 1092)
4(938 939 1094 1093)
4(939 940 1095 1094)
4(940 941 1096 1095)
4(941 942 1097 1096)
4(942 943 1098 1097)
4(1085 1086 1241 1240)
4(1086 1087 1242 1241)
4(1087 1088 1243 1242)
4(1088 1089 1244 1243)
4(1089 1090 1245 1244)
4(1090 1091 1246 1245)
4(1091 1092 1247 1246)
4(1092 1093 1248 1247)
4(1093 1094 1249 1248)
4(1094 1095 1250 1249)
4(1095 1096 1251 1250)
4(1096 1097 1252 1251)
4(1097 1098 1253 1252)
4(1240 1241 1396 1395)
4(1241 1242 1397 1396)
4(1242 1243 1398 1397)
4(1243 1244 1399 1398)
4(1244 1245 1400 1399)
4(1245 1246 1401 1400)
4(1246 1247 1402 1401)
4(1247 1248 1403 1402)
4(1248 1249 1404 1403)
4(1249 1250 1405 1404)
4(1250 1251 1406 1405)
4(1251 1252 1407 1406)
4(1252 1253 1408 1407)
4(1395 1396 1551 1550)
4(1396 1397 1552 1551)
4(1397 1398 1553 1552)
4(1398 1399 1554 1553)
4(1399 1400 1555 1554)
4(1400 1401 1556 1555)
4(1401 1402 1557 1556)
4(1402 1403 1558 1557)
4(1403 1404 1559 1558)
4(1404 1405 1560 1559)
4(1405 1406 1561 1560)
4(1406 1407 1562 1561)
4(1407 1408 1563 1562)
)


// ************************************************************************* //
