/*--------------------------------*- C++ -*----------------------------------*\
| =========                 |                                                 |
| \\      /  F ield         | OpenFOAM: The Open Source CFD Toolbox           |
|  \\    /   O peration     | Version:  v2012                                 |
|   \\  /    A nd           | Website:  www.openfoam.com                      |
|    \\/     M anipulation  |                                                 |
\*---------------------------------------------------------------------------*/
FoamFile
{
    version     2.0;
    format      ascii;
    class       labelList;
    note        "nPoints:1705  nCells:1200  nFaces:4060  nInternalFaces:3140";
    location    "constant/topAir/polyMesh";
    object      neighbour;
}
// * * * * * * * * * * * * * * * * * * * * * * * * * * * * * * * * * * * * * //


3140
(
1
30
120
2
31
121
3
32
122
4
33
123
5
34
124
6
35
125
7
36
126
8
37
127
9
38
128
10
39
129
11
40
130
12
41
131
13
42
132
14
43
133
15
44
134
16
45
135
17
46
136
18
47
137
19
48
138
20
49
139
21
50
140
22
51
141
23
52
142
24
53
143
25
54
144
26
55
145
27
56
146
28
57
147
29
58
148
59
149
31
60
150
32
61
151
33
62
152
34
63
153
35
64
154
36
65
155
37
66
156
38
67
157
39
68
158
40
69
159
41
70
160
42
71
161
43
72
162
44
73
163
45
74
164
46
75
165
47
76
166
48
77
167
49
78
168
50
79
169
51
80
170
52
81
171
53
82
172
54
83
173
55
84
174
56
85
175
57
86
176
58
87
177
59
88
178
89
179
61
90
180
62
91
181
63
92
182
64
93
183
65
94
184
66
95
185
67
96
186
68
97
187
69
98
188
70
99
189
71
100
190
72
101
191
73
102
192
74
103
193
75
104
194
76
105
195
77
106
196
78
107
197
79
108
198
80
109
199
81
110
200
82
111
201
83
112
202
84
113
203
85
114
204
86
115
205
87
116
206
88
117
207
89
118
208
119
209
91
210
92
211
93
212
94
213
95
214
96
215
97
216
98
217
99
218
100
219
101
220
102
221
103
222
104
223
105
224
106
225
107
226
108
227
109
228
110
229
111
230
112
231
113
232
114
233
115
234
116
235
117
236
118
237
119
238
239
121
150
240
122
151
241
123
152
242
124
153
243
125
154
244
126
155
245
127
156
246
128
157
247
129
158
248
130
159
249
131
160
250
132
161
251
133
162
252
134
163
253
135
164
254
136
165
255
137
166
256
138
167
257
139
168
258
140
169
259
141
170
260
142
171
261
143
172
262
144
173
263
145
174
264
146
175
265
147
176
266
148
177
267
149
178
268
179
269
151
180
270
152
181
271
153
182
272
154
183
273
155
184
274
156
185
275
157
186
276
158
187
277
159
188
278
160
189
279
161
190
280
162
191
281
163
192
282
164
193
283
165
194
284
166
195
285
167
196
286
168
197
287
169
198
288
170
199
289
171
200
290
172
201
291
173
202
292
174
203
293
175
204
294
176
205
295
177
206
296
178
207
297
179
208
298
209
299
181
210
300
182
211
301
183
212
302
184
213
303
185
214
304
186
215
305
187
216
306
188
217
307
189
218
308
190
219
309
191
220
310
192
221
311
193
222
312
194
223
313
195
224
314
196
225
315
197
226
316
198
227
317
199
228
318
200
229
319
201
230
320
202
231
321
203
232
322
204
233
323
205
234
324
206
235
325
207
236
326
208
237
327
209
238
328
239
329
211
330
212
331
213
332
214
333
215
334
216
335
217
336
218
337
219
338
220
339
221
340
222
341
223
342
224
343
225
344
226
345
227
346
228
347
229
348
230
349
231
350
232
351
233
352
234
353
235
354
236
355
237
356
238
357
239
358
359
241
270
360
242
271
361
243
272
362
244
273
363
245
274
364
246
275
365
247
276
366
248
277
367
249
278
368
250
279
369
251
280
370
252
281
371
253
282
372
254
283
373
255
284
374
256
285
375
257
286
376
258
287
377
259
288
378
260
289
379
261
290
380
262
291
381
263
292
382
264
293
383
265
294
384
266
295
385
267
296
386
268
297
387
269
298
388
299
389
271
300
390
272
301
391
273
302
392
274
303
393
275
304
394
276
305
395
277
306
396
278
307
397
279
308
398
280
309
399
281
310
400
282
311
401
283
312
402
284
313
403
285
314
404
286
315
405
287
316
406
288
317
407
289
318
408
290
319
409
291
320
410
292
321
411
293
322
412
294
323
413
295
324
414
296
325
415
297
326
416
298
327
417
299
328
418
329
419
301
330
420
302
331
421
303
332
422
304
333
423
305
334
424
306
335
425
307
336
426
308
337
427
309
338
428
310
339
429
311
340
430
312
341
431
313
342
432
314
343
433
315
344
434
316
345
435
317
346
436
318
347
437
319
348
438
320
349
439
321
350
440
322
351
441
323
352
442
324
353
443
325
354
444
326
355
445
327
356
446
328
357
447
329
358
448
359
449
331
450
332
451
333
452
334
453
335
454
336
455
337
456
338
457
339
458
340
459
341
460
342
461
343
462
344
463
345
464
346
465
347
466
348
467
349
468
350
469
351
470
352
471
353
472
354
473
355
474
356
475
357
476
358
477
359
478
479
361
390
480
362
391
481
363
392
482
364
393
483
365
394
484
366
395
485
367
396
486
368
397
487
369
398
488
370
399
489
371
400
490
372
401
491
373
402
492
374
403
493
375
404
494
376
405
495
377
406
496
378
407
497
379
408
498
380
409
499
381
410
500
382
411
501
383
412
502
384
413
503
385
414
504
386
415
505
387
416
506
388
417
507
389
418
508
419
509
391
420
510
392
421
511
393
422
512
394
423
513
395
424
514
396
425
515
397
426
516
398
427
517
399
428
518
400
429
519
401
430
520
402
431
521
403
432
522
404
433
523
405
434
524
406
435
525
407
436
526
408
437
527
409
438
528
410
439
529
411
440
530
412
441
531
413
442
532
414
443
533
415
444
534
416
445
535
417
446
536
418
447
537
419
448
538
449
539
421
450
540
422
451
541
423
452
542
424
453
543
425
454
544
426
455
545
427
456
546
428
457
547
429
458
548
430
459
549
431
460
550
432
461
551
433
462
552
434
463
553
435
464
554
436
465
555
437
466
556
438
467
557
439
468
558
440
469
559
441
470
560
442
471
561
443
472
562
444
473
563
445
474
564
446
475
565
447
476
566
448
477
567
449
478
568
479
569
451
570
452
571
453
572
454
573
455
574
456
575
457
576
458
577
459
578
460
579
461
580
462
581
463
582
464
583
465
584
466
585
467
586
468
587
469
588
470
589
471
590
472
591
473
592
474
593
475
594
476
595
477
596
478
597
479
598
599
481
510
600
482
511
601
483
512
602
484
513
603
485
514
604
486
515
605
487
516
606
488
517
607
489
518
608
490
519
609
491
520
610
492
521
611
493
522
612
494
523
613
495
524
614
496
525
615
497
526
616
498
527
617
499
528
618
500
529
619
501
530
620
502
531
621
503
532
622
504
533
623
505
534
624
506
535
625
507
536
626
508
537
627
509
538
628
539
629
511
540
630
512
541
631
513
542
632
514
543
633
515
544
634
516
545
635
517
546
636
518
547
637
519
548
638
520
549
639
521
550
640
522
551
641
523
552
642
524
553
643
525
554
644
526
555
645
527
556
646
528
557
647
529
558
648
530
559
649
531
560
650
532
561
651
533
562
652
534
563
653
535
564
654
536
565
655
537
566
656
538
567
657
539
568
658
569
659
541
570
660
542
571
661
543
572
662
544
573
663
545
574
664
546
575
665
547
576
666
548
577
667
549
578
668
550
579
669
551
580
670
552
581
671
553
582
672
554
583
673
555
584
674
556
585
675
557
586
676
558
587
677
559
588
678
560
589
679
561
590
680
562
591
681
563
592
682
564
593
683
565
594
684
566
595
685
567
596
686
568
597
687
569
598
688
599
689
571
690
572
691
573
692
574
693
575
694
576
695
577
696
578
697
579
698
580
699
581
700
582
701
583
702
584
703
585
704
586
705
587
706
588
707
589
708
590
709
591
710
592
711
593
712
594
713
595
714
596
715
597
716
598
717
599
718
719
601
630
720
602
631
721
603
632
722
604
633
723
605
634
724
606
635
725
607
636
726
608
637
727
609
638
728
610
639
729
611
640
730
612
641
731
613
642
732
614
643
733
615
644
734
616
645
735
617
646
736
618
647
737
619
648
738
620
649
739
621
650
740
622
651
741
623
652
742
624
653
743
625
654
744
626
655
745
627
656
746
628
657
747
629
658
748
659
749
631
660
750
632
661
751
633
662
752
634
663
753
635
664
754
636
665
755
637
666
756
638
667
757
639
668
758
640
669
759
641
670
760
642
671
761
643
672
762
644
673
763
645
674
764
646
675
765
647
676
766
648
677
767
649
678
768
650
679
769
651
680
770
652
681
771
653
682
772
654
683
773
655
684
774
656
685
775
657
686
776
658
687
777
659
688
778
689
779
661
690
780
662
691
781
663
692
782
664
693
783
665
694
784
666
695
785
667
696
786
668
697
787
669
698
788
670
699
789
671
700
790
672
701
791
673
702
792
674
703
793
675
704
794
676
705
795
677
706
796
678
707
797
679
708
798
680
709
799
681
710
800
682
711
801
683
712
802
684
713
803
685
714
804
686
715
805
687
716
806
688
717
807
689
718
808
719
809
691
810
692
811
693
812
694
813
695
814
696
815
697
816
698
817
699
818
700
819
701
820
702
821
703
822
704
823
705
824
706
825
707
826
708
827
709
828
710
829
711
830
712
831
713
832
714
833
715
834
716
835
717
836
718
837
719
838
839
721
750
840
722
751
841
723
752
842
724
753
843
725
754
844
726
755
845
727
756
846
728
757
847
729
758
848
730
759
849
731
760
850
732
761
851
733
762
852
734
763
853
735
764
854
736
765
855
737
766
856
738
767
857
739
768
858
740
769
859
741
770
860
742
771
861
743
772
862
744
773
863
745
774
864
746
775
865
747
776
866
748
777
867
749
778
868
779
869
751
780
870
752
781
871
753
782
872
754
783
873
755
784
874
756
785
875
757
786
876
758
787
877
759
788
878
760
789
879
761
790
880
762
791
881
763
792
882
764
793
883
765
794
884
766
795
885
767
796
886
768
797
887
769
798
888
770
799
889
771
800
890
772
801
891
773
802
892
774
803
893
775
804
894
776
805
895
777
806
896
778
807
897
779
808
898
809
899
781
810
900
782
811
901
783
812
902
784
813
903
785
814
904
786
815
905
787
816
906
788
817
907
789
818
908
790
819
909
791
820
910
792
821
911
793
822
912
794
823
913
795
824
914
796
825
915
797
826
916
798
827
917
799
828
918
800
829
919
801
830
920
802
831
921
803
832
922
804
833
923
805
834
924
806
835
925
807
836
926
808
837
927
809
838
928
839
929
811
930
812
931
813
932
814
933
815
934
816
935
817
936
818
937
819
938
820
939
821
940
822
941
823
942
824
943
825
944
826
945
827
946
828
947
829
948
830
949
831
950
832
951
833
952
834
953
835
954
836
955
837
956
838
957
839
958
959
841
870
960
842
871
961
843
872
962
844
873
963
845
874
964
846
875
965
847
876
966
848
877
967
849
878
968
850
879
969
851
880
970
852
881
971
853
882
972
854
883
973
855
884
974
856
885
975
857
886
976
858
887
977
859
888
978
860
889
979
861
890
980
862
891
981
863
892
982
864
893
983
865
894
984
866
895
985
867
896
986
868
897
987
869
898
988
899
989
871
900
990
872
901
991
873
902
992
874
903
993
875
904
994
876
905
995
877
906
996
878
907
997
879
908
998
880
909
999
881
910
1000
882
911
1001
883
912
1002
884
913
1003
885
914
1004
886
915
1005
887
916
1006
888
917
1007
889
918
1008
890
919
1009
891
920
1010
892
921
1011
893
922
1012
894
923
1013
895
924
1014
896
925
1015
897
926
1016
898
927
1017
899
928
1018
929
1019
901
930
1020
902
931
1021
903
932
1022
904
933
1023
905
934
1024
906
935
1025
907
936
1026
908
937
1027
909
938
1028
910
939
1029
911
940
1030
912
941
1031
913
942
1032
914
943
1033
915
944
1034
916
945
1035
917
946
1036
918
947
1037
919
948
1038
920
949
1039
921
950
1040
922
951
1041
923
952
1042
924
953
1043
925
954
1044
926
955
1045
927
956
1046
928
957
1047
929
958
1048
959
1049
931
1050
932
1051
933
1052
934
1053
935
1054
936
1055
937
1056
938
1057
939
1058
940
1059
941
1060
942
1061
943
1062
944
1063
945
1064
946
1065
947
1066
948
1067
949
1068
950
1069
951
1070
952
1071
953
1072
954
1073
955
1074
956
1075
957
1076
958
1077
959
1078
1079
961
990
1080
962
991
1081
963
992
1082
964
993
1083
965
994
1084
966
995
1085
967
996
1086
968
997
1087
969
998
1088
970
999
1089
971
1000
1090
972
1001
1091
973
1002
1092
974
1003
1093
975
1004
1094
976
1005
1095
977
1006
1096
978
1007
1097
979
1008
1098
980
1009
1099
981
1010
1100
982
1011
1101
983
1012
1102
984
1013
1103
985
1014
1104
986
1015
1105
987
1016
1106
988
1017
1107
989
1018
1108
1019
1109
991
1020
1110
992
1021
1111
993
1022
1112
994
1023
1113
995
1024
1114
996
1025
1115
997
1026
1116
998
1027
1117
999
1028
1118
1000
1029
1119
1001
1030
1120
1002
1031
1121
1003
1032
1122
1004
1033
1123
1005
1034
1124
1006
1035
1125
1007
1036
1126
1008
1037
1127
1009
1038
1128
1010
1039
1129
1011
1040
1130
1012
1041
1131
1013
1042
1132
1014
1043
1133
1015
1044
1134
1016
1045
1135
1017
1046
1136
1018
1047
1137
1019
1048
1138
1049
1139
1021
1050
1140
1022
1051
1141
1023
1052
1142
1024
1053
1143
1025
1054
1144
1026
1055
1145
1027
1056
1146
1028
1057
1147
1029
1058
1148
1030
1059
1149
1031
1060
1150
1032
1061
1151
1033
1062
1152
1034
1063
1153
1035
1064
1154
1036
1065
1155
1037
1066
1156
1038
1067
1157
1039
1068
1158
1040
1069
1159
1041
1070
1160
1042
1071
1161
1043
1072
1162
1044
1073
1163
1045
1074
1164
1046
1075
1165
1047
1076
1166
1048
1077
1167
1049
1078
1168
1079
1169
1051
1170
1052
1171
1053
1172
1054
1173
1055
1174
1056
1175
1057
1176
1058
1177
1059
1178
1060
1179
1061
1180
1062
1181
1063
1182
1064
1183
1065
1184
1066
1185
1067
1186
1068
1187
1069
1188
1070
1189
1071
1190
1072
1191
1073
1192
1074
1193
1075
1194
1076
1195
1077
1196
1078
1197
1079
1198
1199
1081
1110
1082
1111
1083
1112
1084
1113
1085
1114
1086
1115
1087
1116
1088
1117
1089
1118
1090
1119
1091
1120
1092
1121
1093
1122
1094
1123
1095
1124
1096
1125
1097
1126
1098
1127
1099
1128
1100
1129
1101
1130
1102
1131
1103
1132
1104
1133
1105
1134
1106
1135
1107
1136
1108
1137
1109
1138
1139
1111
1140
1112
1141
1113
1142
1114
1143
1115
1144
1116
1145
1117
1146
1118
1147
1119
1148
1120
1149
1121
1150
1122
1151
1123
1152
1124
1153
1125
1154
1126
1155
1127
1156
1128
1157
1129
1158
1130
1159
1131
1160
1132
1161
1133
1162
1134
1163
1135
1164
1136
1165
1137
1166
1138
1167
1139
1168
1169
1141
1170
1142
1171
1143
1172
1144
1173
1145
1174
1146
1175
1147
1176
1148
1177
1149
1178
1150
1179
1151
1180
1152
1181
1153
1182
1154
1183
1155
1184
1156
1185
1157
1186
1158
1187
1159
1188
1160
1189
1161
1190
1162
1191
1163
1192
1164
1193
1165
1194
1166
1195
1167
1196
1168
1197
1169
1198
1199
1171
1172
1173
1174
1175
1176
1177
1178
1179
1180
1181
1182
1183
1184
1185
1186
1187
1188
1189
1190
1191
1192
1193
1194
1195
1196
1197
1198
1199
)


// ************************************************************************* //
