/*--------------------------------*- C++ -*----------------------------------*\
| =========                 |                                                 |
| \\      /  F ield         | OpenFOAM: The Open Source CFD Toolbox           |
|  \\    /   O peration     | Version:  v2012                                 |
|   \\  /    A nd           | Website:  www.openfoam.com                      |
|    \\/     M anipulation  |                                                 |
\*---------------------------------------------------------------------------*/
FoamFile
{
    version     2.0;
    format      ascii;
    class       vectorField;
    location    "constant/topAir/polyMesh";
    object      points;
}
// * * * * * * * * * * * * * * * * * * * * * * * * * * * * * * * * * * * * * //


1705
(
(-0.1 0.008 -0.05)
(-0.09333333 0.008 -0.05)
(-0.08666667 0.008 -0.05)
(-0.08 0.008 -0.05)
(-0.07333333 0.008 -0.05)
(-0.06666667 0.008 -0.05)
(-0.06 0.008 -0.05)
(-0.05333333 0.008 -0.05)
(-0.04666667 0.008 -0.05)
(-0.04 0.008 -0.05)
(-0.03333333 0.008 -0.05)
(-0.02666667 0.008 -0.05)
(-0.02 0.008 -0.05)
(-0.01333333 0.008 -0.05)
(-0.006666667 0.008 -0.05)
(0 0.008 -0.05)
(0.006666667 0.008 -0.05)
(0.01333333 0.008 -0.05)
(0.02 0.008 -0.05)
(0.02666667 0.008 -0.05)
(0.03333333 0.008 -0.05)
(0.04 0.008 -0.05)
(0.04666667 0.008 -0.05)
(0.05333333 0.008 -0.05)
(0.06 0.008 -0.05)
(0.06666667 0.008 -0.05)
(0.07333333 0.008 -0.05)
(0.08 0.008 -0.05)
(0.08666667 0.008 -0.05)
(0.09333333 0.008 -0.05)
(0.1 0.008 -0.05)
(-0.1 0.016 -0.05)
(-0.09333333 0.016 -0.05)
(-0.08666667 0.016 -0.05)
(-0.08 0.016 -0.05)
(-0.07333333 0.016 -0.05)
(-0.06666667 0.016 -0.05)
(-0.06 0.016 -0.05)
(-0.05333333 0.016 -0.05)
(-0.04666667 0.016 -0.05)
(-0.04 0.016 -0.05)
(-0.03333333 0.016 -0.05)
(-0.02666667 0.016 -0.05)
(-0.02 0.016 -0.05)
(-0.01333333 0.016 -0.05)
(-0.006666667 0.016 -0.05)
(0 0.016 -0.05)
(0.006666667 0.016 -0.05)
(0.01333333 0.016 -0.05)
(0.02 0.016 -0.05)
(0.02666667 0.016 -0.05)
(0.03333333 0.016 -0.05)
(0.04 0.016 -0.05)
(0.04666667 0.016 -0.05)
(0.05333333 0.016 -0.05)
(0.06 0.016 -0.05)
(0.06666667 0.016 -0.05)
(0.07333333 0.016 -0.05)
(0.08 0.016 -0.05)
(0.08666667 0.016 -0.05)
(0.09333333 0.016 -0.05)
(0.1 0.016 -0.05)
(-0.1 0.024 -0.05)
(-0.09333333 0.024 -0.05)
(-0.08666667 0.024 -0.05)
(-0.08 0.024 -0.05)
(-0.07333333 0.024 -0.05)
(-0.06666667 0.024 -0.05)
(-0.06 0.024 -0.05)
(-0.05333333 0.024 -0.05)
(-0.04666667 0.024 -0.05)
(-0.04 0.024 -0.05)
(-0.03333333 0.024 -0.05)
(-0.02666667 0.024 -0.05)
(-0.02 0.024 -0.05)
(-0.01333333 0.024 -0.05)
(-0.006666667 0.024 -0.05)
(0 0.024 -0.05)
(0.006666667 0.024 -0.05)
(0.01333333 0.024 -0.05)
(0.02 0.024 -0.05)
(0.02666667 0.024 -0.05)
(0.03333333 0.024 -0.05)
(0.04 0.024 -0.05)
(0.04666667 0.024 -0.05)
(0.05333333 0.024 -0.05)
(0.06 0.024 -0.05)
(0.06666667 0.024 -0.05)
(0.07333333 0.024 -0.05)
(0.08 0.024 -0.05)
(0.08666667 0.024 -0.05)
(0.09333333 0.024 -0.05)
(0.1 0.024 -0.05)
(-0.1 0.032 -0.05)
(-0.09333333 0.032 -0.05)
(-0.08666667 0.032 -0.05)
(-0.08 0.032 -0.05)
(-0.07333333 0.032 -0.05)
(-0.06666667 0.032 -0.05)
(-0.06 0.032 -0.05)
(-0.05333333 0.032 -0.05)
(-0.04666667 0.032 -0.05)
(-0.04 0.032 -0.05)
(-0.03333333 0.032 -0.05)
(-0.02666667 0.032 -0.05)
(-0.02 0.032 -0.05)
(-0.01333333 0.032 -0.05)
(-0.006666667 0.032 -0.05)
(0 0.032 -0.05)
(0.006666667 0.032 -0.05)
(0.01333333 0.032 -0.05)
(0.02 0.032 -0.05)
(0.02666667 0.032 -0.05)
(0.03333333 0.032 -0.05)
(0.04 0.032 -0.05)
(0.04666667 0.032 -0.05)
(0.05333333 0.032 -0.05)
(0.06 0.032 -0.05)
(0.06666667 0.032 -0.05)
(0.07333333 0.032 -0.05)
(0.08 0.032 -0.05)
(0.08666667 0.032 -0.05)
(0.09333333 0.032 -0.05)
(0.1 0.032 -0.05)
(-0.1 0.04 -0.05)
(-0.09333333 0.04 -0.05)
(-0.08666667 0.04 -0.05)
(-0.08 0.04 -0.05)
(-0.07333333 0.04 -0.05)
(-0.06666667 0.04 -0.05)
(-0.06 0.04 -0.05)
(-0.05333333 0.04 -0.05)
(-0.04666667 0.04 -0.05)
(-0.04 0.04 -0.05)
(-0.03333333 0.04 -0.05)
(-0.02666667 0.04 -0.05)
(-0.02 0.04 -0.05)
(-0.01333333 0.04 -0.05)
(-0.006666667 0.04 -0.05)
(0 0.04 -0.05)
(0.006666667 0.04 -0.05)
(0.01333333 0.04 -0.05)
(0.02 0.04 -0.05)
(0.02666667 0.04 -0.05)
(0.03333333 0.04 -0.05)
(0.04 0.04 -0.05)
(0.04666667 0.04 -0.05)
(0.05333333 0.04 -0.05)
(0.06 0.04 -0.05)
(0.06666667 0.04 -0.05)
(0.07333333 0.04 -0.05)
(0.08 0.04 -0.05)
(0.08666667 0.04 -0.05)
(0.09333333 0.04 -0.05)
(0.1 0.04 -0.05)
(-0.1 0.008 -0.04)
(-0.09333333 0.008 -0.04)
(-0.08666667 0.008 -0.04)
(-0.08 0.008 -0.04)
(-0.07333333 0.008 -0.04)
(-0.06666667 0.008 -0.04)
(-0.06 0.008 -0.04)
(-0.05333333 0.008 -0.04)
(-0.04666667 0.008 -0.04)
(-0.04 0.008 -0.04)
(-0.03333333 0.008 -0.04)
(-0.02666667 0.008 -0.04)
(-0.02 0.008 -0.04)
(-0.01333333 0.008 -0.04)
(-0.006666667 0.008 -0.04)
(0 0.008 -0.04)
(0.006666667 0.008 -0.04)
(0.01333333 0.008 -0.04)
(0.02 0.008 -0.04)
(0.02666667 0.008 -0.04)
(0.03333333 0.008 -0.04)
(0.04 0.008 -0.04)
(0.04666667 0.008 -0.04)
(0.05333333 0.008 -0.04)
(0.06 0.008 -0.04)
(0.06666667 0.008 -0.04)
(0.07333333 0.008 -0.04)
(0.08 0.008 -0.04)
(0.08666667 0.008 -0.04)
(0.09333333 0.008 -0.04)
(0.1 0.008 -0.04)
(-0.1 0.016 -0.04)
(-0.09333333 0.016 -0.04)
(-0.08666667 0.016 -0.04)
(-0.08 0.016 -0.04)
(-0.07333333 0.016 -0.04)
(-0.06666667 0.016 -0.04)
(-0.06 0.016 -0.04)
(-0.05333333 0.016 -0.04)
(-0.04666667 0.016 -0.04)
(-0.04 0.016 -0.04)
(-0.03333333 0.016 -0.04)
(-0.02666667 0.016 -0.04)
(-0.02 0.016 -0.04)
(-0.01333333 0.016 -0.04)
(-0.006666667 0.016 -0.04)
(0 0.016 -0.04)
(0.006666667 0.016 -0.04)
(0.01333333 0.016 -0.04)
(0.02 0.016 -0.04)
(0.02666667 0.016 -0.04)
(0.03333333 0.016 -0.04)
(0.04 0.016 -0.04)
(0.04666667 0.016 -0.04)
(0.05333333 0.016 -0.04)
(0.06 0.016 -0.04)
(0.06666667 0.016 -0.04)
(0.07333333 0.016 -0.04)
(0.08 0.016 -0.04)
(0.08666667 0.016 -0.04)
(0.09333333 0.016 -0.04)
(0.1 0.016 -0.04)
(-0.1 0.024 -0.04)
(-0.09333333 0.024 -0.04)
(-0.08666667 0.024 -0.04)
(-0.08 0.024 -0.04)
(-0.07333333 0.024 -0.04)
(-0.06666667 0.024 -0.04)
(-0.06 0.024 -0.04)
(-0.05333333 0.024 -0.04)
(-0.04666667 0.024 -0.04)
(-0.04 0.024 -0.04)
(-0.03333333 0.024 -0.04)
(-0.02666667 0.024 -0.04)
(-0.02 0.024 -0.04)
(-0.01333333 0.024 -0.04)
(-0.006666667 0.024 -0.04)
(0 0.024 -0.04)
(0.006666667 0.024 -0.04)
(0.01333333 0.024 -0.04)
(0.02 0.024 -0.04)
(0.02666667 0.024 -0.04)
(0.03333333 0.024 -0.04)
(0.04 0.024 -0.04)
(0.04666667 0.024 -0.04)
(0.05333333 0.024 -0.04)
(0.06 0.024 -0.04)
(0.06666667 0.024 -0.04)
(0.07333333 0.024 -0.04)
(0.08 0.024 -0.04)
(0.08666667 0.024 -0.04)
(0.09333333 0.024 -0.04)
(0.1 0.024 -0.04)
(-0.1 0.032 -0.04)
(-0.09333333 0.032 -0.04)
(-0.08666667 0.032 -0.04)
(-0.08 0.032 -0.04)
(-0.07333333 0.032 -0.04)
(-0.06666667 0.032 -0.04)
(-0.06 0.032 -0.04)
(-0.05333333 0.032 -0.04)
(-0.04666667 0.032 -0.04)
(-0.04 0.032 -0.04)
(-0.03333333 0.032 -0.04)
(-0.02666667 0.032 -0.04)
(-0.02 0.032 -0.04)
(-0.01333333 0.032 -0.04)
(-0.006666667 0.032 -0.04)
(0 0.032 -0.04)
(0.006666667 0.032 -0.04)
(0.01333333 0.032 -0.04)
(0.02 0.032 -0.04)
(0.02666667 0.032 -0.04)
(0.03333333 0.032 -0.04)
(0.04 0.032 -0.04)
(0.04666667 0.032 -0.04)
(0.05333333 0.032 -0.04)
(0.06 0.032 -0.04)
(0.06666667 0.032 -0.04)
(0.07333333 0.032 -0.04)
(0.08 0.032 -0.04)
(0.08666667 0.032 -0.04)
(0.09333333 0.032 -0.04)
(0.1 0.032 -0.04)
(-0.1 0.04 -0.04)
(-0.09333333 0.04 -0.04)
(-0.08666667 0.04 -0.04)
(-0.08 0.04 -0.04)
(-0.07333333 0.04 -0.04)
(-0.06666667 0.04 -0.04)
(-0.06 0.04 -0.04)
(-0.05333333 0.04 -0.04)
(-0.04666667 0.04 -0.04)
(-0.04 0.04 -0.04)
(-0.03333333 0.04 -0.04)
(-0.02666667 0.04 -0.04)
(-0.02 0.04 -0.04)
(-0.01333333 0.04 -0.04)
(-0.006666667 0.04 -0.04)
(0 0.04 -0.04)
(0.006666667 0.04 -0.04)
(0.01333333 0.04 -0.04)
(0.02 0.04 -0.04)
(0.02666667 0.04 -0.04)
(0.03333333 0.04 -0.04)
(0.04 0.04 -0.04)
(0.04666667 0.04 -0.04)
(0.05333333 0.04 -0.04)
(0.06 0.04 -0.04)
(0.06666667 0.04 -0.04)
(0.07333333 0.04 -0.04)
(0.08 0.04 -0.04)
(0.08666667 0.04 -0.04)
(0.09333333 0.04 -0.04)
(0.1 0.04 -0.04)
(-0.1 0.008 -0.03)
(-0.09333333 0.008 -0.03)
(-0.08666667 0.008 -0.03)
(-0.08 0.008 -0.03)
(-0.07333333 0.008 -0.03)
(-0.06666667 0.008 -0.03)
(-0.06 0.008 -0.03)
(-0.05333333 0.008 -0.03)
(-0.04666667 0.008 -0.03)
(-0.04 0.008 -0.03)
(-0.03333333 0.008 -0.03)
(-0.02666667 0.008 -0.03)
(-0.02 0.008 -0.03)
(-0.01333333 0.008 -0.03)
(-0.006666667 0.008 -0.03)
(0 0.008 -0.03)
(0.006666667 0.008 -0.03)
(0.01333333 0.008 -0.03)
(0.02 0.008 -0.03)
(0.02666667 0.008 -0.03)
(0.03333333 0.008 -0.03)
(0.04 0.008 -0.03)
(0.04666667 0.008 -0.03)
(0.05333333 0.008 -0.03)
(0.06 0.008 -0.03)
(0.06666667 0.008 -0.03)
(0.07333333 0.008 -0.03)
(0.08 0.008 -0.03)
(0.08666667 0.008 -0.03)
(0.09333333 0.008 -0.03)
(0.1 0.008 -0.03)
(-0.1 0.016 -0.03)
(-0.09333333 0.016 -0.03)
(-0.08666667 0.016 -0.03)
(-0.08 0.016 -0.03)
(-0.07333333 0.016 -0.03)
(-0.06666667 0.016 -0.03)
(-0.06 0.016 -0.03)
(-0.05333333 0.016 -0.03)
(-0.04666667 0.016 -0.03)
(-0.04 0.016 -0.03)
(-0.03333333 0.016 -0.03)
(-0.02666667 0.016 -0.03)
(-0.02 0.016 -0.03)
(-0.01333333 0.016 -0.03)
(-0.006666667 0.016 -0.03)
(0 0.016 -0.03)
(0.006666667 0.016 -0.03)
(0.01333333 0.016 -0.03)
(0.02 0.016 -0.03)
(0.02666667 0.016 -0.03)
(0.03333333 0.016 -0.03)
(0.04 0.016 -0.03)
(0.04666667 0.016 -0.03)
(0.05333333 0.016 -0.03)
(0.06 0.016 -0.03)
(0.06666667 0.016 -0.03)
(0.07333333 0.016 -0.03)
(0.08 0.016 -0.03)
(0.08666667 0.016 -0.03)
(0.09333333 0.016 -0.03)
(0.1 0.016 -0.03)
(-0.1 0.024 -0.03)
(-0.09333333 0.024 -0.03)
(-0.08666667 0.024 -0.03)
(-0.08 0.024 -0.03)
(-0.07333333 0.024 -0.03)
(-0.06666667 0.024 -0.03)
(-0.06 0.024 -0.03)
(-0.05333333 0.024 -0.03)
(-0.04666667 0.024 -0.03)
(-0.04 0.024 -0.03)
(-0.03333333 0.024 -0.03)
(-0.02666667 0.024 -0.03)
(-0.02 0.024 -0.03)
(-0.01333333 0.024 -0.03)
(-0.006666667 0.024 -0.03)
(0 0.024 -0.03)
(0.006666667 0.024 -0.03)
(0.01333333 0.024 -0.03)
(0.02 0.024 -0.03)
(0.02666667 0.024 -0.03)
(0.03333333 0.024 -0.03)
(0.04 0.024 -0.03)
(0.04666667 0.024 -0.03)
(0.05333333 0.024 -0.03)
(0.06 0.024 -0.03)
(0.06666667 0.024 -0.03)
(0.07333333 0.024 -0.03)
(0.08 0.024 -0.03)
(0.08666667 0.024 -0.03)
(0.09333333 0.024 -0.03)
(0.1 0.024 -0.03)
(-0.1 0.032 -0.03)
(-0.09333333 0.032 -0.03)
(-0.08666667 0.032 -0.03)
(-0.08 0.032 -0.03)
(-0.07333333 0.032 -0.03)
(-0.06666667 0.032 -0.03)
(-0.06 0.032 -0.03)
(-0.05333333 0.032 -0.03)
(-0.04666667 0.032 -0.03)
(-0.04 0.032 -0.03)
(-0.03333333 0.032 -0.03)
(-0.02666667 0.032 -0.03)
(-0.02 0.032 -0.03)
(-0.01333333 0.032 -0.03)
(-0.006666667 0.032 -0.03)
(0 0.032 -0.03)
(0.006666667 0.032 -0.03)
(0.01333333 0.032 -0.03)
(0.02 0.032 -0.03)
(0.02666667 0.032 -0.03)
(0.03333333 0.032 -0.03)
(0.04 0.032 -0.03)
(0.04666667 0.032 -0.03)
(0.05333333 0.032 -0.03)
(0.06 0.032 -0.03)
(0.06666667 0.032 -0.03)
(0.07333333 0.032 -0.03)
(0.08 0.032 -0.03)
(0.08666667 0.032 -0.03)
(0.09333333 0.032 -0.03)
(0.1 0.032 -0.03)
(-0.1 0.04 -0.03)
(-0.09333333 0.04 -0.03)
(-0.08666667 0.04 -0.03)
(-0.08 0.04 -0.03)
(-0.07333333 0.04 -0.03)
(-0.06666667 0.04 -0.03)
(-0.06 0.04 -0.03)
(-0.05333333 0.04 -0.03)
(-0.04666667 0.04 -0.03)
(-0.04 0.04 -0.03)
(-0.03333333 0.04 -0.03)
(-0.02666667 0.04 -0.03)
(-0.02 0.04 -0.03)
(-0.01333333 0.04 -0.03)
(-0.006666667 0.04 -0.03)
(0 0.04 -0.03)
(0.006666667 0.04 -0.03)
(0.01333333 0.04 -0.03)
(0.02 0.04 -0.03)
(0.02666667 0.04 -0.03)
(0.03333333 0.04 -0.03)
(0.04 0.04 -0.03)
(0.04666667 0.04 -0.03)
(0.05333333 0.04 -0.03)
(0.06 0.04 -0.03)
(0.06666667 0.04 -0.03)
(0.07333333 0.04 -0.03)
(0.08 0.04 -0.03)
(0.08666667 0.04 -0.03)
(0.09333333 0.04 -0.03)
(0.1 0.04 -0.03)
(-0.1 0.008 -0.02)
(-0.09333333 0.008 -0.02)
(-0.08666667 0.008 -0.02)
(-0.08 0.008 -0.02)
(-0.07333333 0.008 -0.02)
(-0.06666667 0.008 -0.02)
(-0.06 0.008 -0.02)
(-0.05333333 0.008 -0.02)
(-0.04666667 0.008 -0.02)
(-0.04 0.008 -0.02)
(-0.03333333 0.008 -0.02)
(-0.02666667 0.008 -0.02)
(-0.02 0.008 -0.02)
(-0.01333333 0.008 -0.02)
(-0.006666667 0.008 -0.02)
(0 0.008 -0.02)
(0.006666667 0.008 -0.02)
(0.01333333 0.008 -0.02)
(0.02 0.008 -0.02)
(0.02666667 0.008 -0.02)
(0.03333333 0.008 -0.02)
(0.04 0.008 -0.02)
(0.04666667 0.008 -0.02)
(0.05333333 0.008 -0.02)
(0.06 0.008 -0.02)
(0.06666667 0.008 -0.02)
(0.07333333 0.008 -0.02)
(0.08 0.008 -0.02)
(0.08666667 0.008 -0.02)
(0.09333333 0.008 -0.02)
(0.1 0.008 -0.02)
(-0.1 0.016 -0.02)
(-0.09333333 0.016 -0.02)
(-0.08666667 0.016 -0.02)
(-0.08 0.016 -0.02)
(-0.07333333 0.016 -0.02)
(-0.06666667 0.016 -0.02)
(-0.06 0.016 -0.02)
(-0.05333333 0.016 -0.02)
(-0.04666667 0.016 -0.02)
(-0.04 0.016 -0.02)
(-0.03333333 0.016 -0.02)
(-0.02666667 0.016 -0.02)
(-0.02 0.016 -0.02)
(-0.01333333 0.016 -0.02)
(-0.006666667 0.016 -0.02)
(0 0.016 -0.02)
(0.006666667 0.016 -0.02)
(0.01333333 0.016 -0.02)
(0.02 0.016 -0.02)
(0.02666667 0.016 -0.02)
(0.03333333 0.016 -0.02)
(0.04 0.016 -0.02)
(0.04666667 0.016 -0.02)
(0.05333333 0.016 -0.02)
(0.06 0.016 -0.02)
(0.06666667 0.016 -0.02)
(0.07333333 0.016 -0.02)
(0.08 0.016 -0.02)
(0.08666667 0.016 -0.02)
(0.09333333 0.016 -0.02)
(0.1 0.016 -0.02)
(-0.1 0.024 -0.02)
(-0.09333333 0.024 -0.02)
(-0.08666667 0.024 -0.02)
(-0.08 0.024 -0.02)
(-0.07333333 0.024 -0.02)
(-0.06666667 0.024 -0.02)
(-0.06 0.024 -0.02)
(-0.05333333 0.024 -0.02)
(-0.04666667 0.024 -0.02)
(-0.04 0.024 -0.02)
(-0.03333333 0.024 -0.02)
(-0.02666667 0.024 -0.02)
(-0.02 0.024 -0.02)
(-0.01333333 0.024 -0.02)
(-0.006666667 0.024 -0.02)
(0 0.024 -0.02)
(0.006666667 0.024 -0.02)
(0.01333333 0.024 -0.02)
(0.02 0.024 -0.02)
(0.02666667 0.024 -0.02)
(0.03333333 0.024 -0.02)
(0.04 0.024 -0.02)
(0.04666667 0.024 -0.02)
(0.05333333 0.024 -0.02)
(0.06 0.024 -0.02)
(0.06666667 0.024 -0.02)
(0.07333333 0.024 -0.02)
(0.08 0.024 -0.02)
(0.08666667 0.024 -0.02)
(0.09333333 0.024 -0.02)
(0.1 0.024 -0.02)
(-0.1 0.032 -0.02)
(-0.09333333 0.032 -0.02)
(-0.08666667 0.032 -0.02)
(-0.08 0.032 -0.02)
(-0.07333333 0.032 -0.02)
(-0.06666667 0.032 -0.02)
(-0.06 0.032 -0.02)
(-0.05333333 0.032 -0.02)
(-0.04666667 0.032 -0.02)
(-0.04 0.032 -0.02)
(-0.03333333 0.032 -0.02)
(-0.02666667 0.032 -0.02)
(-0.02 0.032 -0.02)
(-0.01333333 0.032 -0.02)
(-0.006666667 0.032 -0.02)
(0 0.032 -0.02)
(0.006666667 0.032 -0.02)
(0.01333333 0.032 -0.02)
(0.02 0.032 -0.02)
(0.02666667 0.032 -0.02)
(0.03333333 0.032 -0.02)
(0.04 0.032 -0.02)
(0.04666667 0.032 -0.02)
(0.05333333 0.032 -0.02)
(0.06 0.032 -0.02)
(0.06666667 0.032 -0.02)
(0.07333333 0.032 -0.02)
(0.08 0.032 -0.02)
(0.08666667 0.032 -0.02)
(0.09333333 0.032 -0.02)
(0.1 0.032 -0.02)
(-0.1 0.04 -0.02)
(-0.09333333 0.04 -0.02)
(-0.08666667 0.04 -0.02)
(-0.08 0.04 -0.02)
(-0.07333333 0.04 -0.02)
(-0.06666667 0.04 -0.02)
(-0.06 0.04 -0.02)
(-0.05333333 0.04 -0.02)
(-0.04666667 0.04 -0.02)
(-0.04 0.04 -0.02)
(-0.03333333 0.04 -0.02)
(-0.02666667 0.04 -0.02)
(-0.02 0.04 -0.02)
(-0.01333333 0.04 -0.02)
(-0.006666667 0.04 -0.02)
(0 0.04 -0.02)
(0.006666667 0.04 -0.02)
(0.01333333 0.04 -0.02)
(0.02 0.04 -0.02)
(0.02666667 0.04 -0.02)
(0.03333333 0.04 -0.02)
(0.04 0.04 -0.02)
(0.04666667 0.04 -0.02)
(0.05333333 0.04 -0.02)
(0.06 0.04 -0.02)
(0.06666667 0.04 -0.02)
(0.07333333 0.04 -0.02)
(0.08 0.04 -0.02)
(0.08666667 0.04 -0.02)
(0.09333333 0.04 -0.02)
(0.1 0.04 -0.02)
(-0.1 0.008 -0.01)
(-0.09333333 0.008 -0.01)
(-0.08666667 0.008 -0.01)
(-0.08 0.008 -0.01)
(-0.07333333 0.008 -0.01)
(-0.06666667 0.008 -0.01)
(-0.06 0.008 -0.01)
(-0.05333333 0.008 -0.01)
(-0.04666667 0.008 -0.01)
(-0.04 0.008 -0.01)
(-0.03333333 0.008 -0.01)
(-0.02666667 0.008 -0.01)
(-0.02 0.008 -0.01)
(-0.01333333 0.008 -0.01)
(-0.006666667 0.008 -0.01)
(0 0.008 -0.01)
(0.006666667 0.008 -0.01)
(0.01333333 0.008 -0.01)
(0.02 0.008 -0.01)
(0.02666667 0.008 -0.01)
(0.03333333 0.008 -0.01)
(0.04 0.008 -0.01)
(0.04666667 0.008 -0.01)
(0.05333333 0.008 -0.01)
(0.06 0.008 -0.01)
(0.06666667 0.008 -0.01)
(0.07333333 0.008 -0.01)
(0.08 0.008 -0.01)
(0.08666667 0.008 -0.01)
(0.09333333 0.008 -0.01)
(0.1 0.008 -0.01)
(-0.1 0.016 -0.01)
(-0.09333333 0.016 -0.01)
(-0.08666667 0.016 -0.01)
(-0.08 0.016 -0.01)
(-0.07333333 0.016 -0.01)
(-0.06666667 0.016 -0.01)
(-0.06 0.016 -0.01)
(-0.05333333 0.016 -0.01)
(-0.04666667 0.016 -0.01)
(-0.04 0.016 -0.01)
(-0.03333333 0.016 -0.01)
(-0.02666667 0.016 -0.01)
(-0.02 0.016 -0.01)
(-0.01333333 0.016 -0.01)
(-0.006666667 0.016 -0.01)
(0 0.016 -0.01)
(0.006666667 0.016 -0.01)
(0.01333333 0.016 -0.01)
(0.02 0.016 -0.01)
(0.02666667 0.016 -0.01)
(0.03333333 0.016 -0.01)
(0.04 0.016 -0.01)
(0.04666667 0.016 -0.01)
(0.05333333 0.016 -0.01)
(0.06 0.016 -0.01)
(0.06666667 0.016 -0.01)
(0.07333333 0.016 -0.01)
(0.08 0.016 -0.01)
(0.08666667 0.016 -0.01)
(0.09333333 0.016 -0.01)
(0.1 0.016 -0.01)
(-0.1 0.024 -0.01)
(-0.09333333 0.024 -0.01)
(-0.08666667 0.024 -0.01)
(-0.08 0.024 -0.01)
(-0.07333333 0.024 -0.01)
(-0.06666667 0.024 -0.01)
(-0.06 0.024 -0.01)
(-0.05333333 0.024 -0.01)
(-0.04666667 0.024 -0.01)
(-0.04 0.024 -0.01)
(-0.03333333 0.024 -0.01)
(-0.02666667 0.024 -0.01)
(-0.02 0.024 -0.01)
(-0.01333333 0.024 -0.01)
(-0.006666667 0.024 -0.01)
(0 0.024 -0.01)
(0.006666667 0.024 -0.01)
(0.01333333 0.024 -0.01)
(0.02 0.024 -0.01)
(0.02666667 0.024 -0.01)
(0.03333333 0.024 -0.01)
(0.04 0.024 -0.01)
(0.04666667 0.024 -0.01)
(0.05333333 0.024 -0.01)
(0.06 0.024 -0.01)
(0.06666667 0.024 -0.01)
(0.07333333 0.024 -0.01)
(0.08 0.024 -0.01)
(0.08666667 0.024 -0.01)
(0.09333333 0.024 -0.01)
(0.1 0.024 -0.01)
(-0.1 0.032 -0.01)
(-0.09333333 0.032 -0.01)
(-0.08666667 0.032 -0.01)
(-0.08 0.032 -0.01)
(-0.07333333 0.032 -0.01)
(-0.06666667 0.032 -0.01)
(-0.06 0.032 -0.01)
(-0.05333333 0.032 -0.01)
(-0.04666667 0.032 -0.01)
(-0.04 0.032 -0.01)
(-0.03333333 0.032 -0.01)
(-0.02666667 0.032 -0.01)
(-0.02 0.032 -0.01)
(-0.01333333 0.032 -0.01)
(-0.006666667 0.032 -0.01)
(0 0.032 -0.01)
(0.006666667 0.032 -0.01)
(0.01333333 0.032 -0.01)
(0.02 0.032 -0.01)
(0.02666667 0.032 -0.01)
(0.03333333 0.032 -0.01)
(0.04 0.032 -0.01)
(0.04666667 0.032 -0.01)
(0.05333333 0.032 -0.01)
(0.06 0.032 -0.01)
(0.06666667 0.032 -0.01)
(0.07333333 0.032 -0.01)
(0.08 0.032 -0.01)
(0.08666667 0.032 -0.01)
(0.09333333 0.032 -0.01)
(0.1 0.032 -0.01)
(-0.1 0.04 -0.01)
(-0.09333333 0.04 -0.01)
(-0.08666667 0.04 -0.01)
(-0.08 0.04 -0.01)
(-0.07333333 0.04 -0.01)
(-0.06666667 0.04 -0.01)
(-0.06 0.04 -0.01)
(-0.05333333 0.04 -0.01)
(-0.04666667 0.04 -0.01)
(-0.04 0.04 -0.01)
(-0.03333333 0.04 -0.01)
(-0.02666667 0.04 -0.01)
(-0.02 0.04 -0.01)
(-0.01333333 0.04 -0.01)
(-0.006666667 0.04 -0.01)
(0 0.04 -0.01)
(0.006666667 0.04 -0.01)
(0.01333333 0.04 -0.01)
(0.02 0.04 -0.01)
(0.02666667 0.04 -0.01)
(0.03333333 0.04 -0.01)
(0.04 0.04 -0.01)
(0.04666667 0.04 -0.01)
(0.05333333 0.04 -0.01)
(0.06 0.04 -0.01)
(0.06666667 0.04 -0.01)
(0.07333333 0.04 -0.01)
(0.08 0.04 -0.01)
(0.08666667 0.04 -0.01)
(0.09333333 0.04 -0.01)
(0.1 0.04 -0.01)
(-0.1 0.008 0)
(-0.09333333 0.008 0)
(-0.08666667 0.008 0)
(-0.08 0.008 0)
(-0.07333333 0.008 0)
(-0.06666667 0.008 0)
(-0.06 0.008 0)
(-0.05333333 0.008 0)
(-0.04666667 0.008 0)
(-0.04 0.008 -1.156482e-18)
(-0.03333333 0.008 0)
(-0.02666667 0.008 1.156482e-18)
(-0.02 0.008 0)
(-0.01333333 0.008 0)
(-0.006666667 0.008 0)
(0 0.008 0)
(0.006666667 0.008 0)
(0.01333333 0.008 0)
(0.02 0.008 0)
(0.02666667 0.008 5.782412e-19)
(0.03333333 0.008 0)
(0.04 0.008 -5.782412e-19)
(0.04666667 0.008 0)
(0.05333333 0.008 0)
(0.06 0.008 5.782412e-19)
(0.06666667 0.008 0)
(0.07333333 0.008 -4.336809e-19)
(0.08 0.008 2.891206e-19)
(0.08666667 0.008 -2.168404e-19)
(0.09333333 0.008 4.698209e-19)
(0.1 0.008 0)
(-0.1 0.016 0)
(-0.09333333 0.016 0)
(-0.08666667 0.016 -1.156482e-18)
(-0.08 0.016 0)
(-0.07333333 0.016 0)
(-0.06666667 0.016 1.156482e-18)
(-0.06 0.016 0)
(-0.05333333 0.016 0)
(-0.04666667 0.016 -1.156482e-18)
(-0.04 0.016 -1.156482e-18)
(-0.03333333 0.016 0)
(-0.02666667 0.016 -1.156482e-18)
(-0.02 0.016 0)
(-0.01333333 0.016 0)
(-0.006666667 0.016 0)
(0 0.016 0)
(0.006666667 0.016 0)
(0.01333333 0.016 0)
(0.02 0.016 0)
(0.02666667 0.016 -5.782412e-19)
(0.03333333 0.016 0)
(0.04 0.016 -5.782412e-19)
(0.04666667 0.016 -1.156482e-18)
(0.05333333 0.016 -1.156482e-18)
(0.06 0.016 -5.782412e-19)
(0.06666667 0.016 -1.156482e-18)
(0.07333333 0.016 -4.336809e-19)
(0.08 0.016 -8.673617e-19)
(0.08666667 0.016 -2.168404e-19)
(0.09333333 0.016 -6.866614e-19)
(0.1 0.016 0)
(-0.1 0.024 0)
(-0.09333333 0.024 1.156482e-18)
(-0.08666667 0.024 1.156482e-18)
(-0.08 0.024 1.156482e-18)
(-0.07333333 0.024 0)
(-0.06666667 0.024 0)
(-0.06 0.024 0)
(-0.05333333 0.024 0)
(-0.04666667 0.024 1.156482e-18)
(-0.04 0.024 0)
(-0.03333333 0.024 0)
(-0.02666667 0.024 0)
(-0.02 0.024 0)
(-0.01333333 0.024 0)
(-0.006666667 0.024 0)
(0 0.024 0)
(0.006666667 0.024 0)
(0.01333333 0.024 0)
(0.02 0.024 0)
(0.02666667 0.024 5.782412e-19)
(0.03333333 0.024 0)
(0.04 0.024 5.782412e-19)
(0.04666667 0.024 0)
(0.05333333 0.024 0)
(0.06 0.024 5.782412e-19)
(0.06666667 0.024 0)
(0.07333333 0.024 7.228014e-19)
(0.08 0.024 2.891206e-19)
(0.08666667 0.024 9.396419e-19)
(0.09333333 0.024 4.698209e-19)
(0.1 0.024 0)
(-0.1 0.032 0)
(-0.09333333 0.032 0)
(-0.08666667 0.032 0)
(-0.08 0.032 1.156482e-18)
(-0.07333333 0.032 0)
(-0.06666667 0.032 0)
(-0.06 0.032 0)
(-0.05333333 0.032 0)
(-0.04666667 0.032 0)
(-0.04 0.032 0)
(-0.03333333 0.032 0)
(-0.02666667 0.032 0)
(-0.02 0.032 0)
(-0.01333333 0.032 0)
(-0.006666667 0.032 0)
(0 0.032 0)
(0.006666667 0.032 0)
(0.01333333 0.032 0)
(0.02 0.032 0)
(0.02666667 0.032 5.782412e-19)
(0.03333333 0.032 0)
(0.04 0.032 5.782412e-19)
(0.04666667 0.032 5.782412e-19)
(0.05333333 0.032 0)
(0.06 0.032 5.782412e-19)
(0.06666667 0.032 2.891206e-19)
(0.07333333 0.032 7.228014e-19)
(0.08 0.032 2.891206e-19)
(0.08666667 0.032 -2.168404e-19)
(0.09333333 0.032 4.698209e-19)
(0.1 0.032 0)
(-0.1 0.04 0)
(-0.09333333 0.04 0)
(-0.08666667 0.04 0)
(-0.08 0.04 1.156482e-18)
(-0.07333333 0.04 0)
(-0.06666667 0.04 0)
(-0.06 0.04 0)
(-0.05333333 0.04 0)
(-0.04666667 0.04 0)
(-0.04 0.04 0)
(-0.03333333 0.04 0)
(-0.02666667 0.04 0)
(-0.02 0.04 0)
(-0.01333333 0.04 0)
(-0.006666667 0.04 0)
(0 0.04 0)
(0.006666667 0.04 0)
(0.01333333 0.04 0)
(0.02 0.04 0)
(0.02666667 0.04 5.782412e-19)
(0.03333333 0.04 0)
(0.04 0.04 -5.782412e-19)
(0.04666667 0.04 0)
(0.05333333 0.04 0)
(0.06 0.04 5.782412e-19)
(0.06666667 0.04 0)
(0.07333333 0.04 -4.336809e-19)
(0.08 0.04 2.891206e-19)
(0.08666667 0.04 -2.168404e-19)
(0.09333333 0.04 4.698209e-19)
(0.1 0.04 0)
(-0.1 0.008 0.01)
(-0.09333333 0.008 0.01)
(-0.08666667 0.008 0.01)
(-0.08 0.008 0.01)
(-0.07333333 0.008 0.01)
(-0.06666667 0.008 0.01)
(-0.06 0.008 0.01)
(-0.05333333 0.008 0.01)
(-0.04666667 0.008 0.01)
(-0.04 0.008 0.01)
(-0.03333333 0.008 0.01)
(-0.02666667 0.008 0.01)
(-0.02 0.008 0.01)
(-0.01333333 0.008 0.01)
(-0.006666667 0.008 0.01)
(0 0.008 0.01)
(0.006666667 0.008 0.01)
(0.01333333 0.008 0.01)
(0.02 0.008 0.01)
(0.02666667 0.008 0.01)
(0.03333333 0.008 0.01)
(0.04 0.008 0.01)
(0.04666667 0.008 0.01)
(0.05333333 0.008 0.01)
(0.06 0.008 0.01)
(0.06666667 0.008 0.01)
(0.07333333 0.008 0.01)
(0.08 0.008 0.01)
(0.08666667 0.008 0.01)
(0.09333333 0.008 0.01)
(0.1 0.008 0.01)
(-0.1 0.016 0.01)
(-0.09333333 0.016 0.01)
(-0.08666667 0.016 0.01)
(-0.08 0.016 0.01)
(-0.07333333 0.016 0.01)
(-0.06666667 0.016 0.01)
(-0.06 0.016 0.01)
(-0.05333333 0.016 0.01)
(-0.04666667 0.016 0.01)
(-0.04 0.016 0.01)
(-0.03333333 0.016 0.01)
(-0.02666667 0.016 0.01)
(-0.02 0.016 0.01)
(-0.01333333 0.016 0.01)
(-0.006666667 0.016 0.01)
(0 0.016 0.01)
(0.006666667 0.016 0.01)
(0.01333333 0.016 0.01)
(0.02 0.016 0.01)
(0.02666667 0.016 0.01)
(0.03333333 0.016 0.01)
(0.04 0.016 0.01)
(0.04666667 0.016 0.01)
(0.05333333 0.016 0.01)
(0.06 0.016 0.01)
(0.06666667 0.016 0.01)
(0.07333333 0.016 0.01)
(0.08 0.016 0.01)
(0.08666667 0.016 0.01)
(0.09333333 0.016 0.01)
(0.1 0.016 0.01)
(-0.1 0.024 0.01)
(-0.09333333 0.024 0.01)
(-0.08666667 0.024 0.01)
(-0.08 0.024 0.01)
(-0.07333333 0.024 0.01)
(-0.06666667 0.024 0.01)
(-0.06 0.024 0.01)
(-0.05333333 0.024 0.01)
(-0.04666667 0.024 0.01)
(-0.04 0.024 0.01)
(-0.03333333 0.024 0.01)
(-0.02666667 0.024 0.01)
(-0.02 0.024 0.01)
(-0.01333333 0.024 0.01)
(-0.006666667 0.024 0.01)
(0 0.024 0.01)
(0.006666667 0.024 0.01)
(0.01333333 0.024 0.01)
(0.02 0.024 0.01)
(0.02666667 0.024 0.01)
(0.03333333 0.024 0.01)
(0.04 0.024 0.01)
(0.04666667 0.024 0.01)
(0.05333333 0.024 0.01)
(0.06 0.024 0.01)
(0.06666667 0.024 0.01)
(0.07333333 0.024 0.01)
(0.08 0.024 0.01)
(0.08666667 0.024 0.01)
(0.09333333 0.024 0.01)
(0.1 0.024 0.01)
(-0.1 0.032 0.01)
(-0.09333333 0.032 0.01)
(-0.08666667 0.032 0.01)
(-0.08 0.032 0.01)
(-0.07333333 0.032 0.01)
(-0.06666667 0.032 0.01)
(-0.06 0.032 0.01)
(-0.05333333 0.032 0.01)
(-0.04666667 0.032 0.01)
(-0.04 0.032 0.01)
(-0.03333333 0.032 0.01)
(-0.02666667 0.032 0.01)
(-0.02 0.032 0.01)
(-0.01333333 0.032 0.01)
(-0.006666667 0.032 0.01)
(0 0.032 0.01)
(0.006666667 0.032 0.01)
(0.01333333 0.032 0.01)
(0.02 0.032 0.01)
(0.02666667 0.032 0.01)
(0.03333333 0.032 0.01)
(0.04 0.032 0.01)
(0.04666667 0.032 0.01)
(0.05333333 0.032 0.01)
(0.06 0.032 0.01)
(0.06666667 0.032 0.01)
(0.07333333 0.032 0.01)
(0.08 0.032 0.01)
(0.08666667 0.032 0.01)
(0.09333333 0.032 0.01)
(0.1 0.032 0.01)
(-0.1 0.04 0.01)
(-0.09333333 0.04 0.01)
(-0.08666667 0.04 0.01)
(-0.08 0.04 0.01)
(-0.07333333 0.04 0.01)
(-0.06666667 0.04 0.01)
(-0.06 0.04 0.01)
(-0.05333333 0.04 0.01)
(-0.04666667 0.04 0.01)
(-0.04 0.04 0.01)
(-0.03333333 0.04 0.01)
(-0.02666667 0.04 0.01)
(-0.02 0.04 0.01)
(-0.01333333 0.04 0.01)
(-0.006666667 0.04 0.01)
(0 0.04 0.01)
(0.006666667 0.04 0.01)
(0.01333333 0.04 0.01)
(0.02 0.04 0.01)
(0.02666667 0.04 0.01)
(0.03333333 0.04 0.01)
(0.04 0.04 0.01)
(0.04666667 0.04 0.01)
(0.05333333 0.04 0.01)
(0.06 0.04 0.01)
(0.06666667 0.04 0.01)
(0.07333333 0.04 0.01)
(0.08 0.04 0.01)
(0.08666667 0.04 0.01)
(0.09333333 0.04 0.01)
(0.1 0.04 0.01)
(-0.1 0.008 0.02)
(-0.09333333 0.008 0.02)
(-0.08666667 0.008 0.02)
(-0.08 0.008 0.02)
(-0.07333333 0.008 0.02)
(-0.06666667 0.008 0.02)
(-0.06 0.008 0.02)
(-0.05333333 0.008 0.02)
(-0.04666667 0.008 0.02)
(-0.04 0.008 0.02)
(-0.03333333 0.008 0.02)
(-0.02666667 0.008 0.02)
(-0.02 0.008 0.02)
(-0.01333333 0.008 0.02)
(-0.006666667 0.008 0.02)
(0 0.008 0.02)
(0.006666667 0.008 0.02)
(0.01333333 0.008 0.02)
(0.02 0.008 0.02)
(0.02666667 0.008 0.02)
(0.03333333 0.008 0.02)
(0.04 0.008 0.02)
(0.04666667 0.008 0.02)
(0.05333333 0.008 0.02)
(0.06 0.008 0.02)
(0.06666667 0.008 0.02)
(0.07333333 0.008 0.02)
(0.08 0.008 0.02)
(0.08666667 0.008 0.02)
(0.09333333 0.008 0.02)
(0.1 0.008 0.02)
(-0.1 0.016 0.02)
(-0.09333333 0.016 0.02)
(-0.08666667 0.016 0.02)
(-0.08 0.016 0.02)
(-0.07333333 0.016 0.02)
(-0.06666667 0.016 0.02)
(-0.06 0.016 0.02)
(-0.05333333 0.016 0.02)
(-0.04666667 0.016 0.02)
(-0.04 0.016 0.02)
(-0.03333333 0.016 0.02)
(-0.02666667 0.016 0.02)
(-0.02 0.016 0.02)
(-0.01333333 0.016 0.02)
(-0.006666667 0.016 0.02)
(0 0.016 0.02)
(0.006666667 0.016 0.02)
(0.01333333 0.016 0.02)
(0.02 0.016 0.02)
(0.02666667 0.016 0.02)
(0.03333333 0.016 0.02)
(0.04 0.016 0.02)
(0.04666667 0.016 0.02)
(0.05333333 0.016 0.02)
(0.06 0.016 0.02)
(0.06666667 0.016 0.02)
(0.07333333 0.016 0.02)
(0.08 0.016 0.02)
(0.08666667 0.016 0.02)
(0.09333333 0.016 0.02)
(0.1 0.016 0.02)
(-0.1 0.024 0.02)
(-0.09333333 0.024 0.02)
(-0.08666667 0.024 0.02)
(-0.08 0.024 0.02)
(-0.07333333 0.024 0.02)
(-0.06666667 0.024 0.02)
(-0.06 0.024 0.02)
(-0.05333333 0.024 0.02)
(-0.04666667 0.024 0.02)
(-0.04 0.024 0.02)
(-0.03333333 0.024 0.02)
(-0.02666667 0.024 0.02)
(-0.02 0.024 0.02)
(-0.01333333 0.024 0.02)
(-0.006666667 0.024 0.02)
(0 0.024 0.02)
(0.006666667 0.024 0.02)
(0.01333333 0.024 0.02)
(0.02 0.024 0.02)
(0.02666667 0.024 0.02)
(0.03333333 0.024 0.02)
(0.04 0.024 0.02)
(0.04666667 0.024 0.02)
(0.05333333 0.024 0.02)
(0.06 0.024 0.02)
(0.06666667 0.024 0.02)
(0.07333333 0.024 0.02)
(0.08 0.024 0.02)
(0.08666667 0.024 0.02)
(0.09333333 0.024 0.02)
(0.1 0.024 0.02)
(-0.1 0.032 0.02)
(-0.09333333 0.032 0.02)
(-0.08666667 0.032 0.02)
(-0.08 0.032 0.02)
(-0.07333333 0.032 0.02)
(-0.06666667 0.032 0.02)
(-0.06 0.032 0.02)
(-0.05333333 0.032 0.02)
(-0.04666667 0.032 0.02)
(-0.04 0.032 0.02)
(-0.03333333 0.032 0.02)
(-0.02666667 0.032 0.02)
(-0.02 0.032 0.02)
(-0.01333333 0.032 0.02)
(-0.006666667 0.032 0.02)
(0 0.032 0.02)
(0.006666667 0.032 0.02)
(0.01333333 0.032 0.02)
(0.02 0.032 0.02)
(0.02666667 0.032 0.02)
(0.03333333 0.032 0.02)
(0.04 0.032 0.02)
(0.04666667 0.032 0.02)
(0.05333333 0.032 0.02)
(0.06 0.032 0.02)
(0.06666667 0.032 0.02)
(0.07333333 0.032 0.02)
(0.08 0.032 0.02)
(0.08666667 0.032 0.02)
(0.09333333 0.032 0.02)
(0.1 0.032 0.02)
(-0.1 0.04 0.02)
(-0.09333333 0.04 0.02)
(-0.08666667 0.04 0.02)
(-0.08 0.04 0.02)
(-0.07333333 0.04 0.02)
(-0.06666667 0.04 0.02)
(-0.06 0.04 0.02)
(-0.05333333 0.04 0.02)
(-0.04666667 0.04 0.02)
(-0.04 0.04 0.02)
(-0.03333333 0.04 0.02)
(-0.02666667 0.04 0.02)
(-0.02 0.04 0.02)
(-0.01333333 0.04 0.02)
(-0.006666667 0.04 0.02)
(0 0.04 0.02)
(0.006666667 0.04 0.02)
(0.01333333 0.04 0.02)
(0.02 0.04 0.02)
(0.02666667 0.04 0.02)
(0.03333333 0.04 0.02)
(0.04 0.04 0.02)
(0.04666667 0.04 0.02)
(0.05333333 0.04 0.02)
(0.06 0.04 0.02)
(0.06666667 0.04 0.02)
(0.07333333 0.04 0.02)
(0.08 0.04 0.02)
(0.08666667 0.04 0.02)
(0.09333333 0.04 0.02)
(0.1 0.04 0.02)
(-0.1 0.008 0.03)
(-0.09333333 0.008 0.03)
(-0.08666667 0.008 0.03)
(-0.08 0.008 0.03)
(-0.07333333 0.008 0.03)
(-0.06666667 0.008 0.03)
(-0.06 0.008 0.03)
(-0.05333333 0.008 0.03)
(-0.04666667 0.008 0.03)
(-0.04 0.008 0.03)
(-0.03333333 0.008 0.03)
(-0.02666667 0.008 0.03)
(-0.02 0.008 0.03)
(-0.01333333 0.008 0.03)
(-0.006666667 0.008 0.03)
(0 0.008 0.03)
(0.006666667 0.008 0.03)
(0.01333333 0.008 0.03)
(0.02 0.008 0.03)
(0.02666667 0.008 0.03)
(0.03333333 0.008 0.03)
(0.04 0.008 0.03)
(0.04666667 0.008 0.03)
(0.05333333 0.008 0.03)
(0.06 0.008 0.03)
(0.06666667 0.008 0.03)
(0.07333333 0.008 0.03)
(0.08 0.008 0.03)
(0.08666667 0.008 0.03)
(0.09333333 0.008 0.03)
(0.1 0.008 0.03)
(-0.1 0.016 0.03)
(-0.09333333 0.016 0.03)
(-0.08666667 0.016 0.03)
(-0.08 0.016 0.03)
(-0.07333333 0.016 0.03)
(-0.06666667 0.016 0.03)
(-0.06 0.016 0.03)
(-0.05333333 0.016 0.03)
(-0.04666667 0.016 0.03)
(-0.04 0.016 0.03)
(-0.03333333 0.016 0.03)
(-0.02666667 0.016 0.03)
(-0.02 0.016 0.03)
(-0.01333333 0.016 0.03)
(-0.006666667 0.016 0.03)
(0 0.016 0.03)
(0.006666667 0.016 0.03)
(0.01333333 0.016 0.03)
(0.02 0.016 0.03)
(0.02666667 0.016 0.03)
(0.03333333 0.016 0.03)
(0.04 0.016 0.03)
(0.04666667 0.016 0.03)
(0.05333333 0.016 0.03)
(0.06 0.016 0.03)
(0.06666667 0.016 0.03)
(0.07333333 0.016 0.03)
(0.08 0.016 0.03)
(0.08666667 0.016 0.03)
(0.09333333 0.016 0.03)
(0.1 0.016 0.03)
(-0.1 0.024 0.03)
(-0.09333333 0.024 0.03)
(-0.08666667 0.024 0.03)
(-0.08 0.024 0.03)
(-0.07333333 0.024 0.03)
(-0.06666667 0.024 0.03)
(-0.06 0.024 0.03)
(-0.05333333 0.024 0.03)
(-0.04666667 0.024 0.03)
(-0.04 0.024 0.03)
(-0.03333333 0.024 0.03)
(-0.02666667 0.024 0.03)
(-0.02 0.024 0.03)
(-0.01333333 0.024 0.03)
(-0.006666667 0.024 0.03)
(0 0.024 0.03)
(0.006666667 0.024 0.03)
(0.01333333 0.024 0.03)
(0.02 0.024 0.03)
(0.02666667 0.024 0.03)
(0.03333333 0.024 0.03)
(0.04 0.024 0.03)
(0.04666667 0.024 0.03)
(0.05333333 0.024 0.03)
(0.06 0.024 0.03)
(0.06666667 0.024 0.03)
(0.07333333 0.024 0.03)
(0.08 0.024 0.03)
(0.08666667 0.024 0.03)
(0.09333333 0.024 0.03)
(0.1 0.024 0.03)
(-0.1 0.032 0.03)
(-0.09333333 0.032 0.03)
(-0.08666667 0.032 0.03)
(-0.08 0.032 0.03)
(-0.07333333 0.032 0.03)
(-0.06666667 0.032 0.03)
(-0.06 0.032 0.03)
(-0.05333333 0.032 0.03)
(-0.04666667 0.032 0.03)
(-0.04 0.032 0.03)
(-0.03333333 0.032 0.03)
(-0.02666667 0.032 0.03)
(-0.02 0.032 0.03)
(-0.01333333 0.032 0.03)
(-0.006666667 0.032 0.03)
(0 0.032 0.03)
(0.006666667 0.032 0.03)
(0.01333333 0.032 0.03)
(0.02 0.032 0.03)
(0.02666667 0.032 0.03)
(0.03333333 0.032 0.03)
(0.04 0.032 0.03)
(0.04666667 0.032 0.03)
(0.05333333 0.032 0.03)
(0.06 0.032 0.03)
(0.06666667 0.032 0.03)
(0.07333333 0.032 0.03)
(0.08 0.032 0.03)
(0.08666667 0.032 0.03)
(0.09333333 0.032 0.03)
(0.1 0.032 0.03)
(-0.1 0.04 0.03)
(-0.09333333 0.04 0.03)
(-0.08666667 0.04 0.03)
(-0.08 0.04 0.03)
(-0.07333333 0.04 0.03)
(-0.06666667 0.04 0.03)
(-0.06 0.04 0.03)
(-0.05333333 0.04 0.03)
(-0.04666667 0.04 0.03)
(-0.04 0.04 0.03)
(-0.03333333 0.04 0.03)
(-0.02666667 0.04 0.03)
(-0.02 0.04 0.03)
(-0.01333333 0.04 0.03)
(-0.006666667 0.04 0.03)
(0 0.04 0.03)
(0.006666667 0.04 0.03)
(0.01333333 0.04 0.03)
(0.02 0.04 0.03)
(0.02666667 0.04 0.03)
(0.03333333 0.04 0.03)
(0.04 0.04 0.03)
(0.04666667 0.04 0.03)
(0.05333333 0.04 0.03)
(0.06 0.04 0.03)
(0.06666667 0.04 0.03)
(0.07333333 0.04 0.03)
(0.08 0.04 0.03)
(0.08666667 0.04 0.03)
(0.09333333 0.04 0.03)
(0.1 0.04 0.03)
(-0.1 0.008 0.04)
(-0.09333333 0.008 0.04)
(-0.08666667 0.008 0.04)
(-0.08 0.008 0.04)
(-0.07333333 0.008 0.04)
(-0.06666667 0.008 0.04)
(-0.06 0.008 0.04)
(-0.05333333 0.008 0.04)
(-0.04666667 0.008 0.04)
(-0.04 0.008 0.04)
(-0.03333333 0.008 0.04)
(-0.02666667 0.008 0.04)
(-0.02 0.008 0.04)
(-0.01333333 0.008 0.04)
(-0.006666667 0.008 0.04)
(0 0.008 0.04)
(0.006666667 0.008 0.04)
(0.01333333 0.008 0.04)
(0.02 0.008 0.04)
(0.02666667 0.008 0.04)
(0.03333333 0.008 0.04)
(0.04 0.008 0.04)
(0.04666667 0.008 0.04)
(0.05333333 0.008 0.04)
(0.06 0.008 0.04)
(0.06666667 0.008 0.04)
(0.07333333 0.008 0.04)
(0.08 0.008 0.04)
(0.08666667 0.008 0.04)
(0.09333333 0.008 0.04)
(0.1 0.008 0.04)
(-0.1 0.016 0.04)
(-0.09333333 0.016 0.04)
(-0.08666667 0.016 0.04)
(-0.08 0.016 0.04)
(-0.07333333 0.016 0.04)
(-0.06666667 0.016 0.04)
(-0.06 0.016 0.04)
(-0.05333333 0.016 0.04)
(-0.04666667 0.016 0.04)
(-0.04 0.016 0.04)
(-0.03333333 0.016 0.04)
(-0.02666667 0.016 0.04)
(-0.02 0.016 0.04)
(-0.01333333 0.016 0.04)
(-0.006666667 0.016 0.04)
(0 0.016 0.04)
(0.006666667 0.016 0.04)
(0.01333333 0.016 0.04)
(0.02 0.016 0.04)
(0.02666667 0.016 0.04)
(0.03333333 0.016 0.04)
(0.04 0.016 0.04)
(0.04666667 0.016 0.04)
(0.05333333 0.016 0.04)
(0.06 0.016 0.04)
(0.06666667 0.016 0.04)
(0.07333333 0.016 0.04)
(0.08 0.016 0.04)
(0.08666667 0.016 0.04)
(0.09333333 0.016 0.04)
(0.1 0.016 0.04)
(-0.1 0.024 0.04)
(-0.09333333 0.024 0.04)
(-0.08666667 0.024 0.04)
(-0.08 0.024 0.04)
(-0.07333333 0.024 0.04)
(-0.06666667 0.024 0.04)
(-0.06 0.024 0.04)
(-0.05333333 0.024 0.04)
(-0.04666667 0.024 0.04)
(-0.04 0.024 0.04)
(-0.03333333 0.024 0.04)
(-0.02666667 0.024 0.04)
(-0.02 0.024 0.04)
(-0.01333333 0.024 0.04)
(-0.006666667 0.024 0.04)
(0 0.024 0.04)
(0.006666667 0.024 0.04)
(0.01333333 0.024 0.04)
(0.02 0.024 0.04)
(0.02666667 0.024 0.04)
(0.03333333 0.024 0.04)
(0.04 0.024 0.04)
(0.04666667 0.024 0.04)
(0.05333333 0.024 0.04)
(0.06 0.024 0.04)
(0.06666667 0.024 0.04)
(0.07333333 0.024 0.04)
(0.08 0.024 0.04)
(0.08666667 0.024 0.04)
(0.09333333 0.024 0.04)
(0.1 0.024 0.04)
(-0.1 0.032 0.04)
(-0.09333333 0.032 0.04)
(-0.08666667 0.032 0.04)
(-0.08 0.032 0.04)
(-0.07333333 0.032 0.04)
(-0.06666667 0.032 0.04)
(-0.06 0.032 0.04)
(-0.05333333 0.032 0.04)
(-0.04666667 0.032 0.04)
(-0.04 0.032 0.04)
(-0.03333333 0.032 0.04)
(-0.02666667 0.032 0.04)
(-0.02 0.032 0.04)
(-0.01333333 0.032 0.04)
(-0.006666667 0.032 0.04)
(0 0.032 0.04)
(0.006666667 0.032 0.04)
(0.01333333 0.032 0.04)
(0.02 0.032 0.04)
(0.02666667 0.032 0.04)
(0.03333333 0.032 0.04)
(0.04 0.032 0.04)
(0.04666667 0.032 0.04)
(0.05333333 0.032 0.04)
(0.06 0.032 0.04)
(0.06666667 0.032 0.04)
(0.07333333 0.032 0.04)
(0.08 0.032 0.04)
(0.08666667 0.032 0.04)
(0.09333333 0.032 0.04)
(0.1 0.032 0.04)
(-0.1 0.04 0.04)
(-0.09333333 0.04 0.04)
(-0.08666667 0.04 0.04)
(-0.08 0.04 0.04)
(-0.07333333 0.04 0.04)
(-0.06666667 0.04 0.04)
(-0.06 0.04 0.04)
(-0.05333333 0.04 0.04)
(-0.04666667 0.04 0.04)
(-0.04 0.04 0.04)
(-0.03333333 0.04 0.04)
(-0.02666667 0.04 0.04)
(-0.02 0.04 0.04)
(-0.01333333 0.04 0.04)
(-0.006666667 0.04 0.04)
(0 0.04 0.04)
(0.006666667 0.04 0.04)
(0.01333333 0.04 0.04)
(0.02 0.04 0.04)
(0.02666667 0.04 0.04)
(0.03333333 0.04 0.04)
(0.04 0.04 0.04)
(0.04666667 0.04 0.04)
(0.05333333 0.04 0.04)
(0.06 0.04 0.04)
(0.06666667 0.04 0.04)
(0.07333333 0.04 0.04)
(0.08 0.04 0.04)
(0.08666667 0.04 0.04)
(0.09333333 0.04 0.04)
(0.1 0.04 0.04)
(-0.1 0.008 0.05)
(-0.09333333 0.008 0.05)
(-0.08666667 0.008 0.05)
(-0.08 0.008 0.05)
(-0.07333333 0.008 0.05)
(-0.06666667 0.008 0.05)
(-0.06 0.008 0.05)
(-0.05333333 0.008 0.05)
(-0.04666667 0.008 0.05)
(-0.04 0.008 0.05)
(-0.03333333 0.008 0.05)
(-0.02666667 0.008 0.05)
(-0.02 0.008 0.05)
(-0.01333333 0.008 0.05)
(-0.006666667 0.008 0.05)
(0 0.008 0.05)
(0.006666667 0.008 0.05)
(0.01333333 0.008 0.05)
(0.02 0.008 0.05)
(0.02666667 0.008 0.05)
(0.03333333 0.008 0.05)
(0.04 0.008 0.05)
(0.04666667 0.008 0.05)
(0.05333333 0.008 0.05)
(0.06 0.008 0.05)
(0.06666667 0.008 0.05)
(0.07333333 0.008 0.05)
(0.08 0.008 0.05)
(0.08666667 0.008 0.05)
(0.09333333 0.008 0.05)
(0.1 0.008 0.05)
(-0.1 0.016 0.05)
(-0.09333333 0.016 0.05)
(-0.08666667 0.016 0.05)
(-0.08 0.016 0.05)
(-0.07333333 0.016 0.05)
(-0.06666667 0.016 0.05)
(-0.06 0.016 0.05)
(-0.05333333 0.016 0.05)
(-0.04666667 0.016 0.05)
(-0.04 0.016 0.05)
(-0.03333333 0.016 0.05)
(-0.02666667 0.016 0.05)
(-0.02 0.016 0.05)
(-0.01333333 0.016 0.05)
(-0.006666667 0.016 0.05)
(0 0.016 0.05)
(0.006666667 0.016 0.05)
(0.01333333 0.016 0.05)
(0.02 0.016 0.05)
(0.02666667 0.016 0.05)
(0.03333333 0.016 0.05)
(0.04 0.016 0.05)
(0.04666667 0.016 0.05)
(0.05333333 0.016 0.05)
(0.06 0.016 0.05)
(0.06666667 0.016 0.05)
(0.07333333 0.016 0.05)
(0.08 0.016 0.05)
(0.08666667 0.016 0.05)
(0.09333333 0.016 0.05)
(0.1 0.016 0.05)
(-0.1 0.024 0.05)
(-0.09333333 0.024 0.05)
(-0.08666667 0.024 0.05)
(-0.08 0.024 0.05)
(-0.07333333 0.024 0.05)
(-0.06666667 0.024 0.05)
(-0.06 0.024 0.05)
(-0.05333333 0.024 0.05)
(-0.04666667 0.024 0.05)
(-0.04 0.024 0.05)
(-0.03333333 0.024 0.05)
(-0.02666667 0.024 0.05)
(-0.02 0.024 0.05)
(-0.01333333 0.024 0.05)
(-0.006666667 0.024 0.05)
(0 0.024 0.05)
(0.006666667 0.024 0.05)
(0.01333333 0.024 0.05)
(0.02 0.024 0.05)
(0.02666667 0.024 0.05)
(0.03333333 0.024 0.05)
(0.04 0.024 0.05)
(0.04666667 0.024 0.05)
(0.05333333 0.024 0.05)
(0.06 0.024 0.05)
(0.06666667 0.024 0.05)
(0.07333333 0.024 0.05)
(0.08 0.024 0.05)
(0.08666667 0.024 0.05)
(0.09333333 0.024 0.05)
(0.1 0.024 0.05)
(-0.1 0.032 0.05)
(-0.09333333 0.032 0.05)
(-0.08666667 0.032 0.05)
(-0.08 0.032 0.05)
(-0.07333333 0.032 0.05)
(-0.06666667 0.032 0.05)
(-0.06 0.032 0.05)
(-0.05333333 0.032 0.05)
(-0.04666667 0.032 0.05)
(-0.04 0.032 0.05)
(-0.03333333 0.032 0.05)
(-0.02666667 0.032 0.05)
(-0.02 0.032 0.05)
(-0.01333333 0.032 0.05)
(-0.006666667 0.032 0.05)
(0 0.032 0.05)
(0.006666667 0.032 0.05)
(0.01333333 0.032 0.05)
(0.02 0.032 0.05)
(0.02666667 0.032 0.05)
(0.03333333 0.032 0.05)
(0.04 0.032 0.05)
(0.04666667 0.032 0.05)
(0.05333333 0.032 0.05)
(0.06 0.032 0.05)
(0.06666667 0.032 0.05)
(0.07333333 0.032 0.05)
(0.08 0.032 0.05)
(0.08666667 0.032 0.05)
(0.09333333 0.032 0.05)
(0.1 0.032 0.05)
(-0.1 0.04 0.05)
(-0.09333333 0.04 0.05)
(-0.08666667 0.04 0.05)
(-0.08 0.04 0.05)
(-0.07333333 0.04 0.05)
(-0.06666667 0.04 0.05)
(-0.06 0.04 0.05)
(-0.05333333 0.04 0.05)
(-0.04666667 0.04 0.05)
(-0.04 0.04 0.05)
(-0.03333333 0.04 0.05)
(-0.02666667 0.04 0.05)
(-0.02 0.04 0.05)
(-0.01333333 0.04 0.05)
(-0.006666667 0.04 0.05)
(0 0.04 0.05)
(0.006666667 0.04 0.05)
(0.01333333 0.04 0.05)
(0.02 0.04 0.05)
(0.02666667 0.04 0.05)
(0.03333333 0.04 0.05)
(0.04 0.04 0.05)
(0.04666667 0.04 0.05)
(0.05333333 0.04 0.05)
(0.06 0.04 0.05)
(0.06666667 0.04 0.05)
(0.07333333 0.04 0.05)
(0.08 0.04 0.05)
(0.08666667 0.04 0.05)
(0.09333333 0.04 0.05)
(0.1 0.04 0.05)
)


// ************************************************************************* //
