/*--------------------------------*- C++ -*----------------------------------*\
| =========                 |                                                 |
| \\      /  F ield         | OpenFOAM: The Open Source CFD Toolbox           |
|  \\    /   O peration     | Version:  v2012                                 |
|   \\  /    A nd           | Website:  www.openfoam.com                      |
|    \\/     M anipulation  |                                                 |
\*---------------------------------------------------------------------------*/
FoamFile
{
    version     2.0;
    format      ascii;
    class       volVectorField;
    location    "1800/topAir";
    object      U;
}
// * * * * * * * * * * * * * * * * * * * * * * * * * * * * * * * * * * * * * //

dimensions      [0 1 -1 0 0 0 0];


internalField   nonuniform List<vector> 
1200
(
(0.100287 -0.000462227 0.0009488598)
(0.1044501 -0.0008784653 0.001327732)
(0.1068633 -0.001012854 0.001470452)
(0.1088363 -0.0008778798 0.001487567)
(0.1107295 -0.0006301554 0.001390265)
(0.1124339 -0.0003328822 0.001190149)
(0.11397 -5.12691e-06 0.0008881986)
(0.1154121 0.0003452917 0.0004687619)
(0.1168285 0.0007177567 -0.0001013199)
(0.1182947 0.001122536 -0.0008660617)
(0.1198967 0.001583317 -0.001885382)
(0.1217236 0.002136235 -0.003241691)
(0.1238412 0.002836282 -0.005040086)
(0.1262635 0.00376105 -0.007397238)
(0.1289288 0.005006539 -0.0104221)
(0.1316745 0.006662564 -0.01419524)
(0.1342339 0.008779981 -0.01873504)
(0.1362841 0.01132051 -0.02395787)
(0.137552 0.0141261 -0.02965267)
(0.1379294 0.01694517 -0.03549636)
(0.1375186 0.01951004 -0.04112063)
(0.136588 0.02160994 -0.0461987)
(0.1354874 0.0231213 -0.05049497)
(0.1345587 0.02401172 -0.05385275)
(0.1340596 0.02434645 -0.05612445)
(0.1339237 0.02432705 -0.05710181)
(0.1338266 0.02435134 -0.05639763)
(0.1314115 0.02513829 -0.05360544)
(0.1279719 0.02850879 -0.04717112)
(0.098331 0.0375053 -0.03763663)
(0.09933538 -0.001016417 0.0009630002)
(0.09955007 -0.001748628 0.001364674)
(0.09924776 -0.002047519 0.001578794)
(0.09900905 -0.002012064 0.001713774)
(0.0989878 -0.001830309 0.001783555)
(0.09910682 -0.001577067 0.001808518)
(0.09934788 -0.001278895 0.001802758)
(0.09972715 -0.0009544136 0.001769748)
(0.1002843 -0.0006026967 0.001700993)
(0.1010861 -0.0001759814 0.001572995)
(0.1021905 0.0003893563 0.001353192)
(0.103696 0.001196556 0.0009914344)
(0.105738 0.002417237 0.0004111391)
(0.1084277 0.004255839 -0.0004954846)
(0.1119254 0.006934758 -0.001870137)
(0.1162424 0.01069505 -0.003865327)
(0.1211918 0.01570185 -0.006617063)
(0.1263317 0.02190615 -0.01017202)
(0.1310728 0.02894677 -0.01441002)
(0.1349201 0.03620953 -0.0190319)
(0.1376666 0.04303644 -0.02364839)
(0.1394079 0.04892034 -0.02790588)
(0.1404295 0.05356925 -0.03154312)
(0.1410512 0.05689694 -0.0343575)
(0.1415018 0.05900982 -0.03611086)
(0.1416678 0.06025477 -0.03642771)
(0.1412049 0.06128449 -0.03459259)
(0.1379017 0.06323777 -0.02978465)
(0.1334106 0.06888558 -0.01879584)
(0.105002 0.07990491 -0.003822138)
(0.09939789 -0.00195174 0.0009754854)
(0.09943094 -0.002702356 0.001388384)
(0.09843724 -0.003045133 0.001613941)
(0.09717779 -0.003200015 0.00176438)
(0.09592041 -0.003224532 0.001858234)
(0.09464855 -0.003171865 0.001921039)
(0.09337324 -0.00307647 0.001974115)
(0.09211085 -0.002963866 0.002032377)
(0.09085923 -0.002844162 0.002110373)
(0.08962054 -0.002693104 0.002226512)
(0.08841776 -0.002484033 0.002399595)
(0.08730349 -0.002179016 0.002645784)
(0.08641356 -0.001685414 0.002964668)
(0.08606432 -0.0007811582 0.003314619)
(0.08667999 0.0009284089 0.003630022)
(0.08861784 0.004034628 0.003782993)
(0.09221079 0.009140574 0.003570028)
(0.0974973 0.01658279 0.002799662)
(0.1039235 0.02604611 0.001467355)
(0.1106088 0.03651556 -0.0001824084)
(0.1168138 0.04673829 -0.00181277)
(0.1221506 0.05571645 -0.003200182)
(0.1265203 0.06287234 -0.00426542)
(0.1299545 0.06799158 -0.004963406)
(0.1324799 0.07112002 -0.00514945)
(0.1337846 0.07253199 -0.004500343)
(0.1334955 0.07279943 -0.00240418)
(0.1291626 0.07305492 0.001887429)
(0.1240345 0.07645227 0.01146272)
(0.09488118 0.08466359 0.02532859)
(0.09759566 -0.001432959 0.0009471404)
(0.09616745 -0.001912086 0.001330701)
(0.0928342 -0.002095124 0.001522463)
(0.08918068 -0.00214722 0.001638451)
(0.08559946 -0.002096487 0.001697229)
(0.0820542 -0.001983811 0.001723433)
(0.07857528 -0.001839035 0.001738888)
(0.07519256 -0.001679566 0.00176028)
(0.07190184 -0.001515433 0.001804855)
(0.06868232 -0.001350997 0.001895268)
(0.06550461 -0.001195482 0.002060753)
(0.06232104 -0.001074481 0.002339876)
(0.05904466 -0.001031643 0.002787769)
(0.05559859 -0.001071282 0.003493203)
(0.05187934 -0.001053505 0.004564282)
(0.04821705 -0.0005770318 0.006152074)
(0.04526264 0.001104867 0.00847518)
(0.04406694 0.005003261 0.01169959)
(0.0458042 0.01161164 0.0157161)
(0.05073449 0.02005347 0.02015698)
(0.05807311 0.02873399 0.02464929)
(0.0666997 0.03644391 0.02894111)
(0.07562431 0.04259297 0.03287647)
(0.08405304 0.0469868 0.03637375)
(0.09134701 0.04963396 0.03945722)
(0.09675963 0.05068395 0.04229295)
(0.09991534 0.05057605 0.04520474)
(0.09949874 0.05025754 0.04840323)
(0.09898801 0.05324307 0.05255007)
(0.09915925 0.06028386 0.05658257)
(0.1013515 -0.0004458067 0.001098293)
(0.1062933 -0.0008561337 0.001514367)
(0.1101163 -0.001007903 0.001672909)
(0.1135426 -0.0009273845 0.001695951)
(0.1168115 -0.0007786786 0.001594021)
(0.1198165 -0.0006320915 0.001381866)
(0.122547 -0.0005156844 0.001062317)
(0.1250328 -0.0004471648 0.0006214649)
(0.1272952 -0.0004374553 2.843307e-05)
(0.1293339 -0.0004939555 -0.0007640972)
(0.1311612 -0.0006302382 -0.001813647)
(0.1327775 -0.0008642521 -0.003196894)
(0.134179 -0.001223404 -0.005006174)
(0.1353651 -0.001742302 -0.007338465)
(0.1363367 -0.002446423 -0.01028037)
(0.137096 -0.003347849 -0.01388544)
(0.1376595 -0.004442005 -0.01814394)
(0.1380687 -0.005696311 -0.02295412)
(0.1383859 -0.007036663 -0.02811407)
(0.1386676 -0.008350045 -0.03335125)
(0.1389338 -0.009530098 -0.03838136)
(0.139196 -0.01054419 -0.04296021)
(0.1395456 -0.01144178 -0.04690614)
(0.1402209 -0.01228679 -0.05008613)
(0.1415739 -0.01305179 -0.05235549)
(0.1438959 -0.01350394 -0.05346757)
(0.1471612 -0.01306422 -0.05299208)
(0.1508658 -0.01080439 -0.05058601)
(0.1545399 -0.003061174 -0.04511501)
(0.1479072 0.01122399 -0.03716099)
(0.1004346 -0.001003655 0.001146661)
(0.1015011 -0.001746768 0.00163615)
(0.1027347 -0.002088891 0.001901466)
(0.1041211 -0.002140897 0.0020729)
(0.1056859 -0.002100631 0.002165848)
(0.1073541 -0.002053117 0.002203719)
(0.1090818 -0.002035238 0.002201621)
(0.1108531 -0.002073452 0.00216144)
(0.1126585 -0.002190468 0.002073391)
(0.1144943 -0.002412396 0.001915984)
(0.1163611 -0.002774769 0.001658718)
(0.1182603 -0.003322847 0.001260307)
(0.1201959 -0.004117637 0.0006648447)
(0.1221536 -0.005216943 -0.000212175)
(0.1241091 -0.00664381 -0.001468788)
(0.126065 -0.008408925 -0.003197232)
(0.1280233 -0.01046243 -0.005465347)
(0.1300086 -0.01265908 -0.008269428)
(0.1320726 -0.01472573 -0.01149272)
(0.1342586 -0.01629077 -0.01491343)
(0.1365443 -0.01704403 -0.01829154)
(0.1388454 -0.01694141 -0.02144461)
(0.1411186 -0.0162366 -0.02424223)
(0.1434619 -0.01532444 -0.0265374)
(0.1461547 -0.0145482 -0.02806657)
(0.1496785 -0.01398891 -0.02831656)
(0.1544539 -0.01343062 -0.02642013)
(0.1625079 -0.01234116 -0.02158864)
(0.1734987 -0.008727327 -0.01097263)
(0.213623 0.0001808961 0.0004270643)
(0.1005003 -0.001973156 0.001156154)
(0.1013911 -0.002728701 0.001657651)
(0.1019498 -0.003080429 0.001941813)
(0.1023492 -0.003258725 0.002140799)
(0.1027323 -0.003326119 0.002273738)
(0.1030872 -0.003341758 0.002369171)
(0.1034047 -0.003344944 0.002450067)
(0.1036849 -0.00336277 0.002530924)
(0.1039214 -0.003420298 0.002624627)
(0.1041055 -0.003545072 0.002746087)
(0.1042285 -0.003770706 0.002907446)
(0.1042836 -0.004140566 0.003113801)
(0.1042676 -0.004709632 0.0033545)
(0.1041849 -0.005543411 0.003602933)
(0.1040652 -0.006711612 0.00383414)
(0.1039857 -0.008278746 0.004014687)
(0.104087 -0.01028189 0.004104164)
(0.1045834 -0.01267039 0.004129666)
(0.1057217 -0.01518008 0.004229577)
(0.1076873 -0.01729497 0.004679779)
(0.1104948 -0.01849952 0.005604506)
(0.1138927 -0.01868495 0.006881576)
(0.1174876 -0.01819242 0.008353922)
(0.1209734 -0.01752922 0.01006255)
(0.1242721 -0.0170822 0.01239354)
(0.1274237 -0.01685968 0.01620851)
(0.1305767 -0.01656034 0.02272345)
(0.1338507 -0.01629615 0.03179808)
(0.1371904 -0.01672706 0.04553013)
(0.1477348 -0.01559421 0.06077517)
(0.09865981 -0.001457311 0.001128817)
(0.09804389 -0.001953617 0.001616719)
(0.09619372 -0.002157633 0.001886739)
(0.09410921 -0.002235054 0.002067494)
(0.09206036 -0.002215597 0.002178355)
(0.0900192 -0.002143359 0.002248038)
(0.08799886 -0.002050767 0.002300716)
(0.08601656 -0.001957306 0.002353578)
(0.08407117 -0.001876756 0.002423576)
(0.0821517 -0.001821356 0.002532038)
(0.08024017 -0.00180634 0.002704933)
(0.07830818 -0.001855847 0.002974766)
(0.07631007 -0.002011194 0.003385571)
(0.07418081 -0.002336358 0.004005767)
(0.07183207 -0.002909393 0.004908198)
(0.06916159 -0.003811647 0.006218443)
(0.0660981 -0.005061777 0.008244114)
(0.06272364 -0.006415267 0.01157828)
(0.05947051 -0.007130683 0.01703623)
(0.05721573 -0.006137132 0.02514075)
(0.05695262 -0.002835751 0.03543353)
(0.05909143 0.002292735 0.04653812)
(0.06314832 0.008057723 0.05702669)
(0.06810643 0.01330253 0.06608759)
(0.07293396 0.01722296 0.0735522)
(0.07662186 0.01937325 0.07971091)
(0.07850484 0.01969585 0.08521743)
(0.07748926 0.01843076 0.09004308)
(0.07490171 0.01599384 0.09481555)
(0.06473794 0.01277569 0.09825425)
(0.1012264 -0.0004529833 0.0003693535)
(0.1060168 -0.0008662313 0.0006202065)
(0.1098367 -0.001012821 0.0007841779)
(0.113318 -0.0009204458 0.0008902105)
(0.1166589 -0.0007551725 0.0009436284)
(0.1197467 -0.0005879306 0.0009514276)
(0.1225596 -0.0004463141 0.0009203123)
(0.1251163 -0.0003469587 0.0008551925)
(0.1274306 -0.0003012795 0.0007608499)
(0.1295094 -0.0003194429 0.0006388591)
(0.1313514 -0.0004139944 0.0004836712)
(0.132946 -0.0006015852 0.0002914729)
(0.1342708 -0.0009057739 5.917747e-05)
(0.1352888 -0.001358343 -0.0002181039)
(0.1359484 -0.001999984 -0.0005553728)
(0.1361897 -0.002882431 -0.0009800021)
(0.1359636 -0.00407249 -0.001538288)
(0.1352608 -0.005653413 -0.002308489)
(0.1341551 -0.007716726 -0.003414364)
(0.1328383 -0.01032998 -0.005027002)
(0.1316155 -0.01347546 -0.007327588)
(0.1308279 -0.01699627 -0.01041825)
(0.1307539 -0.02062592 -0.01423846)
(0.1315837 -0.02408963 -0.01854088)
(0.1335533 -0.02709106 -0.02282666)
(0.136951 -0.02933167 -0.02644608)
(0.141796 -0.03042844 -0.02907225)
(0.1485604 -0.02979545 -0.03057393)
(0.1567347 -0.02394807 -0.03190789)
(0.1648786 -0.01165464 -0.03240234)
(0.1003056 -0.001006366 0.0003780738)
(0.1012099 -0.001747302 0.0006470755)
(0.1024451 -0.002079144 0.0008367977)
(0.1039102 -0.002113155 0.0009767078)
(0.10559 -0.002048771 0.001070836)
(0.1074052 -0.001971398 0.001124315)
(0.1093013 -0.001916792 0.001140966)
(0.1112495 -0.001908885 0.001120162)
(0.1132272 -0.001967903 0.001056821)
(0.115214 -0.002115733 0.0009407066)
(0.1171903 -0.002379351 0.0007559563)
(0.1191347 -0.002793321 0.000480607)
(0.1210215 -0.003402179 8.667541e-05)
(0.122816 -0.004260351 -0.0004625323)
(0.1244708 -0.005434954 -0.001223264)
(0.1259243 -0.007003986 -0.002275161)
(0.1271056 -0.009053563 -0.003717965)
(0.1279523 -0.01166973 -0.005675021)
(0.1284441 -0.0149083 -0.008288714)
(0.1286391 -0.01873401 -0.01168886)
(0.1286769 -0.02293266 -0.01589899)
(0.1287173 -0.02709892 -0.02072793)
(0.1288813 -0.03081681 -0.02578745)
(0.1292691 -0.03389361 -0.03061938)
(0.130121 -0.03637635 -0.03479555)
(0.1319006 -0.03824185 -0.03772205)
(0.1348312 -0.03925822 -0.03917788)
(0.1413846 -0.03912354 -0.03942641)
(0.1512762 -0.03458399 -0.04097543)
(0.1956906 -0.02388933 -0.04311492)
(0.1003728 -0.001969777 0.0003809292)
(0.1011052 -0.00272284 0.0006538792)
(0.10167 -0.003068768 0.0008506477)
(0.1021573 -0.00323826 0.001001422)
(0.1026741 -0.003293056 0.001111408)
(0.1032089 -0.003291715 0.001187472)
(0.1037475 -0.003272178 0.001236159)
(0.1042853 -0.003258353 0.001261046)
(0.1048142 -0.003270213 0.001263508)
(0.1053233 -0.003328681 0.001242621)
(0.1057995 -0.003458647 0.001193179)
(0.1062254 -0.003691982 0.001103077)
(0.1065755 -0.004070971 0.0009488577)
(0.1068105 -0.004653325 0.000690654)
(0.1068735 -0.005516011 0.0002673489)
(0.1066893 -0.006751385 -0.0004217224)
(0.1061678 -0.008476027 -0.001536057)
(0.1052243 -0.01082663 -0.003306581)
(0.1038374 -0.0139299 -0.005950063)
(0.1021437 -0.01777705 -0.009595257)
(0.1004382 -0.02209043 -0.01401434)
(0.09903875 -0.0263228 -0.01860056)
(0.0981226 -0.02997366 -0.02273274)
(0.09767111 -0.03296005 -0.02600606)
(0.09769586 -0.0356269 -0.02802024)
(0.09832876 -0.03819728 -0.02768392)
(0.09917706 -0.0407157 -0.02432227)
(0.102602 -0.04340293 -0.01780479)
(0.1082235 -0.04719894 -0.006526334)
(0.1519408 -0.04944466 0.004532526)
(0.09853425 -0.001452445 0.0003719244)
(0.09775908 -0.001945377 0.0006330672)
(0.09591398 -0.002147128 0.0008173145)
(0.09391735 -0.002222465 0.0009552842)
(0.09200322 -0.002200228 0.001052909)
(0.09014397 -0.002124492 0.001117887)
(0.08834792 -0.002027546 0.00115797)
(0.0866277 -0.001928217 0.001178624)
(0.08498174 -0.001839048 0.001184123)
(0.08340142 -0.001769824 0.001178243)
(0.08187418 -0.001730185 0.001163939)
(0.08038189 -0.001732548 0.001143327)
(0.07889739 -0.001795747 0.001118051)
(0.07738099 -0.001949192 0.001090709)
(0.07577269 -0.002236499 0.001061925)
(0.07397894 -0.002724914 0.001032536)
(0.07187079 -0.003519589 0.001016309)
(0.06931215 -0.004764793 0.001071513)
(0.06622938 -0.006584093 0.001413296)
(0.06273211 -0.008877726 0.002624539)
(0.05925319 -0.01104188 0.005704669)
(0.05657655 -0.01205087 0.01154085)
(0.05557478 -0.01119175 0.02003213)
(0.05659411 -0.008766831 0.02995132)
(0.05923912 -0.005911509 0.03975144)
(0.06262338 -0.003757074 0.04879794)
(0.06483021 -0.00292566 0.05732566)
(0.06400135 -0.004110345 0.06447093)
(0.06181657 -0.009776962 0.07184886)
(0.07132985 -0.01721129 0.07837993)
(0.1012 -0.0004495115 0.0002437039)
(0.1059091 -0.000856804 0.000450687)
(0.1096359 -0.0009928235 0.0005979874)
(0.1130448 -0.0008816347 0.0006969899)
(0.1163355 -0.0006867666 0.0007576211)
(0.1193961 -0.0004763761 0.0007881704)
(0.1222056 -0.0002741389 0.0007966411)
(0.1247829 -9.10949e-05 0.000790196)
(0.1271444 6.934066e-05 0.0007755554)
(0.1293045 0.0002083807 0.0007598972)
(0.1312759 0.0003293002 0.0007530228)
(0.1330681 0.0004366618 0.0007701087)
(0.1346862 0.0005358897 0.000835265)
(0.1361274 0.0006319269 0.0009890779)
(0.1373794 0.0007265717 0.001284651)
(0.1384269 0.0008166128 0.001790102)
(0.1392536 0.0008881375 0.002593856)
(0.1398466 0.0009080034 0.003795667)
(0.1402005 0.0008122734 0.005491642)
(0.1403194 0.0004921766 0.00773619)
(0.1402334 -0.0002099879 0.01048097)
(0.1400365 -0.001477359 0.013523)
(0.1399426 -0.003455371 0.01650166)
(0.1402425 -0.006152507 0.01898567)
(0.1413188 -0.009421806 0.0204355)
(0.1432849 -0.01256849 0.0207762)
(0.1458682 -0.01437934 0.01963188)
(0.1469439 -0.01310367 0.01605193)
(0.1485365 -0.004193509 0.006945655)
(0.1172459 0.01655697 -0.007017704)
(0.1002794 -0.001003156 0.0002506839)
(0.1010963 -0.001736749 0.000471533)
(0.1022259 -0.002054172 0.0006355493)
(0.1036024 -0.002062253 0.000752367)
(0.105211 -0.001956659 0.0008295421)
(0.1069714 -0.001818439 0.0008723022)
(0.1088275 -0.001677234 0.0008847873)
(0.1107472 -0.001548144 0.0008687092)
(0.1127047 -0.001438554 0.0008228805)
(0.1146786 -0.001352061 0.0007431624)
(0.1166514 -0.001291514 0.0006226658)
(0.1186081 -0.001259956 0.00045212)
(0.1205358 -0.001261188 0.000220332)
(0.1224236 -0.001305016 -8.409924e-05)
(0.1242587 -0.001410163 -0.0004724384)
(0.1260244 -0.001604316 -0.0009571329)
(0.1276983 -0.001932996 -0.00155188)
(0.1292487 -0.002470722 -0.002276717)
(0.1306276 -0.00333885 -0.003174036)
(0.1317638 -0.004723342 -0.004333422)
(0.132567 -0.006874422 -0.005918003)
(0.1329636 -0.010041 -0.00815104)
(0.1329807 -0.01432093 -0.01123207)
(0.1327695 -0.01948188 -0.01516319)
(0.1327705 -0.02497132 -0.01957673)
(0.1333314 -0.02934641 -0.02330665)
(0.134536 -0.03087905 -0.02627429)
(0.1363008 -0.0279021 -0.03082835)
(0.1441897 -0.009941164 -0.04514241)
(0.1538864 0.0252898 -0.05825537)
(0.1003474 -0.001966758 0.0002523183)
(0.1009945 -0.002716743 0.000475088)
(0.1014554 -0.003056028 0.0006427533)
(0.101855 -0.00321403 0.0007650762)
(0.1023014 -0.003250779 0.0008495904)
(0.1027838 -0.003222577 0.000901645)
(0.1032881 -0.003164335 0.0009258205)
(0.1038082 -0.003095335 0.0009247446)
(0.1043357 -0.003028386 0.000898793)
(0.1048605 -0.002973753 0.0008460203)
(0.105372 -0.002941481 0.0007615812)
(0.1058584 -0.002943304 0.0006367563)
(0.106305 -0.002994544 0.0004577498)
(0.106693 -0.003116779 0.0002031219)
(0.1069958 -0.003340298 -0.0001540736)
(0.1071739 -0.003714928 -0.0006453125)
(0.1071658 -0.00431115 -0.001312764)
(0.1068722 -0.005230837 -0.002218826)
(0.1061431 -0.006619828 -0.003472904)
(0.1047752 -0.008674829 -0.005265403)
(0.1025603 -0.01161911 -0.007876197)
(0.0994053 -0.01561248 -0.01156428)
(0.09549172 -0.02062343 -0.01629769)
(0.09116811 -0.02640032 -0.02142898)
(0.08726222 -0.03275319 -0.02572458)
(0.08400233 -0.03816563 -0.02612453)
(0.08145394 -0.0410207 -0.02248286)
(0.08146739 -0.04174888 -0.0209988)
(0.08868263 -0.03082513 -0.03550423)
(0.1319729 -0.004724164 -0.05835888)
(0.09850922 -0.001453882 0.0002460976)
(0.09765108 -0.001948 0.0004605528)
(0.09570453 -0.002148491 0.0006197034)
(0.09362175 -0.002220008 0.000733118)
(0.09163847 -0.002190804 0.00080858)
(0.08972771 -0.00210435 0.0008519744)
(0.08789745 -0.001992285 0.0008685866)
(0.08615825 -0.00187231 0.0008620587)
(0.08450652 -0.001755073 0.0008341785)
(0.08293229 -0.001647344 0.0007849744)
(0.08142263 -0.001553952 0.0007124974)
(0.07996143 -0.001479587 0.0006125046)
(0.07852817 -0.001430715 0.0004782516)
(0.07709671 -0.001418019 0.0002999088)
(0.07563223 -0.001459199 6.507372e-05)
(0.07408412 -0.001583138 -0.0002370947)
(0.0723758 -0.0018383 -0.0006107859)
(0.07039209 -0.002304385 -0.001054326)
(0.06796966 -0.003105461 -0.001575295)
(0.06491424 -0.004432101 -0.002209523)
(0.06107817 -0.006530705 -0.002984436)
(0.05645681 -0.009579279 -0.003717194)
(0.05129699 -0.01343414 -0.00380299)
(0.04586861 -0.01761621 -0.002334203)
(0.04080622 -0.02183885 0.0005683677)
(0.03582236 -0.02470575 0.005936992)
(0.03289531 -0.02554606 0.01708438)
(0.03140235 -0.02799001 0.02531863)
(0.02729133 -0.02245284 0.004770403)
(0.07492138 -0.002702943 -0.03534542)
(0.1011811 -0.0004508929 5.068387e-05)
(0.1058508 -0.0008590808 8.907789e-05)
(0.1095442 -0.0009949677 0.0001123595)
(0.1129336 -0.0008815715 0.0001260048)
(0.1162141 -0.0006820095 0.000133568)
(0.1192719 -0.0004641092 0.0001372714)
(0.1220856 -0.0002509966 0.0001390412)
(0.1246748 -5.296791e-05 0.0001406449)
(0.1270572 0.0001275489 0.0001439304)
(0.1292495 0.000293264 0.0001510841)
(0.1312693 0.0004500053 0.0001648885)
(0.1331351 0.0006061422 0.0001899506)
(0.1348715 0.0007733212 0.0002343272)
(0.1364834 0.0009728209 0.0003144772)
(0.137968 0.0012208 0.0004502462)
(0.1393303 0.001540117 0.0006651522)
(0.1405851 0.001957514 0.000992642)
(0.141765 0.002501286 0.001477976)
(0.1429307 0.003215382 0.002188714)
(0.1441524 0.004143643 0.003222088)
(0.1454913 0.005312365 0.004699546)
(0.1469926 0.006700039 0.006741221)
(0.1487136 0.008202661 0.009408727)
(0.1507041 0.009633906 0.01263657)
(0.1532379 0.01089179 0.01617854)
(0.1552741 0.01267873 0.01975811)
(0.1542247 0.01588085 0.02235698)
(0.143347 0.02165994 0.02219399)
(0.1275214 0.03328545 0.01484254)
(0.04073847 0.06141928 -0.0002225041)
(0.1002594 -0.001004163 5.117049e-05)
(0.1010314 -0.001737635 9.11201e-05)
(0.1021197 -0.002053268 0.0001157052)
(0.1034678 -0.00205662 0.0001301364)
(0.1050554 -0.001942563 0.0001374757)
(0.1067992 -0.001791288 0.00013908)
(0.1086413 -0.00163114 0.0001356471)
(0.1105479 -0.001475423 0.0001270951)
(0.1124918 -0.001329102 0.0001125157)
(0.1144505 -0.001192437 9.017537e-05)
(0.1164063 -0.001063687 5.744937e-05)
(0.1183445 -0.0009406596 1.090208e-05)
(0.1202571 -0.0008200777 -5.366737e-05)
(0.1221576 -0.0006748555 -0.0001386724)
(0.1240523 -0.0004843779 -0.0002452524)
(0.1259473 -0.0002211595 -0.0003751831)
(0.1278592 0.0001477439 -0.000529873)
(0.1298165 0.0006584843 -0.0007085119)
(0.1318694 0.001367949 -0.0009056012)
(0.1340935 0.002339936 -0.001105401)
(0.136585 0.003628725 -0.001281215)
(0.1394103 0.005227867 -0.001410594)
(0.142637 0.007007518 -0.001519206)
(0.1463011 0.008734053 -0.001739645)
(0.1506805 0.01040632 -0.002276882)
(0.1563692 0.01629063 -0.002449182)
(0.1591004 0.02760017 -0.002674851)
(0.1515473 0.04283669 -0.004475549)
(0.1399484 0.06616594 -0.01266526)
(0.07094137 0.1019357 -0.02580993)
(0.1003277 -0.001966083 5.127729e-05)
(0.1009305 -0.002715674 9.142728e-05)
(0.1013503 -0.003053249 0.0001165999)
(0.1017209 -0.003208017 0.0001319516)
(0.1021455 -0.003239579 0.0001404804)
(0.1026104 -0.003203574 0.0001435299)
(0.1031 -0.003134037 0.0001418386)
(0.1036069 -0.003048932 0.0001354069)
(0.1041211 -0.002959121 0.0001234182)
(0.1046309 -0.002872095 0.0001041391)
(0.1051232 -0.002794191 7.455978e-05)
(0.1055824 -0.002732702 2.972146e-05)
(0.1059856 -0.002697034 -3.823065e-05)
(0.1063067 -0.002682358 -0.0001430733)
(0.1065191 -0.002685937 -0.0003033566)
(0.1065891 -0.002706908 -0.0005448914)
(0.1064753 -0.002747888 -0.0009021955)
(0.1061259 -0.002819304 -0.001419493)
(0.1054762 -0.002941179 -0.002149321)
(0.1044448 -0.003156205 -0.003153919)
(0.1029167 -0.003553458 -0.004512161)
(0.1007383 -0.00430904 -0.006353173)
(0.09775426 -0.005824705 -0.008913764)
(0.09387183 -0.008812438 -0.01241771)
(0.09103349 -0.01435865 -0.01671107)
(0.08934303 -0.01500695 -0.01977906)
(0.09613131 -0.003178227 -0.01951944)
(0.09931617 0.01843149 -0.02051552)
(0.1032789 0.05380401 -0.02881995)
(0.07088567 0.09748339 -0.04233195)
(0.09848966 -0.001453166 5.012098e-05)
(0.09758786 -0.001946588 8.849856e-05)
(0.09560059 -0.002145813 0.0001118161)
(0.09348907 -0.002215647 0.0001251385)
(0.09148419 -0.00218413 0.0001315598)
(0.08955583 -0.002094477 0.0001325776)
(0.08771015 -0.001978103 0.0001290491)
(0.08595562 -0.001852358 0.0001210921)
(0.08428633 -0.001727323 0.0001080102)
(0.08268943 -0.001608844 8.82123e-05)
(0.0811479 -0.001500175 5.891516e-05)
(0.07963953 -0.001403242 1.558981e-05)
(0.07813388 -0.001319706 -4.883527e-05)
(0.07659185 -0.001249348 -0.0001458227)
(0.07496646 -0.001194163 -0.0002911088)
(0.07319808 -0.001159344 -0.0005058714)
(0.07121042 -0.001155316 -0.0008152367)
(0.06890684 -0.001201942 -0.001244581)
(0.06616506 -0.001333591 -0.001812963)
(0.06282309 -0.001611403 -0.002528313)
(0.05865297 -0.002148871 -0.003405377)
(0.05328467 -0.00315276 -0.004529304)
(0.04629001 -0.00508832 -0.006151559)
(0.03624678 -0.009171413 -0.008663235)
(0.02337119 -0.01809785 -0.01326495)
(-0.004362868 -0.01974945 -0.02071447)
(-0.02632299 -0.001409815 -0.02276914)
(-0.01940558 0.01716883 -0.02636215)
(0.01068884 0.04985466 -0.0433729)
(0.04246522 0.08021732 -0.06229205)
(0.1011811 -0.0004508946 -5.067095e-05)
(0.1058508 -0.0008590828 -8.904207e-05)
(0.1095442 -0.0009949692 -0.0001122918)
(0.1129336 -0.0008815722 -0.0001258971)
(0.1162142 -0.0006820093 -0.0001334126)
(0.1192719 -0.0004641082 -0.0001370609)
(0.1220856 -0.000250995 -0.0001387688)
(0.1246748 -5.296599e-05 -0.0001403045)
(0.1270572 0.0001275509 -0.0001435169)
(0.1292495 0.0002932657 -0.000150593)
(0.1312693 0.0004500065 -0.0001643151)
(0.1331351 0.0006061428 -0.000189291)
(0.1348715 0.000773321 -0.0002335826)
(0.1364835 0.0009728205 -0.0003136511)
(0.137968 0.0012208 -0.0004493439)
(0.1393302 0.001540118 -0.0006641862)
(0.140585 0.001957517 -0.0009916314)
(0.1417647 0.002501292 -0.001476953)
(0.1429303 0.003215383 -0.002187722)
(0.1441518 0.004143626 -0.003221194)
(0.1454904 0.005312282 -0.004698829)
(0.1469914 0.006699829 -0.006740768)
(0.1487121 0.008202113 -0.009408592)
(0.1507026 0.009632721 -0.0126367)
(0.1532378 0.01088995 -0.01617864)
(0.155275 0.01267808 -0.01975716)
(0.1542248 0.01588077 -0.02235541)
(0.1433459 0.02165974 -0.02219315)
(0.1275199 0.03328498 -0.01484371)
(0.04073682 0.06141898 0.0002179149)
(0.1002594 -0.001004165 -5.118243e-05)
(0.1010314 -0.001737637 -9.114516e-05)
(0.1021197 -0.00205327 -0.0001157441)
(0.1034678 -0.002056621 -0.0001301896)
(0.1050554 -0.001942563 -0.0001375431)
(0.1067992 -0.001791287 -0.0001391616)
(0.1086413 -0.001631138 -0.0001357428)
(0.1105479 -0.001475422 -0.0001272047)
(0.1124918 -0.001329102 -0.0001126394)
(0.1144505 -0.001192438 -9.031365e-05)
(0.1164062 -0.001063691 -5.760356e-05)
(0.1183444 -0.0009406676 -1.107422e-05)
(0.1202571 -0.0008200908 5.347382e-05)
(0.1221576 -0.0006748757 0.000138452)
(0.1240522 -0.000484408 0.0002449966)
(0.1259472 -0.0002212032 0.00037488)
(0.127859 0.0001476795 0.0005295029)
(0.1298161 0.000658385 0.0007080476)
(0.1318688 0.00136778 0.0009050018)
(0.1340927 0.002339623 0.001104615)
(0.1365836 0.003628079 0.001280188)
(0.1394083 0.005226618 0.001409245)
(0.1426345 0.007005251 0.001517471)
(0.1462974 0.008729681 0.001738096)
(0.1506772 0.01039976 0.002276565)
(0.1563677 0.0162893 0.002451108)
(0.1590966 0.02760018 0.002677379)
(0.151542 0.04283512 0.004476467)
(0.1399438 0.06616224 0.01266366)
(0.07094168 0.101931 0.02580501)
(0.1003277 -0.001966084 -5.129153e-05)
(0.1009305 -0.002715675 -9.145715e-05)
(0.1013503 -0.00305325 -0.0001166475)
(0.1017209 -0.003208018 -0.0001320194)
(0.1021455 -0.00323958 -0.0001405709)
(0.1026104 -0.003203575 -0.0001436461)
(0.1031 -0.003134038 -0.0001419835)
(0.1036069 -0.003048934 -0.0001355839)
(0.1041211 -0.002959123 -0.0001236314)
(0.1046308 -0.0028721 -0.0001043932)
(0.1051232 -0.002794198 -7.486087e-05)
(0.1055824 -0.002732713 -3.007703e-05)
(0.1059855 -0.002697051 3.781183e-05)
(0.1063066 -0.002682384 0.0001425788)
(0.1065189 -0.002685975 0.0003027711)
(0.1065888 -0.002706966 0.0005441911)
(0.106475 -0.002747975 0.0009013471)
(0.1061253 -0.002819441 0.001418447)
(0.1054754 -0.002941403 0.002148001)
(0.1044434 -0.003156592 0.003152212)
(0.1029144 -0.003554186 0.004509906)
(0.1007344 -0.004310669 0.00635025)
(0.09774766 -0.005828246 0.008910294)
(0.09386364 -0.008818977 0.0124139)
(0.09102566 -0.01436999 0.01670824)
(0.08934069 -0.01500303 0.0197828)
(0.09613003 -0.003170592 0.01952309)
(0.09930676 0.01843644 0.02051431)
(0.1032696 0.05380323 0.02881342)
(0.07088757 0.09747685 0.0423212)
(0.09848966 -0.001453167 -5.013558e-05)
(0.09758786 -0.001946588 -8.852862e-05)
(0.09560059 -0.002145813 -0.0001118634)
(0.09348907 -0.002215647 -0.0001252053)
(0.09148418 -0.00218413 -0.0001316488)
(0.08955582 -0.002094477 -0.0001326919)
(0.08771014 -0.001978102 -0.0001291926)
(0.08595561 -0.001852358 -0.0001212691)
(0.08428631 -0.001727323 -0.0001082259)
(0.0826894 -0.001608845 -8.847343e-05)
(0.08114786 -0.001500177 -5.923003e-05)
(0.07963948 -0.001403244 -1.596909e-05)
(0.0781338 -0.001319711 4.837744e-05)
(0.07659173 -0.001249355 0.000145267)
(0.07496628 -0.001194176 0.0002904288)
(0.07319781 -0.001159365 0.0005050256)
(0.07121 -0.00115535 0.0008141621)
(0.06890617 -0.001201997 0.001243179)
(0.066164 -0.001333685 0.001811077)
(0.06282134 -0.001611556 0.002525704)
(0.05865007 -0.002149125 0.003401683)
(0.05327978 -0.003153384 0.004524054)
(0.0462816 -0.005090421 0.006144123)
(0.03623102 -0.009177319 0.008652982)
(0.02334601 -0.01811232 0.01325216)
(-0.004423734 -0.01972303 0.02070911)
(-0.02633872 -0.001389073 0.02275749)
(-0.01941124 0.01718137 0.02634704)
(0.01067127 0.04984973 0.04336159)
(0.04248154 0.0802078 0.06228597)
(0.1012 -0.0004495165 -0.0002436922)
(0.1059092 -0.0008568097 -0.000450654)
(0.109636 -0.0009928277 -0.0005979246)
(0.1130449 -0.0008816362 -0.000696889)
(0.1163356 -0.000686765 -0.0007574741)
(0.1193963 -0.0004763714 -0.000787969)
(0.1222057 -0.0002741313 -0.0007963776)
(0.1247831 -9.108484e-05 -0.0007898628)
(0.1271446 6.935186e-05 -0.0007751449)
(0.1293046 0.0002083924 -0.0007594022)
(0.1312761 0.0003293131 -0.0007524358)
(0.1330683 0.000436675 -0.0007694223)
(0.1346864 0.0005358987 -0.0008344758)
(0.1361276 0.0006319335 -0.0009881849)
(0.1373796 0.000726576 -0.001283657)
(0.1384271 0.0008166161 -0.001789015)
(0.1392538 0.0008881376 -0.002592688)
(0.1398468 0.0009079961 -0.003794428)
(0.1402007 0.0008122424 -0.005490332)
(0.1403196 0.0004920939 -0.007734767)
(0.1402336 -0.0002101666 -0.01047934)
(0.1400368 -0.001477676 -0.01352097)
(0.1399431 -0.003455825 -0.01649902)
(0.1402432 -0.006152997 -0.01898221)
(0.1413198 -0.00942233 -0.02043075)
(0.1432859 -0.01256813 -0.02077164)
(0.1458679 -0.01437797 -0.01962813)
(0.1469415 -0.01310202 -0.01604888)
(0.148532 -0.004192282 -0.006943031)
(0.1172412 0.01655771 0.007019652)
(0.1002794 -0.001003163 -0.0002506949)
(0.1010963 -0.001736756 -0.0004715561)
(0.1022259 -0.002054178 -0.0006355854)
(0.1036024 -0.002062256 -0.0007524164)
(0.105211 -0.001956658 -0.0008296047)
(0.1069714 -0.001818436 -0.0008723778)
(0.1088275 -0.001677228 -0.0008848754)
(0.1107472 -0.001548137 -0.0008688089)
(0.1127047 -0.001438548 -0.0008229908)
(0.1146786 -0.00135206 -0.0007432818)
(0.1166514 -0.00129152 -0.0006227925)
(0.1186081 -0.001259972 -0.0004522514)
(0.1205358 -0.001261225 -0.0002204648)
(0.1224236 -0.001305077 8.396932e-05)
(0.1242587 -0.001410257 0.0004723173)
(0.1260243 -0.001604455 0.0009570278)
(0.1276982 -0.001933201 0.001551804)
(0.1292485 -0.002471025 0.002276693)
(0.1306273 -0.003339306 0.003174112)
(0.1317633 -0.004724034 0.004333691)
(0.1325663 -0.006875459 0.00591862)
(0.1329626 -0.01004246 0.008152226)
(0.1329795 -0.01432272 0.01123406)
(0.1327683 -0.0194836 0.01516584)
(0.1327698 -0.02497224 0.01957915)
(0.133331 -0.02934444 0.02330642)
(0.1345347 -0.03087446 0.02627209)
(0.1362985 -0.02789725 0.03082508)
(0.144186 -0.009939893 0.0451377)
(0.1538906 0.02528576 0.05825116)
(0.1003474 -0.00196676 -0.0002523314)
(0.1009945 -0.002716745 -0.0004751155)
(0.1014554 -0.003056031 -0.0006427972)
(0.101855 -0.003214033 -0.000765139)
(0.1023014 -0.003250781 -0.0008496746)
(0.1027838 -0.003222579 -0.0009017534)
(0.103288 -0.003164338 -0.0009259559)
(0.1038082 -0.003095339 -0.0009249102)
(0.1043356 -0.003028393 -0.0008989926)
(0.1048604 -0.002973764 -0.000846258)
(0.1053719 -0.002941501 -0.0007618615)
(0.1058583 -0.002943335 -0.0006370841)
(0.1063049 -0.002994593 -0.0004581298)
(0.1066928 -0.003116855 -0.0002035583)
(0.1069956 -0.003340414 0.000153576)
(0.1071736 -0.003715097 0.0006447536)
(0.1071654 -0.0043114 0.001312147)
(0.1068717 -0.005231212 0.002218171)
(0.1061424 -0.0066204 0.003472264)
(0.1047742 -0.008675701 0.005264901)
(0.1025588 -0.0116204 0.007876034)
(0.0994033 -0.01561428 0.01156464)
(0.09548944 -0.0206257 0.01629836)
(0.09116594 -0.02640284 0.02142909)
(0.08726081 -0.03275558 0.02572215)
(0.0840017 -0.03816347 0.0261159)
(0.08145412 -0.04101418 0.02247052)
(0.08146872 -0.04174199 0.02098389)
(0.08868356 -0.03082466 0.03547933)
(0.1319886 -0.004732353 0.05833066)
(0.09850922 -0.001453882 -0.000246111)
(0.09765107 -0.001948001 -0.0004605804)
(0.09570452 -0.002148492 -0.000619747)
(0.09362174 -0.002220009 -0.0007331796)
(0.09163845 -0.002190804 -0.0008086624)
(0.08972768 -0.002104349 -0.0008520806)
(0.08789741 -0.001992284 -0.0008687202)
(0.08615821 -0.001872309 -0.0008622238)
(0.08450646 -0.001755072 -0.0008343804)
(0.08293221 -0.001647345 -0.0007852191)
(0.08142254 -0.001553956 -0.0007127923)
(0.07996132 -0.001479595 -0.0006128589)
(0.07852803 -0.001430731 -0.0004786765)
(0.07709654 -0.001418048 -0.0003004184)
(0.07563201 -0.001459252 -6.5687e-05)
(0.07408382 -0.001583233 0.0002363547)
(0.07237539 -0.001838466 0.0006098891)
(0.07039149 -0.002304676 0.001053235)
(0.06796877 -0.003105965 0.001573973)
(0.06491292 -0.004432957 0.002207924)
(0.06107631 -0.00653208 0.002982432)
(0.05645438 -0.009581229 0.003714335)
(0.0512941 -0.01343644 0.003798281)
(0.0458654 -0.0176182 0.002326136)
(0.0408038 -0.02183948 -0.0005808426)
(0.03582269 -0.02469878 -0.005957088)
(0.03291091 -0.02553557 -0.0171211)
(0.03142907 -0.02798022 -0.02536597)
(0.02733351 -0.02245939 -0.004855761)
(0.07496976 -0.002745314 0.03520573)
(0.1012264 -0.0004529905 -0.0003693442)
(0.1060169 -0.0008662386 -0.0006201798)
(0.1098368 -0.001012824 -0.0007841257)
(0.1133181 -0.000920444 -0.0008901246)
(0.1166591 -0.0007551645 -0.0009435009)
(0.1197469 -0.0005879165 -0.0009512501)
(0.1225598 -0.0004462945 -0.0009200766)
(0.1251165 -0.0003469346 -0.0008548909)
(0.1274308 -0.0003012532 -0.0007604733)
(0.1295097 -0.0003194164 -0.0006383969)
(0.1313517 -0.000413969 -0.0004831081)
(0.1329464 -0.000601565 -0.0002907963)
(0.1342711 -0.0009057688 -5.83691e-05)
(0.1352891 -0.00135836 0.0002190613)
(0.1359486 -0.002000033 0.0005564949)
(0.1361899 -0.00288253 0.0009813069)
(0.1359636 -0.004072661 0.001539801)
(0.1352607 -0.005653688 0.002310246)
(0.1341549 -0.007717138 0.003416417)
(0.132838 -0.01033056 0.005029417)
(0.1316153 -0.01347617 0.00733042)
(0.130828 -0.01699705 0.01042149)
(0.1307543 -0.0206266 0.01424199)
(0.1315845 -0.02409007 0.01854445)
(0.1335546 -0.02709075 0.02282939)
(0.1369525 -0.02933043 0.02644757)
(0.1417968 -0.0304262 0.02907248)
(0.1485594 -0.02979216 0.03057321)
(0.1567316 -0.0239438 0.03190634)
(0.1648714 -0.01164935 0.03240047)
(0.1003056 -0.001006376 -0.000378083)
(0.1012099 -0.001747312 -0.0006470949)
(0.1024451 -0.00207915 -0.0008368283)
(0.1039102 -0.002113155 -0.00097675)
(0.10559 -0.002048763 -0.00107089)
(0.1074052 -0.001971385 -0.00112438)
(0.1093013 -0.001916774 -0.001141042)
(0.1112495 -0.001908866 -0.001120247)
(0.1132272 -0.001967887 -0.001056914)
(0.115214 -0.002115727 -0.0009408026)
(0.1171903 -0.002379362 -0.0007560507)
(0.1191347 -0.002793357 -0.0004806925)
(0.1210214 -0.00340226 -8.674294e-05)
(0.122816 -0.004260493 0.0004624987)
(0.1244706 -0.005435181 0.00122329)
(0.1259241 -0.007004327 0.002275278)
(0.1271053 -0.009054052 0.003718218)
(0.1279519 -0.01167041 0.00567547)
(0.1284435 -0.01490918 0.008289434)
(0.1286384 -0.01873507 0.01168992)
(0.1286762 -0.02293377 0.01590039)
(0.1287167 -0.02709984 0.02072955)
(0.1288809 -0.03081726 0.02578906)
(0.1292689 -0.03389342 0.03062066)
(0.1301211 -0.03637527 0.03479598)
(0.131901 -0.03823947 0.03772077)
(0.1348312 -0.03925428 0.039175)
(0.1413839 -0.03911807 0.03942212)
(0.1512748 -0.03457829 0.04096867)
(0.1956905 -0.02388482 0.04310529)
(0.1003728 -0.00196978 -0.00038094)
(0.1011052 -0.002722844 -0.000653902)
(0.10167 -0.003068772 -0.0008506847)
(0.1021572 -0.003238263 -0.001001476)
(0.1026741 -0.003293059 -0.00111148)
(0.1032089 -0.003291718 -0.001187566)
(0.1037475 -0.003272181 -0.001236278)
(0.1042852 -0.003258359 -0.001261193)
(0.1048141 -0.003270226 -0.001263688)
(0.1053232 -0.003328706 -0.001242837)
(0.1057994 -0.003458691 -0.001193436)
(0.1062253 -0.003692055 -0.001103378)
(0.1065753 -0.004071089 -0.0009492026)
(0.1068102 -0.004653509 -0.0006910383)
(0.1068731 -0.00551629 -0.0002677589)
(0.1066888 -0.006751804 0.0004213165)
(0.1061671 -0.00847664 0.001535712)
(0.1052233 -0.0108275 0.003306394)
(0.1038362 -0.01393108 0.005950126)
(0.1021422 -0.01777853 0.009595568)
(0.1004369 -0.02209202 0.01401469)
(0.09903757 -0.0263242 0.01860056)
(0.09812179 -0.02997458 0.02273196)
(0.09767074 -0.03296038 0.02600396)
(0.09769594 -0.03562655 0.02801594)
(0.09832902 -0.03819562 0.0276761)
(0.09917669 -0.04071206 0.02431181)
(0.1026016 -0.04339639 0.01779006)
(0.1082226 -0.04719176 0.00650393)
(0.1519295 -0.04943929 -0.004566202)
(0.09853425 -0.001452447 -0.0003719354)
(0.09775907 -0.001945378 -0.0006330902)
(0.09591397 -0.002147129 -0.000817351)
(0.09391732 -0.002222465 -0.0009553365)
(0.09200319 -0.002200227 -0.001052979)
(0.09014392 -0.00212449 -0.001117979)
(0.08834786 -0.002027543 -0.001158087)
(0.08662762 -0.001928215 -0.001178771)
(0.08498163 -0.001839046 -0.001184305)
(0.08340128 -0.001769825 -0.001178467)
(0.081874 -0.001730191 -0.001164214)
(0.08038166 -0.001732563 -0.001143665)
(0.07889709 -0.00179578 -0.001118465)
(0.07738058 -0.001949255 -0.001091219)
(0.07577213 -0.002236613 -0.001062553)
(0.07397817 -0.002725114 -0.001033311)
(0.07186973 -0.003519928 -0.001017275)
(0.06931067 -0.004765347 -0.001072763)
(0.06622739 -0.006584906 -0.00141505)
(0.06272961 -0.008878683 -0.002627279)
(0.05925033 -0.01104256 -0.005709138)
(0.0565737 -0.01205064 -0.01154776)
(0.05557233 -0.01119019 -0.02004171)
(0.05659206 -0.008764012 -0.02996336)
(0.05923697 -0.00590782 -0.0397656)
(0.06262056 -0.003752637 -0.04881464)
(0.06482476 -0.002919816 -0.05734609)
(0.06399049 -0.004103237 -0.06449421)
(0.0618005 -0.00976796 -0.0718787)
(0.0712728 -0.01720064 -0.07842093)
(0.1013515 -0.0004458159 -0.00109829)
(0.1062934 -0.0008561424 -0.001514358)
(0.1101164 -0.001007907 -0.001672885)
(0.1135428 -0.0009273807 -0.001695904)
(0.1168117 -0.0007786656 -0.001593942)
(0.1198167 -0.0006320691 -0.001381746)
(0.1225473 -0.0005156525 -0.001062143)
(0.1250331 -0.0004471234 -0.0006212235)
(0.1272956 -0.0004374035 -2.810538e-05)
(0.1293343 -0.0004938944 0.0007645342)
(0.1311617 -0.0006301692 0.001814218)
(0.1327781 -0.0008641772 0.003197636)
(0.1341796 -0.001223325 0.005007133)
(0.1353658 -0.001742226 0.007339692)
(0.1363375 -0.002446354 0.01028191)
(0.1370967 -0.003347786 0.01388731)
(0.1376604 -0.004441943 0.01814616)
(0.1380695 -0.005696235 0.02295666)
(0.1383868 -0.007036545 0.02811685)
(0.1386686 -0.008349843 0.03335418)
(0.1389348 -0.009529788 0.03838433)
(0.1391969 -0.01054378 0.04296311)
(0.1395465 -0.0114413 0.04690886)
(0.1402217 -0.01228623 0.05008853)
(0.1415746 -0.01305107 0.05235737)
(0.1438962 -0.01350285 0.05346863)
(0.1471603 -0.01306264 0.05299216)
(0.150863 -0.01080229 0.05058516)
(0.1545353 -0.003058598 0.04511356)
(0.1478978 0.0112278 0.03715866)
(0.1004346 -0.001003668 -0.001146666)
(0.1015011 -0.001746781 -0.001636161)
(0.1027347 -0.002088898 -0.001901483)
(0.1041211 -0.002140895 -0.002072925)
(0.1056859 -0.002100618 -0.002165881)
(0.1073541 -0.002053095 -0.002203759)
(0.1090818 -0.00203521 -0.002201668)
(0.1108531 -0.002073418 -0.002161489)
(0.1126585 -0.002190433 -0.002073437)
(0.1144943 -0.002412367 -0.001916018)
(0.1163611 -0.002774757 -0.001658727)
(0.1182604 -0.003322863 -0.001260273)
(0.120196 -0.004117697 -0.0006647406)
(0.1221537 -0.005217061 0.0002123885)
(0.1241093 -0.006643998 0.001469156)
(0.1260652 -0.008409184 0.0031978)
(0.1280235 -0.01046274 0.005466155)
(0.130009 -0.01265936 0.008270479)
(0.1320731 -0.01472588 0.01149397)
(0.1342593 -0.0162906 0.01491478)
(0.1365451 -0.01704342 0.01829289)
(0.1388463 -0.01694035 0.02144585)
(0.1411195 -0.01623516 0.02424323)
(0.1434627 -0.01532274 0.02653799)
(0.1461553 -0.01454628 0.02806644)
(0.1496786 -0.01398661 0.02831521)
(0.1544529 -0.01342794 0.02641723)
(0.1625051 -0.01233807 0.021584)
(0.173495 -0.008723798 0.01096581)
(0.2136156 0.0001872509 -0.0004347807)
(0.1005003 -0.00197316 -0.00115616)
(0.1013911 -0.002728707 -0.001657664)
(0.1019498 -0.003080434 -0.001941834)
(0.1023492 -0.003258729 -0.002140831)
(0.1027323 -0.003326122 -0.002273783)
(0.1030872 -0.003341761 -0.002369231)
(0.1034046 -0.003344949 -0.002450146)
(0.1036848 -0.00336278 -0.002531025)
(0.1039213 -0.003420317 -0.002624755)
(0.1041053 -0.003545109 -0.002746248)
(0.1042283 -0.003770771 -0.002907645)
(0.1042833 -0.004140676 -0.003114042)
(0.1042673 -0.004709806 -0.003354781)
(0.1041845 -0.005543676 -0.003603249)
(0.1040648 -0.006711996 -0.00383448)
(0.1039853 -0.008279276 -0.004015036)
(0.1040867 -0.01028258 -0.004104509)
(0.1045832 -0.01267121 -0.004130044)
(0.1057218 -0.01518088 -0.004230099)
(0.1076878 -0.01729549 -0.004680602)
(0.1104956 -0.01849954 -0.005605745)
(0.1138937 -0.0186844 -0.006883333)
(0.1174886 -0.01819133 -0.008356399)
(0.1209741 -0.0175276 -0.01006616)
(0.1242723 -0.01707988 -0.01239898)
(0.1274228 -0.01685618 -0.01621669)
(0.1305745 -0.01655509 -0.02273482)
(0.1338446 -0.01629051 -0.03181022)
(0.1371805 -0.01672072 -0.04554307)
(0.1477135 -0.01558645 -0.06078896)
(0.0986598 -0.001457312 -0.001128824)
(0.09804388 -0.001953619 -0.001616733)
(0.0961937 -0.002157634 -0.001886762)
(0.09410917 -0.002235054 -0.002067528)
(0.09206031 -0.002215596 -0.002178401)
(0.09001913 -0.002143357 -0.0022481)
(0.08799877 -0.002050763 -0.002300796)
(0.08601643 -0.001957301 -0.002353681)
(0.08407101 -0.001876752 -0.002423708)
(0.08215148 -0.001821355 -0.002532207)
(0.08023988 -0.001806348 -0.002705152)
(0.0783078 -0.001855873 -0.002975052)
(0.07630958 -0.002011255 -0.003385946)
(0.07418016 -0.002336485 -0.004006266)
(0.07183119 -0.002909623 -0.004908857)
(0.06916043 -0.003812023 -0.006219332)
(0.06609658 -0.005062298 -0.008245392)
(0.06272177 -0.006415788 -0.01158023)
(0.05946843 -0.00713082 -0.01703924)
(0.05721373 -0.006136416 -0.02514505)
(0.05695095 -0.002833984 -0.03543895)
(0.05909001 0.00229531 -0.04654426)
(0.06314662 0.008060641 -0.05703321)
(0.0681037 0.01330533 -0.06609446)
(0.07292938 0.01722531 -0.0735596)
(0.07661456 0.019375 -0.07971924)
(0.0784942 0.01969743 -0.08522736)
(0.07747405 0.01843237 -0.09005444)
(0.07488243 0.01599621 -0.0948284)
(0.0647084 0.01277966 -0.09826855)
(0.100287 -0.0004622452 -0.0009488611)
(0.1044501 -0.0008784876 -0.001327735)
(0.1068635 -0.001012872 -0.001470452)
(0.1088365 -0.0008778878 -0.001487559)
(0.1107298 -0.0006301491 -0.001390245)
(0.1124342 -0.0003328582 -0.001190109)
(0.1139704 -5.082101e-06 -0.0008881319)
(0.1154126 0.0003453589 -0.0004686567)
(0.1168291 0.0007178489 0.0001014767)
(0.1182954 0.00112266 0.0008662868)
(0.1198976 0.001583479 0.0018857)
(0.1217246 0.002136453 0.003242137)
(0.1238425 0.002836586 0.005040704)
(0.126265 0.003761469 0.007398079)
(0.1289305 0.00500711 0.01042321)
(0.1316764 0.006663326 0.01419667)
(0.1342358 0.00878096 0.0187368)
(0.1362859 0.01132169 0.02395994)
(0.1375536 0.01412743 0.02965498)
(0.1379307 0.01694656 0.03549878)
(0.1375197 0.01951142 0.04112303)
(0.1365888 0.02161122 0.04620095)
(0.1354879 0.02312243 0.05049695)
(0.1345591 0.02401269 0.05385434)
(0.1340596 0.0243473 0.05612548)
(0.133923 0.02432786 0.05710215)
(0.1338247 0.02435219 0.05639721)
(0.1314076 0.02513929 0.05360426)
(0.1279658 0.02851016 0.04716916)
(0.09831911 0.03750767 0.03763343)
(0.09933538 -0.00101644 -0.0009630005)
(0.09955006 -0.001748657 -0.001364676)
(0.09924774 -0.002047544 -0.001578798)
(0.09900903 -0.002012079 -0.00171378)
(0.09898778 -0.00183031 -0.001783565)
(0.0991068 -0.00157705 -0.00180853)
(0.09934787 -0.00127886 -0.001802773)
(0.09972716 -0.000954363 -0.001769762)
(0.1002843 -0.0006026207 -0.001701)
(0.1010863 -0.0001758668 -0.001572986)
(0.1021907 0.0003895318 -0.001353153)
(0.1036963 0.001196836 -0.0009913441)
(0.1057385 0.002417695 -0.0004109644)
(0.1084285 0.004256551 0.0004957921)
(0.1119265 0.006935832 0.001870636)
(0.1162439 0.01069659 0.003866084)
(0.1211937 0.01570394 0.006618134)
(0.1263336 0.02190877 0.01017343)
(0.1310746 0.02894982 0.0144117)
(0.1349217 0.03621279 0.01903372)
(0.1376677 0.04303971 0.02365019)
(0.1394086 0.04892348 0.02790749)
(0.1404297 0.05357219 0.0315444)
(0.1410509 0.05689968 0.03435829)
(0.1415009 0.05901243 0.03611096)
(0.1416657 0.06025742 0.0364269)
(0.141201 0.06128732 0.03459076)
(0.1378952 0.0632409 0.02978179)
(0.133401 0.0688895 0.01879205)
(0.1049848 0.07990872 0.00381671)
(0.09939789 -0.001951747 -0.0009754868)
(0.09943093 -0.002702365 -0.001388387)
(0.09843722 -0.003045143 -0.001613947)
(0.09717774 -0.003200024 -0.001764389)
(0.09592035 -0.003224538 -0.001858248)
(0.09464847 -0.003171869 -0.001921059)
(0.09337314 -0.003076475 -0.001974143)
(0.09211071 -0.002963875 -0.002032416)
(0.09085906 -0.002844172 -0.002110426)
(0.08962033 -0.002693109 -0.002226585)
(0.08841751 -0.002484028 -0.002399694)
(0.08730321 -0.002178987 -0.002645915)
(0.08641331 -0.001685314 -0.002964829)
(0.08606421 -0.000780906 -0.003314798)
(0.0866802 0.0009289905 -0.003630187)
(0.08861851 0.004035786 -0.003783089)
(0.09221208 0.009142568 -0.003569963)
(0.09749921 0.01658576 -0.002799371)
(0.1039257 0.02604993 -0.001466862)
(0.110611 0.03651985 0.000182977)
(0.1168158 0.04674264 0.001813262)
(0.122152 0.05572053 0.003200486)
(0.126521 0.06287596 0.004265464)
(0.1299544 0.06799463 0.004963121)
(0.1324784 0.07112249 0.005148742)
(0.1337813 0.07253397 0.004499085)
(0.1334895 0.07280107 0.002402385)
(0.129153 0.07305655 -0.001890083)
(0.1240219 0.07645457 -0.01146662)
(0.09486032 0.08466723 -0.02533417)
(0.09759566 -0.001432962 -0.0009471425)
(0.09616744 -0.00191209 -0.001330705)
(0.09283418 -0.002095128 -0.001522471)
(0.08918064 -0.002147223 -0.001638461)
(0.0855994 -0.002096488 -0.001697244)
(0.08205412 -0.001983809 -0.001723455)
(0.07857517 -0.001839031 -0.001738917)
(0.0751924 -0.001679559 -0.00176032)
(0.07190163 -0.001515423 -0.001804911)
(0.06868205 -0.001350985 -0.001895347)
(0.06550424 -0.001195472 -0.002060866)
(0.06232055 -0.001074487 -0.002340038)
(0.05904399 -0.001031678 -0.002788008)
(0.0555977 -0.001071352 -0.003493558)
(0.05187814 -0.001053559 -0.004564807)
(0.04821569 -0.0005768905 -0.006152838)
(0.04526131 0.001105536 -0.008476284)
(0.04406607 0.005004907 -0.01170108)
(0.04580419 0.0116144 -0.01571792)
(0.05073532 0.02005695 -0.02015902)
(0.05807442 0.02873764 -0.02465149)
(0.06670101 0.03644732 -0.02894343)
(0.0756251 0.04259591 -0.03287891)
(0.08405277 0.04698912 -0.0363763)
(0.09134506 0.04963557 -0.03945989)
(0.09675522 0.05068484 -0.04229578)
(0.09990773 0.05057638 -0.04520775)
(0.09948679 0.05025785 -0.04840658)
(0.09897264 0.05324435 -0.05255394)
(0.09913803 0.06028693 -0.05658708)
)
;

boundaryField
{
    maxY
    {
        type            fixedValue;
        value           uniform (0 0 0);
    }
    minX
    {
        type            fixedValue;
        value           uniform (0.1 0 0);
    }
    maxX
    {
        type            inletOutlet;
        inletValue      uniform (0 0 0);
        value           nonuniform List<vector> 
40
(
(0.098331 0.0375053 -0.03763663)
(0.105002 0.07990491 -0.003822138)
(0.09488118 0.08466359 0.02532859)
(0.09915925 0.06028386 0.05658257)
(0.1479072 0.01122399 -0.03716099)
(0.213623 0.0001808961 0.0004270643)
(0.1477348 -0.01559421 0.06077517)
(0.06473794 0.01277569 0.09825425)
(0.1648786 -0.01165464 -0.03240234)
(0.1956906 -0.02388933 -0.04311492)
(0.1519408 -0.04944466 0.004532526)
(0.07132985 -0.01721129 0.07837993)
(0.1172459 0.01655697 -0.007017704)
(0.1538864 0.0252898 -0.05825537)
(0.1319729 -0.004724164 -0.05835888)
(0.07492138 -0.002702943 -0.03534542)
(0.04073847 0.06141928 -0.0002225041)
(0.07094137 0.1019357 -0.02580993)
(0.07088567 0.09748339 -0.04233195)
(0.04246522 0.08021732 -0.06229205)
(0.04073682 0.06141898 0.0002179149)
(0.07094168 0.101931 0.02580501)
(0.07088757 0.09747685 0.0423212)
(0.04248154 0.0802078 0.06228597)
(0.1172412 0.01655771 0.007019652)
(0.1538906 0.02528576 0.05825116)
(0.1319886 -0.004732353 0.05833066)
(0.07496976 -0.002745314 0.03520573)
(0.1648714 -0.01164935 0.03240047)
(0.1956905 -0.02388482 0.04310529)
(0.1519295 -0.04943929 -0.004566202)
(0.0712728 -0.01720064 -0.07842093)
(0.1478978 0.0112278 0.03715866)
(0.2136156 0.0001872509 -0.0004347807)
(0.1477135 -0.01558645 -0.06078896)
(0.0647084 0.01277966 -0.09826855)
(0.09831911 0.03750767 0.03763343)
(0.1049848 0.07990872 0.00381671)
(0.09486032 0.08466723 -0.02533417)
(0.09913803 0.06028693 -0.05658708)
)
;
    }
    minZ
    {
        type            fixedValue;
        value           uniform (0 0 0);
    }
    maxZ
    {
        type            fixedValue;
        value           uniform (0 0 0);
    }
    topAir_to_rightSolid
    {
        type            fixedValue;
        value           uniform (0 0 0);
    }
    topAir_to_heater
    {
        type            fixedValue;
        value           uniform (0 0 0);
    }
    topAir_to_leftSolid
    {
        type            fixedValue;
        value           uniform (0 0 0);
    }
}


// ************************************************************************* //
