/*--------------------------------*- C++ -*----------------------------------*\
| =========                 |                                                 |
| \\      /  F ield         | OpenFOAM: The Open Source CFD Toolbox           |
|  \\    /   O peration     | Version:  v2012                                 |
|   \\  /    A nd           | Website:  www.openfoam.com                      |
|    \\/     M anipulation  |                                                 |
\*---------------------------------------------------------------------------*/
FoamFile
{
    version     2.0;
    format      ascii;
    class       vectorField;
    location    "constant/leftSolid/polyMesh";
    object      points;
}
// * * * * * * * * * * * * * * * * * * * * * * * * * * * * * * * * * * * * * //


1701
(
(-0.1 0 -0.05)
(-0.09333333 0 -0.05)
(-0.08666667 0 -0.05)
(-0.08 0 -0.05)
(-0.07333333 0 -0.05)
(-0.06666667 0 -0.05)
(-0.06 0 -0.05)
(-0.05333333 -5.782381e-19 -0.05)
(-0.04666667 2.891068e-24 -0.05)
(-0.04 5.78241e-19 -0.05)
(-0.03333333 -5.782352e-19 -0.05)
(-0.02666667 0 -0.05)
(-0.02000001 0 -0.05)
(-0.0133333 0 -0.05)
(-0.1 0.008 -0.05)
(-0.09333333 0.008 -0.05)
(-0.08666667 0.008 -0.05)
(-0.08 0.008 -0.05)
(-0.07333333 0.008 -0.05)
(-0.06666667 0.008 -0.05)
(-0.06 0.008 -0.05)
(-0.05333333 0.008 -0.05)
(-0.04666667 0.008 -0.05)
(-0.04 0.008 -0.05)
(-0.03333333 0.008 -0.05)
(-0.02666667 0.008 -0.05)
(-0.02000001 0.008 -0.05)
(-0.0133333 0.008 -0.05)
(-0.1 0 -0.04)
(-0.09333333 0 -0.04)
(-0.08666667 0 -0.04)
(-0.08 0 -0.04)
(-0.07333333 0 -0.04)
(-0.06666667 0 -0.04)
(-0.06 0 -0.04)
(-0.05333333 -5.78239e-19 -0.04)
(-0.04666667 0 -0.04)
(-0.04000001 0 -0.04)
(-0.0333335 -5.782059e-19 -0.03999995)
(-0.02666821 0 -0.03999953)
(-0.02000967 -5.759824e-19 -0.03999777)
(-0.0133333 0 -0.03999988)
(-0.1 0.008 -0.04)
(-0.09333333 0.008 -0.04)
(-0.08666667 0.008 -0.04)
(-0.08 0.008 -0.04)
(-0.07333333 0.008 -0.04)
(-0.06666667 0.008 -0.04)
(-0.06 0.008 -0.04)
(-0.05333333 0.008 -0.04)
(-0.04666667 0.008 -0.04)
(-0.04000001 0.008 -0.04)
(-0.03333351 0.008 -0.03999995)
(-0.0266679 0.008 -0.03999955)
(-0.0200064 0.008 -0.03999738)
(-0.0133333 0.008 -0.03999988)
(-0.1 0 -0.03)
(-0.09333333 0 -0.03)
(-0.08666667 6.34118e-24 -0.03)
(-0.08 1.15648e-18 -0.03)
(-0.07333333 5.596394e-24 -0.03)
(-0.06666667 0 -0.03)
(-0.06 0 -0.03)
(-0.05333333 -5.78239e-19 -0.03)
(-0.04666667 2.481542e-24 -0.03)
(-0.04000002 5.782323e-19 -0.03)
(-0.03333363 -5.781e-19 -0.02999999)
(-0.02666909 -5.783117e-19 -0.03000002)
(-0.02001266 -5.793705e-19 -0.03000085)
(-0.0133333 0 -0.03)
(-0.1 0.008 -0.03)
(-0.09333333 0.008 -0.03)
(-0.08666667 0.008 -0.03)
(-0.08 0.008 -0.03)
(-0.07333333 0.008 -0.03)
(-0.06666667 0.008 -0.03)
(-0.06 0.008 -0.03)
(-0.05333333 0.008 -0.03)
(-0.04666667 0.008 -0.03)
(-0.04000002 0.008 -0.03)
(-0.03333353 0.008 -0.02999996)
(-0.02666783 0.008 -0.0299997)
(-0.02000478 0.008 -0.02999897)
(-0.0133333 0.008 -0.03)
(-0.1 0 -0.02)
(-0.09333333 0 -0.02)
(-0.08666667 0 -0.02)
(-0.08 0 -0.02)
(-0.07333333 5.169879e-26 -0.02)
(-0.06666667 0 -0.02)
(-0.06 0 -0.02)
(-0.05333333 -5.782381e-19 -0.02)
(-0.04666667 0 -0.02)
(-0.04000001 5.782456e-19 -0.02)
(-0.03333329 -5.782059e-19 -0.02000002)
(-0.02666615 -1.323489e-23 -0.02000021)
(-0.01999619 0 -0.0200039)
(-0.0133333 0 -0.02000489)
(-0.1 0.008 -0.02)
(-0.09333333 0.008 -0.02)
(-0.08666667 0.008 -0.02)
(-0.08 0.008 -0.02)
(-0.07333333 0.008 -0.02)
(-0.06666667 0.008 -0.02)
(-0.06 0.008 -0.02)
(-0.05333333 0.008 -0.02)
(-0.04666667 0.008 -0.02)
(-0.04000001 0.008 -0.02)
(-0.03333348 0.008 -0.02)
(-0.02666722 0.008 -0.02)
(-0.01999813 0.008 -0.02000179)
(-0.0133333 0.008 -0.01999928)
(-0.1 0 -0.01)
(-0.09333333 0 -0.01)
(-0.08666667 0 -0.01)
(-0.08 0 -0.01)
(-0.07333333 0 -0.01)
(-0.06666667 0 -0.01)
(-0.06 0 -0.01)
(-0.05333333 -5.782381e-19 -0.01)
(-0.04666666 0 -0.01)
(-0.03999992 5.782274e-19 -0.01)
(-0.03333192 -5.781e-19 -0.01000003)
(-0.02665394 0 -0.01000029)
(-0.01994812 0 -0.01000238)
(-0.0133333 0 -0.01)
(-0.1 0.008 -0.01)
(-0.09333333 0.008 -0.01)
(-0.08666667 0.008 -0.01)
(-0.08 0.008 -0.01)
(-0.07333333 0.008 -0.01)
(-0.06666667 0.008 -0.01)
(-0.06 0.008 -0.01)
(-0.05333333 0.008 -0.01)
(-0.04666667 0.008 -0.01)
(-0.04000002 0.008 -0.01)
(-0.03333366 0.008 -0.01000002)
(-0.02666926 0.008 -0.01000008)
(-0.02001392 0.008 -0.01000051)
(-0.0133333 0.008 -0.009998012)
(-0.1 0 0)
(-0.09333333 0 0)
(-0.08666667 0 -6.719878e-19)
(-0.08 0 -5.826977e-18)
(-0.07333333 0 -1.405126e-16)
(-0.06666667 0 -6.358857e-15)
(-0.06 0 -2.227628e-13)
(-0.05333333 -5.782381e-19 -5.730198e-12)
(-0.04666666 6.617445e-24 -1.487611e-10)
(-0.03999985 5.782191e-19 -3.591361e-09)
(-0.03333075 -5.779941e-19 -5.684182e-08)
(-0.02664267 0 -5.229727e-07)
(-0.0198821 0 -2.899301e-06)
(-0.0133333 0 0)
(-0.1 0.008 0)
(-0.09333333 0.008 0)
(-0.08666667 0.008 -1.287662e-18)
(-0.08 0.008 -7.459311e-17)
(-0.07333333 0.008 -1.845746e-15)
(-0.06666667 0.008 -3.520067e-14)
(-0.06 0.008 -2.881827e-13)
(-0.05333333 0.008 2.668956e-12)
(-0.04666667 0.008 5.195957e-11)
(-0.04000003 0.008 7.378801e-10)
(-0.03333368 0.008 1.518107e-08)
(-0.02666901 0.008 1.06386e-07)
(-0.02000847 0.008 1.071031e-06)
(-0.0133333 0.008 0)
(-0.1 0 0.01)
(-0.09333333 0 0.01)
(-0.08666667 0 0.01)
(-0.08 0 0.01)
(-0.07333333 0 0.01)
(-0.06666667 0 0.01)
(-0.06 0 0.01)
(-0.05333333 -5.78239e-19 0.01)
(-0.04666666 0 0.01)
(-0.0399999 5.782323e-19 0.009999996)
(-0.03333174 -5.781e-19 0.009999941)
(-0.02665276 0 0.009999513)
(-0.01994473 0 0.01000032)
(-0.0133333 0 0.01)
(-0.1 0.008 0.01)
(-0.09333333 0.008 0.01)
(-0.08666667 0.008 0.01)
(-0.08 0.008 0.01)
(-0.07333333 0.008 0.01)
(-0.06666667 0.008 0.01)
(-0.06 0.008 0.01)
(-0.05333333 0.008 0.01)
(-0.04666667 0.008 0.01)
(-0.04000001 0.008 0.01)
(-0.03333354 0.008 0.01000004)
(-0.0266679 0.008 0.01000026)
(-0.02000376 0.008 0.01000114)
(-0.0133333 0.008 0.009998012)
(-0.1 0 0.02)
(-0.09333333 0 0.02)
(-0.08666667 0 0.02)
(-0.08 0 0.02)
(-0.07333333 0 0.02)
(-0.06666667 0 0.02)
(-0.06 0 0.02)
(-0.05333333 -5.78239e-19 0.02)
(-0.04666667 0 0.02)
(-0.03999997 5.78239e-19 0.02)
(-0.03333298 -5.782059e-19 0.01999996)
(-0.02666415 0 0.01999972)
(-0.01998504 0 0.02000005)
(-0.0133333 0 0.02000489)
(-0.1 0.008 0.02)
(-0.09333333 0.008 0.02)
(-0.08666667 0.008 0.02)
(-0.08 0.008 0.02)
(-0.07333333 0.008 0.02)
(-0.06666667 0.008 0.02)
(-0.06 0.008 0.02)
(-0.05333333 0.008 0.02)
(-0.04666667 0.008 0.02)
(-0.04000001 0.008 0.02)
(-0.03333355 0.008 0.02000001)
(-0.0266688 0.008 0.0200001)
(-0.02001209 0.008 0.02000198)
(-0.0133333 0.008 0.01999928)
(-0.1 0 0.03)
(-0.09333333 0 0.03)
(-0.08666667 0 0.03)
(-0.08 0 0.03)
(-0.07333333 0 0.03)
(-0.06666667 0 0.03)
(-0.06 0 0.03)
(-0.05333333 -5.78239e-19 0.03)
(-0.04666667 0 0.03)
(-0.04000001 5.782588e-19 0.03)
(-0.03333352 -5.782059e-19 0.03)
(-0.02666851 -1.058791e-22 0.02999981)
(-0.02001844 0 0.02999903)
(-0.0133333 0 0.03)
(-0.1 0.008 0.03)
(-0.09333333 0.008 0.03)
(-0.08666667 0.008 0.03)
(-0.08 0.008 0.03)
(-0.07333333 0.008 0.03)
(-0.06666667 0.008 0.03)
(-0.06 0.008 0.03)
(-0.05333333 0.008 0.03)
(-0.04666667 0.008 0.03)
(-0.04 0.008 0.03)
(-0.03333336 0.008 0.02999998)
(-0.02666662 0.008 0.02999988)
(-0.01999561 0.008 0.03000214)
(-0.0133333 0.008 0.03)
(-0.1 0 0.04)
(-0.09333333 0 0.04)
(-0.08666667 0 0.04)
(-0.08 0 0.04)
(-0.07333333 0 0.04)
(-0.06666667 0 0.04)
(-0.06 0 0.04)
(-0.05333333 -5.78239e-19 0.04)
(-0.04666667 3.308722e-24 0.04)
(-0.04000002 5.782456e-19 0.04000001)
(-0.03333362 -5.782059e-19 0.04000004)
(-0.0266696 5.776765e-19 0.0400002)
(-0.02001041 0 0.03999397)
(-0.0133333 0 0.03999988)
(-0.1 0.008 0.04)
(-0.09333333 0.008 0.04)
(-0.08666667 0.008 0.04)
(-0.08 0.008 0.04)
(-0.07333333 0.008 0.04)
(-0.06666667 0.008 0.04)
(-0.06 0.008 0.04)
(-0.05333333 0.008 0.04)
(-0.04666667 0.008 0.04)
(-0.04 0.008 0.04)
(-0.03333336 0.008 0.03999998)
(-0.02666702 0.008 0.03999993)
(-0.02000384 0.008 0.03999967)
(-0.0133333 0.008 0.03999988)
(-0.1 0 0.05)
(-0.09333333 0 0.05)
(-0.08666667 0 0.05)
(-0.08 0 0.05)
(-0.07333333 0 0.05)
(-0.06666667 0 0.05)
(-0.06 0 0.05)
(-0.05333333 -5.782381e-19 0.05)
(-0.04666667 2.891068e-24 0.05)
(-0.04 5.78241e-19 0.05)
(-0.03333333 -5.782352e-19 0.05)
(-0.02666667 0 0.05)
(-0.02000001 0 0.05)
(-0.0133333 0 0.05)
(-0.1 0.008 0.05)
(-0.09333333 0.008 0.05)
(-0.08666667 0.008 0.05)
(-0.08 0.008 0.05)
(-0.07333333 0.008 0.05)
(-0.06666667 0.008 0.05)
(-0.06 0.008 0.05)
(-0.05333333 0.008 0.05)
(-0.04666667 0.008 0.05)
(-0.04 0.008 0.05)
(-0.03333333 0.008 0.05)
(-0.02666667 0.008 0.05)
(-0.02000001 0.008 0.05)
(-0.0133333 0.008 0.05)
(-0.09666667 0.004 -0.045)
(-0.09 0.004 -0.045)
(-0.08333333 0.004 -0.045)
(-0.07666667 0.004 -0.045)
(-0.07 0.004 -0.045)
(-0.06333333 0.004 -0.045)
(-0.05666667 0.004 -0.045)
(-0.05 0.004 -0.045)
(-0.04333334 0.004 -0.045)
(-0.03666671 0.004 -0.04499999)
(-0.03000037 0.003999999 -0.04499986)
(-0.02333548 0.00399991 -0.04499904)
(-0.01667547 0.003993499 -0.04499423)
(-0.09666667 0.004 -0.035)
(-0.09666667 0.004 -0.025)
(-0.09666667 0.004 -0.015)
(-0.09666667 0.004 -0.005)
(-0.09666667 0.004 0.005)
(-0.09666667 0.004 0.015)
(-0.09666667 0.004 0.025)
(-0.09666667 0.004 0.035)
(-0.09666667 0.004 0.045)
(-0.09 0.004 0.045)
(-0.08333333 0.004 0.045)
(-0.07666667 0.004 0.045)
(-0.07 0.004 0.045)
(-0.06333333 0.004 0.045)
(-0.05666667 0.004 0.045)
(-0.05 0.004 0.045)
(-0.04333333 0.004 0.045)
(-0.03666671 0.004 0.045)
(-0.03000044 0.003999999 0.04500002)
(-0.02333628 0.003999947 0.04500007)
(-0.01667002 0.003996694 0.04499987)
(-0.09666667 0 -0.05)
(-0.1 0.004 -0.05)
(-0.1 0 -0.045)
(-0.09 0 -0.05)
(-0.09333333 0.004 -0.05)
(-0.09333333 0 -0.045)
(-0.08333333 0 -0.05)
(-0.08666667 0.004 -0.05)
(-0.08666667 0 -0.045)
(-0.07666667 0 -0.05)
(-0.08 0.004 -0.05)
(-0.08 0 -0.045)
(-0.07 0 -0.05)
(-0.07333333 0.004 -0.05)
(-0.07333333 0 -0.045)
(-0.06333333 0 -0.05)
(-0.06666667 0.004 -0.05)
(-0.06666667 0 -0.045)
(-0.05666667 -2.891191e-19 -0.05)
(-0.06 0.004 -0.05)
(-0.06 0 -0.045)
(-0.05 -2.891205e-19 -0.05)
(-0.05333333 0.004 -0.05)
(-0.05333333 -5.782381e-19 -0.045)
(-0.04333333 2.891219e-19 -0.05)
(-0.04666667 0.004 -0.05)
(-0.04666667 0 -0.045)
(-0.03666667 2.890976e-24 -0.05)
(-0.04 0.004 -0.05)
(-0.04000001 2.891162e-19 -0.045)
(-0.03 -2.891205e-19 -0.05)
(-0.03333336 0.004 -0.05)
(-0.03333343 -5.782059e-19 -0.04499996)
(-0.02333333 0 -0.05)
(-0.02666685 0.003999993 -0.05)
(-0.02666781 0 -0.04499968)
(-0.01666667 0 -0.05)
(-0.02000082 0.00399979 -0.05)
(-0.02000797 -2.913793e-19 -0.04499774)
(-0.0133333 0.004 -0.05)
(-0.0133333 0 -0.04499924)
(-0.09666667 0.008 -0.05)
(-0.1 0.008 -0.045)
(-0.09 0.008 -0.05)
(-0.09333333 0.008 -0.045)
(-0.08333333 0.008 -0.05)
(-0.08666667 0.008 -0.045)
(-0.07666667 0.008 -0.05)
(-0.08 0.008 -0.045)
(-0.07 0.008 -0.05)
(-0.07333333 0.008 -0.045)
(-0.06333333 0.008 -0.05)
(-0.06666667 0.008 -0.045)
(-0.05666667 0.008 -0.05)
(-0.06 0.008 -0.045)
(-0.05 0.008 -0.05)
(-0.05333333 0.008 -0.045)
(-0.04333333 0.008 -0.05)
(-0.04666667 0.008 -0.045)
(-0.03666667 0.008 -0.05)
(-0.04000001 0.008 -0.045)
(-0.03 0.008 -0.05)
(-0.03333342 0.008 -0.04499996)
(-0.02333333 0.008 -0.05)
(-0.02666715 0.008 -0.04499961)
(-0.01666667 0.008 -0.05)
(-0.02000177 0.008 -0.04499599)
(-0.0133333 0.008 -0.04499924)
(-0.09666667 0 -0.04)
(-0.1 0.004 -0.04)
(-0.1 0 -0.035)
(-0.09 0 -0.04)
(-0.09333333 0.004 -0.04)
(-0.09333333 0 -0.035)
(-0.08333333 0 -0.04)
(-0.08666667 0.004 -0.04)
(-0.07666667 0 -0.04)
(-0.08 0.004 -0.04)
(-0.07 0 -0.04)
(-0.07333333 0.004 -0.04)
(-0.06333333 0 -0.04)
(-0.06666667 0.004 -0.04)
(-0.05666667 -2.891195e-19 -0.04)
(-0.06 0.004 -0.04)
(-0.05 -2.891211e-19 -0.04)
(-0.05333333 0.004 -0.04)
(-0.04333334 0 -0.04)
(-0.04666667 0.004 -0.04)
(-0.03666671 -2.891029e-19 -0.03999998)
(-0.04000002 0.004 -0.03999999)
(-0.03000053 -2.891559e-19 -0.03999983)
(-0.03333355 0.004 -0.03999993)
(-0.02333699 -2.888382e-19 -0.03999847)
(-0.02666822 0.00400001 -0.03999949)
(-0.01670505 -2.913793e-19 -0.03999688)
(-0.02000738 0.004000586 -0.0399975)
(-0.0133333 0.004024354 -0.03999042)
(-0.0133333 0 -0.035)
(-0.09666667 0.008 -0.04)
(-0.1 0.008 -0.035)
(-0.09 0.008 -0.04)
(-0.09333333 0.008 -0.035)
(-0.08333333 0.008 -0.04)
(-0.07666667 0.008 -0.04)
(-0.07 0.008 -0.04)
(-0.06333333 0.008 -0.04)
(-0.05666667 0.008 -0.04)
(-0.05 0.008 -0.04)
(-0.04333334 0.008 -0.04)
(-0.03666672 0.008 -0.03999999)
(-0.03000053 0.008 -0.03999983)
(-0.02333623 0.008 -0.0399989)
(-0.01667154 0.008 -0.03999774)
(-0.0133333 0.008 -0.035)
(-0.09666667 0 -0.03)
(-0.1 0.004 -0.03)
(-0.1 0 -0.025)
(-0.09333333 0.004 -0.03)
(-0.09333333 0 -0.025)
(-0.0133333 0.004016115 -0.0300006)
(-0.0133333 0 -0.025)
(-0.09666667 0.008 -0.03)
(-0.1 0.008 -0.025)
(-0.09333333 0.008 -0.025)
(-0.0133333 0.008 -0.025)
(-0.09666667 0 -0.02)
(-0.1 0.004 -0.02)
(-0.1 0 -0.015)
(-0.09333333 0.004 -0.02)
(-0.09333333 0 -0.015)
(-0.0133333 0.003986779 -0.0200005)
(-0.0133333 0 -0.01503608)
(-0.09666667 0.008 -0.02)
(-0.1 0.008 -0.015)
(-0.09333333 0.008 -0.015)
(-0.0133333 0.008 -0.01499778)
(-0.09666667 0 -0.01)
(-0.1 0.004 -0.01)
(-0.1 0 -0.005)
(-0.09333333 0.004 -0.01)
(-0.09333333 0 -0.005)
(-0.0133333 0.004081272 -0.009991303)
(-0.0133333 0 -0.004963508)
(-0.09666667 0.008 -0.01)
(-0.1 0.008 -0.005)
(-0.09333333 0.008 -0.005)
(-0.0133333 0.008 -0.004999462)
(-0.09666667 0 0)
(-0.1 0.004 3.367062e-19)
(-0.1 0 0.005)
(-0.09333333 0.004 6.528319e-20)
(-0.09333333 0 0.005)
(-0.0133333 0.004136308 -2.28456e-06)
(-0.0133333 0 0.004963508)
(-0.09666667 0.008 0)
(-0.1 0.008 0.005)
(-0.09333333 0.008 0.005)
(-0.0133333 0.008 0.004999462)
(-0.09666667 0 0.01)
(-0.1 0.004 0.01)
(-0.1 0 0.015)
(-0.09333333 0.004 0.01)
(-0.09333333 0 0.015)
(-0.0133333 0.00412431 0.00998905)
(-0.0133333 0 0.01503608)
(-0.09666667 0.008 0.01)
(-0.1 0.008 0.015)
(-0.09333333 0.008 0.015)
(-0.0133333 0.008 0.01499778)
(-0.09666667 0 0.02)
(-0.1 0.004 0.02)
(-0.1 0 0.025)
(-0.09333333 0.004 0.02)
(-0.09333333 0 0.025)
(-0.0133333 0.004019563 0.01999587)
(-0.0133333 0 0.025)
(-0.09666667 0.008 0.02)
(-0.1 0.008 0.025)
(-0.09333333 0.008 0.025)
(-0.0133333 0.008 0.025)
(-0.09666667 0 0.03)
(-0.1 0.004 0.03)
(-0.1 0 0.035)
(-0.09333333 0.004 0.03)
(-0.09333333 0 0.035)
(-0.0133333 0.004008939 0.02999745)
(-0.0133333 0 0.035)
(-0.09666667 0.008 0.03)
(-0.1 0.008 0.035)
(-0.09333333 0.008 0.035)
(-0.0133333 0.008 0.035)
(-0.09666667 0 0.04)
(-0.1 0.004 0.04)
(-0.1 0 0.045)
(-0.09 0 0.04)
(-0.09333333 0.004 0.04)
(-0.09333333 0 0.045)
(-0.08333333 0 0.04)
(-0.08666667 0.004 0.04)
(-0.08666667 0 0.045)
(-0.07666667 0 0.04)
(-0.08 0.004 0.04)
(-0.08 0 0.045)
(-0.07 0 0.04)
(-0.07333333 0.004 0.04)
(-0.07333333 0 0.045)
(-0.06333333 0 0.04)
(-0.06666667 0.004 0.04)
(-0.06666667 0 0.045)
(-0.05666667 -2.891186e-19 0.04)
(-0.06 0.004 0.04)
(-0.06 0 0.045)
(-0.05 -2.891195e-19 0.04)
(-0.05333333 0.004 0.04)
(-0.05333333 -5.78239e-19 0.045)
(-0.04333334 2.891211e-19 0.04)
(-0.04666667 0.004 0.04)
(-0.04666667 3.308722e-24 0.045)
(-0.03666674 0 0.04000002)
(-0.04000001 0.004 0.04)
(-0.04000001 5.78239e-19 0.045)
(-0.03000088 -1.058791e-22 0.04000009)
(-0.03333354 0.004 0.04000001)
(-0.03333351 -5.781e-19 0.04500003)
(-0.02333999 2.896853e-19 0.04000008)
(-0.02666852 0.003999995 0.04000002)
(-0.02666818 2.888382e-19 0.04500011)
(-0.0166589 0 0.04000388)
(-0.02000513 0.003999599 0.03999864)
(-0.02000827 0 0.04500096)
(-0.0133333 0.003978921 0.04000074)
(-0.0133333 0 0.04499924)
(-0.09666667 0.008 0.04)
(-0.1 0.008 0.045)
(-0.09 0.008 0.04)
(-0.09333333 0.008 0.045)
(-0.08333333 0.008 0.04)
(-0.08666667 0.008 0.045)
(-0.07666667 0.008 0.04)
(-0.08 0.008 0.045)
(-0.07 0.008 0.04)
(-0.07333333 0.008 0.045)
(-0.06333333 0.008 0.04)
(-0.06666667 0.008 0.045)
(-0.05666667 0.008 0.04)
(-0.06 0.008 0.045)
(-0.05 0.008 0.04)
(-0.05333333 0.008 0.045)
(-0.04333333 0.008 0.04)
(-0.04666667 0.008 0.045)
(-0.03666666 0.008 0.03999999)
(-0.04 0.008 0.045)
(-0.03000015 0.008 0.03999996)
(-0.03333337 0.008 0.04499999)
(-0.02333895 0.008 0.04)
(-0.02666726 0.008 0.045)
(-0.01667407 0.008 0.0400041)
(-0.02000705 0.008 0.04500171)
(-0.0133333 0.008 0.04499924)
(-0.09666667 0 0.05)
(-0.1 0.004 0.05)
(-0.09 0 0.05)
(-0.09333333 0.004 0.05)
(-0.08333333 0 0.05)
(-0.08666667 0.004 0.05)
(-0.07666667 0 0.05)
(-0.08 0.004 0.05)
(-0.07 0 0.05)
(-0.07333333 0.004 0.05)
(-0.06333333 0 0.05)
(-0.06666667 0.004 0.05)
(-0.05666667 -2.891191e-19 0.05)
(-0.06 0.004 0.05)
(-0.05 -2.891205e-19 0.05)
(-0.05333333 0.004 0.05)
(-0.04333333 2.891219e-19 0.05)
(-0.04666667 0.004 0.05)
(-0.03666667 2.890976e-24 0.05)
(-0.04 0.004 0.05)
(-0.03 -2.891205e-19 0.05)
(-0.03333337 0.004 0.05)
(-0.02333333 0 0.05)
(-0.0266669 0.003999995 0.05)
(-0.01666667 0 0.05)
(-0.02000083 0.003999881 0.05)
(-0.0133333 0.004 0.05)
(-0.09666667 0.008 0.05)
(-0.09 0.008 0.05)
(-0.08333333 0.008 0.05)
(-0.07666667 0.008 0.05)
(-0.07 0.008 0.05)
(-0.06333333 0.008 0.05)
(-0.05666667 0.008 0.05)
(-0.05 0.008 0.05)
(-0.04333333 0.008 0.05)
(-0.03666667 0.008 0.05)
(-0.03 0.008 0.05)
(-0.02333333 0.008 0.05)
(-0.01666667 0.008 0.05)
(-0.09666667 0 -0.045)
(-0.09 0 -0.045)
(-0.08333333 0 -0.045)
(-0.07666667 0 -0.045)
(-0.07 0 -0.045)
(-0.06333333 0 -0.045)
(-0.05666667 -2.891191e-19 -0.045)
(-0.05 -2.891203e-19 -0.045)
(-0.04333333 0 -0.045)
(-0.03666669 0 -0.04499999)
(-0.03000036 -2.891559e-19 -0.04499988)
(-0.02333641 -2.888382e-19 -0.04499945)
(-0.01670448 -3.388132e-21 -0.04499576)
(-0.09333333 0.004 -0.045)
(-0.09666667 0.008 -0.045)
(-0.09666667 0.004 -0.04)
(-0.08666667 0.004 -0.045)
(-0.09 0.008 -0.045)
(-0.09 0.004 -0.04)
(-0.08 0.004 -0.045)
(-0.08333333 0.008 -0.045)
(-0.08333333 0.004 -0.04)
(-0.07333333 0.004 -0.045)
(-0.07666667 0.008 -0.045)
(-0.07666667 0.004 -0.04)
(-0.06666667 0.004 -0.045)
(-0.07 0.008 -0.045)
(-0.07 0.004 -0.04)
(-0.06 0.004 -0.045)
(-0.06333333 0.008 -0.045)
(-0.06333333 0.004 -0.04)
(-0.05333333 0.004 -0.045)
(-0.05666667 0.008 -0.045)
(-0.05666667 0.004 -0.04)
(-0.04666667 0.004 -0.045)
(-0.05 0.008 -0.045)
(-0.05 0.004 -0.04)
(-0.04000001 0.004 -0.045)
(-0.04333333 0.008 -0.045)
(-0.04333334 0.004 -0.04)
(-0.03333346 0.004 -0.04499995)
(-0.03666669 0.008 -0.04499999)
(-0.03666674 0.004 -0.03999998)
(-0.0266676 0.00399999 -0.04499962)
(-0.03000025 0.008 -0.04499988)
(-0.03000063 0.004000001 -0.03999981)
(-0.02000483 0.003999224 -0.04499723)
(-0.02333403 0.008 -0.0449989)
(-0.02333685 0.004000082 -0.03999874)
(-0.0133333 0.003973416 -0.04498645)
(-0.01666224 0.008 -0.04499416)
(-0.0166776 0.004005714 -0.03999522)
(-0.09666667 0 -0.035)
(-0.09333333 0.004 -0.035)
(-0.09666667 0.008 -0.035)
(-0.09666667 0.004 -0.03)
(-0.0133333 0.003997628 -0.03499513)
(-0.09666667 0 -0.025)
(-0.09333333 0.004 -0.025)
(-0.09666667 0.008 -0.025)
(-0.09666667 0.004 -0.02)
(-0.0133333 0.003995709 -0.0250007)
(-0.09666667 0 -0.015)
(-0.09333333 0.004 -0.015)
(-0.09666667 0.008 -0.015)
(-0.09666667 0.004 -0.01)
(-0.0133333 0.004017435 -0.01498751)
(-0.09666667 0 -0.005)
(-0.09333333 0.004 -0.005)
(-0.09666667 0.008 -0.005)
(-0.09666667 0.004 2.496599e-19)
(-0.0133333 0.004152176 -0.004998215)
(-0.09666667 0 0.005)
(-0.09333333 0.004 0.005)
(-0.09666667 0.008 0.005)
(-0.09666667 0.004 0.01)
(-0.0133333 0.004150064 0.004991998)
(-0.09666667 0 0.015)
(-0.09333333 0.004 0.015)
(-0.09666667 0.008 0.015)
(-0.09666667 0.004 0.02)
(-0.0133333 0.004062047 0.01498123)
(-0.09666667 0 0.025)
(-0.09333333 0.004 0.025)
(-0.09666667 0.008 0.025)
(-0.09666667 0.004 0.03)
(-0.0133333 0.004000749 0.02500163)
(-0.09666667 0 0.035)
(-0.09333333 0.004 0.035)
(-0.09666667 0.008 0.035)
(-0.09666667 0.004 0.04)
(-0.09 0.004 0.04)
(-0.08333333 0.004 0.04)
(-0.07666667 0.004 0.04)
(-0.07 0.004 0.04)
(-0.06333333 0.004 0.04)
(-0.05666667 0.004 0.04)
(-0.05 0.004 0.04)
(-0.04333333 0.004 0.04)
(-0.03666672 0.004 0.04)
(-0.03000064 0.004 0.04000002)
(-0.02333817 0.003999972 0.03999987)
(-0.0133333 0.004049034 0.0349988)
(-0.01666738 0.003995384 0.04000195)
(-0.09666667 0 0.045)
(-0.09 0 0.045)
(-0.08333333 0 0.045)
(-0.07666667 0 0.045)
(-0.07 0 0.045)
(-0.06333333 0 0.045)
(-0.05666667 -2.891191e-19 0.045)
(-0.05 -2.891211e-19 0.045)
(-0.04333333 2.891228e-19 0.045)
(-0.03666671 0 0.04500001)
(-0.03000055 -2.891559e-19 0.04500007)
(-0.02333745 2.896853e-19 0.04500059)
(-0.01666444 0 0.04499767)
(-0.09333333 0.004 0.045)
(-0.09666667 0.008 0.045)
(-0.08666667 0.004 0.045)
(-0.09 0.008 0.045)
(-0.08 0.004 0.045)
(-0.08333333 0.008 0.045)
(-0.07333333 0.004 0.045)
(-0.07666667 0.008 0.045)
(-0.06666667 0.004 0.045)
(-0.07 0.008 0.045)
(-0.06 0.004 0.045)
(-0.06333333 0.008 0.045)
(-0.05333333 0.004 0.045)
(-0.05666667 0.008 0.045)
(-0.04666667 0.004 0.045)
(-0.05 0.008 0.045)
(-0.04000001 0.004 0.045)
(-0.04333333 0.008 0.045)
(-0.03333348 0.004 0.04500001)
(-0.03666667 0.008 0.045)
(-0.02666787 0.003999992 0.04500004)
(-0.03000018 0.008 0.04499999)
(-0.02000549 0.003999503 0.04500054)
(-0.02333497 0.008 0.04499947)
(-0.0133333 0.003989443 0.04500081)
(-0.01668146 0.008 0.0449962)
(-0.1 0.004 -0.045)
(-0.1 0.004 -0.035)
(-0.1 0.004 -0.025)
(-0.1 0.004 -0.015)
(-0.1 0.004 -0.005)
(-0.1 0.004 0.005)
(-0.1 0.004 0.015)
(-0.1 0.004 0.025)
(-0.1 0.004 0.035)
(-0.1 0.004 0.045)
(-0.09666667 0.004 -0.05)
(-0.09 0.004 -0.05)
(-0.08333333 0.004 -0.05)
(-0.07666667 0.004 -0.05)
(-0.07 0.004 -0.05)
(-0.06333333 0.004 -0.05)
(-0.05666667 0.004 -0.05)
(-0.05 0.004 -0.05)
(-0.04333333 0.004 -0.05)
(-0.03666668 0.004 -0.05)
(-0.03000008 0.003999999 -0.05)
(-0.02333374 0.003999959 -0.05)
(-0.01666776 0.003999222 -0.05)
(-0.09666667 0.004 0.05)
(-0.09 0.004 0.05)
(-0.08333333 0.004 0.05)
(-0.07666667 0.004 0.05)
(-0.07 0.004 0.05)
(-0.06333333 0.004 0.05)
(-0.05666667 0.004 0.05)
(-0.05 0.004 0.05)
(-0.04333333 0.004 0.05)
(-0.03666668 0.004 0.05)
(-0.03000009 0.003999999 0.05)
(-0.02333385 0.003999976 0.05)
(-0.01666713 0.00399961 0.05)
(-0.09 0.004 -0.035)
(-0.08333333 0.004 -0.035)
(-0.07666667 0.004 -0.035)
(-0.07 0.004 -0.035)
(-0.06333333 0.004 -0.035)
(-0.05666667 0.004 -0.035)
(-0.05 0.004 -0.035)
(-0.04333334 0.004 -0.035)
(-0.03666676 0.004 -0.03499998)
(-0.03000078 0.004000002 -0.03499985)
(-0.02333734 0.004000052 -0.03499926)
(-0.01666822 0.004000357 -0.03499664)
(-0.09 0.004 -0.025)
(-0.08333333 0.004 -0.025)
(-0.07666667 0.004 -0.025)
(-0.07 0.004 -0.025)
(-0.06333333 0.004 -0.025)
(-0.05666667 0.004 -0.025)
(-0.05 0.004 -0.025)
(-0.04333334 0.004 -0.025)
(-0.03666674 0.004 -0.025)
(-0.03000064 0.004000006 -0.025)
(-0.02333643 0.004000114 -0.02500011)
(-0.01667794 0.003999558 -0.02499994)
(-0.09 0.004 -0.015)
(-0.08333333 0.004 -0.015)
(-0.07666667 0.004 -0.015)
(-0.07 0.004 -0.015)
(-0.06333333 0.004 -0.015)
(-0.05666667 0.004 -0.015)
(-0.05 0.004 -0.015)
(-0.04333333 0.004 -0.015)
(-0.03666658 0.004000002 -0.01500001)
(-0.02999899 0.004000049 -0.01500008)
(-0.02332778 0.004001724 -0.01500071)
(-0.01665713 0.004046013 -0.0150032)
(-0.09 0.004 -0.005)
(-0.08333333 0.004 -0.005)
(-0.07666667 0.004 -0.005)
(-0.07 0.004 -0.005)
(-0.06333333 0.004 -0.005)
(-0.05666667 0.004 -0.005)
(-0.05 0.004 -0.005)
(-0.04333331 0.004 -0.005000001)
(-0.0366663 0.004000003 -0.005000009)
(-0.02999625 0.004000123 -0.005000082)
(-0.02330988 0.00400495 -0.005000341)
(-0.01656141 0.004165336 -0.004999599)
(-0.09 0.004 0.005)
(-0.08333333 0.004 0.005)
(-0.07666667 0.004 0.005)
(-0.07 0.004 0.005)
(-0.06333333 0.004 0.005)
(-0.05666667 0.004 0.005)
(-0.05 0.004 0.005)
(-0.04333331 0.004 0.005)
(-0.03666626 0.004000003 0.004999993)
(-0.02999586 0.004000125 0.004999929)
(-0.0233075 0.004005011 0.004999504)
(-0.01656509 0.004166074 0.004996911)
(-0.09 0.004 0.015)
(-0.08333333 0.004 0.015)
(-0.07666667 0.004 0.015)
(-0.07 0.004 0.015)
(-0.06333333 0.004 0.015)
(-0.05666667 0.004 0.015)
(-0.05 0.004 0.015)
(-0.04333332 0.004 0.015)
(-0.03666652 0.004000002 0.015)
(-0.02999867 0.004000057 0.01499995)
(-0.02332678 0.004002037 0.01499964)
(-0.01667104 0.004060446 0.01499705)
(-0.09 0.004 0.025)
(-0.08333333 0.004 0.025)
(-0.07666667 0.004 0.025)
(-0.07 0.004 0.025)
(-0.06333333 0.004 0.025)
(-0.05666667 0.004 0.025)
(-0.05 0.004 0.025)
(-0.04333333 0.004 0.025)
(-0.03666668 0.004000001 0.025)
(-0.03000016 0.004000009 0.02499995)
(-0.02333489 0.004000216 0.02499972)
(-0.01666357 0.004002193 0.0250014)
(-0.09 0.004 0.035)
(-0.08333333 0.004 0.035)
(-0.07666667 0.004 0.035)
(-0.07 0.004 0.035)
(-0.06333333 0.004 0.035)
(-0.05666667 0.004 0.035)
(-0.05 0.004 0.035)
(-0.04333333 0.004 0.035)
(-0.03666672 0.004 0.035)
(-0.03000058 0.004000004 0.03499998)
(-0.02333689 0.004000225 0.03500002)
(-0.01666762 0.004013385 0.03500104)
(-0.08666667 6.34118e-24 -0.035)
(-0.08 5.782399e-19 -0.035)
(-0.07333333 0 -0.035)
(-0.06666667 0 -0.035)
(-0.06 0 -0.035)
(-0.05333333 -5.78239e-19 -0.035)
(-0.04666667 2.895132e-24 -0.035)
(-0.04000002 2.891294e-19 -0.035)
(-0.03333355 -5.781e-19 -0.03499996)
(-0.0266684 -2.896853e-19 -0.03499971)
(-0.02000802 -5.759824e-19 -0.03499868)
(-0.08666667 0.008 -0.035)
(-0.08 0.008 -0.035)
(-0.07333333 0.008 -0.035)
(-0.06666667 0.008 -0.035)
(-0.06 0.008 -0.035)
(-0.05333333 0.008 -0.035)
(-0.04666667 0.008 -0.035)
(-0.04000002 0.008 -0.035)
(-0.03333356 0.008 -0.03499995)
(-0.02666819 0.008 -0.03499956)
(-0.02001067 0.008 -0.03499904)
(-0.09 0 -0.03)
(-0.08333333 5.78243e-19 -0.03)
(-0.08666667 0.004 -0.03)
(-0.08666667 0 -0.025)
(-0.07666667 5.782429e-19 -0.03)
(-0.08 0.004 -0.03)
(-0.08 5.782397e-19 -0.025)
(-0.07 0 -0.03)
(-0.07333333 0.004 -0.03)
(-0.07333333 5.673942e-24 -0.025)
(-0.06333333 0 -0.03)
(-0.06666667 0.004 -0.03)
(-0.06666667 0 -0.025)
(-0.05666667 -2.891191e-19 -0.03)
(-0.06 0.004 -0.03)
(-0.06 0 -0.025)
(-0.05 -2.891195e-19 -0.03)
(-0.05333333 0.004 -0.03)
(-0.05333333 -5.782381e-19 -0.025)
(-0.04333334 2.891228e-19 -0.03)
(-0.04666667 0.004 -0.03)
(-0.04666667 3.308722e-24 -0.025)
(-0.03666675 0 -0.03)
(-0.04000003 0.004 -0.03)
(-0.04000002 5.782323e-19 -0.025)
(-0.0300009 -5.783117e-19 -0.02999999)
(-0.03333364 0.004000001 -0.02999997)
(-0.03333359 -5.781e-19 -0.02500001)
(-0.02333919 -5.785235e-19 -0.03000016)
(-0.02666864 0.004000016 -0.02999985)
(-0.0266691 -2.891294e-19 -0.02500012)
(-0.0167016 -2.913793e-19 -0.02999961)
(-0.02000725 0.004000611 -0.02999965)
(-0.02001878 -2.913793e-19 -0.02500093)
(-0.09 0.008 -0.03)
(-0.08333333 0.008 -0.03)
(-0.08666667 0.008 -0.025)
(-0.07666667 0.008 -0.03)
(-0.08 0.008 -0.025)
(-0.07 0.008 -0.03)
(-0.07333333 0.008 -0.025)
(-0.06333333 0.008 -0.03)
(-0.06666667 0.008 -0.025)
(-0.05666667 0.008 -0.03)
(-0.06 0.008 -0.025)
(-0.05 0.008 -0.03)
(-0.05333333 0.008 -0.025)
(-0.04333334 0.008 -0.03)
(-0.04666667 0.008 -0.025)
(-0.03666673 0.008 -0.02999999)
(-0.04000001 0.008 -0.025)
(-0.03000056 0.008 -0.02999988)
(-0.03333348 0.008 -0.02499998)
(-0.02333688 0.008 -0.02999946)
(-0.0266676 0.008 -0.02499986)
(-0.0166389 0.008 -0.02999624)
(-0.02000103 0.008 -0.02499941)
(-0.09 0 -0.02)
(-0.08333333 0 -0.02)
(-0.08666667 0.004 -0.02)
(-0.08666667 0 -0.015)
(-0.07666667 5.169879e-26 -0.02)
(-0.08 0.004 -0.02)
(-0.08 0 -0.015)
(-0.07 0 -0.02)
(-0.07333333 0.004 -0.02)
(-0.07333333 0 -0.015)
(-0.06333333 0 -0.02)
(-0.06666667 0.004 -0.02)
(-0.06666667 0 -0.015)
(-0.05666667 -2.891191e-19 -0.02)
(-0.06 0.004 -0.02)
(-0.06 0 -0.015)
(-0.05 -2.891211e-19 -0.02)
(-0.05333333 0.004 -0.02)
(-0.05333333 -5.782381e-19 -0.015)
(-0.04333334 2.89122e-19 -0.02)
(-0.04666667 0.004 -0.02)
(-0.04666667 3.308722e-24 -0.015)
(-0.03666667 0 -0.02)
(-0.04000001 0.004 -0.02)
(-0.03999997 5.782588e-19 -0.015)
(-0.02999978 -2.8905e-19 -0.02000007)
(-0.03333335 0.004000004 -0.02000001)
(-0.03333272 -5.782059e-19 -0.01500002)
(-0.02333177 0 -0.02000048)
(-0.02666656 0.004000095 -0.02000015)
(-0.026661 0 -0.01500023)
(-0.016657 0 -0.02000097)
(-0.01999801 0.004002089 -0.02000197)
(-0.01997805 0 -0.01500338)
(-0.09 0.008 -0.02)
(-0.08333333 0.008 -0.02)
(-0.08666667 0.008 -0.015)
(-0.07666667 0.008 -0.02)
(-0.08 0.008 -0.015)
(-0.07 0.008 -0.02)
(-0.07333333 0.008 -0.015)
(-0.06333333 0.008 -0.02)
(-0.06666667 0.008 -0.015)
(-0.05666667 0.008 -0.02)
(-0.06 0.008 -0.015)
(-0.05 0.008 -0.02)
(-0.05333333 0.008 -0.015)
(-0.04333333 0.008 -0.02)
(-0.04666667 0.008 -0.015)
(-0.0366667 0.008 -0.02)
(-0.04000001 0.008 -0.015)
(-0.03000036 0.008 -0.02000001)
(-0.03333353 0.008 -0.01500002)
(-0.02333725 0.008 -0.02000013)
(-0.02666805 0.008 -0.0150001)
(-0.01666561 0.008 -0.02000216)
(-0.02000578 0.008 -0.01500084)
(-0.09 0 -0.01)
(-0.08333333 0 -0.01)
(-0.08666667 0.004 -0.01)
(-0.08666667 0 -0.005)
(-0.07666667 0 -0.01)
(-0.08 0.004 -0.01)
(-0.08 0 -0.005)
(-0.07 0 -0.01)
(-0.07333333 0.004 -0.01)
(-0.07333333 0 -0.005)
(-0.06333333 0 -0.01)
(-0.06666667 0.004 -0.01)
(-0.06666667 0 -0.005)
(-0.05666667 -2.891191e-19 -0.01)
(-0.06 0.004 -0.01)
(-0.06 0 -0.005)
(-0.05 -2.891211e-19 -0.01)
(-0.05333333 0.004 -0.01)
(-0.05333333 -5.782381e-19 -0.005)
(-0.04333332 2.891228e-19 -0.01)
(-0.04666666 0.004 -0.01)
(-0.04666666 0 -0.005)
(-0.0366663 -5.293956e-23 -0.01000001)
(-0.03999994 0.004000001 -0.01)
(-0.03999987 5.782191e-19 -0.005000002)
(-0.0299954 -2.887324e-19 -0.0100001)
(-0.03333255 0.004000015 -0.01000003)
(-0.03333113 -5.78047e-19 -0.00500004)
(-0.02330399 0 -0.01000067)
(-0.0266607 0.004000576 -0.01000021)
(-0.02664631 0 -0.005000351)
(-0.01662475 0 -0.0100133)
(-0.01997691 0.004023004 -0.01000055)
(-0.01990123 0 -0.005003935)
(-0.09 0.008 -0.01)
(-0.08333333 0.008 -0.01)
(-0.08666667 0.008 -0.005)
(-0.07666667 0.008 -0.01)
(-0.08 0.008 -0.005)
(-0.07 0.008 -0.01)
(-0.07333333 0.008 -0.005)
(-0.06333333 0.008 -0.01)
(-0.06666667 0.008 -0.005)
(-0.05666667 0.008 -0.01)
(-0.06 0.008 -0.005)
(-0.05 0.008 -0.01)
(-0.05333333 0.008 -0.005)
(-0.04333334 0.008 -0.01)
(-0.04666667 0.008 -0.005)
(-0.03666676 0.008 -0.01000001)
(-0.04000003 0.008 -0.005000001)
(-0.03000092 0.008 -0.01000005)
(-0.03333372 0.008 -0.005000005)
(-0.02333953 0.008 -0.01000022)
(-0.02666962 0.008 -0.005000027)
(-0.01671801 0.008 -0.009999888)
(-0.02000737 0.008 -0.004999149)
(-0.09 0 0)
(-0.08333333 0 -1.980818e-18)
(-0.08666667 0.004 -4.460255e-18)
(-0.08666667 0 0.005)
(-0.07666667 0 -2.688821e-17)
(-0.08 0.004 -1.124656e-16)
(-0.08 0 0.005)
(-0.07 0 -9.020562e-16)
(-0.07333333 0.004 -2.312034e-15)
(-0.07333333 0 0.005)
(-0.06333333 0 -3.969047e-14)
(-0.06666667 0.004 -3.727989e-14)
(-0.06666667 0 0.005)
(-0.05666667 -2.891191e-19 -1.151888e-12)
(-0.06 0.004 -4.276835e-13)
(-0.06 0 0.005)
(-0.05 -2.891195e-19 -2.894774e-11)
(-0.05333333 0.004 -5.234413e-12)
(-0.05333333 -5.782381e-19 0.005)
(-0.0433333 2.891294e-19 -7.554899e-10)
(-0.04666666 0.004 -1.214659e-10)
(-0.04666666 6.617445e-24 0.005)
(-0.03666599 -1.124966e-22 -1.533085e-08)
(-0.03999989 0.004000001 -2.334647e-09)
(-0.03999986 5.782059e-19 0.004999996)
(-0.02999154 -2.884147e-19 -1.853342e-07)
(-0.03333184 0.004000021 -2.812137e-08)
(-0.03333101 -5.78047e-19 0.004999935)
(-0.02327377 0 -1.296359e-06)
(-0.02665455 0.004000834 -2.148524e-07)
(-0.02664521 0 0.004999414)
(-0.01656026 0 -6.330645e-06)
(-0.01993781 0.004033065 -8.54734e-07)
(-0.01989162 0 0.004999441)
(-0.09 0.008 0)
(-0.08333333 0.008 -1.387779e-17)
(-0.08666667 0.008 0.005)
(-0.07666667 0.008 -3.747003e-16)
(-0.08 0.008 0.005)
(-0.07 0.008 -8.59729e-15)
(-0.07333333 0.008 0.005)
(-0.06333333 0.008 -1.198625e-13)
(-0.06666667 0.008 0.005)
(-0.05666667 0.008 -2.753284e-13)
(-0.06 0.008 0.005)
(-0.05 0.008 1.187938e-11)
(-0.05333333 0.008 0.005)
(-0.04333334 0.008 2.039121e-10)
(-0.04666667 0.008 0.005)
(-0.03666677 0.008 4.214512e-09)
(-0.04000002 0.008 0.005000002)
(-0.03000105 0.008 5.280497e-08)
(-0.03333359 0.008 0.00500003)
(-0.02334093 0.008 5.845791e-07)
(-0.02666888 0.008 0.005000278)
(-0.01668923 0.008 3.593392e-06)
(-0.02000726 0.008 0.005001733)
(-0.09 0 0.01)
(-0.08333333 0 0.01)
(-0.08666667 0.004 0.01)
(-0.08666667 0 0.015)
(-0.07666667 0 0.01)
(-0.08 0.004 0.01)
(-0.08 0 0.015)
(-0.07 0 0.01)
(-0.07333333 0.004 0.01)
(-0.07333333 0 0.015)
(-0.06333333 0 0.01)
(-0.06666667 0.004 0.01)
(-0.06666667 0 0.015)
(-0.05666667 -2.891191e-19 0.01)
(-0.06 0.004 0.01)
(-0.06 0 0.015)
(-0.05 -2.891228e-19 0.01)
(-0.05333333 0.004 0.01)
(-0.05333333 -5.78239e-19 0.015)
(-0.04333331 2.891294e-19 0.009999999)
(-0.04666666 0.004 0.01)
(-0.04666666 0 0.015)
(-0.03666624 -1.058791e-22 0.009999984)
(-0.03999992 0.004000001 0.009999999)
(-0.03999995 5.782323e-19 0.015)
(-0.0299949 -2.888382e-19 0.009999816)
(-0.03333238 0.004000016 0.009999983)
(-0.03333248 -5.781e-19 0.01499995)
(-0.02330156 0 0.009998911)
(-0.02665948 0.004000615 0.009999865)
(-0.02665978 0 0.0149996)
(-0.01661634 0 0.01000934)
(-0.01997065 0.004024867 0.009999414)
(-0.01997815 0 0.01499939)
(-0.09 0.008 0.01)
(-0.08333333 0.008 0.01)
(-0.08666667 0.008 0.015)
(-0.07666667 0.008 0.01)
(-0.08 0.008 0.015)
(-0.07 0.008 0.01)
(-0.07333333 0.008 0.015)
(-0.06333333 0.008 0.01)
(-0.06666667 0.008 0.015)
(-0.05666667 0.008 0.01)
(-0.06 0.008 0.015)
(-0.05 0.008 0.01)
(-0.05333333 0.008 0.015)
(-0.04333334 0.008 0.01)
(-0.04666667 0.008 0.015)
(-0.03666673 0.008 0.01000001)
(-0.04000001 0.008 0.015)
(-0.03000061 0.008 0.01000011)
(-0.03333355 0.008 0.01500003)
(-0.02333694 0.008 0.01000077)
(-0.02666847 0.008 0.0150002)
(-0.01664124 0.008 0.01000232)
(-0.02000687 0.008 0.01499985)
(-0.09 0 0.02)
(-0.08333333 0 0.02)
(-0.08666667 0.004 0.02)
(-0.08666667 0 0.025)
(-0.07666667 0 0.02)
(-0.08 0.004 0.02)
(-0.08 0 0.025)
(-0.07 0 0.02)
(-0.07333333 0.004 0.02)
(-0.07333333 0 0.025)
(-0.06333333 0 0.02)
(-0.06666667 0.004 0.02)
(-0.06666667 0 0.025)
(-0.05666667 -2.891186e-19 0.02)
(-0.06 0.004 0.02)
(-0.06 0 0.025)
(-0.05 -2.891195e-19 0.02)
(-0.05333333 0.004 0.02)
(-0.05333333 -5.78239e-19 0.025)
(-0.04333333 2.891162e-19 0.02)
(-0.04666667 0.004 0.02)
(-0.04666667 0 0.025)
(-0.03666657 -2.646978e-23 0.01999999)
(-0.03999999 0.004 0.02)
(-0.03999999 5.7824e-19 0.025)
(-0.02999892 -2.888382e-19 0.01999988)
(-0.0333332 0.004000004 0.01999998)
(-0.0333333 -5.782059e-19 0.02499998)
(-0.02332822 0 0.01999927)
(-0.02666613 0.004000132 0.0199999)
(-0.02666637 0 0.02499983)
(-0.01665691 0 0.01999688)
(-0.01999925 0.004003572 0.02000011)
(-0.02000176 0 0.02499914)
(-0.09 0.008 0.02)
(-0.08333333 0.008 0.02)
(-0.08666667 0.008 0.025)
(-0.07666667 0.008 0.02)
(-0.08 0.008 0.025)
(-0.07 0.008 0.02)
(-0.07333333 0.008 0.025)
(-0.06333333 0.008 0.02)
(-0.06666667 0.008 0.025)
(-0.05666667 0.008 0.02)
(-0.06 0.008 0.025)
(-0.05 0.008 0.02)
(-0.05333333 0.008 0.025)
(-0.04333334 0.008 0.02)
(-0.04666667 0.008 0.025)
(-0.03666672 0.008 0.02)
(-0.04000001 0.008 0.025)
(-0.0300007 0.008 0.02000004)
(-0.03333346 0.008 0.02499999)
(-0.02333861 0.008 0.02000034)
(-0.02666739 0.008 0.02500004)
(-0.01670357 0.008 0.01999655)
(-0.02000689 0.008 0.025)
(-0.09 0 0.03)
(-0.08333333 0 0.03)
(-0.08666667 0.004 0.03)
(-0.08666667 0 0.035)
(-0.07666667 0 0.03)
(-0.08 0.004 0.03)
(-0.08 0 0.035)
(-0.07 0 0.03)
(-0.07333333 0.004 0.03)
(-0.07333333 0 0.035)
(-0.06333333 0 0.03)
(-0.06666667 0.004 0.03)
(-0.06666667 0 0.035)
(-0.05666667 -2.891186e-19 0.03)
(-0.06 0.004 0.03)
(-0.06 0 0.035)
(-0.05 -2.891195e-19 0.03)
(-0.05333333 0.004 0.03)
(-0.05333333 -5.78239e-19 0.035)
(-0.04333333 2.891228e-19 0.03)
(-0.04666667 0.004 0.03)
(-0.04666667 0 0.035)
(-0.03666671 0 0.03)
(-0.04000001 0.004 0.03)
(-0.04000001 5.782588e-19 0.035)
(-0.03000069 -2.891559e-19 0.02999997)
(-0.03333348 0.004000001 0.02999998)
(-0.03333362 -5.782059e-19 0.03500002)
(-0.02333767 0 0.02999965)
(-0.02666769 0.004000027 0.02999987)
(-0.02666948 2.888382e-19 0.03500001)
(-0.01670204 0 0.03000491)
(-0.02000468 0.004000773 0.03000037)
(-0.02000657 0 0.03499888)
(-0.09 0.008 0.03)
(-0.08333333 0.008 0.03)
(-0.08666667 0.008 0.035)
(-0.07666667 0.008 0.03)
(-0.08 0.008 0.035)
(-0.07 0.008 0.03)
(-0.07333333 0.008 0.035)
(-0.06333333 0.008 0.03)
(-0.06666667 0.008 0.035)
(-0.05666667 0.008 0.03)
(-0.06 0.008 0.035)
(-0.05 0.008 0.03)
(-0.05333333 0.008 0.035)
(-0.04333333 0.008 0.03)
(-0.04666667 0.008 0.035)
(-0.03666667 0.008 0.02999999)
(-0.03999999 0.008 0.035)
(-0.03000009 0.008 0.02999995)
(-0.03333334 0.008 0.03499997)
(-0.0233328 0.008 0.02999965)
(-0.02666662 0.008 0.03499987)
(-0.01664332 0.008 0.02999866)
(-0.01998949 0.008 0.03500238)
(-0.09 0 -0.035)
(-0.08333333 5.782399e-19 -0.035)
(-0.07666667 2.895132e-24 -0.035)
(-0.07 0 -0.035)
(-0.06333333 0 -0.035)
(-0.05666667 -2.891186e-19 -0.035)
(-0.05 -2.891228e-19 -0.035)
(-0.04333334 2.891162e-19 -0.035)
(-0.03666673 -2.891559e-19 -0.03499999)
(-0.03000071 -5.783117e-19 -0.0349999)
(-0.02333602 -2.888382e-19 -0.03499951)
(-0.0166496 -2.846031e-19 -0.03499462)
(-0.08666667 0.004 -0.035)
(-0.09 0.008 -0.035)
(-0.09 0.004 -0.03)
(-0.08 0.004 -0.035)
(-0.08333333 0.008 -0.035)
(-0.08333333 0.004 -0.03)
(-0.07333333 0.004 -0.035)
(-0.07666667 0.008 -0.035)
(-0.07666667 0.004 -0.03)
(-0.06666667 0.004 -0.035)
(-0.07 0.008 -0.035)
(-0.07 0.004 -0.03)
(-0.06 0.004 -0.035)
(-0.06333333 0.008 -0.035)
(-0.06333333 0.004 -0.03)
(-0.05333333 0.004 -0.035)
(-0.05666667 0.008 -0.035)
(-0.05666667 0.004 -0.03)
(-0.04666667 0.004 -0.035)
(-0.05 0.008 -0.035)
(-0.05 0.004 -0.03)
(-0.04000003 0.004 -0.03499999)
(-0.04333334 0.008 -0.035)
(-0.04333334 0.004 -0.03)
(-0.03333362 0.004 -0.03499994)
(-0.03666673 0.008 -0.03499998)
(-0.03666676 0.004 -0.02999999)
(-0.02666851 0.00400001 -0.03499962)
(-0.03000064 0.008 -0.03499984)
(-0.03000083 0.004000003 -0.02999993)
(-0.02000727 0.004000186 -0.03499857)
(-0.0233382 0.008 -0.03499917)
(-0.02333776 0.004000088 -0.02999977)
(-0.01668102 0.008 -0.0349991)
(-0.01667015 0.004004109 -0.02999886)
(-0.09 0 -0.025)
(-0.08333333 3.080117e-24 -0.025)
(-0.07666667 5.782401e-19 -0.025)
(-0.07 0 -0.025)
(-0.06333333 0 -0.025)
(-0.05666667 -2.891191e-19 -0.025)
(-0.05 -2.891195e-19 -0.025)
(-0.04333334 2.891228e-19 -0.025)
(-0.03666674 0 -0.025)
(-0.0300008 -2.892618e-19 -0.02500005)
(-0.02333867 -2.888382e-19 -0.02500059)
(-0.01671597 -2.846031e-19 -0.02499707)
(-0.08666667 0.004 -0.025)
(-0.09 0.008 -0.025)
(-0.09 0.004 -0.02)
(-0.08 0.004 -0.025)
(-0.08333333 0.008 -0.025)
(-0.08333333 0.004 -0.02)
(-0.07333333 0.004 -0.025)
(-0.07666667 0.008 -0.025)
(-0.07666667 0.004 -0.02)
(-0.06666667 0.004 -0.025)
(-0.07 0.008 -0.025)
(-0.07 0.004 -0.02)
(-0.06 0.004 -0.025)
(-0.06333333 0.008 -0.025)
(-0.06333333 0.004 -0.02)
(-0.05333333 0.004 -0.025)
(-0.05666667 0.008 -0.025)
(-0.05666667 0.004 -0.02)
(-0.04666667 0.004 -0.025)
(-0.05 0.008 -0.025)
(-0.05 0.004 -0.02)
(-0.04000002 0.004 -0.025)
(-0.04333334 0.008 -0.025)
(-0.04333334 0.004 -0.02)
(-0.03333356 0.004000002 -0.02499999)
(-0.03666671 0.008 -0.02499999)
(-0.03666668 0.004000001 -0.02)
(-0.02666823 0.004000026 -0.02500001)
(-0.03000043 0.008 -0.02499995)
(-0.02999998 0.004000018 -0.02000005)
(-0.02000758 0.004000284 -0.02500028)
(-0.02333355 0.008 -0.02499958)
(-0.02333343 0.004000466 -0.02000051)
(-0.01666704 0.008 -0.02500147)
(-0.01666413 0.004004465 -0.02000157)
(-0.09 0 -0.015)
(-0.08333333 0 -0.015)
(-0.07666667 0 -0.015)
(-0.07 0 -0.015)
(-0.06333333 0 -0.015)
(-0.05666667 -2.891191e-19 -0.015)
(-0.05 -2.891228e-19 -0.015)
(-0.04333333 2.891224e-19 -0.015)
(-0.03666652 0 -0.015)
(-0.02999795 -2.889441e-19 -0.01500009)
(-0.02332073 0 -0.0150009)
(-0.01663485 0 -0.01501019)
(-0.08666667 0.004 -0.015)
(-0.09 0.008 -0.015)
(-0.09 0.004 -0.01)
(-0.08 0.004 -0.015)
(-0.08333333 0.008 -0.015)
(-0.08333333 0.004 -0.01)
(-0.07333333 0.004 -0.015)
(-0.07666667 0.008 -0.015)
(-0.07666667 0.004 -0.01)
(-0.06666667 0.004 -0.015)
(-0.07 0.008 -0.015)
(-0.07 0.004 -0.01)
(-0.06 0.004 -0.015)
(-0.06333333 0.008 -0.015)
(-0.06333333 0.004 -0.01)
(-0.05333333 0.004 -0.015)
(-0.05666667 0.008 -0.015)
(-0.05666667 0.004 -0.01)
(-0.04666667 0.004 -0.015)
(-0.05 0.008 -0.015)
(-0.05 0.004 -0.01)
(-0.03999998 0.004 -0.015)
(-0.04333334 0.008 -0.015)
(-0.04333332 0.004 -0.01)
(-0.033333 0.004000008 -0.01500003)
(-0.03666673 0.008 -0.01500001)
(-0.03666644 0.004000003 -0.01000001)
(-0.02666405 0.004000291 -0.01500023)
(-0.0300006 0.008 -0.01500005)
(-0.02999766 0.004000092 -0.01000009)
(-0.01999087 0.004010053 -0.01500168)
(-0.02333587 0.008 -0.01500048)
(-0.02332039 0.004003632 -0.01000044)
(-0.01667848 0.008 -0.01500128)
(-0.01663823 0.004119137 -0.0100014)
(-0.09 0 -0.005)
(-0.08333333 0 -0.005)
(-0.07666667 0 -0.005)
(-0.07 0 -0.005)
(-0.06333333 0 -0.005)
(-0.05666667 -2.891191e-19 -0.005)
(-0.05 -2.891195e-19 -0.005)
(-0.04333331 2.891228e-19 -0.005)
(-0.03666609 -1.058791e-22 -0.00500001)
(-0.02999279 -2.885206e-19 -0.005000131)
(-0.02328329 0 -0.005000751)
(-0.01656164 0 -0.005016937)
(-0.08666667 0.004 -0.005)
(-0.09 0.008 -0.005)
(-0.09 0.004 -6.604868e-19)
(-0.08 0.004 -0.005)
(-0.08333333 0.008 -0.005)
(-0.08333333 0.004 -2.318863e-17)
(-0.07333333 0.004 -0.005)
(-0.07666667 0.008 -0.005)
(-0.07666667 0.004 -5.217816e-16)
(-0.06666667 0.004 -0.005)
(-0.07 0.008 -0.005)
(-0.07 0.004 -9.662089e-15)
(-0.06 0.004 -0.005)
(-0.06333333 0.008 -0.005)
(-0.06333333 0.004 -1.312805e-13)
(-0.05333333 0.004 -0.005)
(-0.05666667 0.008 -0.005)
(-0.05666667 0.004 -1.403151e-12)
(-0.04666666 0.004 -0.005)
(-0.05 0.008 -0.005)
(-0.05 0.004 -2.513453e-11)
(-0.03999991 0.004000001 -0.005000003)
(-0.04333334 0.008 -0.005)
(-0.04333331 0.004 -5.589351e-10)
(-0.03333209 0.00400002 -0.00500003)
(-0.03666678 0.008 -0.005000002)
(-0.03666623 0.004000004 -8.453069e-09)
(-0.0266567 0.004000781 -0.0050002)
(-0.03000114 0.008 -0.005000003)
(-0.02999548 0.004000133 -8.212039e-08)
(-0.01994783 0.004031681 -0.005000233)
(-0.02334106 0.008 -0.00499997)
(-0.02330495 0.004005235 -4.13467e-07)
(-0.01662461 0.008 -0.004994134)
(-0.01655 0.004167101 -1.49305e-06)
(-0.09 0 0.005)
(-0.08333333 0 0.005)
(-0.07666667 0 0.005)
(-0.07 0 0.005)
(-0.06333333 0 0.005)
(-0.05666667 -2.891191e-19 0.005)
(-0.05 -2.891195e-19 0.005)
(-0.04333331 2.891294e-19 0.004999999)
(-0.03666605 -1.058791e-22 0.004999983)
(-0.02999241 -2.884147e-19 0.004999791)
(-0.02328017 0 0.00499854)
(-0.01652996 0 0.005009121)
(-0.08666667 0.004 0.005)
(-0.09 0.008 0.005)
(-0.09 0.004 0.01)
(-0.08 0.004 0.005)
(-0.08333333 0.008 0.005)
(-0.08333333 0.004 0.01)
(-0.07333333 0.004 0.005)
(-0.07666667 0.008 0.005)
(-0.07666667 0.004 0.01)
(-0.06666667 0.004 0.005)
(-0.07 0.008 0.005)
(-0.07 0.004 0.01)
(-0.06 0.004 0.005)
(-0.06333333 0.008 0.005)
(-0.06333333 0.004 0.01)
(-0.05333333 0.004 0.005)
(-0.05666667 0.008 0.005)
(-0.05666667 0.004 0.01)
(-0.04666666 0.004 0.005)
(-0.05 0.008 0.005)
(-0.05 0.004 0.01)
(-0.03999989 0.004000001 0.004999998)
(-0.04333334 0.008 0.005000001)
(-0.04333332 0.004 0.01)
(-0.03333195 0.00400002 0.004999976)
(-0.03666675 0.008 0.00500001)
(-0.03666638 0.004000003 0.009999995)
(-0.02665573 0.004000794 0.00499981)
(-0.03000075 0.008 0.005000096)
(-0.0299972 0.004000098 0.009999948)
(-0.01994473 0.004031998 0.004998983)
(-0.02333818 0.008 0.005000434)
(-0.02331776 0.004003895 0.009999732)
(-0.01668129 0.008 0.004999672)
(-0.01662092 0.004132205 0.009999482)
(-0.09 0 0.015)
(-0.08333333 0 0.015)
(-0.07666667 0 0.015)
(-0.07 0 0.015)
(-0.06333333 0 0.015)
(-0.05666667 -2.891195e-19 0.015)
(-0.05 -2.891195e-19 0.015)
(-0.04333332 2.891294e-19 0.015)
(-0.03666643 -3.763672e-23 0.01499999)
(-0.02999733 -2.888382e-19 0.01499985)
(-0.02331905 0 0.01499883)
(-0.01667447 0 0.0149993)
(-0.08666667 0.004 0.015)
(-0.09 0.008 0.015)
(-0.09 0.004 0.02)
(-0.08 0.004 0.015)
(-0.08333333 0.008 0.015)
(-0.08333333 0.004 0.02)
(-0.07333333 0.004 0.015)
(-0.07666667 0.008 0.015)
(-0.07666667 0.004 0.02)
(-0.06666667 0.004 0.015)
(-0.07 0.008 0.015)
(-0.07 0.004 0.02)
(-0.06 0.004 0.015)
(-0.06333333 0.008 0.015)
(-0.06333333 0.004 0.02)
(-0.05333333 0.004 0.015)
(-0.05666667 0.008 0.015)
(-0.05666667 0.004 0.02)
(-0.04666666 0.004 0.015)
(-0.05 0.008 0.015)
(-0.05 0.004 0.02)
(-0.03999996 0.004 0.015)
(-0.04333334 0.008 0.015)
(-0.04333333 0.004 0.02)
(-0.03333286 0.004000009 0.01499998)
(-0.03666673 0.008 0.01500001)
(-0.03666662 0.004000001 0.01999999)
(-0.02666349 0.004000342 0.01499987)
(-0.03000067 0.008 0.01500008)
(-0.02999969 0.004000024 0.01999995)
(-0.01999219 0.004012176 0.01499914)
(-0.02333485 0.008 0.01500046)
(-0.02333266 0.004000696 0.01999983)
(-0.01670773 0.008 0.0149951)
(-0.0166723 0.00401447 0.01999761)
(-0.09 0 0.025)
(-0.08333333 0 0.025)
(-0.07666667 0 0.025)
(-0.07 0 0.025)
(-0.06333333 0 0.025)
(-0.05666667 -2.891186e-19 0.025)
(-0.05 -2.891195e-19 0.025)
(-0.04333333 2.891228e-19 0.025)
(-0.03666665 0 0.025)
(-0.02999996 -2.891559e-19 0.02499993)
(-0.02333339 0 0.0249995)
(-0.01668522 0 0.02500468)
(-0.08666667 0.004 0.025)
(-0.09 0.008 0.025)
(-0.09 0.004 0.03)
(-0.08 0.004 0.025)
(-0.08333333 0.008 0.025)
(-0.08333333 0.004 0.03)
(-0.07333333 0.004 0.025)
(-0.07666667 0.008 0.025)
(-0.07666667 0.004 0.03)
(-0.06666667 0.004 0.025)
(-0.07 0.008 0.025)
(-0.07 0.004 0.03)
(-0.06 0.004 0.025)
(-0.06333333 0.008 0.025)
(-0.06333333 0.004 0.03)
(-0.05333333 0.004 0.025)
(-0.05666667 0.008 0.025)
(-0.05666667 0.004 0.03)
(-0.04666667 0.004 0.025)
(-0.05 0.008 0.025)
(-0.05 0.004 0.03)
(-0.04 0.004 0.025)
(-0.04333333 0.008 0.025)
(-0.04333333 0.004 0.03)
(-0.03333338 0.004000002 0.02499998)
(-0.0366667 0.008 0.025)
(-0.0366667 0.004 0.03)
(-0.02666705 0.004000046 0.0249999)
(-0.03000041 0.008 0.02499999)
(-0.03000043 0.004000005 0.02999995)
(-0.02000253 0.004000918 0.02499996)
(-0.02333714 0.008 0.02499965)
(-0.02333562 0.004000138 0.02999981)
(-0.01662935 0.008 0.02500074)
(-0.01666939 0.00400388 0.03000038)
(-0.09 0 0.035)
(-0.08333333 0 0.035)
(-0.07666667 0 0.035)
(-0.07 0 0.035)
(-0.06333333 0 0.035)
(-0.05666667 -2.891186e-19 0.035)
(-0.05 -2.891195e-19 0.035)
(-0.04333333 2.891162e-19 0.035)
(-0.03666674 0 0.03500001)
(-0.03000092 -2.117582e-22 0.03500004)
(-0.02334204 0 0.03500033)
(-0.01667069 0 0.03500488)
(-0.08666667 0.004 0.035)
(-0.09 0.008 0.035)
(-0.08 0.004 0.035)
(-0.08333333 0.008 0.035)
(-0.07333333 0.004 0.035)
(-0.07666667 0.008 0.035)
(-0.06666667 0.004 0.035)
(-0.07 0.008 0.035)
(-0.06 0.004 0.035)
(-0.06333333 0.008 0.035)
(-0.05333333 0.004 0.035)
(-0.05666667 0.008 0.035)
(-0.04666667 0.004 0.035)
(-0.05 0.008 0.035)
(-0.04000001 0.004 0.035)
(-0.04333333 0.008 0.035)
(-0.03333353 0.004000001 0.035)
(-0.03666666 0.008 0.03499999)
(-0.02666823 0.004000029 0.03499996)
(-0.02999998 0.008 0.03499993)
(-0.02000062 0.004001635 0.03500035)
(-0.02333403 0.008 0.03499974)
(-0.01666585 0.008 0.03500009)
)


// ************************************************************************* //
