/*--------------------------------*- C++ -*----------------------------------*\
| =========                 |                                                 |
| \\      /  F ield         | OpenFOAM: The Open Source CFD Toolbox           |
|  \\    /   O peration     | Version:  v2012                                 |
|   \\  /    A nd           | Website:  www.openfoam.com                      |
|    \\/     M anipulation  |                                                 |
\*---------------------------------------------------------------------------*/
FoamFile
{
    version     2.0;
    format      ascii;
    class       volScalarField;
    location    "1800";
    object      alphat;
}
// * * * * * * * * * * * * * * * * * * * * * * * * * * * * * * * * * * * * * //

dimensions      [1 -1 -1 0 0 0 0];


internalField   nonuniform List<scalar> 
4000
(
0.000338826
0.000288386
0.000212779
0.000154801
0.000139483
0.00012993
0.000119451
0.000117329
0.000118021
0.000119509
0.000120096
0.000119185
0.000118592
0.000123039
0.000135837
0.000142017
0.000153925
0.000220192
0.000298543
0.000354556
0.000402339
0.000378672
0.000351608
0.000320686
0.000279448
0.000178587
0.000149562
0.000146854
0.000149059
0.000152952
0.000153769
0.000149
0.000145771
0.000153439
0.00023967
0.00028864
0.00032185
0.000353778
0.00038308
0.000405617
0.000425286
0.000409788
0.000381974
0.00034575
0.000304893
0.000256647
0.000193842
0.00015523
0.000160475
0.000167304
0.000167844
0.000159182
0.000167685
0.000226095
0.000266345
0.000304532
0.000338185
0.000372212
0.000403423
0.000425274
0.000436649
0.000426488
0.00039963
0.000359637
0.000314783
0.000274817
0.000238194
0.000202983
0.000167582
0.000181073
0.000179834
0.00017384
0.000207547
0.000241372
0.00027212
0.000306061
0.000346672
0.000388819
0.000419847
0.000435515
0.000443773
0.000440144
0.000422091
0.000396092
0.000366821
0.000337672
0.000311898
0.000289505
0.000272041
0.000266708
0.000283441
0.000301196
0.000316603
0.000332124
0.000348733
0.000368167
0.000391461
0.000415921
0.000435303
0.000442223
0.000449352
0.000452967
0.000447445
0.000437765
0.000426773
0.000415699
0.00040511
0.000394601
0.000384342
0.000376802
0.000383841
0.000393738
0.000403639
0.000412909
0.000421518
0.000429934
0.00043828
0.00044628
0.00045143
0.000447934
0.000454933
0.000466368
0.000471758
0.000473864
0.000474155
0.00047223
0.000468362
0.000462735
0.000455327
0.000446525
0.000450024
0.000458006
0.000465746
0.000471718
0.000475507
0.000476993
0.000476065
0.000473077
0.000466877
0.000453448
0.000461375
0.000480505
0.00049491
0.000505221
0.000512693
0.000517169
0.000518368
0.000516127
0.00051029
0.00050012
0.00050167
0.000509266
0.000515925
0.000519394
0.000519091
0.000515132
0.000507784
0.000497152
0.000481957
0.000459594
0.000470036
0.000497976
0.000520242
0.00053706
0.000550002
0.00055924
0.000564686
0.000565784
0.00056142
0.000549576
0.000549814
0.000557987
0.000563662
0.000564569
0.000560454
0.000551796
0.000539077
0.000522211
0.0004992
0.000467906
0.000482815
0.000519607
0.000549606
0.000572158
0.000590196
0.000604425
0.000614875
0.000621002
0.000621287
0.000612478
0.000610671
0.000615871
0.000616923
0.000613016
0.000604301
0.000591141
0.000573709
0.000551242
0.000520548
0.000480239
0.000288386
0.000261394
0.000214149
0.000181325
0.000175783
0.000165692
0.000145023
0.000138132
0.000137702
0.000140109
0.000140655
0.000139096
0.000141845
0.000160654
0.000172616
0.000175343
0.000191675
0.00023691
0.000288518
0.000333346
0.000378672
0.000494678
0.000476917
0.000458343
0.000444244
0.000354514
0.000320466
0.000347583
0.000398452
0.00044741
0.000444618
0.000383159
0.000325151
0.000329519
0.000405403
0.000447689
0.000472165
0.000513902
0.000542971
0.00039917
0.000409788
0.000546667
0.000548125
0.000493348
0.000447381
0.000399593
0.000363795
0.000366548
0.000419083
0.000495782
0.000464107
0.000370633
0.000341778
0.000368198
0.00040708
0.000444977
0.000485223
0.000539268
0.000552511
0.000421294
0.000426488
0.000578037
0.000598287
0.000544864
0.000464356
0.000404575
0.000362463
0.000339665
0.0003769
0.000499707
0.000455619
0.000346106
0.000330939
0.000362425
0.000399528
0.000441436
0.000505628
0.000575862
0.000581123
0.000434656
0.000440144
0.000607073
0.000638168
0.000590011
0.000494467
0.000422769
0.000370741
0.000330751
0.000315937
0.000350665
0.000340441
0.000314074
0.00033501
0.000377567
0.000419714
0.000466783
0.000546864
0.000620201
0.000611436
0.000444746
0.000452967
0.000631001
0.000674598
0.000653646
0.000572033
0.000482422
0.000421582
0.000374378
0.000348251
0.000352991
0.00035938
0.000362936
0.000385815
0.00042677
0.000476082
0.000544238
0.00061891
0.000661346
0.000634397
0.000454013
0.000466368
0.000647037
0.000698809
0.000715786
0.000698183
0.000619217
0.000536997
0.00048111
0.000443149
0.000431474
0.000440709
0.00045823
0.000491554
0.00054996
0.000620265
0.000678342
0.000698229
0.000687764
0.000645941
0.000464155
0.000480505
0.000655522
0.000709737
0.000761864
0.00081576
0.000837365
0.000814554
0.0007689
0.000719896
0.000687295
0.000699745
0.000734506
0.000776903
0.000807453
0.000819292
0.000803198
0.000752715
0.000699135
0.000646139
0.000476532
0.000497976
0.000640278
0.000703655
0.000753136
0.000788556
0.000805496
0.000805843
0.000789752
0.000755663
0.000705041
0.000708863
0.000751844
0.000792554
0.00081145
0.000805018
0.000779084
0.000739123
0.00069222
0.000636626
0.00049254
0.000519607
0.000558562
0.000591439
0.000617746
0.000640469
0.000659855
0.000675259
0.000685329
0.000687591
0.000678649
0.000674595
0.00067976
0.00067922
0.000671789
0.000658055
0.000639317
0.00061673
0.000589882
0.000555552
0.000512757
0.000212779
0.000214149
0.000198581
0.000192028
0.000193903
0.000184936
0.00016178
0.000150865
0.000148465
0.00015081
0.000150972
0.000149618
0.000155908
0.000177643
0.000194007
0.000191794
0.00020055
0.000228027
0.000261476
0.000286517
0.000351608
0.000476917
0.000499773
0.000521252
0.00051948
0.000424793
0.000385353
0.000407071
0.000464583
0.000529528
0.000513474
0.000436833
0.000386355
0.000401103
0.000486653
0.0005247
0.000525233
0.000538048
0.000536467
0.000379005
0.000381974
0.000548125
0.000570884
0.000542178
0.000512919
0.000475004
0.000452114
0.000445449
0.000497409
0.000588449
0.000536529
0.000449113
0.000428066
0.000452759
0.000486544
0.000518649
0.000548583
0.000587012
0.000571803
0.000402482
0.00039963
0.000598287
0.00065093
0.000603703
0.000536518
0.000484344
0.000453626
0.000447785
0.000494917
0.000593443
0.00053665
0.000451712
0.000429299
0.000451341
0.000484856
0.000528015
0.000589077
0.00064593
0.000617637
0.00041947
0.000422091
0.000638168
0.000696875
0.000654746
0.000564101
0.000491995
0.000443471
0.00041383
0.000425837
0.000533237
0.000501598
0.000405089
0.000409019
0.000445214
0.000485815
0.000540802
0.000628508
0.000698022
0.000660638
0.00043586
0.000447445
0.000674598
0.000740326
0.000709857
0.000610547
0.00051511
0.000446542
0.000394742
0.000367556
0.00038808
0.000382823
0.000363068
0.000391337
0.000441692
0.000495828
0.000571201
0.000677967
0.000742869
0.000694035
0.000453083
0.000471758
0.000698809
0.000774671
0.000763753
0.00068744
0.000588381
0.000505751
0.000444904
0.000406091
0.0004025
0.000409084
0.000415188
0.000447633
0.000502291
0.000563943
0.000639314
0.000729832
0.000771626
0.000713328
0.00047116
0.00049491
0.000709737
0.00080769
0.000849917
0.000826064
0.000769287
0.000705783
0.000647654
0.000597427
0.00056808
0.000577247
0.00061441
0.000664646
0.000712321
0.000748983
0.000781229
0.000807956
0.00079364
0.000720127
0.000490497
0.000520242
0.000703655
0.000861699
0.00100767
0.00109692
0.00112446
0.00110123
0.00105844
0.000988179
0.000905913
0.000917485
0.0010153
0.0011023
0.0011395
0.00112316
0.00106806
0.000978504
0.000847673
0.000708304
0.000514104
0.000549606
0.000591439
0.000626407
0.000655338
0.000681641
0.000705362
0.000725262
0.000739098
0.000743284
0.000733907
0.000727381
0.000733056
0.000731126
0.00072037
0.000702003
0.000678582
0.000652323
0.00062273
0.000586298
0.000541232
0.000154801
0.000181325
0.000192028
0.000200023
0.000206001
0.000193544
0.000173341
0.000161572
0.000158332
0.000161048
0.000160548
0.000158882
0.000166602
0.000186943
0.000208615
0.000210033
0.000200673
0.000208621
0.000222851
0.000228386
0.000320686
0.000458343
0.000521252
0.000557565
0.00053185
0.000445456
0.000427918
0.000450038
0.000509132
0.0005857
0.000558076
0.000475148
0.000424698
0.000435721
0.000518716
0.000564965
0.000550538
0.000524218
0.000487875
0.000351271
0.00034575
0.000493348
0.000542178
0.000549786
0.000536816
0.000519913
0.000504176
0.000498591
0.000556522
0.000653493
0.000590631
0.000503499
0.000479662
0.000501881
0.000528191
0.000550574
0.000559959
0.000566714
0.000535431
0.000372885
0.000359637
0.000544864
0.000603703
0.000589744
0.000555059
0.000528008
0.000516768
0.000523003
0.000571007
0.000661417
0.000594918
0.000515038
0.000494162
0.000508047
0.00053281
0.000566145
0.00060905
0.000643761
0.000596296
0.000391713
0.000396092
0.000590011
0.000654746
0.000637285
0.000583124
0.00053601
0.000505238
0.000492309
0.00052337
0.000618703
0.000579978
0.000495165
0.000484677
0.000508255
0.000540678
0.000588372
0.000656362
0.000703459
0.000654169
0.00041838
0.000437765
0.000653646
0.000709857
0.00069167
0.000624367
0.000554654
0.000500529
0.000461314
0.000452144
0.000506033
0.000494617
0.000439361
0.000457773
0.00050027
0.000547772
0.000614201
0.00070432
0.000757827
0.000707214
0.000447264
0.000473864
0.000715786
0.000763753
0.000751904
0.000690096
0.00061199
0.000543986
0.000490754
0.00045897
0.000468221
0.000474277
0.000464668
0.000495366
0.000541578
0.000591447
0.00066028
0.000751717
0.000801513
0.000746476
0.000474224
0.000505221
0.000761863
0.000849917
0.000875329
0.00084344
0.000783721
0.000723508
0.000668469
0.000616509
0.000580714
0.000587606
0.000636344
0.000694748
0.000735994
0.000765375
0.000804338
0.000858831
0.000860221
0.000767912
0.000500659
0.00053706
0.000753136
0.00100767
0.00119911
0.00123495
0.0012516
0.0012597
0.00124585
0.00118427
0.00108392
0.00108445
0.00120671
0.00130267
0.00131775
0.0012744
0.00122281
0.00119844
0.00100445
0.000763291
0.00053047
0.000572158
0.000617746
0.000655338
0.000687342
0.000718619
0.000748271
0.000774051
0.000792913
0.000801024
0.000794412
0.000783288
0.000786258
0.000781196
0.000765898
0.000742121
0.000713067
0.000682433
0.000649913
0.000610892
0.000562714
0.000139483
0.000175783
0.000193903
0.000206001
0.00020613
0.00019311
0.000178639
0.000168772
0.000166558
0.000171397
0.000169228
0.000166309
0.000174521
0.000192649
0.000214144
0.000221276
0.000212096
0.000196402
0.000187555
0.000161962
0.000279448
0.000444244
0.00051948
0.00053185
0.000491526
0.000455561
0.000458921
0.000480722
0.000548363
0.000638551
0.000595596
0.000500565
0.00045174
0.00045407
0.00051114
0.000570405
0.000567268
0.000521652
0.00045199
0.000321252
0.000304893
0.000447381
0.000512919
0.000536816
0.000542757
0.000544141
0.000530078
0.000534305
0.000608257
0.000708621
0.000634624
0.000536707
0.000509392
0.000526744
0.000547083
0.000558461
0.00055219
0.000527586
0.000470578
0.00033549
0.000314783
0.000464356
0.000536518
0.000555059
0.000554053
0.000554249
0.000560785
0.000571617
0.000624129
0.000715212
0.000641641
0.000555053
0.000533747
0.000540522
0.000552194
0.000566334
0.000578513
0.000574856
0.000518792
0.00035402
0.000366821
0.000494467
0.000564101
0.000583124
0.00057183
0.000556562
0.00054742
0.000552049
0.000600081
0.000696503
0.000649332
0.000557477
0.000535769
0.000546034
0.000564386
0.000590401
0.000621997
0.000634079
0.000588921
0.000397705
0.000426773
0.000572033
0.000610547
0.000624367
0.000603972
0.000571223
0.000541292
0.00052282
0.000541736
0.000629846
0.000615619
0.000527069
0.000522005
0.00054832
0.000581787
0.000625861
0.000679011
0.000707925
0.000677032
0.000439235
0.000474155
0.000698183
0.00068744
0.000690096
0.000668187
0.000626665
0.000582705
0.000546865
0.000536474
0.000581464
0.000598626
0.000551538
0.000560257
0.000592046
0.000630353
0.000681149
0.000742734
0.000778164
0.000757572
0.000474784
0.000512693
0.00081576
0.000826064
0.00084344
0.000826386
0.000783259
0.000736991
0.000691481
0.000645299
0.000614893
0.000627204
0.000675475
0.000725132
0.000756847
0.0007827
0.000822616
0.000873736
0.000885612
0.000807374
0.000507595
0.000550002
0.000788556
0.00109692
0.00123495
0.00132046
0.00138115
0.00142412
0.00142384
0.00133907
0.00118068
0.00116339
0.00133867
0.00147459
0.0014863
0.00141498
0.0013286
0.00125746
0.00111026
0.000803494
0.00054265
0.000590195
0.000640469
0.000681641
0.00071862
0.000757257
0.000793427
0.000824952
0.000848996
0.000861388
0.000858365
0.000841882
0.000840892
0.00083188
0.000811878
0.00078285
0.000748164
0.000711076
0.000674122
0.000631682
0.000579536
0.00012993
0.000165692
0.000184936
0.000193544
0.00019311
0.000186947
0.000179034
0.000173157
0.000173841
0.000181596
0.000177496
0.000172979
0.000179894
0.000194036
0.000210496
0.000221056
0.000218607
0.000204931
0.000181506
0.000141866
0.000178587
0.000354514
0.000424793
0.000445456
0.000455561
0.000466886
0.000479065
0.000504697
0.000580505
0.000669945
0.000618257
0.000520688
0.00047272
0.000467566
0.000487874
0.000529045
0.000547194
0.000512742
0.000432838
0.000284461
0.000256647
0.000399593
0.000475004
0.000519913
0.000544141
0.000545836
0.000541421
0.000558562
0.000640623
0.000724092
0.000650829
0.000556788
0.000525997
0.000534824
0.000550358
0.000550926
0.00053465
0.000495738
0.000423528
0.000294337
0.000274817
0.000404575
0.000484344
0.000528008
0.000554249
0.000573932
0.000586057
0.000596248
0.000653405
0.000716752
0.000652233
0.000575708
0.000554391
0.000557473
0.000557849
0.000552686
0.000538597
0.000505203
0.000435232
0.000313754
0.000337672
0.000422769
0.000491995
0.00053601
0.000556562
0.00056675
0.000575278
0.000593454
0.000647453
0.000711058
0.000669322
0.000592118
0.000564928
0.000563373
0.000565959
0.000566939
0.000561119
0.000535775
0.000483786
0.000376583
0.000415699
0.000482422
0.00051511
0.000554654
0.000571223
0.000570467
0.00056449
0.000567323
0.000606791
0.000679598
0.000667979
0.000585635
0.00056181
0.000570453
0.000585245
0.000600238
0.000610279
0.000604588
0.000593837
0.000429884
0.00047223
0.000619216
0.000588381
0.00061199
0.000626665
0.000619024
0.00059988
0.000584222
0.000596789
0.000658695
0.0006819
0.000615646
0.000601137
0.000617921
0.000641917
0.000667448
0.000689367
0.000700388
0.000732354
0.000472871
0.000517169
0.000837365
0.000769287
0.000783721
0.000783259
0.000763149
0.000735812
0.000702638
0.00066095
0.000635154
0.000654947
0.000693902
0.000738029
0.00076291
0.000782059
0.000811554
0.000845073
0.000849588
0.000821405
0.00051084
0.00055924
0.000805496
0.00112446
0.0012516
0.00138115
0.00148628
0.0015575
0.00155025
0.00140082
0.00113493
0.00110554
0.00136447
0.00157359
0.00160751
0.00152089
0.00140012
0.00128308
0.00114856
0.000813277
0.000550059
0.000604425
0.000659855
0.000705362
0.000748271
0.000793427
0.000835912
0.000873794
0.000903907
0.000922235
0.000926186
0.000903904
0.000895519
0.00088037
0.000854757
0.000820103
0.000779818
0.000736788
0.000694718
0.000648617
0.00059224
0.000119451
0.000145023
0.00016178
0.000173341
0.000178639
0.000179034
0.000177308
0.000176374
0.000181738
0.000194543
0.000187833
0.000179806
0.000183224
0.000191546
0.000200504
0.000206583
0.00020706
0.000198049
0.000176496
0.000135873
0.000149562
0.000320466
0.000385353
0.000427918
0.000458921
0.000479065
0.000495505
0.000528186
0.000606404
0.000673513
0.000626662
0.000540498
0.000492771
0.000479647
0.000476477
0.000473935
0.000469446
0.000444349
0.000369436
0.0002136
0.000193842
0.000363795
0.000452114
0.000504176
0.000530078
0.000541421
0.000551358
0.000577658
0.000640284
0.000638905
0.000607336
0.000566376
0.000538946
0.000536934
0.000541391
0.000536632
0.000510209
0.000458501
0.000377811
0.000249614
0.000238194
0.000362463
0.000453626
0.000516768
0.000560785
0.000586057
0.000594936
0.00060583
0.000635984
0.000568239
0.000570725
0.000577278
0.000564281
0.000564703
0.000559872
0.000540622
0.000506404
0.000453486
0.000377122
0.000280041
0.000311898
0.000370741
0.000443471
0.000505238
0.00054742
0.000575278
0.000595914
0.000618773
0.0006405
0.000546027
0.000561922
0.000596302
0.000580198
0.000571036
0.000559967
0.000540738
0.000508315
0.000460058
0.000410082
0.00035762
0.00040511
0.000421582
0.000446542
0.000500529
0.000541292
0.00056449
0.000578885
0.000597694
0.000619523
0.00054279
0.000563359
0.000602022
0.000581601
0.000574682
0.000570393
0.000558934
0.000534739
0.000500629
0.000490279
0.000419722
0.000468362
0.000536997
0.000505751
0.000543986
0.000582705
0.00059988
0.000601907
0.000605165
0.00062255
0.000592743
0.00062995
0.000640383
0.000617528
0.000619202
0.000626459
0.000626319
0.000613682
0.00060308
0.000667633
0.00046853
0.000518368
0.000814554
0.000705783
0.000723507
0.000736991
0.000735812
0.000723684
0.00069607
0.000654217
0.000619858
0.000640947
0.000679778
0.00072423
0.000749861
0.000762019
0.000775101
0.000787007
0.000778824
0.000808112
0.000510593
0.000564686
0.000805843
0.00110123
0.0012597
0.00142412
0.0015575
0.00163176
0.00157869
0.00131492
0.000999379
0.000975322
0.00126289
0.00156699
0.00165412
0.00157938
0.00143854
0.00128243
0.00113249
0.00080299
0.000553271
0.000614875
0.000675259
0.000725262
0.000774051
0.000824952
0.000873794
0.000918598
0.000956634
0.000985447
0.00100652
0.000977329
0.000952493
0.00092625
0.000892945
0.00085215
0.000806332
0.000757853
0.000710901
0.000661144
0.00060082
0.000117329
0.000138132
0.000150865
0.000161572
0.000168772
0.000173157
0.000176374
0.000181087
0.000192448
0.000208949
0.000199901
0.000188091
0.000185767
0.000186854
0.000188257
0.00018792
0.000184233
0.000174748
0.00015333
0.000117419
0.000146854
0.000347583
0.000407071
0.000450038
0.000480721
0.000504697
0.000528185
0.000564295
0.00059952
0.000508764
0.000499892
0.000548012
0.000523457
0.000499737
0.000481667
0.000460079
0.00042944
0.000384008
0.000309077
0.000151709
0.00015523
0.000366548
0.000445449
0.000498591
0.000534305
0.000558562
0.000577658
0.000589104
0.0005307
0.000363537
0.000358376
0.000522809
0.000558622
0.000549119
0.000537774
0.00052222
0.000492099
0.000434831
0.000343328
0.000206408
0.000202984
0.000339665
0.000447785
0.000523003
0.000571617
0.000596248
0.00060583
0.000594548
0.000474121
0.000365958
0.000330423
0.000494657
0.000571813
0.000572519
0.000561922
0.000535742
0.000487912
0.000418246
0.000332505
0.000248797
0.000289505
0.000330751
0.00041383
0.000492309
0.000552049
0.000593454
0.000618773
0.000611373
0.000474052
0.000444898
0.000373178
0.000484644
0.000584646
0.000579548
0.000556577
0.00052004
0.00046762
0.000403341
0.000355078
0.000340405
0.000394601
0.000374378
0.000394742
0.000461314
0.00052282
0.000567323
0.000597694
0.000598507
0.000467728
0.000530366
0.000439619
0.000476653
0.000584411
0.000575744
0.000552123
0.000517054
0.000468738
0.000421248
0.000422792
0.000409283
0.000462735
0.00048111
0.000444904
0.000490754
0.000546865
0.000584222
0.000605165
0.000611055
0.000520426
0.000612222
0.00054294
0.000547996
0.000619104
0.000611501
0.000599086
0.000574574
0.000535543
0.000509074
0.000574251
0.000461944
0.000516127
0.0007689
0.000647654
0.000668469
0.000691481
0.000702638
0.00069607
0.000668662
0.000624163
0.000680384
0.000639434
0.000632822
0.000684212
0.000714131
0.000723568
0.000721694
0.000713778
0.000694201
0.000778245
0.000506888
0.000565784
0.000789752
0.00105844
0.00124585
0.00142384
0.00155025
0.00157869
0.00141181
0.0011306
0.00114457
0.0010734
0.00108582
0.00139721
0.00157967
0.00155788
0.00142678
0.00125018
0.0010701
0.000775062
0.00055205
0.000621002
0.000685329
0.000739098
0.000792913
0.000848996
0.000903907
0.000956634
0.00100647
0.00105731
0.00111401
0.0010747
0.00101658
0.000968971
0.000924178
0.000876348
0.000825195
0.000771968
0.000720613
0.000667986
0.000604766
0.000118021
0.000137702
0.000148465
0.000158332
0.000166558
0.000173841
0.000181738
0.000192448
0.000205399
0.000218834
0.000209981
0.000198194
0.000190795
0.000183656
0.000177843
0.000172196
0.000165357
0.000154828
0.000135969
0.00010989
0.000149059
0.000398452
0.000464583
0.000509132
0.000548363
0.000580505
0.000606404
0.00059952
0.000449837
0.000538653
0.000488783
0.000442741
0.000565405
0.000554868
0.000520008
0.000484347
0.00044409
0.000385418
0.000314153
0.000143343
0.000160475
0.000419083
0.000497408
0.000556522
0.000608257
0.000640623
0.000640284
0.0005307
0.00034839
0.00073837
0.000617407
0.000342311
0.000550243
0.000599697
0.000573073
0.000537521
0.000494034
0.000433738
0.00034013
0.00015516
0.000167582
0.0003769
0.000494917
0.000571007
0.000624129
0.000653405
0.000635984
0.000474121
0.000411973
0.00102903
0.000848515
0.000355459
0.000517238
0.000605986
0.000586138
0.000547422
0.000488868
0.00040393
0.000301104
0.000213409
0.000272041
0.000315937
0.000425837
0.000523369
0.000600081
0.000647453
0.0006405
0.000474052
0.00053858
0.0013528
0.00112756
0.000419013
0.000495262
0.000601795
0.000572711
0.000514801
0.000439879
0.000360009
0.000314637
0.000326247
0.000384342
0.000348251
0.000367556
0.000452144
0.000541736
0.000606791
0.000619523
0.000467728
0.000661425
0.00164596
0.00138819
0.000490166
0.000477381
0.000587266
0.0005509
0.000487334
0.000415331
0.000363142
0.000379607
0.000399219
0.000455327
0.000443149
0.000406091
0.00045897
0.000536474
0.000596789
0.00062255
0.000520426
0.000767266
0.00183571
0.00156642
0.000590061
0.000536974
0.000613282
0.000581614
0.000528831
0.000466745
0.000434416
0.000495444
0.000453726
0.00051029
0.000719896
0.000597427
0.000616509
0.000645299
0.00066095
0.000654217
0.000624162
0.000844859
0.00188767
0.00163029
0.000683422
0.000622992
0.000659889
0.000669609
0.000658171
0.000636052
0.000614864
0.00074306
0.000499737
0.00056142
0.000755663
0.000988179
0.00118427
0.00133907
0.00140082
0.00131492
0.0011306
0.00127448
0.0017853
0.00160825
0.00112112
0.00110174
0.00133306
0.00141415
0.001338
0.00117462
0.000984945
0.000733233
0.000545826
0.000621287
0.000687591
0.000743284
0.000801024
0.000861388
0.000922235
0.000985447
0.00105731
0.00114695
0.00124134
0.00119354
0.00109296
0.00100967
0.000945665
0.0008889
0.000832713
0.000775774
0.000721326
0.000667426
0.000603017
0.000119509
0.000140109
0.00015081
0.000161048
0.000171397
0.000181596
0.000194543
0.000208949
0.000218834
0.000226657
0.000218991
0.000210981
0.000200176
0.00018641
0.000174091
0.00016434
0.000154949
0.000143683
0.000128914
0.000108038
0.000152952
0.00044741
0.000529527
0.0005857
0.000638551
0.000669945
0.000673513
0.000508764
0.000538653
0.000338112
0.000324222
0.000511333
0.000497193
0.000615777
0.000584869
0.000543226
0.000491573
0.000423345
0.000350979
0.0001415
0.000167304
0.000495782
0.000588448
0.000653493
0.000708621
0.000724092
0.000638905
0.000363537
0.00073837
0.000504055
0.000479246
0.000659208
0.000371928
0.000625239
0.000640796
0.000603331
0.000544909
0.000466981
0.000381794
0.000158181
0.000181073
0.000499707
0.000593443
0.000661417
0.000715212
0.000716752
0.000568239
0.000365958
0.00102903
0.000680449
0.000646639
0.000875996
0.00033794
0.000592706
0.000642888
0.000603631
0.000535611
0.000436112
0.00030482
0.000198855
0.000266708
0.000350665
0.000533237
0.000618703
0.000696503
0.000711058
0.000546027
0.000444898
0.0013528
0.000872282
0.000833144
0.00112112
0.000359769
0.000559112
0.000620792
0.000555378
0.000448797
0.000344843
0.000300911
0.0003197
0.000376802
0.000352991
0.00038808
0.000506033
0.000629846
0.000679598
0.00054279
0.000530366
0.00164596
0.00107558
0.0010351
0.00134611
0.000401343
0.000540689
0.000590762
0.000501751
0.000392376
0.000338144
0.000365058
0.000391623
0.000446525
0.000431474
0.0004025
0.000468221
0.000581464
0.000658695
0.000592743
0.000612222
0.00183571
0.00127009
0.00123373
0.00150366
0.000485394
0.000593816
0.000608204
0.000521626
0.000429806
0.000401397
0.000468298
0.000444737
0.00050012
0.000687295
0.000568081
0.000580714
0.000614893
0.000635154
0.000619858
0.000680384
0.00188767
0.00141837
0.00138916
0.00152784
0.000575777
0.000615954
0.000628403
0.00060726
0.000575323
0.000563376
0.000710328
0.000488977
0.000549576
0.000705041
0.000905913
0.00108392
0.00118068
0.00113493
0.000999379
0.00114457
0.0017853
0.001525
0.00148998
0.00151734
0.00100643
0.000991113
0.00116958
0.00118879
0.00107031
0.000894081
0.000681784
0.000533262
0.000612478
0.000678649
0.000733907
0.000794412
0.000858365
0.000926186
0.00100652
0.00111401
0.00124134
0.00123634
0.00122595
0.00117236
0.00105049
0.000955643
0.000886091
0.000825046
0.000765543
0.000709233
0.000656262
0.000592568
0.000120096
0.000140655
0.000150972
0.000160548
0.000169228
0.000177496
0.000187833
0.000199901
0.000209981
0.000218991
0.000217533
0.000209621
0.00019902
0.000185762
0.00017388
0.000163715
0.000153518
0.000141985
0.000127797
0.000108367
0.000153769
0.000444618
0.000513474
0.000558077
0.000595596
0.000618257
0.000626662
0.000499892
0.000488783
0.000324222
0.00032248
0.000483937
0.000479868
0.000553803
0.000524643
0.000496207
0.000464758
0.000411221
0.000344118
0.000141158
0.000167844
0.000464107
0.000536529
0.000590631
0.000634624
0.000650829
0.000607336
0.000358376
0.000617408
0.000479246
0.000469486
0.000560545
0.000381203
0.000576232
0.000573259
0.000547202
0.000510021
0.000442178
0.000362138
0.000158913
0.000179835
0.000455619
0.00053665
0.000594919
0.000641641
0.000652233
0.000570725
0.000330423
0.000848515
0.000646639
0.000627928
0.000699457
0.000341549
0.000576484
0.000589429
0.000559387
0.000508574
0.000424906
0.000302536
0.000210319
0.000283441
0.000340441
0.000501598
0.000579978
0.000649333
0.000669322
0.000561922
0.000373178
0.00112756
0.000833144
0.000808526
0.000873525
0.000334903
0.000571431
0.000587145
0.000530388
0.000438564
0.000341497
0.000305965
0.000327082
0.000383841
0.00035938
0.000382823
0.000494618
0.000615619
0.000667979
0.000563359
0.000439619
0.00138819
0.0010351
0.00100929
0.00104872
0.000353856
0.000570771
0.000583365
0.000500775
0.000391876
0.000340258
0.000372762
0.000396224
0.000450024
0.000440709
0.000409084
0.000474277
0.000598626
0.000681901
0.00062995
0.00054294
0.00156642
0.00123373
0.00121388
0.00119256
0.00045067
0.000629354
0.000623348
0.000535166
0.000433491
0.00040683
0.000478371
0.000448066
0.00050167
0.000699745
0.000577247
0.000587606
0.000627204
0.000654947
0.000640947
0.000639434
0.00163029
0.00138916
0.00138851
0.00123138
0.000568495
0.000643215
0.000649621
0.000619249
0.000576913
0.000565696
0.000714302
0.000491717
0.000549814
0.000708863
0.000917485
0.00108445
0.00116339
0.00110554
0.000975322
0.0010734
0.00160825
0.00148998
0.00148467
0.00132275
0.00094917
0.00098887
0.00115574
0.00118101
0.00107652
0.000906929
0.000690644
0.000535715
0.000610671
0.000674595
0.000727381
0.000783288
0.000841882
0.000903904
0.000977329
0.0010747
0.00119354
0.00122595
0.00123437
0.00113609
0.00102097
0.000934989
0.000870781
0.000814175
0.000759095
0.000706578
0.000655595
0.000593732
0.000119185
0.000139096
0.000149618
0.000158882
0.000166309
0.000172979
0.000179806
0.000188091
0.000198194
0.000210981
0.000209621
0.000203414
0.000198148
0.000191632
0.000184607
0.000176397
0.000165933
0.000152455
0.000133764
0.000109843
0.000149
0.000383159
0.000436833
0.000475148
0.000500565
0.000520688
0.000540498
0.000548012
0.000442741
0.000511333
0.000483937
0.000424245
0.000495665
0.000477787
0.000457228
0.000437476
0.000412112
0.000372442
0.000299157
0.000141112
0.000159182
0.000370633
0.000449113
0.000503499
0.000536707
0.000556788
0.000566376
0.000522809
0.000342311
0.000659208
0.000560545
0.000344743
0.00051459
0.000528537
0.000519125
0.000502773
0.000471802
0.000417129
0.000326908
0.000167153
0.00017384
0.000346106
0.000451712
0.000515038
0.000555053
0.000575708
0.000577278
0.000494657
0.000355459
0.000875996
0.000699457
0.000325943
0.0005176
0.000551407
0.000540596
0.000514153
0.000466689
0.000392832
0.000298069
0.000230027
0.000301196
0.000314074
0.000405089
0.000495165
0.000557477
0.000592118
0.000596302
0.000484644
0.000419013
0.00112112
0.000873525
0.000337004
0.000517553
0.000565638
0.000543832
0.000499048
0.00043037
0.000351895
0.000318313
0.000338097
0.000393738
0.000362936
0.000363068
0.000439361
0.000527069
0.000585635
0.000602023
0.000476653
0.000490166
0.00134611
0.00104872
0.00036494
0.000514007
0.000575179
0.000544919
0.000486816
0.000410136
0.000358934
0.000391231
0.000405333
0.000458006
0.00045823
0.000415188
0.000464668
0.000551538
0.000615646
0.000640383
0.000547996
0.000590061
0.00150366
0.00119256
0.000460694
0.000571289
0.000619452
0.000592934
0.000538542
0.00046652
0.000438861
0.000525526
0.000456813
0.000509267
0.000734506
0.00061441
0.000636344
0.000675475
0.000693902
0.000679778
0.000632822
0.000683422
0.00152784
0.00123138
0.000593357
0.000644987
0.000685764
0.000696887
0.000678616
0.000643955
0.000617764
0.000739732
0.000500957
0.000557987
0.000751844
0.0010153
0.00120671
0.00133867
0.00136447
0.00126289
0.00108582
0.00112112
0.00151734
0.00132275
0.000998804
0.00111981
0.00133729
0.00141084
0.00134874
0.00120178
0.00101109
0.000741605
0.000545977
0.000615871
0.00067976
0.000733056
0.000786258
0.000840892
0.000895519
0.000952493
0.00101658
0.00109296
0.00117236
0.00113609
0.00105015
0.000979735
0.000922443
0.000870114
0.000818312
0.000765932
0.000715105
0.000663243
0.000600982
0.000118592
0.000141845
0.000155908
0.000166602
0.000174521
0.000179894
0.000183224
0.000185767
0.000190795
0.000200176
0.00019902
0.000198148
0.000201506
0.00020401
0.000203873
0.000200509
0.000192725
0.000178282
0.000156426
0.000117576
0.000145771
0.000325151
0.000386355
0.000424698
0.000451741
0.00047272
0.000492771
0.000523457
0.000565405
0.000497193
0.000479868
0.000495665
0.00047435
0.000467143
0.000465985
0.000462265
0.000446528
0.00040686
0.000329437
0.000158536
0.000167684
0.000341778
0.000428066
0.000479662
0.000509392
0.000525997
0.000538946
0.000558622
0.000550243
0.000371928
0.000381203
0.00051459
0.000521675
0.00052534
0.000529993
0.000522524
0.000494041
0.000437988
0.000349102
0.000219185
0.000207546
0.000330939
0.000429299
0.000494162
0.000533747
0.000554391
0.000564281
0.000571813
0.000517238
0.00033794
0.000341549
0.0005176
0.000543055
0.000544406
0.000539891
0.000520931
0.000481408
0.000416773
0.000332209
0.000254864
0.000316603
0.00033501
0.000409019
0.000484677
0.000535769
0.000564928
0.000580198
0.000584646
0.000495262
0.000359768
0.000334903
0.000517553
0.000559964
0.000555591
0.000542918
0.000513757
0.000461731
0.000393895
0.000351693
0.000350733
0.000403639
0.000385815
0.000391337
0.000457773
0.000522005
0.00056181
0.000581601
0.000584411
0.000477381
0.000401343
0.000353856
0.000514007
0.00057091
0.000566284
0.000550834
0.000515469
0.000458309
0.000407655
0.000426887
0.000415067
0.000465746
0.000491554
0.000447633
0.000495366
0.000560257
0.000601137
0.000617527
0.000619104
0.000536974
0.000485394
0.00045067
0.000571289
0.000612739
0.000612053
0.000603832
0.00057327
0.000521072
0.000494524
0.000589675
0.000465183
0.000515925
0.000776903
0.000664646
0.000694748
0.000725132
0.000738029
0.00072423
0.000684212
0.000622992
0.000575777
0.000568495
0.000644987
0.000697922
0.000730928
0.000741314
0.000731528
0.00070925
0.000683217
0.000771903
0.000508624
0.000563662
0.000792554
0.0011023
0.00130267
0.00147459
0.00157359
0.00156699
0.00139721
0.00110174
0.00100643
0.000949171
0.00111981
0.00145262
0.00160059
0.0015721
0.0014544
0.00128512
0.00109606
0.000785445
0.000552937
0.000616923
0.00067922
0.000731126
0.000781196
0.00083188
0.00088037
0.00092625
0.000968971
0.00100967
0.00105049
0.00102097
0.000979735
0.000942314
0.00090273
0.000858967
0.000812116
0.000763156
0.000715064
0.000664414
0.00060337
0.000123039
0.000160654
0.000177643
0.000186943
0.000192649
0.000194036
0.000191546
0.000186854
0.000183656
0.00018641
0.000185762
0.000191632
0.00020401
0.000215736
0.000223058
0.000224603
0.000219657
0.000206385
0.000180134
0.00013479
0.000153439
0.000329519
0.000401103
0.000435721
0.00045407
0.000467566
0.000479647
0.000499737
0.000554868
0.000615777
0.000553803
0.000477787
0.000467143
0.000489964
0.000516753
0.000530206
0.000518137
0.000475942
0.000395956
0.000245822
0.000226095
0.000368198
0.00045276
0.000501881
0.000526744
0.000534824
0.000536934
0.000549119
0.000599697
0.000625239
0.000576232
0.000528537
0.00052534
0.00054613
0.00056143
0.00055804
0.000533137
0.000482101
0.000396725
0.000264769
0.000241372
0.000362426
0.000451341
0.000508047
0.000540522
0.000557473
0.000564703
0.000572519
0.000605986
0.000592706
0.000576484
0.000551407
0.000544406
0.000552055
0.000556002
0.00054619
0.000515641
0.000458932
0.000377857
0.000282965
0.000332124
0.000377567
0.000445214
0.000508255
0.000546034
0.000563373
0.000571036
0.000579548
0.000601795
0.000559112
0.000571431
0.000565638
0.000555591
0.000557986
0.000557842
0.000543506
0.0005058
0.000447186
0.000400476
0.000364565
0.000412909
0.00042677
0.000441692
0.00050027
0.00054832
0.000570453
0.000574682
0.000575744
0.000587266
0.000540689
0.000570771
0.000575179
0.000566284
0.000571728
0.000573813
0.00055843
0.000518304
0.000472643
0.000479731
0.000424305
0.000471718
0.000549959
0.000502291
0.000541578
0.000592046
0.000617921
0.000619202
0.000611501
0.000613282
0.000593816
0.000629354
0.000619452
0.000612053
0.000623998
0.000632527
0.000620456
0.000584417
0.000564443
0.000661809
0.000471596
0.000519394
0.000807453
0.000712321
0.000735994
0.000756847
0.000762909
0.000749861
0.000714131
0.000659889
0.000615954
0.000643215
0.000685764
0.000730928
0.000758917
0.000772687
0.000775222
0.0007647
0.000743873
0.000797823
0.000512722
0.000564569
0.00081145
0.0011395
0.00131775
0.0014863
0.00160751
0.00165412
0.00157967
0.00133306
0.000991113
0.00098887
0.00133729
0.00160059
0.00165412
0.00157997
0.00145277
0.0012966
0.00112694
0.000805355
0.000554597
0.000613016
0.000671789
0.00072037
0.000765898
0.000811878
0.000854757
0.000892945
0.000924178
0.000945665
0.000955643
0.000934989
0.000922443
0.00090273
0.000873199
0.000836043
0.000794287
0.000749737
0.00070569
0.000658167
0.00060031
0.000135837
0.000172616
0.000194007
0.000208615
0.000214144
0.000210495
0.000200504
0.000188257
0.000177843
0.000174091
0.00017388
0.000184607
0.000203873
0.000223058
0.000235066
0.000238211
0.000233934
0.000220505
0.000193442
0.000141141
0.00023967
0.000405403
0.000486653
0.000518716
0.00051114
0.000487874
0.000476477
0.000481667
0.000520008
0.000584869
0.000524643
0.000457228
0.000465985
0.000516753
0.000557365
0.000562521
0.000538767
0.000492099
0.000419143
0.000283861
0.000266345
0.00040708
0.000486544
0.000528191
0.000547083
0.000550358
0.000541391
0.000537774
0.000573073
0.000640796
0.000573259
0.000519125
0.000529993
0.00056143
0.000580881
0.000581329
0.000562624
0.000521175
0.000442105
0.000301918
0.00027212
0.000399528
0.000484856
0.00053281
0.000552194
0.000557849
0.000559872
0.000561922
0.000586138
0.000642888
0.000589429
0.000540596
0.000539891
0.000556002
0.000569183
0.000570028
0.000551828
0.000504909
0.000425489
0.000316068
0.000348733
0.000419714
0.000485815
0.000540678
0.000564386
0.000565959
0.000559967
0.000556577
0.000572711
0.000620792
0.000587145
0.000543832
0.000542918
0.000557842
0.00057313
0.000578576
0.000560219
0.000511409
0.000455296
0.000379686
0.000421518
0.000476081
0.000495828
0.000547772
0.000581787
0.000585245
0.000570393
0.000552123
0.0005509
0.000590762
0.000583365
0.00054492
0.000550834
0.000573813
0.000597613
0.000609567
0.000594804
0.000561609
0.000559499
0.000432832
0.000475507
0.000620265
0.000563943
0.000591447
0.000630353
0.000641917
0.000626459
0.000599086
0.000581614
0.000608204
0.000623348
0.000592934
0.000603832
0.000632527
0.000661461
0.000675557
0.000662721
0.000649022
0.000713439
0.000475575
0.000519091
0.000819292
0.000748983
0.000765375
0.000782699
0.000782059
0.000762019
0.000723568
0.000669609
0.000628403
0.000649621
0.000696887
0.000741314
0.000772687
0.00080052
0.000822222
0.000823343
0.000800192
0.000808667
0.000513064
0.000560454
0.000805018
0.00112316
0.0012744
0.00141498
0.00152089
0.00157938
0.00155788
0.00141415
0.00116958
0.00115574
0.00141084
0.0015721
0.00157998
0.00150521
0.00140256
0.00127984
0.00112057
0.000805006
0.000551408
0.000604301
0.000658055
0.000702003
0.000742121
0.00078285
0.000820103
0.00085215
0.000876348
0.0008889
0.000886091
0.000870781
0.000870114
0.000858967
0.000836043
0.000804624
0.000768221
0.000728834
0.000689578
0.00064598
0.00059247
0.000142017
0.000175343
0.000191794
0.000210033
0.000221276
0.000221056
0.000206583
0.00018792
0.000172196
0.00016434
0.000163715
0.000176397
0.000200509
0.000224603
0.000238211
0.000238351
0.000228661
0.000207881
0.000200281
0.000170253
0.00028864
0.000447689
0.0005247
0.000564965
0.000570405
0.000529045
0.000473935
0.000460079
0.000484347
0.000543226
0.000496207
0.000437476
0.000462265
0.000530206
0.000562521
0.000551098
0.000516915
0.000476072
0.000423062
0.000306966
0.000304532
0.000444977
0.000518649
0.000550574
0.000558461
0.000550926
0.000536632
0.00052222
0.000537521
0.000603331
0.000547202
0.000502773
0.000522524
0.00055804
0.000581329
0.000588151
0.000585908
0.000566483
0.000497866
0.000332495
0.000306061
0.000441436
0.000528014
0.000566145
0.000566334
0.000552686
0.000540622
0.000535742
0.000547421
0.000603631
0.000559387
0.000514153
0.000520931
0.00054619
0.000570028
0.000587559
0.00059247
0.000565413
0.000489801
0.000350125
0.000368166
0.000466783
0.000540802
0.000588372
0.000590401
0.000566939
0.000540738
0.00052004
0.000514801
0.000555378
0.000530388
0.000499048
0.000513757
0.000543506
0.000578576
0.000614065
0.000629282
0.000603161
0.000540798
0.000396538
0.000429934
0.000544238
0.000571201
0.000614201
0.000625861
0.000600238
0.000558934
0.000517054
0.000487334
0.000501751
0.000500775
0.000486816
0.000515469
0.00055843
0.000609567
0.000660563
0.000684452
0.00066931
0.000633642
0.000440508
0.000476993
0.000678342
0.000639314
0.00066028
0.000681149
0.000667448
0.000626319
0.000574574
0.000528831
0.000521626
0.000535166
0.000538542
0.00057327
0.000620456
0.000675557
0.000727676
0.000749668
0.000741354
0.000736768
0.000477159
0.000515132
0.000803198
0.000781229
0.000804338
0.000822616
0.000811554
0.0007751
0.000721694
0.000658171
0.00060726
0.000619249
0.000678616
0.000731528
0.000775222
0.000822222
0.000868612
0.000885049
0.000852549
0.000797893
0.000509978
0.000551796
0.000779084
0.00106806
0.00122281
0.0013286
0.00140012
0.00143854
0.00142678
0.001338
0.00118879
0.00118101
0.00134874
0.0014544
0.00145277
0.00140256
0.00134409
0.00126517
0.00109071
0.000791506
0.000544217
0.000591141
0.000639317
0.000678582
0.000713067
0.000748164
0.000779818
0.000806332
0.000825195
0.000832713
0.000825047
0.000814175
0.000818312
0.000812116
0.000794287
0.000768221
0.000737404
0.000703743
0.000669323
0.000629429
0.000580467
0.000153925
0.000191675
0.00020055
0.000200673
0.000212096
0.000218606
0.00020706
0.000184233
0.000165357
0.000154949
0.000153518
0.000165933
0.000192725
0.000219657
0.000233934
0.000228661
0.000218176
0.000256163
0.00029793
0.000296969
0.00032185
0.000472165
0.000525233
0.000550538
0.000567268
0.000547194
0.000469447
0.00042944
0.00044409
0.000491573
0.000464758
0.000412112
0.000446528
0.000518137
0.000538767
0.000516916
0.000485003
0.000466833
0.000458453
0.000334852
0.000338185
0.000485223
0.000548583
0.000559959
0.00055219
0.00053465
0.000510209
0.000492099
0.000494034
0.000544909
0.000510021
0.000471802
0.000494041
0.000533137
0.000562624
0.000585908
0.000615509
0.000631593
0.000573937
0.000360519
0.000346672
0.000505628
0.000589077
0.00060905
0.000578513
0.000538597
0.000506404
0.000487912
0.000488868
0.000535611
0.000508574
0.000466689
0.000481408
0.000515641
0.000551828
0.00059247
0.000633039
0.000640059
0.000572035
0.000381121
0.000391461
0.000546864
0.000628508
0.000656362
0.000621997
0.000561119
0.000508315
0.00046762
0.000439879
0.000448797
0.000438564
0.00043037
0.000461731
0.0005058
0.000560219
0.000629282
0.000684528
0.000688961
0.000620049
0.000414359
0.00043828
0.00061891
0.000677967
0.00070432
0.000679011
0.000610279
0.000534739
0.000468738
0.000415331
0.000392376
0.000391876
0.000410136
0.000458309
0.000518304
0.000594804
0.000684452
0.000745321
0.000748588
0.000682088
0.000447362
0.000476065
0.000698229
0.000729832
0.000751717
0.000742734
0.000689367
0.000613682
0.000535543
0.000466745
0.000429806
0.000433491
0.00046652
0.000521072
0.000584417
0.000662721
0.000749668
0.000801142
0.00079754
0.000734856
0.000476445
0.000507784
0.000752715
0.000807956
0.000858831
0.000873736
0.000845073
0.000787007
0.000713777
0.000636052
0.000575323
0.000576913
0.000643954
0.00070925
0.0007647
0.000823343
0.000885049
0.000906702
0.00085726
0.000764292
0.000503474
0.000539077
0.000739123
0.000978504
0.00119844
0.00125746
0.00128308
0.00128243
0.00125018
0.00117462
0.00107031
0.00107652
0.00120178
0.00128512
0.0012966
0.00127984
0.00126517
0.00122451
0.0010037
0.000756693
0.000532784
0.000573709
0.00061673
0.000652323
0.000682433
0.000711076
0.000736788
0.000757853
0.000771968
0.000775774
0.000765543
0.000759095
0.000765932
0.000763156
0.000749737
0.000728834
0.000703743
0.000676073
0.000645738
0.000609098
0.000564343
0.000220191
0.00023691
0.000228027
0.000208621
0.000196401
0.000204931
0.000198049
0.000174748
0.000154828
0.000143683
0.000141985
0.000152455
0.000178282
0.000206385
0.000220505
0.000207881
0.000256163
0.000324347
0.000348808
0.000352012
0.000353778
0.000513902
0.000538048
0.000524218
0.000521652
0.000512742
0.000444349
0.000384008
0.000385418
0.000423345
0.000411221
0.000372442
0.00040686
0.000475942
0.000492099
0.000476072
0.000466833
0.000520435
0.000551565
0.000374512
0.000372212
0.000539268
0.000587012
0.000566714
0.000527586
0.000495738
0.000458501
0.000434831
0.000433738
0.000466981
0.000442178
0.000417129
0.000437988
0.000482101
0.000521175
0.000566483
0.000631593
0.000685456
0.00063244
0.000392608
0.000388819
0.000575862
0.00064593
0.000643761
0.000574856
0.000505203
0.000453486
0.000418246
0.00040393
0.000436112
0.000424906
0.000392832
0.000416773
0.000458932
0.000504909
0.000565413
0.000640059
0.000680283
0.000627322
0.000411021
0.000415921
0.000620201
0.000698022
0.000703459
0.000634079
0.000535775
0.000460058
0.000403341
0.000360009
0.000344843
0.000341497
0.000351895
0.000393895
0.000447186
0.000511409
0.000603161
0.000688961
0.000719465
0.000658951
0.00043165
0.00044628
0.000661346
0.000742869
0.000757827
0.000707926
0.000604588
0.000500629
0.000421248
0.000363142
0.000338144
0.000340258
0.000358934
0.000407655
0.000472643
0.000561609
0.00066931
0.000748588
0.000763394
0.000692034
0.00045313
0.000473077
0.000687764
0.000771626
0.000801513
0.000778164
0.000700389
0.00060308
0.000509074
0.000434416
0.000401397
0.00040683
0.000438861
0.000494524
0.000564443
0.000649022
0.000741354
0.00079754
0.000794039
0.00071317
0.000473513
0.000497152
0.000699135
0.00079364
0.000860221
0.000885612
0.000849588
0.000778824
0.000694201
0.000614864
0.000563376
0.000565696
0.000617764
0.000683217
0.000743873
0.000800192
0.000852549
0.00085726
0.000817878
0.000719608
0.000493724
0.000522211
0.00069222
0.000847673
0.00100445
0.00111026
0.00114856
0.00113249
0.0010701
0.000984945
0.000894081
0.000906929
0.00101109
0.00109606
0.00112694
0.00112057
0.00109071
0.0010037
0.000865216
0.000708802
0.000517029
0.000551242
0.000589882
0.00062273
0.000649913
0.000674122
0.000694718
0.000710901
0.000720613
0.000721326
0.000709233
0.000706578
0.000715105
0.000715064
0.00070569
0.000689578
0.000669323
0.000645738
0.000618442
0.000584494
0.000543299
0.000298543
0.000288518
0.000261476
0.000222851
0.000187555
0.000181506
0.000176496
0.00015333
0.000135969
0.000128914
0.000127797
0.000133764
0.000156426
0.000180134
0.000193442
0.000200281
0.00029793
0.000348808
0.000378512
0.000380175
0.00038308
0.000542971
0.000536467
0.000487875
0.00045199
0.000432838
0.000369436
0.000309077
0.000314153
0.000350979
0.000344118
0.000299157
0.000329437
0.000395956
0.000419143
0.000423062
0.000458453
0.000551565
0.000566357
0.000403485
0.000403423
0.000552511
0.000571803
0.000535431
0.000470578
0.000423528
0.000377811
0.000343328
0.00034013
0.000381794
0.000362138
0.000326908
0.000349102
0.000396725
0.000442105
0.000497866
0.000573937
0.00063244
0.00059563
0.000420545
0.000419847
0.000581123
0.000617637
0.000596296
0.000518792
0.000435232
0.000377122
0.000332505
0.000301104
0.00030482
0.000302536
0.000298069
0.000332209
0.000377857
0.000425489
0.000489801
0.000572035
0.000627322
0.000599877
0.000433055
0.000435303
0.000611436
0.000660638
0.000654169
0.000588921
0.000483786
0.000410082
0.000355078
0.000314638
0.000300911
0.000305965
0.000318313
0.000351693
0.000400476
0.000455296
0.000540798
0.000620049
0.000658951
0.000620961
0.000444141
0.00045143
0.000634397
0.000694035
0.000707214
0.000677032
0.000593837
0.000490278
0.000422792
0.000379607
0.000365058
0.000372762
0.000391231
0.000426887
0.000479731
0.000559499
0.000633642
0.000682088
0.000692034
0.00064246
0.000455359
0.000466877
0.00064594
0.000713328
0.000746476
0.000757572
0.000732354
0.000667633
0.00057425
0.000495445
0.000468298
0.000478371
0.000525526
0.000589675
0.000661809
0.000713439
0.000736768
0.000734856
0.00071317
0.000657665
0.000466838
0.000481957
0.000646139
0.000720127
0.000767912
0.000807374
0.000821405
0.000808112
0.000778245
0.00074306
0.000710328
0.000714302
0.000739732
0.000771903
0.000797823
0.000808667
0.000797893
0.000764292
0.000719608
0.000664071
0.000479326
0.0004992
0.000636626
0.000708304
0.000763291
0.000803494
0.000813277
0.00080299
0.000775061
0.000733232
0.000681784
0.000690644
0.000741605
0.000785445
0.000805355
0.000805007
0.000791506
0.000756693
0.000708802
0.000643884
0.00049526
0.000520548
0.000555552
0.000586298
0.000610892
0.000631682
0.000648617
0.000661144
0.000667986
0.000667426
0.000656262
0.000655595
0.000663243
0.000664414
0.000658167
0.00064598
0.000629429
0.000609098
0.000584494
0.00055279
0.000514475
0.000354555
0.000333346
0.000286517
0.000228386
0.000161962
0.000141866
0.000135873
0.000117419
0.00010989
0.000108038
0.000108367
0.000109843
0.000117576
0.00013479
0.000141141
0.000170253
0.000296969
0.000352012
0.000380175
0.000397724
0.000405617
0.00039917
0.000379005
0.000351271
0.000321252
0.000284461
0.0002136
0.000151709
0.000143343
0.0001415
0.000141158
0.000141112
0.000158536
0.000245822
0.000283861
0.000306966
0.000334852
0.000374512
0.000403485
0.000420168
0.000425274
0.000421294
0.000402482
0.000372885
0.00033549
0.000294337
0.000249614
0.000206408
0.00015516
0.000158181
0.000158913
0.000167153
0.000219185
0.000264769
0.000301918
0.000332495
0.000360519
0.000392608
0.000420545
0.000433071
0.000435515
0.000434656
0.00041947
0.000391713
0.00035402
0.000313754
0.000280041
0.000248797
0.000213409
0.000198855
0.000210319
0.000230027
0.000254864
0.000282965
0.000316068
0.000350125
0.000381121
0.000411021
0.000433055
0.000440252
0.000442223
0.000444746
0.00043586
0.00041838
0.000397705
0.000376583
0.00035762
0.000340405
0.000326247
0.0003197
0.000327082
0.000338097
0.000350733
0.000364565
0.000379686
0.000396538
0.000414359
0.00043165
0.000444141
0.000445157
0.000447934
0.000454013
0.000453083
0.000447264
0.000439235
0.000429884
0.000419722
0.000409283
0.000399219
0.000391623
0.000396224
0.000405333
0.000415067
0.000424305
0.000432832
0.000440508
0.000447362
0.00045313
0.00045536
0.000449377
0.000453448
0.000464155
0.00047116
0.000474224
0.000474784
0.000472871
0.00046853
0.000461944
0.000453726
0.000444737
0.000448066
0.000456813
0.000465183
0.000471596
0.000475575
0.000477159
0.000476445
0.000473513
0.000466838
0.000453868
0.000459594
0.000476532
0.000490497
0.000500659
0.000507595
0.00051084
0.000510593
0.000506888
0.000499737
0.000488977
0.000491717
0.000500957
0.000508624
0.000512722
0.000513064
0.000509978
0.000503474
0.000493724
0.000479326
0.000459293
0.000467906
0.00049254
0.000514104
0.00053047
0.00054265
0.000550059
0.000553271
0.00055205
0.000545826
0.000533262
0.000535715
0.000545977
0.000552937
0.000554597
0.000551408
0.000544217
0.000532784
0.000517029
0.00049526
0.000466935
0.000480239
0.000512757
0.000541232
0.000562714
0.000579536
0.00059224
0.00060082
0.000604766
0.000603017
0.000592568
0.000593732
0.000600982
0.00060337
0.00060031
0.00059247
0.000580467
0.000564343
0.000543299
0.000514475
0.000478457
)
;

boundaryField
{
    floor
    {
        type            compressible::alphatWallFunction;
        Prt             0.85;
        value           nonuniform List<scalar> 
400
(
4.43385e-05
3.60756e-05
2.36083e-05
1.31242e-05
1.03406e-05
8.61361e-06
6.6454e-06
6.24024e-06
6.36998e-06
6.65035e-06
6.76857e-06
6.60527e-06
6.49211e-06
7.3022e-06
9.66899e-06
1.07607e-05
1.28904e-05
2.42251e-05
3.7402e-05
4.65914e-05
3.60756e-05
3.15726e-05
2.36531e-05
1.77897e-05
1.68603e-05
1.51339e-05
1.13639e-05
1.00908e-05
1.00117e-05
1.0457e-05
1.05646e-05
1.02742e-05
1.07508e-05
1.4093e-05
1.62279e-05
1.67395e-05
1.95556e-05
2.71517e-05
3.57455e-05
4.31597e-05
2.36083e-05
2.36531e-05
2.08373e-05
1.96368e-05
2.00605e-05
1.85513e-05
1.44323e-05
1.24209e-05
1.19716e-05
1.23997e-05
1.24394e-05
1.21801e-05
1.32709e-05
1.70934e-05
1.99667e-05
1.96157e-05
2.11166e-05
2.57356e-05
3.12876e-05
3.54247e-05
1.31242e-05
1.77897e-05
1.96368e-05
2.10547e-05
2.21749e-05
2.00431e-05
1.64923e-05
1.4343e-05
1.37374e-05
1.42315e-05
1.41602e-05
1.38347e-05
1.51651e-05
1.87182e-05
2.24925e-05
2.26688e-05
2.11457e-05
2.24825e-05
2.48462e-05
2.56867e-05
1.03406e-05
1.68603e-05
2.00605e-05
2.21749e-05
2.22088e-05
1.99627e-05
1.74093e-05
1.56163e-05
1.51908e-05
1.60596e-05
1.57059e-05
1.51547e-05
1.65665e-05
1.97204e-05
2.34434e-05
2.46443e-05
2.30144e-05
2.03672e-05
1.88683e-05
1.43902e-05
8.61361e-06
1.51339e-05
1.85513e-05
2.00431e-05
1.99627e-05
1.88765e-05
1.74549e-05
1.63784e-05
1.64668e-05
1.78479e-05
1.71674e-05
1.63354e-05
1.75174e-05
1.99717e-05
2.28185e-05
2.46346e-05
2.41943e-05
2.1804e-05
1.76454e-05
1.07464e-05
6.6454e-06
1.13639e-05
1.44323e-05
1.64923e-05
1.74093e-05
1.74549e-05
1.71224e-05
1.69271e-05
1.78365e-05
2.00939e-05
1.89807e-05
1.75409e-05
1.81113e-05
1.95518e-05
2.11052e-05
2.21593e-05
2.2241e-05
2.06759e-05
1.69265e-05
9.64497e-06
6.24024e-06
1.00908e-05
1.24209e-05
1.4343e-05
1.56163e-05
1.63784e-05
1.69271e-05
1.7728e-05
1.96763e-05
2.2566e-05
2.10834e-05
1.89996e-05
1.85715e-05
1.87511e-05
1.89921e-05
1.89322e-05
1.82855e-05
1.66188e-05
1.28226e-05
6.26483e-06
6.36998e-06
1.00117e-05
1.19716e-05
1.37374e-05
1.51908e-05
1.64668e-05
1.78365e-05
1.96763e-05
2.18971e-05
2.42466e-05
2.28261e-05
2.07725e-05
1.9472e-05
1.82153e-05
1.71885e-05
1.61871e-05
1.49691e-05
1.30854e-05
9.67822e-06
4.83919e-06
6.65036e-06
1.0457e-05
1.23997e-05
1.42315e-05
1.60596e-05
1.78479e-05
2.00939e-05
2.2566e-05
2.42466e-05
5.46998e-06
4.79432e-06
2.29833e-05
2.11097e-05
1.87084e-05
1.65391e-05
1.48044e-05
1.31184e-05
1.10733e-05
8.36839e-06
4.46302e-06
6.76857e-06
1.05646e-05
1.24394e-05
1.41602e-05
1.57059e-05
1.71674e-05
1.89807e-05
2.10834e-05
2.28261e-05
4.79432e-06
4.62708e-06
2.27009e-05
2.0869e-05
1.85662e-05
1.64846e-05
1.46847e-05
1.2858e-05
1.07579e-05
8.14796e-06
4.50846e-06
6.60527e-06
1.02742e-05
1.21801e-05
1.38347e-05
1.51547e-05
1.63354e-05
1.75409e-05
1.89996e-05
2.07725e-05
2.29833e-05
2.27009e-05
2.16088e-05
2.06936e-05
1.95639e-05
1.83425e-05
1.69081e-05
1.50661e-05
1.26361e-05
9.23926e-06
4.77813e-06
6.4921e-06
1.07508e-05
1.32709e-05
1.51651e-05
1.65665e-05
1.75174e-05
1.81113e-05
1.85715e-05
1.9472e-05
2.11097e-05
2.0869e-05
2.06936e-05
2.12619e-05
2.16897e-05
2.16678e-05
2.10914e-05
1.97489e-05
1.72041e-05
1.33049e-05
6.22169e-06
7.3022e-06
1.4093e-05
1.70934e-05
1.87182e-05
1.97204e-05
1.99717e-05
1.95518e-05
1.87511e-05
1.82153e-05
1.87084e-05
1.85662e-05
1.95639e-05
2.16897e-05
2.36982e-05
2.49527e-05
2.52189e-05
2.43688e-05
2.20746e-05
1.74865e-05
9.3417e-06
9.66898e-06
1.62279e-05
1.99667e-05
2.24925e-05
2.34434e-05
2.28186e-05
2.11052e-05
1.89921e-05
1.71885e-05
1.65391e-05
1.64846e-05
1.83425e-05
2.16678e-05
2.49527e-05
2.6998e-05
2.75246e-05
2.67917e-05
2.45325e-05
1.99081e-05
1.0553e-05
1.07607e-05
1.67395e-05
1.96157e-05
2.26688e-05
2.46443e-05
2.46346e-05
2.21593e-05
1.89322e-05
1.61871e-05
1.48044e-05
1.46847e-05
1.69081e-05
2.10914e-05
2.52189e-05
2.75246e-05
2.75386e-05
2.58853e-05
2.24202e-05
2.12333e-05
1.60638e-05
1.28905e-05
1.95556e-05
2.11166e-05
2.11457e-05
2.30144e-05
2.41943e-05
2.2241e-05
1.82855e-05
1.49691e-05
1.31184e-05
1.2858e-05
1.50661e-05
1.97489e-05
2.43688e-05
2.67917e-05
2.58853e-05
2.42335e-05
3.09973e-05
3.7836e-05
3.77906e-05
2.42251e-05
2.71517e-05
2.57356e-05
2.24825e-05
2.03672e-05
2.1804e-05
2.06759e-05
1.66188e-05
1.30854e-05
1.10733e-05
1.07579e-05
1.26361e-05
1.72041e-05
2.20746e-05
2.45325e-05
2.24202e-05
3.09973e-05
4.19126e-05
4.58737e-05
4.64122e-05
3.7402e-05
3.57455e-05
3.12876e-05
2.48462e-05
1.88683e-05
1.76454e-05
1.69265e-05
1.28226e-05
9.67822e-06
8.36839e-06
8.14796e-06
9.23925e-06
1.33049e-05
1.74865e-05
1.99081e-05
2.12333e-05
3.7836e-05
4.58737e-05
5.06353e-05
5.08859e-05
4.65914e-05
4.31597e-05
3.54247e-05
2.56867e-05
1.43902e-05
1.07464e-05
9.64497e-06
6.26483e-06
4.83919e-06
4.46302e-06
4.50846e-06
4.77813e-06
6.22168e-06
9.3417e-06
1.0553e-05
1.60638e-05
3.77906e-05
4.64122e-05
5.08859e-05
5.36546e-05
)
;
    }
    ceiling
    {
        type            compressible::alphatWallFunction;
        Prt             0.85;
        value           nonuniform List<scalar> 
400
(
6.69604e-05
7.26126e-05
7.71804e-05
8.05905e-05
8.33029e-05
8.54327e-05
8.69901e-05
8.78996e-05
8.79381e-05
8.66192e-05
8.63574e-05
8.71327e-05
8.72868e-05
8.66968e-05
8.53848e-05
8.34025e-05
8.07706e-05
7.73661e-05
7.26896e-05
6.64965e-05
7.26126e-05
7.85439e-05
8.35056e-05
8.74471e-05
9.08307e-05
9.37022e-05
9.59731e-05
9.74518e-05
9.77792e-05
9.64566e-05
9.58702e-05
9.66315e-05
9.65476e-05
9.54407e-05
9.3397e-05
9.06038e-05
8.72259e-05
8.31934e-05
7.80067e-05
7.14869e-05
7.71804e-05
8.35056e-05
8.87472e-05
9.30524e-05
9.69406e-05
0.000100427
0.000103337
0.000105352
0.000105955
0.000104581
0.000103642
0.000104471
0.000104183
0.000102596
9.9886e-05
9.64223e-05
9.25235e-05
8.81093e-05
8.26427e-05
7.5825e-05
8.05905e-05
8.74471e-05
9.30524e-05
9.77898e-05
0.000102385
0.000106715
0.00011046
0.000113187
0.000114354
0.000113393
0.000111795
0.000112223
0.00011148
0.000109244
0.000105763
0.000101495
9.69745e-05
9.21511e-05
8.63279e-05
7.90776e-05
8.33029e-05
9.08307e-05
9.69406e-05
0.000102385
0.00010803
0.00011328
0.000117829
0.000121282
0.000123056
0.000122623
0.000120267
0.000120118
0.00011881
0.000115908
0.000111688
0.000106625
0.000101184
9.57316e-05
8.94277e-05
8.16129e-05
8.54327e-05
9.37022e-05
0.000100427
0.000106715
0.00011328
0.000119413
0.000124846
0.000129144
0.000131757
0.000132327
0.000129163
0.000127952
0.000125771
0.000122082
0.000117076
0.000111228
0.000104946
9.87653e-05
9.1943e-05
8.35209e-05
8.69901e-05
9.59731e-05
0.000103337
0.00011046
0.000117829
0.000124846
0.00013124
0.000136644
0.000140731
0.000143721
0.000139607
0.000136064
0.000132316
0.000127549
0.000121686
0.000115066
0.000108015
0.00010114
9.37974e-05
8.4806e-05
8.78996e-05
9.74518e-05
0.000105352
0.000113187
0.000121282
0.000129144
0.000136644
0.000143696
0.000150862
0.000158799
0.00015332
0.000145124
0.000138378
0.000131999
0.000125152
0.000117784
0.000110064
0.000102561
9.48075e-05
8.53957e-05
8.79381e-05
9.77792e-05
0.000105955
0.000114354
0.000123056
0.000131757
0.000140731
0.000150862
0.000163382
0.000176435
0.000169866
0.000155838
0.000144125
0.00013505
0.000126943
0.000118862
0.000110613
0.000102661
9.47227e-05
8.5133e-05
8.66192e-05
9.64566e-05
0.000104581
0.000113393
0.000122623
0.000132327
0.000143721
0.000158799
0.000176435
0.000175684
0.000174304
0.000166857
0.000149849
0.000136457
0.000126534
0.000117751
0.00010912
0.000100885
9.30696e-05
8.35688e-05
8.63574e-05
9.58702e-05
0.000103642
0.000111795
0.000120267
0.000129163
0.000139607
0.00015332
0.000169866
0.000174304
0.000175514
0.000161837
0.000145716
0.000133538
0.000124355
0.000116197
0.000108202
0.000100517
9.29914e-05
8.37617e-05
8.71327e-05
9.66315e-05
0.000104471
0.000112223
0.000120118
0.000127952
0.000136064
0.000145124
0.000155838
0.000166857
0.000161837
0.00014982
0.000139882
0.000131734
0.000124246
0.000116788
0.000109195
0.000101769
9.41252e-05
8.48496e-05
8.72868e-05
9.65476e-05
0.000104183
0.00011148
0.00011881
0.000125771
0.000132316
0.000138378
0.000144125
0.000149849
0.000145716
0.000139882
0.000134558
0.000128911
0.000122645
0.000115896
0.000108796
0.000101767
9.4301e-05
8.52087e-05
8.66968e-05
9.54407e-05
0.000102596
0.000109244
0.000115908
0.000122082
0.000127549
0.000131999
0.00013505
0.000136457
0.000133538
0.000131734
0.000128911
0.000124687
0.000119352
0.000113322
0.000106846
0.000100395
9.33785e-05
8.47519e-05
8.53848e-05
9.3397e-05
9.9886e-05
0.000105763
0.000111688
0.000117076
0.000121686
0.000125152
0.000126943
0.000126534
0.000124355
0.000124246
0.000122645
0.000119352
0.000114821
0.000109542
0.000103794
9.80266e-05
9.15722e-05
8.35771e-05
8.34025e-05
9.06038e-05
9.64223e-05
0.000101495
0.000106625
0.000111228
0.000115066
0.000117784
0.000118862
0.000117751
0.000116197
0.000116788
0.000115896
0.000113322
0.000109542
0.000105049
0.000100114
9.50362e-05
8.91101e-05
8.17731e-05
8.07706e-05
8.72259e-05
9.25235e-05
9.69745e-05
0.000101184
0.000104946
0.000108015
0.000110064
0.000110613
0.00010912
0.000108202
0.000109195
0.000108795
0.000106846
0.000103794
0.000100114
9.60349e-05
9.15388e-05
8.6073e-05
7.9341e-05
7.73661e-05
8.31934e-05
8.81093e-05
9.21511e-05
9.57316e-05
9.87653e-05
0.00010114
0.000102561
0.000102661
0.000100885
0.000100517
0.000101769
0.000101767
0.000100395
9.80265e-05
9.50362e-05
9.15388e-05
8.74707e-05
8.238e-05
7.61527e-05
7.26896e-05
7.80067e-05
8.26427e-05
8.63279e-05
8.94277e-05
9.1943e-05
9.37974e-05
9.48075e-05
9.47227e-05
9.30696e-05
9.29913e-05
9.41252e-05
9.4301e-05
9.33785e-05
9.15722e-05
8.911e-05
8.6073e-05
8.238e-05
7.75923e-05
7.17599e-05
6.64965e-05
7.14869e-05
7.5825e-05
7.90776e-05
8.16129e-05
8.35209e-05
8.4806e-05
8.53957e-05
8.5133e-05
8.35688e-05
8.37617e-05
8.48496e-05
8.52087e-05
8.47519e-05
8.35771e-05
8.17731e-05
7.9341e-05
7.61527e-05
7.17598e-05
6.62259e-05
)
;
    }
    fixedWalls
    {
        type            compressible::alphatWallFunction;
        Prt             0.85;
        value           nonuniform List<scalar> 
800
(
4.42361e-05
5.42915e-05
5.78808e-05
5.9657e-05
6.07713e-05
6.16439e-05
6.25154e-05
6.35185e-05
6.48623e-05
6.68364e-05
3.59919e-05
5.06064e-05
5.54428e-05
5.80688e-05
6.02074e-05
6.22083e-05
6.42907e-05
6.64784e-05
6.91693e-05
7.24796e-05
2.35489e-05
4.62009e-05
5.1026e-05
5.38411e-05
5.73852e-05
6.13487e-05
6.51231e-05
6.86943e-05
7.25765e-05
7.704e-05
1.30798e-05
4.11982e-05
4.52224e-05
4.74875e-05
5.32933e-05
5.98372e-05
6.5444e-05
7.02717e-05
7.51346e-05
8.04442e-05
1.02989e-05
3.44155e-05
3.85885e-05
4.02506e-05
4.8645e-05
5.81164e-05
6.54834e-05
7.14092e-05
7.70931e-05
8.31518e-05
8.57362e-06
1.71962e-05
3.06392e-05
3.36876e-05
4.39837e-05
5.6375e-05
6.51803e-05
7.2086e-05
7.84834e-05
8.52778e-05
6.60829e-06
1.21538e-05
1.9927e-05
2.75738e-05
3.98001e-05
5.47037e-05
6.4576e-05
7.22623e-05
7.9298e-05
8.68322e-05
6.20366e-06
1.16427e-05
1.31363e-05
2.1569e-05
3.61394e-05
5.30409e-05
6.37003e-05
7.19141e-05
7.94567e-05
8.774e-05
6.3331e-06
1.20308e-05
1.40663e-05
1.53432e-05
3.32539e-05
5.14119e-05
6.25477e-05
7.10174e-05
7.87915e-05
8.77781e-05
6.61297e-06
1.2726e-05
1.52874e-05
1.77002e-05
3.23089e-05
5.02059e-05
6.11783e-05
6.94589e-05
7.69977e-05
8.64613e-05
6.73097e-06
1.28818e-05
1.54089e-05
1.75272e-05
3.50969e-05
5.13405e-05
6.1734e-05
6.97067e-05
7.70445e-05
8.61999e-05
6.56792e-06
1.20325e-05
1.38795e-05
1.64491e-05
3.80243e-05
5.29167e-05
6.29786e-05
7.08734e-05
7.82827e-05
8.69741e-05
6.45495e-06
1.14318e-05
1.52846e-05
2.23315e-05
4.05459e-05
5.44822e-05
6.41784e-05
7.1891e-05
7.91388e-05
8.71283e-05
7.26378e-06
1.28027e-05
2.54467e-05
2.80972e-05
4.30656e-05
5.59387e-05
6.50985e-05
7.24159e-05
7.92707e-05
8.65396e-05
9.62754e-06
2.76659e-05
3.22352e-05
3.32326e-05
4.5738e-05
5.72841e-05
6.56779e-05
7.23633e-05
7.86422e-05
8.52301e-05
1.07184e-05
3.593e-05
3.85413e-05
3.88151e-05
4.88432e-05
5.8595e-05
6.59003e-05
7.17523e-05
7.73258e-05
8.32515e-05
1.28461e-05
4.13755e-05
4.40069e-05
4.53898e-05
5.25383e-05
5.98911e-05
6.57502e-05
7.06222e-05
7.53904e-05
8.06243e-05
2.41644e-05
4.65692e-05
4.94684e-05
5.21124e-05
5.63864e-05
6.113e-05
6.52823e-05
6.89869e-05
7.28179e-05
7.72256e-05
3.73157e-05
5.1201e-05
5.44129e-05
5.69952e-05
5.94124e-05
6.19235e-05
6.43177e-05
6.66449e-05
6.92939e-05
7.25568e-05
4.64846e-05
5.47361e-05
5.78331e-05
5.94371e-05
6.0484e-05
6.13735e-05
6.22307e-05
6.3184e-05
6.44703e-05
6.63735e-05
4.64846e-05
5.47361e-05
5.78331e-05
5.94371e-05
6.0484e-05
6.13735e-05
6.22307e-05
6.3184e-05
6.44703e-05
6.63735e-05
4.30606e-05
5.37354e-05
5.72098e-05
5.93006e-05
6.08729e-05
6.23128e-05
6.38842e-05
6.5796e-05
6.82593e-05
7.13561e-05
3.53434e-05
5.06179e-05
5.42575e-05
5.69236e-05
5.94835e-05
6.21634e-05
6.49612e-05
6.7939e-05
7.1555e-05
7.56871e-05
2.56246e-05
4.62006e-05
4.95554e-05
5.25457e-05
5.67454e-05
6.12548e-05
6.54287e-05
6.94917e-05
7.40425e-05
7.89342e-05
1.43445e-05
4.12662e-05
4.35464e-05
4.65363e-05
5.34906e-05
6.0002e-05
6.55105e-05
7.05479e-05
7.58859e-05
8.1465e-05
1.07044e-05
3.52082e-05
3.68626e-05
4.00426e-05
5.01463e-05
5.85413e-05
6.52123e-05
7.10396e-05
7.70035e-05
8.33696e-05
9.60358e-06
2.33338e-05
2.94739e-05
3.45266e-05
4.71233e-05
5.69509e-05
6.45398e-05
7.09989e-05
7.74856e-05
8.46522e-05
6.22802e-06
1.24989e-05
2.21734e-05
2.93213e-05
4.43601e-05
5.53129e-05
6.35211e-05
7.04315e-05
7.72989e-05
8.52407e-05
4.80446e-06
1.09723e-05
1.31572e-05
2.32915e-05
4.20733e-05
5.37301e-05
6.22494e-05
6.93381e-05
7.63574e-05
8.49781e-05
4.42876e-06
1.06095e-05
1.3618e-05
2.0795e-05
4.10228e-05
5.25383e-05
6.08605e-05
6.76953e-05
7.44592e-05
8.34163e-05
4.4741e-06
1.05428e-05
1.37645e-05
2.28181e-05
4.22454e-05
5.32812e-05
6.13923e-05
6.8131e-05
7.48493e-05
8.3609e-05
4.74338e-06
1.05298e-05
1.52333e-05
2.6224e-05
4.40399e-05
5.4726e-05
6.27553e-05
6.95515e-05
7.64086e-05
8.46953e-05
6.18482e-06
1.37974e-05
2.41957e-05
3.04104e-05
4.60796e-05
5.62608e-05
6.40545e-05
7.07272e-05
7.74648e-05
8.50542e-05
9.30067e-06
2.887e-05
3.18888e-05
3.50676e-05
4.82949e-05
5.77111e-05
6.50478e-05
7.13561e-05
7.77193e-05
8.45985e-05
1.05109e-05
3.52161e-05
3.80626e-05
4.04597e-05
5.06984e-05
5.9044e-05
6.56627e-05
7.14106e-05
7.72393e-05
8.3426e-05
1.60143e-05
3.90163e-05
4.30827e-05
4.5947e-05
5.33587e-05
6.02386e-05
6.59074e-05
7.09407e-05
7.61515e-05
8.16253e-05
3.77024e-05
4.35977e-05
4.7624e-05
5.09088e-05
5.61559e-05
6.13021e-05
6.57974e-05
6.99466e-05
7.44167e-05
7.91975e-05
4.63058e-05
4.98757e-05
5.2729e-05
5.56296e-05
5.88558e-05
6.21952e-05
6.5345e-05
6.84528e-05
7.20182e-05
7.60147e-05
5.07705e-05
5.44471e-05
5.71189e-05
5.90716e-05
6.07962e-05
6.25375e-05
6.4313e-05
6.62392e-05
6.86879e-05
7.1629e-05
5.35342e-05
5.70592e-05
5.90721e-05
6.01886e-05
6.09501e-05
6.16052e-05
6.2302e-05
6.31428e-05
6.43252e-05
6.61038e-05
4.42361e-05
5.42915e-05
5.78808e-05
5.9657e-05
6.07713e-05
6.16439e-05
6.25154e-05
6.35185e-05
6.48623e-05
6.68364e-05
3.59919e-05
5.06064e-05
5.54428e-05
5.80688e-05
6.02074e-05
6.22083e-05
6.42907e-05
6.64784e-05
6.91693e-05
7.24796e-05
2.35489e-05
4.62009e-05
5.1026e-05
5.38411e-05
5.73852e-05
6.13487e-05
6.51231e-05
6.86943e-05
7.25765e-05
7.704e-05
1.30798e-05
4.11982e-05
4.52224e-05
4.74875e-05
5.32933e-05
5.98372e-05
6.5444e-05
7.02717e-05
7.51346e-05
8.04442e-05
1.02989e-05
3.44155e-05
3.85885e-05
4.02506e-05
4.8645e-05
5.81164e-05
6.54834e-05
7.14092e-05
7.70931e-05
8.31518e-05
8.57362e-06
1.71962e-05
3.06392e-05
3.36876e-05
4.39837e-05
5.6375e-05
6.51803e-05
7.2086e-05
7.84834e-05
8.52778e-05
6.60829e-06
1.21538e-05
1.9927e-05
2.75738e-05
3.98001e-05
5.47037e-05
6.4576e-05
7.22623e-05
7.9298e-05
8.68322e-05
6.20366e-06
1.16427e-05
1.31363e-05
2.1569e-05
3.61394e-05
5.30409e-05
6.37003e-05
7.19141e-05
7.94567e-05
8.774e-05
6.3331e-06
1.20308e-05
1.40663e-05
1.53432e-05
3.32539e-05
5.14119e-05
6.25477e-05
7.10174e-05
7.87915e-05
8.77781e-05
6.61297e-06
1.2726e-05
1.52874e-05
1.77003e-05
3.23089e-05
5.0206e-05
6.11783e-05
6.94589e-05
7.69977e-05
8.64613e-05
6.73097e-06
1.28818e-05
1.54089e-05
1.75272e-05
3.50969e-05
5.13405e-05
6.1734e-05
6.97067e-05
7.70445e-05
8.61999e-05
6.56792e-06
1.20325e-05
1.38795e-05
1.64491e-05
3.80243e-05
5.29167e-05
6.29786e-05
7.08734e-05
7.82827e-05
8.69741e-05
6.45494e-06
1.14318e-05
1.52846e-05
2.23316e-05
4.0546e-05
5.44822e-05
6.41784e-05
7.1891e-05
7.91388e-05
8.71283e-05
7.26378e-06
1.28027e-05
2.54467e-05
2.80972e-05
4.30656e-05
5.59387e-05
6.50985e-05
7.24159e-05
7.92707e-05
8.65396e-05
9.62754e-06
2.76659e-05
3.22352e-05
3.32326e-05
4.57381e-05
5.72841e-05
6.56779e-05
7.23633e-05
7.86422e-05
8.52301e-05
1.07184e-05
3.593e-05
3.85413e-05
3.88151e-05
4.88432e-05
5.8595e-05
6.59003e-05
7.17523e-05
7.73258e-05
8.32515e-05
1.28461e-05
4.13755e-05
4.40069e-05
4.53898e-05
5.25383e-05
5.98911e-05
6.57502e-05
7.06222e-05
7.53904e-05
8.06243e-05
2.41644e-05
4.65692e-05
4.94684e-05
5.21125e-05
5.63864e-05
6.113e-05
6.52823e-05
6.89869e-05
7.28179e-05
7.72256e-05
3.73157e-05
5.1201e-05
5.44129e-05
5.69952e-05
5.94124e-05
6.19235e-05
6.43177e-05
6.66449e-05
6.92939e-05
7.25568e-05
4.64846e-05
5.47361e-05
5.78331e-05
5.94371e-05
6.0484e-05
6.13735e-05
6.22307e-05
6.3184e-05
6.44703e-05
6.63735e-05
4.64846e-05
5.47361e-05
5.78331e-05
5.94371e-05
6.0484e-05
6.13735e-05
6.22307e-05
6.3184e-05
6.44703e-05
6.63735e-05
4.30606e-05
5.37354e-05
5.72098e-05
5.93006e-05
6.08729e-05
6.23128e-05
6.38842e-05
6.5796e-05
6.82593e-05
7.13561e-05
3.53434e-05
5.06179e-05
5.42575e-05
5.69236e-05
5.94835e-05
6.21634e-05
6.49612e-05
6.7939e-05
7.1555e-05
7.56871e-05
2.56246e-05
4.62006e-05
4.95554e-05
5.25457e-05
5.67454e-05
6.12548e-05
6.54287e-05
6.94917e-05
7.40425e-05
7.89342e-05
1.43445e-05
4.12662e-05
4.35464e-05
4.65363e-05
5.34906e-05
6.0002e-05
6.55105e-05
7.05479e-05
7.58859e-05
8.1465e-05
1.07044e-05
3.52082e-05
3.68626e-05
4.00426e-05
5.01463e-05
5.85413e-05
6.52123e-05
7.10396e-05
7.70035e-05
8.33696e-05
9.60358e-06
2.33338e-05
2.94739e-05
3.45266e-05
4.71233e-05
5.69509e-05
6.45398e-05
7.09989e-05
7.74856e-05
8.46522e-05
6.22802e-06
1.24989e-05
2.21734e-05
2.93213e-05
4.43601e-05
5.53128e-05
6.35211e-05
7.04315e-05
7.72989e-05
8.52406e-05
4.80446e-06
1.09723e-05
1.31573e-05
2.32915e-05
4.20733e-05
5.37301e-05
6.22494e-05
6.93381e-05
7.63574e-05
8.49781e-05
4.42876e-06
1.06095e-05
1.3618e-05
2.0795e-05
4.10228e-05
5.25383e-05
6.08605e-05
6.76953e-05
7.44592e-05
8.34163e-05
4.4741e-06
1.05428e-05
1.37645e-05
2.28181e-05
4.22454e-05
5.32812e-05
6.13923e-05
6.8131e-05
7.48493e-05
8.3609e-05
4.74338e-06
1.05298e-05
1.52333e-05
2.6224e-05
4.40399e-05
5.4726e-05
6.27553e-05
6.95515e-05
7.64086e-05
8.46953e-05
6.18482e-06
1.37974e-05
2.41957e-05
3.04104e-05
4.60796e-05
5.62608e-05
6.40545e-05
7.07272e-05
7.74648e-05
8.50542e-05
9.30066e-06
2.887e-05
3.18888e-05
3.50676e-05
4.82949e-05
5.77111e-05
6.50478e-05
7.13561e-05
7.77193e-05
8.45985e-05
1.05109e-05
3.52161e-05
3.80626e-05
4.04597e-05
5.06984e-05
5.9044e-05
6.56627e-05
7.14106e-05
7.72393e-05
8.3426e-05
1.60143e-05
3.90163e-05
4.30828e-05
4.5947e-05
5.33587e-05
6.02386e-05
6.59074e-05
7.09407e-05
7.61515e-05
8.16253e-05
3.77024e-05
4.35976e-05
4.7624e-05
5.09088e-05
5.61559e-05
6.13021e-05
6.57974e-05
6.99466e-05
7.44167e-05
7.91975e-05
4.63058e-05
4.98757e-05
5.2729e-05
5.56296e-05
5.88558e-05
6.21952e-05
6.5345e-05
6.84528e-05
7.20182e-05
7.60147e-05
5.07705e-05
5.44471e-05
5.71189e-05
5.90716e-05
6.07962e-05
6.25375e-05
6.4313e-05
6.62392e-05
6.86879e-05
7.1629e-05
5.35342e-05
5.70592e-05
5.90721e-05
6.01886e-05
6.09501e-05
6.16052e-05
6.2302e-05
6.31428e-05
6.43252e-05
6.61038e-05
)
;
    }
}


// ************************************************************************* //
