/*--------------------------------*- C++ -*----------------------------------*\
| =========                 |                                                 |
| \\      /  F ield         | OpenFOAM: The Open Source CFD Toolbox           |
|  \\    /   O peration     | Version:  v2012                                 |
|   \\  /    A nd           | Website:  www.openfoam.com                      |
|    \\/     M anipulation  |                                                 |
\*---------------------------------------------------------------------------*/
FoamFile
{
    version     2.0;
    format      ascii;
    class       volScalarField;
    location    "1800";
    object      T;
}
// * * * * * * * * * * * * * * * * * * * * * * * * * * * * * * * * * * * * * //

dimensions      [0 0 0 1 0 0 0];


internalField   nonuniform List<scalar> 
4000
(
300.553
300.519
300.475
300.471
300.483
300.492
300.491
300.491
300.493
300.494
300.495
300.495
300.494
300.496
300.491
300.483
300.473
300.479
300.523
300.557
300.572
300.569
300.561
300.554
300.546
300.541
300.542
300.543
300.543
300.543
300.543
300.543
300.543
300.541
300.541
300.545
300.553
300.564
300.571
300.571
300.569
300.571
300.573
300.57
300.561
300.555
300.554
300.555
300.555
300.555
300.555
300.555
300.554
300.553
300.555
300.561
300.569
300.572
300.571
300.567
300.564
300.568
300.57
300.571
300.567
300.561
300.559
300.558
300.558
300.558
300.557
300.556
300.557
300.559
300.561
300.566
300.57
300.57
300.567
300.563
300.559
300.563
300.566
300.568
300.568
300.568
300.566
300.565
300.564
300.563
300.564
300.566
300.567
300.567
300.567
300.568
300.567
300.566
300.563
300.558
300.554
300.558
300.562
300.564
300.565
300.566
300.566
300.566
300.566
300.566
300.566
300.566
300.566
300.566
300.565
300.564
300.563
300.561
300.558
300.552
300.548
300.552
300.556
300.558
300.56
300.561
300.562
300.563
300.563
300.563
300.563
300.563
300.562
300.562
300.561
300.56
300.558
300.556
300.552
300.547
300.542
300.546
300.55
300.553
300.555
300.556
300.557
300.558
300.558
300.558
300.558
300.558
300.557
300.557
300.555
300.554
300.552
300.549
300.546
300.541
300.536
300.54
300.543
300.546
300.548
300.55
300.551
300.552
300.553
300.553
300.552
300.552
300.552
300.551
300.549
300.547
300.545
300.542
300.539
300.534
300.527
300.53
300.533
300.536
300.538
300.541
300.542
300.544
300.545
300.545
300.544
300.544
300.543
300.542
300.54
300.538
300.535
300.532
300.529
300.526
300.519
300.493
300.468
300.467
300.48
300.49
300.492
300.491
300.493
300.495
300.495
300.495
300.495
300.496
300.49
300.48
300.469
300.478
300.51
300.545
300.569
300.564
300.559
300.554
300.547
300.541
300.541
300.543
300.543
300.543
300.543
300.543
300.543
300.54
300.542
300.546
300.553
300.562
300.57
300.571
300.571
300.572
300.572
300.568
300.56
300.554
300.553
300.554
300.555
300.555
300.555
300.554
300.553
300.553
300.555
300.561
300.568
300.571
300.571
300.569
300.568
300.569
300.571
300.571
300.566
300.561
300.558
300.557
300.558
300.558
300.558
300.557
300.557
300.558
300.561
300.565
300.57
300.57
300.567
300.564
300.563
300.565
300.567
300.568
300.567
300.565
300.563
300.561
300.56
300.559
300.56
300.561
300.562
300.563
300.564
300.566
300.567
300.566
300.563
300.56
300.558
300.56
300.563
300.565
300.565
300.564
300.563
300.563
300.562
300.561
300.562
300.562
300.563
300.563
300.564
300.564
300.564
300.562
300.559
300.555
300.552
300.555
300.558
300.561
300.562
300.562
300.562
300.562
300.561
300.561
300.561
300.561
300.561
300.561
300.561
300.561
300.56
300.558
300.554
300.549
300.546
300.55
300.554
300.556
300.558
300.558
300.559
300.559
300.558
300.558
300.558
300.558
300.558
300.558
300.558
300.557
300.555
300.553
300.548
300.544
300.54
300.544
300.547
300.551
300.553
300.555
300.556
300.557
300.558
300.558
300.558
300.557
300.557
300.556
300.554
300.552
300.55
300.546
300.542
300.537
300.53
300.533
300.536
300.539
300.542
300.545
300.547
300.549
300.551
300.551
300.55
300.55
300.549
300.547
300.544
300.541
300.538
300.535
300.531
300.528
300.475
300.468
300.463
300.468
300.48
300.492
300.492
300.491
300.493
300.495
300.495
300.495
300.495
300.496
300.489
300.478
300.467
300.469
300.488
300.511
300.561
300.559
300.556
300.552
300.546
300.54
300.541
300.543
300.543
300.543
300.543
300.543
300.543
300.54
300.542
300.547
300.552
300.558
300.565
300.57
300.573
300.572
300.571
300.565
300.558
300.553
300.553
300.554
300.555
300.555
300.555
300.554
300.553
300.553
300.555
300.56
300.567
300.571
300.571
300.571
300.57
300.571
300.571
300.569
300.564
300.56
300.558
300.557
300.558
300.558
300.558
300.557
300.557
300.558
300.56
300.565
300.569
300.57
300.569
300.567
300.566
300.567
300.568
300.568
300.566
300.563
300.561
300.559
300.558
300.558
300.558
300.559
300.559
300.56
300.562
300.565
300.567
300.566
300.565
300.563
300.562
300.563
300.564
300.565
300.564
300.563
300.561
300.56
300.559
300.558
300.558
300.559
300.559
300.56
300.561
300.563
300.564
300.563
300.56
300.558
300.556
300.558
300.56
300.561
300.561
300.561
300.56
300.559
300.558
300.558
300.558
300.558
300.559
300.559
300.559
300.56
300.56
300.559
300.556
300.553
300.55
300.554
300.556
300.557
300.557
300.557
300.557
300.556
300.556
300.555
300.555
300.555
300.555
300.556
300.556
300.556
300.556
300.554
300.551
300.547
300.543
300.547
300.551
300.554
300.556
300.557
300.557
300.558
300.558
300.557
300.557
300.558
300.558
300.557
300.556
300.555
300.552
300.549
300.545
300.54
300.533
300.536
300.539
300.543
300.546
300.549
300.552
300.555
300.557
300.557
300.556
300.556
300.554
300.551
300.548
300.545
300.541
300.538
300.534
300.531
300.471
300.467
300.468
300.475
300.486
300.494
300.493
300.492
300.493
300.495
300.496
300.496
300.496
300.497
300.491
300.48
300.468
300.464
300.468
300.474
300.554
300.554
300.552
300.548
300.543
300.539
300.542
300.543
300.543
300.543
300.543
300.544
300.543
300.54
300.541
300.546
300.55
300.554
300.559
300.562
300.57
300.568
300.565
300.56
300.554
300.552
300.553
300.554
300.555
300.555
300.555
300.554
300.553
300.552
300.553
300.558
300.564
300.569
300.571
300.572
300.571
300.571
300.569
300.566
300.561
300.558
300.557
300.557
300.558
300.558
300.558
300.557
300.557
300.557
300.559
300.563
300.567
300.569
300.569
300.569
300.568
300.568
300.568
300.567
300.564
300.561
300.559
300.558
300.558
300.558
300.558
300.558
300.558
300.559
300.561
300.564
300.566
300.567
300.566
300.565
300.564
300.565
300.565
300.565
300.563
300.561
300.559
300.558
300.557
300.557
300.556
300.557
300.557
300.558
300.56
300.562
300.563
300.563
300.562
300.561
300.558
300.561
300.561
300.561
300.561
300.56
300.558
300.557
300.556
300.556
300.556
300.556
300.557
300.557
300.558
300.559
300.56
300.559
300.558
300.555
300.553
300.556
300.557
300.557
300.557
300.556
300.556
300.555
300.554
300.553
300.553
300.553
300.554
300.554
300.555
300.555
300.555
300.555
300.554
300.55
300.546
300.551
300.554
300.555
300.556
300.556
300.557
300.557
300.557
300.557
300.557
300.557
300.557
300.556
300.555
300.554
300.554
300.552
300.548
300.543
300.536
300.539
300.543
300.547
300.55
300.554
300.558
300.561
300.563
300.564
300.563
300.562
300.56
300.557
300.553
300.549
300.545
300.541
300.537
300.533
300.483
300.48
300.48
300.486
300.493
300.495
300.493
300.492
300.494
300.496
300.496
300.496
300.497
300.498
300.495
300.487
300.477
300.468
300.465
300.465
300.546
300.547
300.546
300.543
300.54
300.54
300.542
300.543
300.543
300.543
300.543
300.544
300.543
300.541
300.54
300.543
300.547
300.551
300.553
300.554
300.561
300.56
300.558
300.554
300.552
300.552
300.553
300.555
300.555
300.555
300.555
300.555
300.553
300.552
300.552
300.555
300.559
300.564
300.567
300.57
300.567
300.566
300.564
300.561
300.559
300.557
300.557
300.557
300.558
300.559
300.558
300.557
300.557
300.557
300.558
300.561
300.564
300.567
300.569
300.569
300.568
300.567
300.566
300.564
300.562
300.56
300.559
300.558
300.558
300.559
300.558
300.558
300.558
300.558
300.56
300.562
300.565
300.566
300.566
300.566
300.565
300.565
300.564
300.563
300.562
300.56
300.558
300.557
300.556
300.556
300.556
300.556
300.557
300.557
300.559
300.561
300.562
300.563
300.563
300.562
300.56
300.562
300.561
300.561
300.56
300.559
300.557
300.556
300.556
300.555
300.555
300.555
300.555
300.556
300.557
300.558
300.559
300.559
300.559
300.557
300.555
300.558
300.557
300.557
300.556
300.556
300.555
300.554
300.553
300.552
300.552
300.552
300.553
300.553
300.554
300.555
300.555
300.555
300.555
300.552
300.548
300.553
300.556
300.556
300.556
300.557
300.557
300.558
300.558
300.558
300.557
300.558
300.558
300.557
300.555
300.554
300.554
300.553
300.55
300.545
300.538
300.542
300.546
300.55
300.555
300.559
300.563
300.567
300.57
300.572
300.57
300.569
300.566
300.562
300.558
300.553
300.549
300.544
300.54
300.536
300.492
300.49
300.492
300.494
300.495
300.494
300.492
300.492
300.494
300.497
300.497
300.497
300.498
300.499
300.498
300.494
300.487
300.481
300.477
300.48
300.541
300.541
300.54
300.539
300.54
300.542
300.543
300.543
300.543
300.543
300.544
300.544
300.544
300.543
300.541
300.541
300.543
300.546
300.548
300.547
300.555
300.554
300.553
300.552
300.552
300.552
300.554
300.555
300.555
300.555
300.555
300.555
300.554
300.552
300.552
300.552
300.554
300.557
300.56
300.561
300.561
300.561
300.56
300.558
300.557
300.557
300.557
300.558
300.559
300.559
300.559
300.558
300.557
300.556
300.557
300.558
300.56
300.563
300.565
300.567
300.568
300.565
300.563
300.561
300.56
300.559
300.558
300.558
300.558
300.559
300.559
300.558
300.557
300.558
300.558
300.56
300.562
300.564
300.566
300.567
300.566
300.564
300.563
300.561
300.56
300.559
300.558
300.557
300.556
300.556
300.556
300.556
300.556
300.557
300.558
300.559
300.561
300.562
300.563
300.563
300.561
300.562
300.561
300.56
300.559
300.557
300.556
300.556
300.555
300.555
300.554
300.555
300.555
300.555
300.556
300.557
300.558
300.559
300.559
300.558
300.556
300.558
300.557
300.556
300.556
300.555
300.554
300.554
300.553
300.552
300.551
300.552
300.552
300.553
300.553
300.554
300.554
300.555
300.556
300.553
300.55
300.555
300.557
300.556
300.557
300.558
300.559
300.56
300.56
300.559
300.559
300.559
300.559
300.558
300.556
300.555
300.554
300.554
300.552
300.547
300.541
300.545
300.549
300.554
300.559
300.564
300.57
300.575
300.579
300.581
300.58
300.577
300.573
300.568
300.563
300.557
300.552
300.547
300.543
300.538
300.491
300.492
300.492
300.493
300.493
300.492
300.492
300.493
300.495
300.498
300.498
300.498
300.498
300.499
300.499
300.498
300.496
300.492
300.49
300.491
300.542
300.541
300.541
300.542
300.542
300.543
300.543
300.543
300.543
300.543
300.544
300.545
300.545
300.544
300.543
300.541
300.541
300.542
300.543
300.542
300.554
300.553
300.553
300.553
300.553
300.554
300.555
300.556
300.556
300.555
300.556
300.555
300.555
300.554
300.552
300.552
300.552
300.553
300.554
300.555
300.559
300.558
300.558
300.557
300.557
300.557
300.558
300.558
300.559
300.559
300.559
300.558
300.557
300.557
300.556
300.557
300.558
300.559
300.561
300.564
300.566
300.563
300.561
300.559
300.559
300.558
300.558
300.558
300.558
300.559
300.559
300.558
300.557
300.557
300.558
300.558
300.56
300.561
300.564
300.567
300.566
300.563
300.561
300.559
300.558
300.558
300.557
300.556
300.556
300.556
300.555
300.555
300.555
300.556
300.557
300.558
300.559
300.561
300.563
300.564
300.562
300.562
300.56
300.558
300.557
300.556
300.556
300.555
300.554
300.554
300.554
300.554
300.554
300.555
300.555
300.556
300.557
300.558
300.559
300.559
300.557
300.559
300.557
300.556
300.555
300.554
300.554
300.553
300.552
300.551
300.551
300.551
300.552
300.552
300.553
300.553
300.554
300.554
300.556
300.554
300.551
300.556
300.557
300.557
300.557
300.559
300.56
300.562
300.563
300.563
300.563
300.562
300.561
300.559
300.557
300.555
300.555
300.555
300.553
300.548
300.542
300.547
300.552
300.558
300.563
300.57
300.576
300.583
300.589
300.594
300.592
300.587
300.581
300.574
300.568
300.561
300.555
300.55
300.545
300.54
300.491
300.491
300.491
300.492
300.492
300.492
300.493
300.494
300.497
300.5
300.501
300.5
300.499
300.499
300.499
300.498
300.497
300.496
300.495
300.494
300.543
300.543
300.543
300.543
300.543
300.543
300.543
300.543
300.543
300.544
300.545
300.545
300.545
300.545
300.544
300.543
300.543
300.542
300.542
300.542
300.555
300.554
300.554
300.554
300.555
300.555
300.556
300.556
300.556
300.556
300.556
300.556
300.555
300.555
300.554
300.553
300.553
300.553
300.553
300.553
300.558
300.557
300.557
300.557
300.557
300.558
300.558
300.559
300.559
300.559
300.559
300.558
300.558
300.557
300.557
300.557
300.557
300.558
300.559
300.562
300.565
300.561
300.559
300.558
300.558
300.558
300.558
300.558
300.558
300.559
300.559
300.558
300.557
300.557
300.557
300.558
300.558
300.56
300.563
300.566
300.566
300.563
300.56
300.558
300.557
300.557
300.556
300.556
300.556
300.557
300.556
300.555
300.555
300.555
300.556
300.557
300.558
300.559
300.562
300.564
300.563
300.562
300.559
300.557
300.556
300.556
300.555
300.555
300.554
300.555
300.554
300.553
300.553
300.554
300.554
300.555
300.556
300.558
300.56
300.56
300.558
300.559
300.556
300.555
300.554
300.554
300.553
300.553
300.552
300.554
300.553
300.551
300.551
300.551
300.552
300.552
300.553
300.554
300.556
300.555
300.552
300.557
300.558
300.557
300.558
300.56
300.562
300.564
300.567
300.575
300.574
300.566
300.563
300.56
300.558
300.556
300.555
300.555
300.554
300.549
300.544
300.549
300.555
300.561
300.567
300.575
300.583
300.592
300.602
300.611
300.608
300.599
300.59
300.581
300.572
300.565
300.558
300.552
300.547
300.541
300.493
300.493
300.493
300.493
300.494
300.494
300.495
300.497
300.499
300.504
300.505
300.501
300.5
300.499
300.498
300.497
300.496
300.495
300.494
300.493
300.543
300.543
300.543
300.543
300.543
300.543
300.543
300.543
300.544
300.554
300.553
300.546
300.545
300.545
300.545
300.544
300.544
300.544
300.543
300.543
300.555
300.555
300.555
300.555
300.555
300.555
300.556
300.556
300.556
300.564
300.563
300.556
300.556
300.556
300.555
300.555
300.554
300.554
300.554
300.554
300.558
300.558
300.558
300.558
300.558
300.559
300.559
300.559
300.56
300.57
300.568
300.559
300.558
300.558
300.558
300.557
300.557
300.557
300.558
300.559
300.564
300.56
300.558
300.558
300.558
300.558
300.558
300.558
300.56
300.572
300.569
300.559
300.558
300.557
300.557
300.557
300.558
300.559
300.562
300.566
300.566
300.562
300.559
300.557
300.556
300.556
300.556
300.556
300.558
300.572
300.569
300.556
300.555
300.555
300.555
300.556
300.556
300.558
300.561
300.564
300.563
300.561
300.558
300.556
300.556
300.555
300.554
300.554
300.556
300.572
300.568
300.554
300.553
300.553
300.554
300.554
300.555
300.557
300.56
300.56
300.558
300.558
300.556
300.554
300.553
300.553
300.552
300.552
300.556
300.579
300.575
300.553
300.55
300.551
300.551
300.551
300.552
300.553
300.556
300.555
300.553
300.558
300.558
300.557
300.558
300.56
300.563
300.567
300.578
300.606
300.603
300.576
300.565
300.561
300.558
300.556
300.555
300.555
300.555
300.55
300.545
300.551
300.557
300.563
300.57
300.579
300.589
300.602
300.617
300.638
300.632
300.613
300.598
300.586
300.576
300.568
300.56
300.554
300.548
300.542
300.494
300.495
300.495
300.495
300.496
300.497
300.498
300.5
300.504
300.971
300.965
300.505
300.501
300.499
300.497
300.497
300.496
300.495
300.494
300.494
300.543
300.543
300.543
300.543
300.543
300.543
300.543
300.544
300.554
300.859
300.852
300.554
300.545
300.544
300.544
300.544
300.544
300.544
300.543
300.542
300.555
300.555
300.555
300.555
300.555
300.555
300.555
300.556
300.564
300.804
300.796
300.564
300.556
300.556
300.555
300.555
300.555
300.555
300.555
300.555
300.558
300.558
300.558
300.558
300.559
300.559
300.559
300.559
300.57
300.771
300.761
300.568
300.559
300.558
300.558
300.558
300.558
300.557
300.557
300.558
300.563
300.559
300.558
300.558
300.559
300.559
300.559
300.559
300.572
300.748
300.737
300.57
300.558
300.558
300.558
300.557
300.557
300.558
300.561
300.566
300.566
300.561
300.558
300.557
300.556
300.556
300.556
300.557
300.572
300.73
300.718
300.569
300.556
300.555
300.555
300.555
300.556
300.558
300.561
300.564
300.563
300.561
300.558
300.556
300.555
300.555
300.554
300.555
300.572
300.715
300.702
300.568
300.553
300.553
300.553
300.554
300.555
300.557
300.559
300.56
300.558
300.558
300.555
300.553
300.552
300.552
300.551
300.554
300.579
300.705
300.693
300.569
300.551
300.55
300.55
300.55
300.551
300.553
300.556
300.555
300.553
300.558
300.557
300.557
300.558
300.559
300.563
300.575
300.606
300.697
300.685
300.599
300.571
300.56
300.557
300.555
300.554
300.555
300.555
300.55
300.545
300.551
300.557
300.564
300.572
300.581
300.594
300.611
300.638
300.686
300.675
300.632
300.607
300.59
300.578
300.568
300.561
300.554
300.548
300.542
300.495
300.495
300.495
300.496
300.496
300.497
300.498
300.501
300.505
300.965
300.959
300.505
300.501
300.498
300.497
300.496
300.495
300.495
300.494
300.495
300.543
300.543
300.543
300.543
300.543
300.544
300.544
300.545
300.553
300.852
300.842
300.554
300.545
300.544
300.544
300.544
300.544
300.543
300.543
300.542
300.555
300.555
300.555
300.555
300.555
300.555
300.556
300.556
300.563
300.796
300.783
300.562
300.556
300.555
300.555
300.555
300.555
300.554
300.554
300.554
300.557
300.558
300.558
300.558
300.558
300.559
300.559
300.559
300.568
300.761
300.747
300.566
300.559
300.558
300.558
300.558
300.557
300.557
300.557
300.559
300.564
300.56
300.558
300.558
300.558
300.559
300.559
300.559
300.569
300.737
300.721
300.567
300.558
300.558
300.557
300.557
300.558
300.559
300.562
300.566
300.566
300.562
300.558
300.556
300.556
300.556
300.555
300.556
300.569
300.718
300.7
300.566
300.555
300.555
300.555
300.555
300.556
300.558
300.561
300.564
300.563
300.561
300.558
300.556
300.555
300.554
300.554
300.554
300.568
300.702
300.684
300.564
300.553
300.553
300.553
300.554
300.555
300.557
300.559
300.56
300.558
300.558
300.555
300.553
300.552
300.551
300.551
300.553
300.575
300.693
300.676
300.564
300.55
300.549
300.55
300.55
300.551
300.553
300.556
300.555
300.552
300.558
300.557
300.557
300.557
300.559
300.563
300.574
300.603
300.685
300.669
300.594
300.569
300.56
300.556
300.555
300.554
300.555
300.555
300.549
300.544
300.55
300.556
300.563
300.57
300.58
300.592
300.608
300.632
300.675
300.66
300.624
300.602
300.587
300.576
300.567
300.56
300.553
300.547
300.541
300.495
300.495
300.495
300.496
300.496
300.497
300.498
300.5
300.501
300.505
300.505
300.501
300.499
300.498
300.497
300.496
300.496
300.495
300.495
300.495
300.543
300.543
300.543
300.544
300.544
300.544
300.545
300.545
300.546
300.554
300.554
300.546
300.545
300.544
300.544
300.543
300.543
300.543
300.543
300.542
300.555
300.554
300.554
300.554
300.555
300.555
300.555
300.556
300.556
300.564
300.562
300.556
300.555
300.555
300.554
300.554
300.554
300.554
300.554
300.554
300.556
300.557
300.557
300.557
300.557
300.558
300.558
300.558
300.559
300.568
300.566
300.559
300.558
300.557
300.557
300.557
300.557
300.557
300.558
300.561
300.566
300.561
300.559
300.558
300.558
300.558
300.558
300.558
300.559
300.57
300.567
300.558
300.557
300.557
300.557
300.557
300.558
300.559
300.562
300.566
300.566
300.562
300.559
300.557
300.556
300.556
300.555
300.555
300.556
300.569
300.566
300.555
300.554
300.555
300.555
300.556
300.556
300.558
300.561
300.564
300.563
300.561
300.558
300.556
300.555
300.555
300.554
300.553
300.554
300.568
300.564
300.553
300.553
300.553
300.553
300.554
300.555
300.557
300.559
300.56
300.558
300.558
300.555
300.553
300.552
300.552
300.551
300.551
300.553
300.569
300.564
300.551
300.55
300.55
300.55
300.551
300.551
300.553
300.556
300.555
300.552
300.557
300.558
300.557
300.558
300.559
300.562
300.566
300.576
300.599
300.594
300.572
300.563
300.559
300.557
300.556
300.555
300.555
300.554
300.549
300.544
300.55
300.556
300.562
300.569
300.577
300.587
300.599
300.613
300.632
300.624
300.608
300.595
300.583
300.574
300.566
300.559
300.553
300.547
300.541
300.494
300.495
300.495
300.496
300.497
300.498
300.498
300.499
300.5
300.501
300.501
300.499
300.498
300.498
300.497
300.496
300.496
300.495
300.495
300.496
300.543
300.543
300.543
300.543
300.543
300.544
300.545
300.545
300.545
300.545
300.545
300.545
300.544
300.543
300.542
300.541
300.541
300.541
300.541
300.542
300.554
300.553
300.553
300.553
300.553
300.554
300.555
300.555
300.556
300.556
300.556
300.555
300.555
300.554
300.554
300.554
300.554
300.554
300.554
300.554
300.557
300.557
300.557
300.557
300.557
300.557
300.557
300.558
300.558
300.559
300.559
300.558
300.557
300.557
300.557
300.557
300.558
300.558
300.559
300.562
300.567
300.562
300.559
300.558
300.558
300.557
300.557
300.557
300.558
300.558
300.558
300.557
300.557
300.557
300.557
300.558
300.558
300.56
300.563
300.566
300.566
300.563
300.559
300.557
300.557
300.556
300.555
300.555
300.555
300.556
300.555
300.554
300.555
300.555
300.556
300.556
300.557
300.559
300.562
300.563
300.562
300.561
300.559
300.557
300.555
300.555
300.554
300.553
300.553
300.553
300.553
300.553
300.553
300.553
300.554
300.554
300.555
300.557
300.559
300.559
300.557
300.558
300.555
300.554
300.553
300.552
300.552
300.551
300.55
300.551
300.55
300.55
300.55
300.551
300.551
300.551
300.552
300.553
300.556
300.554
300.552
300.557
300.558
300.557
300.558
300.559
300.561
300.563
300.565
300.571
300.569
300.563
300.561
300.559
300.557
300.555
300.555
300.555
300.554
300.549
300.543
300.549
300.554
300.56
300.566
300.573
300.581
300.59
300.598
300.607
300.602
300.595
300.586
300.578
300.57
300.563
300.557
300.551
300.546
300.54
300.496
300.496
300.496
300.497
300.498
300.499
300.499
300.499
300.499
300.499
300.498
300.498
300.498
300.497
300.496
300.494
300.493
300.492
300.492
300.492
300.541
300.54
300.54
300.54
300.541
300.543
300.544
300.545
300.545
300.544
300.544
300.544
300.543
300.542
300.54
300.54
300.54
300.541
300.541
300.541
300.553
300.553
300.553
300.552
300.552
300.552
300.554
300.555
300.556
300.556
300.555
300.555
300.554
300.554
300.554
300.555
300.556
300.557
300.557
300.557
300.559
300.558
300.558
300.557
300.557
300.556
300.557
300.557
300.558
300.558
300.558
300.557
300.557
300.557
300.558
300.559
300.56
300.561
300.562
300.564
300.567
300.563
300.56
300.559
300.558
300.558
300.557
300.557
300.557
300.558
300.558
300.557
300.557
300.557
300.558
300.559
300.56
300.561
300.564
300.566
300.566
300.563
300.56
300.558
300.557
300.557
300.556
300.555
300.555
300.555
300.555
300.555
300.555
300.556
300.557
300.558
300.559
300.56
300.562
300.563
300.562
300.561
300.559
300.557
300.556
300.555
300.555
300.554
300.553
300.553
300.553
300.553
300.553
300.554
300.555
300.555
300.556
300.557
300.559
300.559
300.557
300.558
300.556
300.554
300.553
300.553
300.552
300.551
300.551
300.55
300.549
300.55
300.551
300.551
300.551
300.552
300.552
300.553
300.556
300.554
300.551
300.556
300.557
300.556
300.557
300.558
300.559
300.56
300.561
300.56
300.56
300.559
300.559
300.557
300.556
300.554
300.554
300.554
300.553
300.548
300.542
300.547
300.551
300.557
300.562
300.568
300.574
300.581
300.586
300.59
300.587
300.583
300.578
300.572
300.565
300.559
300.554
300.549
300.544
300.539
300.491
300.49
300.489
300.491
300.495
300.498
300.499
300.499
300.498
300.497
300.497
300.497
300.497
300.496
300.493
300.49
300.488
300.486
300.485
300.485
300.541
300.542
300.542
300.541
300.54
300.541
300.543
300.544
300.545
300.544
300.544
300.544
300.542
300.54
300.54
300.54
300.54
300.541
300.542
300.542
300.555
300.555
300.555
300.553
300.552
300.552
300.552
300.554
300.555
300.555
300.555
300.554
300.554
300.554
300.555
300.557
300.559
300.561
300.562
300.563
300.561
300.561
300.56
300.559
300.558
300.557
300.556
300.557
300.558
300.558
300.558
300.557
300.557
300.558
300.56
300.562
300.564
300.565
300.566
300.568
300.567
300.564
300.562
300.561
300.56
300.558
300.558
300.557
300.557
300.558
300.557
300.557
300.557
300.558
300.56
300.562
300.563
300.564
300.565
300.566
300.565
300.564
300.561
300.56
300.559
300.558
300.557
300.556
300.555
300.555
300.555
300.555
300.556
300.557
300.558
300.559
300.56
300.561
300.562
300.562
300.561
300.561
300.559
300.558
300.557
300.556
300.555
300.554
300.554
300.553
300.553
300.553
300.554
300.555
300.555
300.556
300.557
300.558
300.559
300.558
300.555
300.558
300.556
300.555
300.554
300.553
300.553
300.552
300.551
300.55
300.55
300.55
300.551
300.551
300.552
300.552
300.553
300.554
300.555
300.552
300.549
300.554
300.556
300.555
300.555
300.556
300.557
300.558
300.558
300.557
300.556
300.557
300.557
300.556
300.554
300.553
300.553
300.553
300.551
300.546
300.54
300.544
300.548
300.553
300.558
300.563
300.568
300.572
300.576
300.578
300.576
300.574
300.57
300.565
300.56
300.555
300.55
300.546
300.541
300.537
300.483
300.48
300.478
300.48
300.487
300.494
300.498
300.498
300.497
300.497
300.496
300.496
300.496
300.494
300.49
300.485
300.481
300.476
300.48
300.481
300.545
300.546
300.547
300.546
300.543
300.541
300.541
300.543
300.544
300.544
300.544
300.543
300.541
300.54
300.54
300.54
300.54
300.541
300.543
300.545
300.561
300.561
300.56
300.558
300.555
300.552
300.552
300.553
300.555
300.555
300.555
300.554
300.554
300.555
300.557
300.56
300.562
300.564
300.565
300.567
300.566
300.565
300.565
300.563
300.561
300.558
300.557
300.557
300.557
300.558
300.558
300.557
300.557
300.559
300.562
300.565
300.567
300.568
300.568
300.569
300.568
300.566
300.565
300.564
300.562
300.56
300.558
300.558
300.557
300.557
300.557
300.557
300.558
300.559
300.562
300.564
300.565
300.565
300.566
300.566
300.564
300.564
300.563
300.562
300.561
300.559
300.558
300.557
300.556
300.555
300.555
300.556
300.556
300.558
300.559
300.561
300.561
300.562
300.562
300.562
300.56
300.561
300.56
300.559
300.558
300.557
300.556
300.555
300.554
300.554
300.554
300.554
300.554
300.555
300.556
300.557
300.558
300.558
300.558
300.557
300.554
300.557
300.556
300.555
300.555
300.554
300.553
300.552
300.551
300.55
300.55
300.551
300.551
300.552
300.552
300.553
300.553
300.554
300.554
300.551
300.547
300.552
300.555
300.554
300.554
300.555
300.555
300.556
300.556
300.555
300.555
300.556
300.555
300.554
300.553
300.553
300.552
300.552
300.549
300.544
300.538
300.541
300.545
300.549
300.553
300.557
300.561
300.565
300.568
300.568
300.567
300.566
300.563
300.559
300.555
300.551
300.547
300.543
300.539
300.535
300.473
300.469
300.467
300.468
300.477
300.487
300.496
300.497
300.496
300.496
300.495
300.496
300.496
300.493
300.488
300.481
300.477
300.5
300.526
300.531
300.553
300.553
300.552
300.55
300.547
300.543
300.541
300.543
300.544
300.544
300.544
300.543
300.541
300.54
300.54
300.54
300.54
300.542
300.55
300.555
300.569
300.568
300.567
300.564
300.559
300.554
300.552
300.553
300.554
300.555
300.555
300.554
300.554
300.556
300.559
300.562
300.564
300.566
300.568
300.57
300.57
300.57
300.569
300.567
300.564
300.56
300.558
300.557
300.557
300.558
300.557
300.557
300.558
300.56
300.564
300.567
300.568
300.568
300.568
300.568
300.567
300.567
300.567
300.566
300.565
300.562
300.56
300.558
300.558
300.557
300.558
300.558
300.558
300.56
300.563
300.565
300.566
300.565
300.565
300.565
300.563
300.564
300.564
300.563
300.562
300.561
300.559
300.558
300.556
300.556
300.556
300.556
300.557
300.559
300.56
300.561
300.562
300.562
300.561
300.56
300.558
300.56
300.56
300.56
300.559
300.558
300.557
300.556
300.555
300.555
300.555
300.555
300.555
300.556
300.557
300.558
300.558
300.558
300.557
300.555
300.552
300.555
300.556
300.555
300.555
300.554
300.554
300.553
300.552
300.551
300.551
300.551
300.552
300.552
300.553
300.553
300.553
300.553
300.553
300.549
300.545
300.55
300.552
300.554
300.554
300.554
300.555
300.555
300.555
300.554
300.554
300.555
300.555
300.554
300.553
300.552
300.552
300.55
300.547
300.542
300.535
300.538
300.541
300.545
300.549
300.552
300.555
300.558
300.56
300.561
300.56
300.559
300.557
300.554
300.55
300.547
300.543
300.539
300.536
300.532
300.479
300.478
300.469
300.464
300.468
300.481
300.492
300.496
300.495
300.495
300.495
300.495
300.495
300.492
300.486
300.476
300.5
300.538
300.551
300.557
300.564
300.562
300.558
300.554
300.551
300.546
300.542
300.542
300.544
300.544
300.543
300.543
300.541
300.541
300.541
300.541
300.542
300.556
300.566
300.571
300.572
300.571
300.571
300.569
300.564
300.557
300.553
300.553
300.554
300.555
300.554
300.554
300.554
300.557
300.561
300.564
300.566
300.569
300.57
300.57
300.57
300.57
300.57
300.569
300.567
300.563
300.559
300.558
300.557
300.557
300.557
300.557
300.558
300.561
300.565
300.568
300.568
300.568
300.567
300.567
300.566
300.566
300.566
300.567
300.566
300.564
300.561
300.56
300.559
300.558
300.559
300.559
300.56
300.561
300.564
300.565
300.565
300.564
300.563
300.563
300.561
300.562
300.563
300.563
300.563
300.562
300.561
300.559
300.558
300.558
300.558
300.558
300.559
300.56
300.561
300.562
300.562
300.561
300.559
300.558
300.556
300.558
300.559
300.559
300.559
300.559
300.558
300.558
300.557
300.557
300.557
300.557
300.557
300.557
300.558
300.558
300.558
300.557
300.555
300.552
300.549
300.553
300.554
300.555
300.555
300.555
300.554
300.554
300.553
300.553
300.553
300.553
300.553
300.553
300.554
300.554
300.553
300.552
300.55
300.546
300.542
300.546
300.549
300.552
300.553
300.554
300.555
300.555
300.555
300.555
300.555
300.555
300.555
300.554
300.553
300.552
300.55
300.547
300.544
300.539
300.532
300.535
300.538
300.541
300.544
300.547
300.55
300.552
300.554
300.554
300.553
300.553
300.551
300.549
300.546
300.543
300.539
300.536
300.532
300.529
300.523
300.51
300.488
300.468
300.465
300.477
300.49
300.495
300.494
300.494
300.494
300.495
300.495
300.492
300.485
300.48
300.526
300.551
300.561
300.565
300.571
300.57
300.565
300.559
300.553
300.548
300.543
300.542
300.543
300.543
300.543
300.543
300.541
300.541
300.542
300.543
300.55
300.566
300.571
300.571
300.571
300.571
300.571
300.571
300.567
300.56
300.554
300.553
300.554
300.555
300.554
300.554
300.554
300.557
300.562
300.565
300.568
300.57
300.569
300.568
300.567
300.567
300.569
300.569
300.569
300.565
300.561
300.559
300.558
300.557
300.557
300.558
300.559
300.562
300.566
300.568
300.568
300.567
300.565
300.564
300.563
300.563
300.565
300.566
300.566
300.566
300.564
300.563
300.562
300.561
300.562
300.562
300.563
300.564
300.565
300.566
300.565
300.563
300.561
300.559
300.558
300.559
300.56
300.562
300.563
300.563
300.563
300.562
300.561
300.561
300.561
300.561
300.562
300.562
300.562
300.562
300.561
300.559
300.556
300.554
300.552
300.554
300.556
300.558
300.559
300.559
300.559
300.56
300.56
300.559
300.559
300.559
300.559
300.559
300.559
300.558
300.557
300.555
300.551
300.549
300.546
300.548
300.551
300.554
300.555
300.556
300.556
300.556
300.556
300.556
300.556
300.556
300.556
300.556
300.555
300.554
300.553
300.55
300.546
300.543
300.539
300.542
300.545
300.548
300.55
300.552
300.553
300.554
300.555
300.555
300.555
300.554
300.554
300.553
300.551
300.549
300.547
300.544
300.54
300.536
300.529
300.531
300.534
300.537
300.54
300.543
300.545
300.547
300.548
300.548
300.547
300.547
300.546
300.544
300.541
300.539
300.536
300.532
300.529
300.527
300.557
300.545
300.511
300.474
300.465
300.48
300.491
300.494
300.493
300.494
300.495
300.495
300.496
300.492
300.485
300.481
300.531
300.557
300.565
300.567
300.571
300.571
300.57
300.562
300.554
300.547
300.542
300.542
300.543
300.542
300.542
300.542
300.542
300.541
300.542
300.545
300.555
300.571
300.571
300.569
300.567
300.569
300.571
300.572
300.57
300.561
300.555
300.553
300.554
300.555
300.554
300.554
300.554
300.557
300.563
300.567
300.57
300.57
300.568
300.565
300.563
300.564
300.567
300.569
300.569
300.567
300.564
300.562
300.559
300.558
300.559
300.561
300.562
300.564
300.568
300.569
300.568
300.567
300.564
300.56
300.558
300.56
300.563
300.565
300.566
300.567
300.567
300.566
300.566
300.566
300.566
300.566
300.566
300.566
300.566
300.566
300.565
300.563
300.559
300.555
300.552
300.555
300.558
300.561
300.562
300.563
300.564
300.564
300.564
300.564
300.564
300.564
300.563
300.563
300.562
300.562
300.56
300.558
300.554
300.55
300.547
300.549
300.553
300.555
300.557
300.558
300.559
300.56
300.56
300.56
300.56
300.56
300.559
300.559
300.558
300.557
300.555
300.552
300.549
300.545
300.541
300.544
300.547
300.55
300.552
300.553
300.554
300.555
300.555
300.555
300.555
300.555
300.554
300.554
300.552
300.551
300.549
300.546
300.543
300.539
300.534
300.537
300.54
300.543
300.545
300.547
300.548
300.549
300.55
300.55
300.549
300.549
300.549
300.548
300.546
300.544
300.542
300.539
300.536
300.532
300.526
300.528
300.531
300.533
300.536
300.538
300.54
300.541
300.542
300.542
300.541
300.541
300.54
300.539
300.537
300.535
300.532
300.529
300.527
300.524
)
;

boundaryField
{
    floor
    {
        type            fixedValue;
        value           nonuniform List<scalar> 
400
(
300
300
300
300
300
300
300
300
300
300
300
300
300
300
300
300
300
300
300
300
300
300
300
300
300
300
300
300
300
300
300
300
300
300
300
300
300
300
300
300
300
300
300
300
300
300
300
300
300
300
300
300
300
300
300
300
300
300
300
300
300
300
300
300
300
300
300
300
300
300
300
300
300
300
300
300
300
300
300
300
300
300
300
300
300
300
300
300
300
300
300
300
300
300
300
300
300
300
300
300
300
300
300
300
300
300
300
300
300
300
300
300
300
300
300
300
300
300
300
300
300
300
300
300
300
300
300
300
300
300
300
300
300
300
300
300
300
300
300
300
300
300
300
300
300
300
300
300
300
300
300
300
300
300
300
300
300
300
300
300
300
300
300
300
300
300
300
300
300
300
300
300
300
300
300
300
300
300
300
300
300
300
300
300
300
300
300
300
300
600
600
300
300
300
300
300
300
300
300
300
300
300
300
300
300
300
300
300
300
600
600
300
300
300
300
300
300
300
300
300
300
300
300
300
300
300
300
300
300
300
300
300
300
300
300
300
300
300
300
300
300
300
300
300
300
300
300
300
300
300
300
300
300
300
300
300
300
300
300
300
300
300
300
300
300
300
300
300
300
300
300
300
300
300
300
300
300
300
300
300
300
300
300
300
300
300
300
300
300
300
300
300
300
300
300
300
300
300
300
300
300
300
300
300
300
300
300
300
300
300
300
300
300
300
300
300
300
300
300
300
300
300
300
300
300
300
300
300
300
300
300
300
300
300
300
300
300
300
300
300
300
300
300
300
300
300
300
300
300
300
300
300
300
300
300
300
300
300
300
300
300
300
300
300
300
300
300
300
300
300
300
300
300
300
300
300
300
300
300
300
300
300
300
300
300
300
300
300
300
300
300
300
300
300
300
300
300
300
300
300
)
;
    }
    ceiling
    {
        type            lumpedMassWallTemperature;
        refValue        uniform 300.019;
        refGradient     uniform 0;
        valueFraction   uniform 1;
        value           uniform 300.019;
        kappaMethod     fluidThermo;
        kappa           none;
        alphaAni        none;
        alpha           none;
        Cp              4100;
        mass            1000;
    }
    fixedWalls
    {
        type            zeroGradient;
    }
}


// ************************************************************************* //
