/*--------------------------------*- C++ -*----------------------------------*\
| =========                 |                                                 |
| \\      /  F ield         | OpenFOAM: The Open Source CFD Toolbox           |
|  \\    /   O peration     | Version:  v2012                                 |
|   \\  /    A nd           | Website:  www.openfoam.com                      |
|    \\/     M anipulation  |                                                 |
\*---------------------------------------------------------------------------*/
FoamFile
{
    version     2.0;
    format      ascii;
    class       volScalarField;
    location    "1400";
    object      alphat;
}
// * * * * * * * * * * * * * * * * * * * * * * * * * * * * * * * * * * * * * //

dimensions      [1 -1 -1 0 0 0 0];


internalField   nonuniform List<scalar> 
4000
(
0.000355447
0.000298345
0.000213624
0.000169649
0.000157846
0.000149457
0.000146891
0.000146549
0.000147995
0.000149154
0.00014901
0.000148048
0.000147338
0.000147708
0.000153497
0.000163453
0.00016408
0.000223214
0.000304493
0.000364691
0.000429074
0.000400928
0.000371222
0.000333255
0.000291634
0.000216032
0.000185204
0.000185901
0.000189858
0.000191199
0.000188204
0.000182083
0.000177133
0.000177492
0.000191045
0.000276787
0.000325679
0.000364532
0.000401649
0.000426606
0.000456017
0.000439165
0.000409749
0.000370578
0.000328256
0.000278209
0.000231182
0.000186611
0.000198768
0.000205752
0.000202689
0.000191441
0.000181054
0.00021288
0.000272785
0.000312482
0.000354219
0.000394196
0.000427852
0.000449761
0.000469695
0.000458593
0.00042991
0.000388257
0.000341133
0.000300226
0.000264227
0.000229567
0.000203807
0.00020417
0.000208498
0.000194118
0.000226583
0.000266016
0.00029772
0.000333743
0.000375604
0.000416293
0.000447398
0.000462103
0.000478522
0.000474632
0.000455177
0.000427415
0.000396226
0.000362448
0.000336858
0.000312208
0.000292973
0.000287812
0.000306447
0.000326981
0.00034488
0.000361774
0.000378666
0.000398288
0.000421806
0.000446208
0.00046497
0.000470342
0.00048554
0.000489579
0.000483724
0.000473348
0.000461771
0.000450056
0.000438825
0.000427421
0.000416435
0.000409225
0.000418543
0.000429619
0.000439778
0.000448509
0.000456237
0.000463793
0.000471226
0.000478444
0.000482535
0.000477197
0.000492519
0.00050534
0.000511717
0.000514497
0.000515434
0.000514077
0.000510306
0.000504274
0.000496267
0.000487858
0.000493143
0.000501321
0.000508182
0.000512659
0.000514773
0.000514578
0.000512048
0.000507531
0.000499552
0.000483784
0.000500452
0.000522006
0.000538728
0.00055098
0.000560106
0.000565772
0.00056777
0.000565675
0.000559521
0.000549935
0.000552465
0.00055919
0.000563862
0.00056495
0.000562317
0.000556281
0.000546851
0.000534015
0.000516301
0.00049107
0.000510822
0.000542325
0.000568085
0.000587967
0.000603586
0.000614857
0.00062171
0.000623314
0.000618916
0.000608151
0.000608417
0.000614305
0.000617035
0.000614829
0.000607806
0.000596647
0.000581289
0.00056155
0.000535324
0.000500495
0.000525678
0.000567195
0.000601654
0.000628046
0.000649397
0.000666483
0.000679095
0.000686449
0.000687645
0.00068028
0.000676274
0.000676943
0.000673599
0.000665572
0.000653303
0.000637135
0.000616949
0.000591687
0.000557843
0.000513907
0.000298345
0.000270335
0.000222766
0.000194888
0.000188203
0.000178868
0.000172589
0.000170916
0.00017355
0.000175978
0.000175608
0.000173955
0.000174394
0.000179906
0.000194928
0.000196017
0.000190658
0.000226395
0.000284725
0.000334661
0.000400928
0.000521234
0.000503838
0.00047365
0.000454131
0.000421828
0.00045935
0.0005069
0.000567707
0.000605708
0.000595844
0.000542049
0.000466548
0.000401018
0.000387702
0.000430781
0.000469843
0.000515117
0.000551709
0.00041583
0.000439165
0.000583605
0.000588403
0.000529881
0.000480531
0.000440792
0.000415235
0.000449024
0.000567431
0.000670218
0.00067007
0.000551227
0.000438662
0.000393395
0.00041992
0.000455581
0.000511954
0.000575725
0.000582886
0.000442523
0.000458593
0.000618337
0.000642505
0.000592163
0.000508421
0.000447524
0.000404442
0.000386527
0.000426976
0.000569874
0.00062506
0.000457299
0.000364941
0.000378416
0.000416485
0.000467995
0.000545128
0.000614819
0.000612467
0.000458909
0.000474632
0.000649665
0.000683544
0.000640762
0.00054584
0.000470348
0.0004155
0.000374287
0.000360129
0.000391348
0.000401864
0.000358268
0.000353149
0.00039514
0.000442326
0.000500737
0.000588329
0.000657303
0.000642806
0.000471539
0.000489579
0.000677036
0.000722812
0.00070632
0.000636806
0.000540712
0.000476441
0.000425883
0.00039613
0.000395338
0.000403259
0.000402422
0.000418253
0.000457243
0.000511631
0.000595035
0.000665666
0.000703536
0.000670796
0.000483089
0.00050534
0.000697648
0.000751873
0.000771488
0.000764355
0.000703916
0.000613374
0.000548636
0.000505646
0.000488974
0.000497099
0.000514393
0.000563727
0.00062746
0.000695311
0.000739539
0.000751233
0.000738504
0.000690835
0.000495365
0.000522006
0.000711113
0.000769346
0.000821049
0.000879272
0.000913329
0.000911481
0.000871281
0.000821033
0.000780031
0.000793127
0.000827582
0.000858004
0.000878961
0.000885786
0.000867298
0.000815351
0.000760763
0.000700506
0.000509444
0.000542325
0.000700065
0.000770334
0.000825275
0.000869645
0.000892783
0.000900385
0.000886334
0.000849146
0.000798904
0.00080727
0.000852335
0.000891003
0.00090491
0.000894534
0.000867718
0.000820476
0.000762571
0.00069194
0.000527256
0.000567195
0.000611672
0.000649913
0.000680945
0.000707775
0.00073084
0.00074922
0.000761026
0.000764569
0.000757236
0.00074963
0.000748515
0.000742
0.000729198
0.000711195
0.000689125
0.000663489
0.000633474
0.000595573
0.000548728
0.000213624
0.000222766
0.000210914
0.000204775
0.000202828
0.00019317
0.000185215
0.000182469
0.000186
0.000189122
0.000188291
0.000186918
0.000189628
0.000197617
0.00021193
0.000215505
0.00020347
0.000211621
0.000246097
0.000277525
0.000371222
0.000503839
0.000524877
0.000533198
0.000538911
0.000509115
0.00052115
0.000591308
0.000675157
0.000726616
0.000705947
0.000626842
0.000541637
0.000480757
0.000466822
0.000497957
0.000520378
0.00053592
0.000541348
0.000391627
0.000409749
0.000588403
0.000614381
0.000582473
0.000554461
0.000527527
0.000520626
0.00056614
0.000680017
0.000799676
0.000795482
0.000646393
0.000530967
0.000497186
0.000508959
0.000529924
0.000574837
0.000625093
0.000603134
0.000420073
0.00042991
0.000642505
0.000703663
0.000659251
0.000590363
0.000537012
0.000505269
0.000506763
0.000577076
0.000712363
0.000758645
0.000593204
0.000484136
0.000474339
0.000502109
0.000550368
0.000623053
0.000681968
0.000646248
0.000440249
0.000455177
0.000683544
0.00075124
0.000719984
0.000628164
0.000550717
0.000497002
0.000465168
0.000476128
0.000551682
0.000596896
0.000485748
0.000430427
0.000459719
0.000504711
0.0005702
0.000664511
0.000729325
0.000687006
0.000460113
0.000483724
0.000722812
0.000797608
0.000778419
0.000686292
0.000585135
0.000510493
0.00045503
0.00042709
0.000438134
0.000443313
0.000409307
0.000411021
0.000461588
0.000527266
0.000620278
0.000727633
0.000783164
0.000727832
0.000480849
0.000511717
0.000751873
0.000837099
0.000839814
0.000774556
0.000681063
0.000594253
0.000527146
0.000483885
0.000471371
0.000472205
0.000470509
0.000497198
0.000552811
0.000624553
0.000712141
0.000799667
0.000829223
0.000759353
0.000502098
0.000538728
0.000769346
0.000876356
0.000931327
0.000930919
0.000888532
0.00083664
0.000777926
0.000719827
0.000677938
0.000678953
0.000712769
0.000758462
0.000800864
0.000839465
0.000880341
0.000900258
0.000873062
0.00077856
0.000523932
0.000568085
0.000770334
0.000939951
0.00109816
0.00120991
0.00126261
0.00127601
0.00123281
0.00114593
0.00105222
0.00107234
0.00117532
0.00125367
0.0012694
0.00124203
0.0011923
0.00108892
0.000938714
0.000770985
0.000549865
0.000601654
0.000649913
0.000691086
0.000725492
0.000756441
0.000784316
0.000807826
0.00082384
0.000829588
0.000821959
0.000810388
0.000807882
0.000798466
0.000781328
0.000758355
0.000731529
0.00070189
0.000668606
0.00062805
0.000578485
0.000169649
0.000194888
0.000204775
0.000210565
0.000209164
0.000201452
0.000191863
0.000189934
0.000195141
0.000199094
0.000197033
0.000195037
0.000198306
0.000206645
0.000219356
0.00022963
0.000215473
0.000205208
0.000209924
0.000220853
0.000333255
0.00047365
0.000533198
0.000575326
0.00058827
0.000545038
0.000568926
0.000646898
0.000741648
0.000795417
0.000758565
0.000665326
0.000582234
0.000530172
0.000513198
0.000528791
0.000542509
0.000527854
0.000490979
0.000357254
0.000370578
0.000529881
0.000582473
0.000592528
0.000590565
0.000579751
0.000594321
0.000652978
0.000768443
0.000885571
0.000860876
0.000702414
0.000589781
0.000560589
0.000566529
0.000566048
0.000581616
0.000597394
0.000564868
0.000387729
0.000388257
0.000592163
0.000659251
0.000648133
0.00061437
0.00058543
0.000575935
0.000599659
0.000689069
0.000816301
0.000838832
0.000665136
0.000564028
0.000544297
0.000556659
0.000586468
0.000633818
0.000669715
0.000615869
0.000408642
0.000427415
0.000640762
0.000719984
0.000708347
0.000651905
0.000598746
0.000563308
0.00055148
0.000589742
0.000697663
0.000756251
0.000597107
0.000515385
0.000525792
0.000558194
0.000610115
0.000678856
0.000720607
0.000665295
0.000439399
0.000473348
0.00070632
0.000778419
0.000769636
0.000703879
0.000628095
0.000567601
0.000525508
0.000516824
0.000559008
0.000583038
0.000495969
0.000475685
0.000516473
0.000573736
0.000652948
0.000743171
0.000786458
0.000728025
0.000473283
0.000514497
0.000771488
0.000839814
0.000839512
0.000784061
0.000705529
0.000633694
0.000577153
0.000544669
0.000547048
0.000551756
0.000520939
0.000533796
0.000581869
0.000644703
0.000729197
0.0008191
0.000853902
0.000786404
0.000504411
0.00055098
0.000821049
0.000931327
0.000983382
0.000965468
0.00091174
0.000854672
0.000799208
0.000743303
0.000699367
0.000698105
0.000734447
0.00078647
0.000828971
0.000866994
0.000919395
0.000967869
0.00094296
0.000828821
0.000533873
0.000587967
0.000825275
0.00109816
0.00135908
0.00140837
0.00143081
0.00144294
0.00142225
0.00134149
0.00122526
0.00122979
0.00135123
0.00144594
0.00146401
0.00142945
0.00138883
0.00134472
0.00110707
0.000830114
0.000566367
0.000628046
0.000680945
0.000725492
0.000763558
0.000799547
0.000833612
0.000863306
0.000885228
0.000895681
0.000891425
0.000872128
0.000864932
0.000851014
0.000828897
0.000800242
0.000767699
0.000733462
0.000696725
0.000653168
0.000600229
0.000157846
0.000188203
0.000202828
0.000209164
0.000210018
0.000203054
0.000195434
0.000196372
0.000204074
0.000208976
0.000204117
0.000200381
0.000203097
0.000210496
0.000220781
0.000232467
0.000229205
0.000212307
0.00019702
0.000180235
0.000291634
0.000454131
0.000538911
0.00058827
0.000579939
0.000562778
0.000614503
0.000700289
0.000798375
0.000849462
0.000790774
0.000686742
0.000608587
0.000564233
0.000543291
0.000541605
0.000548909
0.000526582
0.000464273
0.000323326
0.000328256
0.000480531
0.000554461
0.000590565
0.000604773
0.000618378
0.000649469
0.000723606
0.000853022
0.000955411
0.000899934
0.000735764
0.000627338
0.000597197
0.000602856
0.00059262
0.000574876
0.000557279
0.000501331
0.000349498
0.000341133
0.000508421
0.000590363
0.00061437
0.00061477
0.000615151
0.000629857
0.000675312
0.000779782
0.000902089
0.000888238
0.000706899
0.000612293
0.000592115
0.000589822
0.00059531
0.000605838
0.000602745
0.000540143
0.00037032
0.000396226
0.00054584
0.000628164
0.000651905
0.000638828
0.000619636
0.000609659
0.000621957
0.000687514
0.000809633
0.00084573
0.000669969
0.000578552
0.000572036
0.000587478
0.000614242
0.000644401
0.0006486
0.000593524
0.000415737
0.000461771
0.000636806
0.000686292
0.000703879
0.000681982
0.000644338
0.000610407
0.000592
0.000613683
0.00069507
0.000739056
0.000599585
0.000548115
0.000568821
0.000607929
0.000659543
0.000711257
0.000727746
0.000685309
0.000463514
0.000515434
0.000764355
0.000774556
0.000784061
0.000763576
0.000719802
0.000672739
0.000635613
0.000626593
0.000664878
0.000693412
0.000617892
0.000602832
0.000634443
0.000682149
0.000743861
0.000802962
0.000821354
0.00078902
0.000503925
0.000560106
0.000879272
0.000930919
0.000965468
0.000954326
0.000911707
0.000864996
0.000817918
0.000767823
0.000730549
0.000741005
0.000776337
0.000823956
0.00086033
0.000894114
0.000942253
0.000987307
0.000975373
0.000873788
0.000540083
0.000603586
0.000869645
0.00120991
0.00140837
0.00150401
0.0015737
0.00161957
0.00160504
0.00148849
0.00130764
0.00130021
0.00147471
0.00161089
0.00163266
0.00157453
0.00149603
0.0014149
0.00122061
0.000873901
0.000577981
0.000649397
0.000707775
0.00075644
0.000799547
0.000843481
0.00088508
0.000921517
0.000949676
0.000965759
0.000966734
0.000938145
0.000924268
0.000904424
0.000876395
0.000841648
0.000802772
0.00076188
0.000720455
0.000673409
0.000616514
0.000149457
0.000178868
0.00019317
0.000201452
0.000203054
0.000200276
0.000198375
0.000201754
0.000212465
0.000218857
0.000210527
0.000204652
0.000205806
0.000211024
0.000218056
0.000226109
0.000231506
0.000223279
0.000201727
0.000173548
0.000216032
0.000421828
0.000509115
0.000545038
0.000562778
0.000602639
0.000662694
0.000743976
0.000833992
0.000869112
0.00080175
0.00070095
0.000630017
0.000591256
0.000565873
0.000548557
0.000536665
0.000513923
0.000447788
0.000284697
0.000278209
0.000440792
0.000527527
0.000579751
0.000618378
0.000652562
0.000699002
0.000786345
0.000906016
0.000956438
0.000888322
0.00075068
0.000653637
0.000619907
0.000619118
0.000612775
0.000577289
0.000528401
0.00045432
0.000311846
0.000300226
0.000447524
0.000537012
0.00058543
0.000615151
0.000641701
0.000676141
0.00073669
0.000841287
0.000908894
0.000867429
0.000723961
0.000639372
0.000622269
0.00061255
0.00059801
0.00057796
0.000542398
0.000468385
0.000332368
0.000362448
0.000470348
0.000550717
0.000598746
0.000619636
0.000630514
0.000644868
0.000679824
0.000761706
0.000841983
0.000846126
0.000707823
0.000620347
0.000601235
0.00059995
0.000601123
0.000595415
0.000566398
0.000505015
0.00039243
0.000450056
0.000540712
0.000585135
0.000628095
0.000644338
0.000642041
0.000636464
0.000644828
0.000694384
0.000767502
0.000798725
0.000672893
0.000601746
0.000601792
0.000619335
0.000639045
0.000648359
0.00063247
0.000605053
0.000452561
0.000514077
0.000703916
0.000681063
0.000705529
0.000719802
0.000710712
0.000690312
0.000676214
0.000695134
0.000754923
0.000794155
0.000698088
0.000656262
0.000670446
0.000700038
0.00073162
0.000750194
0.000745677
0.000758564
0.000500661
0.000565772
0.000913329
0.000888532
0.00091174
0.000911707
0.00089007
0.000861689
0.000824493
0.000777244
0.000748166
0.000777695
0.00080383
0.000847067
0.000878912
0.000903432
0.000934444
0.000959527
0.000942748
0.000891259
0.000542217
0.000614857
0.000892783
0.00126261
0.00143081
0.0015737
0.00169029
0.00175764
0.00171385
0.0015111
0.00123743
0.00124641
0.00149004
0.00169293
0.00174348
0.00167735
0.00156462
0.0014355
0.00126712
0.000889214
0.000584395
0.000666483
0.00073084
0.000784316
0.000833612
0.00088508
0.000933969
0.00097776
0.00101336
0.00103779
0.00104917
0.00100944
0.000984456
0.000955742
0.000920423
0.000879064
0.000833846
0.000786444
0.000739762
0.000689083
0.000628098
0.000146891
0.000172589
0.000185215
0.000191863
0.000195434
0.000198375
0.000201554
0.000208021
0.000221159
0.000230835
0.000218287
0.000209232
0.000207477
0.00020913
0.000212009
0.000215189
0.000217531
0.000215608
0.000203005
0.000169342
0.000185204
0.00045935
0.00052115
0.000568926
0.000614503
0.000662694
0.000716596
0.000780761
0.000842506
0.000835563
0.00078234
0.000711239
0.000653223
0.0006171
0.000587726
0.000556905
0.000523411
0.000480696
0.000405061
0.000222227
0.000231182
0.000415235
0.000520626
0.000594321
0.000649469
0.000699002
0.000759368
0.000837035
0.000884228
0.000794072
0.000767826
0.000739338
0.00067704
0.000640812
0.000624997
0.00061433
0.000583455
0.000519486
0.000424259
0.000278334
0.000264227
0.000404442
0.000505269
0.000575935
0.000629857
0.000676141
0.000722912
0.000783709
0.000820382
0.000700427
0.00069054
0.000703567
0.000656025
0.000639426
0.000628882
0.000602976
0.000562497
0.000504784
0.000420518
0.000300635
0.000336858
0.0004155
0.000497002
0.000563308
0.000609659
0.000644868
0.000679849
0.000728048
0.000758183
0.000649552
0.000662014
0.000695242
0.000647347
0.000623021
0.00060757
0.000588162
0.00055682
0.000506901
0.000445845
0.000371735
0.000438825
0.000476441
0.000510493
0.000567601
0.000610407
0.000636464
0.000657178
0.000688242
0.000707651
0.00061893
0.000661237
0.000686735
0.000638187
0.000622116
0.000618788
0.000610291
0.00058559
0.000542712
0.000513103
0.000440805
0.000510306
0.000613374
0.000594253
0.000633694
0.000672739
0.000690312
0.000694027
0.000703924
0.000722128
0.000675916
0.000741429
0.000733832
0.000690606
0.000688619
0.00069925
0.000702167
0.000685211
0.00065892
0.000696484
0.000494657
0.00056777
0.000911481
0.00083664
0.000854672
0.000864996
0.000861689
0.000846051
0.000812943
0.000769745
0.000741512
0.000786565
0.000803185
0.000843565
0.000876493
0.000893796
0.000906187
0.000908871
0.000882257
0.000880817
0.000540312
0.00062171
0.000900385
0.00127601
0.00144294
0.00161957
0.00175764
0.00181079
0.00168645
0.00139085
0.00116162
0.00118069
0.00139521
0.00166199
0.00176931
0.00171789
0.00158961
0.00142709
0.00125382
0.000880204
0.000585883
0.000679095
0.00074922
0.000807826
0.000863306
0.000921517
0.00097776
0.00103006
0.00107613
0.00111625
0.00115049
0.00109479
0.0010483
0.00100486
0.000959718
0.000910811
0.000859097
0.000805686
0.000753856
0.000699673
0.000635044
0.000146549
0.000170916
0.000182469
0.000189934
0.000196372
0.000201754
0.000208021
0.00021712
0.000232728
0.00024565
0.000229125
0.000215542
0.000209407
0.000206056
0.000204101
0.000202629
0.000200489
0.000195375
0.000182584
0.000150745
0.000185901
0.0005069
0.000591308
0.000646898
0.000700289
0.000743976
0.00078076
0.000805119
0.000791286
0.000654218
0.000642419
0.000700373
0.000682044
0.000648016
0.000612091
0.000572176
0.000525318
0.000466779
0.000375774
0.000181333
0.000186611
0.000449023
0.00056614
0.000652978
0.000723606
0.000786345
0.000837035
0.000836872
0.000709729
0.000523041
0.000489003
0.000640894
0.000694248
0.000669505
0.000638193
0.000608602
0.000573179
0.000512262
0.000408096
0.000243245
0.000229567
0.000386527
0.000506763
0.000599659
0.000675312
0.00073669
0.000783709
0.000776965
0.000627777
0.000564071
0.000481276
0.000569724
0.000663176
0.000655966
0.0006399
0.000610266
0.000557123
0.000482287
0.000386685
0.000272033
0.000312208
0.000374287
0.000465168
0.00055148
0.000621957
0.000679824
0.000728048
0.000724124
0.000592283
0.000680577
0.000567648
0.000552901
0.000658877
0.000647798
0.000619953
0.000582403
0.00053113
0.000465073
0.000401392
0.000353627
0.000427421
0.000425883
0.00045503
0.000525508
0.000592
0.000644828
0.000688242
0.000683788
0.000577827
0.00080214
0.000669751
0.000559154
0.000657362
0.000644878
0.000620523
0.000586768
0.000536786
0.000478815
0.000457606
0.000428875
0.000504274
0.000548636
0.000527146
0.000577153
0.000635613
0.000676214
0.000703924
0.000707662
0.000637689
0.000906802
0.000786263
0.000656541
0.000714282
0.000705718
0.000694993
0.000671036
0.000624582
0.000576889
0.000608731
0.000486178
0.000565675
0.000871281
0.000777926
0.000799208
0.000817918
0.000824493
0.000812943
0.000785651
0.00077273
0.000994352
0.000892685
0.000781145
0.000817889
0.000852192
0.000867371
0.000865038
0.000846595
0.000805912
0.000851027
0.000534501
0.000623314
0.000886334
0.00123281
0.00142225
0.00160504
0.00171385
0.00168645
0.00147234
0.00133265
0.00147534
0.0013591
0.00126334
0.001485
0.00166594
0.00166771
0.00155426
0.0013788
0.00118289
0.000849201
0.000582391
0.000686449
0.000761026
0.00082384
0.000885228
0.000949676
0.00101336
0.00107613
0.00113982
0.00121048
0.00128402
0.00120487
0.00111977
0.00105136
0.000992001
0.000934306
0.000876146
0.000817375
0.000760943
0.000704126
0.000637006
0.000147995
0.00017355
0.000186
0.000195141
0.000204074
0.000212465
0.000221159
0.000232728
0.000245956
0.000262222
0.000241125
0.000224328
0.000214014
0.000204649
0.000197572
0.000191863
0.000186452
0.000179092
0.00016572
0.000140183
0.000189858
0.000567707
0.000675157
0.000741648
0.000798374
0.000833992
0.000842506
0.000791286
0.000631979
0.000699399
0.000627021
0.000585624
0.000705004
0.000688454
0.000643055
0.00059378
0.000539444
0.000472967
0.000371936
0.000168927
0.000198768
0.000567431
0.000680017
0.000768443
0.000853022
0.000906016
0.000884228
0.000709729
0.000581025
0.00103528
0.000829116
0.000442064
0.000647771
0.000703983
0.00066808
0.000619995
0.00056691
0.000499693
0.000396481
0.000203038
0.000203807
0.000426976
0.000577076
0.000689069
0.000779781
0.000841287
0.000820381
0.000627777
0.000701729
0.00144322
0.0011289
0.000464162
0.000582946
0.000678809
0.000656467
0.000617895
0.000561793
0.000475203
0.000363563
0.000245911
0.000292973
0.000360129
0.000476128
0.000589742
0.000687514
0.000761706
0.000758183
0.000592283
0.000888928
0.00186501
0.00146608
0.000562956
0.00056797
0.000675929
0.000644396
0.000586856
0.00051513
0.000433497
0.000365797
0.000339236
0.000416435
0.00039613
0.00042709
0.000516824
0.000613683
0.000694384
0.000707651
0.000577827
0.00107457
0.00223432
0.00175968
0.0006621
0.000571252
0.000676279
0.000636988
0.000573282
0.000497907
0.00042951
0.000417969
0.000417694
0.000496267
0.000505646
0.000483885
0.000544669
0.000626593
0.000695134
0.000722128
0.000637689
0.0012182
0.00247682
0.00194957
0.000786035
0.000663446
0.000737454
0.000703838
0.000646571
0.000569755
0.00050674
0.000537958
0.000476182
0.000559521
0.000821033
0.000719827
0.000743303
0.000767823
0.000777244
0.000769745
0.00077273
0.00132755
0.00253573
0.00203814
0.000907039
0.000779957
0.000816527
0.000827477
0.000811763
0.000773505
0.000722617
0.000812113
0.000525115
0.000618916
0.000849146
0.00114593
0.00134149
0.00148849
0.0015111
0.00139085
0.00133265
0.00171877
0.00231162
0.00199425
0.0013539
0.00124766
0.00141925
0.00150854
0.00144447
0.00128196
0.00108003
0.000799991
0.000573613
0.000687645
0.000764569
0.000829588
0.000895681
0.000965759
0.00103779
0.00111625
0.00121048
0.00132584
0.00142859
0.00133672
0.00120073
0.00109488
0.00101438
0.000946255
0.000881931
0.000818637
0.000758716
0.000701018
0.000633189
0.000149154
0.000175978
0.000189122
0.000199094
0.000208976
0.000218857
0.000230835
0.00024565
0.000262222
0.000268923
0.000251951
0.000242344
0.000229164
0.000212531
0.000197914
0.000187206
0.000178317
0.000169266
0.000155984
0.000134255
0.000191199
0.000605708
0.000726616
0.000795417
0.000849462
0.000869112
0.000835563
0.000654218
0.000699399
0.000412807
0.000415441
0.000643841
0.000627424
0.000722654
0.000674651
0.000616306
0.000555619
0.000484845
0.000377113
0.000159777
0.000205752
0.000670218
0.000799676
0.000885571
0.000955411
0.000956438
0.000794072
0.000523041
0.00103528
0.000606812
0.000609437
0.000740295
0.00045835
0.000707545
0.000706136
0.000650156
0.000583074
0.000498071
0.000391028
0.000182259
0.00020417
0.000569874
0.000712362
0.000816301
0.000902088
0.000908894
0.000700427
0.000564071
0.00144322
0.000801099
0.000817305
0.000948701
0.000412465
0.000659058
0.00068921
0.000636939
0.000571704
0.000486816
0.000356275
0.000223922
0.000287812
0.000391348
0.000551682
0.000697663
0.000809633
0.000841983
0.000649552
0.000680577
0.00186501
0.00100201
0.00104965
0.0012
0.000449225
0.000647418
0.000681115
0.000606135
0.00050928
0.000411576
0.000342968
0.000331185
0.000409225
0.000395338
0.000438134
0.000559008
0.00069507
0.000767501
0.00061893
0.00080214
0.00223432
0.00120754
0.00130087
0.00142944
0.000505484
0.000654312
0.0006722
0.000575995
0.000469069
0.000395646
0.000396382
0.000409524
0.000487858
0.000488974
0.000471371
0.000547048
0.000664878
0.000754923
0.000675916
0.000906802
0.00247682
0.00139712
0.00154964
0.0016007
0.000620562
0.000741776
0.000737061
0.000639714
0.00052805
0.000463494
0.000507603
0.000466623
0.000549935
0.000780031
0.000677938
0.000699367
0.000730549
0.000748166
0.000741512
0.000994352
0.00253573
0.00155045
0.00175165
0.00164212
0.000737296
0.000791343
0.000799406
0.000763914
0.000706396
0.000659941
0.000780668
0.000513587
0.000608151
0.000798904
0.00105222
0.00122526
0.00130764
0.00123743
0.00116162
0.00147534
0.00231162
0.001682
0.00186768
0.00167894
0.0011596
0.00115562
0.00130776
0.00130318
0.00116781
0.000978476
0.00074846
0.000559819
0.00068028
0.000757236
0.000821959
0.000891425
0.000966734
0.00104917
0.00115049
0.00128402
0.00142859
0.001301
0.00137151
0.00126918
0.00112936
0.00102299
0.000943104
0.000873271
0.000806554
0.000744361
0.000687929
0.000621164
0.00014901
0.000175608
0.000188291
0.000197033
0.000204117
0.000210527
0.000218287
0.000229125
0.000241125
0.000251951
0.000258678
0.000250833
0.000229146
0.00021273
0.000198852
0.000187203
0.000176263
0.000165154
0.000151482
0.000131004
0.000188204
0.000595844
0.000705947
0.000758565
0.000790774
0.00080175
0.00078234
0.000642419
0.000627021
0.000415441
0.00045169
0.000642442
0.00062752
0.000672886
0.000631407
0.000591283
0.000547336
0.000485569
0.000379422
0.000154616
0.000202689
0.00067007
0.000795483
0.000860876
0.000899934
0.000888322
0.000767826
0.000489003
0.000829117
0.000609437
0.000643979
0.000668984
0.000505405
0.000698725
0.000695892
0.000658227
0.000600975
0.000514152
0.000397488
0.000173817
0.000208498
0.00062506
0.000758646
0.000838832
0.000888238
0.000867429
0.00069054
0.000481276
0.0011289
0.000817305
0.000847688
0.000795245
0.000454086
0.000686033
0.00070511
0.000666363
0.000600533
0.000514188
0.00036842
0.000215386
0.000306447
0.000401864
0.000596896
0.000756251
0.00084573
0.000846126
0.000662014
0.000567648
0.00146608
0.00104965
0.00107523
0.000949815
0.00045582
0.00068679
0.000703095
0.000633717
0.000521199
0.000402321
0.000335835
0.000335474
0.000418543
0.000403259
0.000443314
0.000583038
0.000739056
0.000798725
0.000661237
0.000669751
0.00175968
0.00130087
0.00132166
0.00109817
0.000480772
0.000689311
0.000684411
0.000582874
0.000456885
0.000381393
0.000394255
0.000414113
0.000493143
0.000497099
0.000472205
0.000551756
0.000693412
0.000794155
0.000741429
0.000786263
0.00194957
0.00154964
0.0015663
0.00121553
0.000581285
0.000742933
0.000719495
0.000622178
0.000507181
0.000453617
0.000511783
0.000470461
0.000552465
0.000793127
0.000678953
0.000698105
0.000741005
0.000777695
0.000786565
0.000892685
0.00203814
0.00175165
0.00178028
0.00124842
0.000709299
0.000771228
0.000777325
0.000743535
0.000690233
0.000654437
0.000785898
0.000516689
0.000608417
0.00080727
0.00107234
0.00122979
0.00130021
0.00124641
0.00118069
0.0013591
0.00199425
0.00186768
0.00186885
0.00141411
0.00108979
0.00118877
0.00132826
0.00131449
0.00118448
0.00100088
0.000761387
0.000562171
0.000676274
0.00074963
0.000810388
0.000872128
0.000938145
0.00100944
0.00109479
0.00120487
0.00133672
0.00137151
0.00135536
0.00120892
0.00108275
0.00099186
0.000921628
0.000858621
0.000797801
0.000740445
0.000685736
0.000620574
0.000148048
0.000173955
0.000186918
0.000195037
0.000200381
0.000204652
0.000209232
0.000215542
0.000224328
0.000242344
0.000250833
0.00023242
0.000221974
0.000211493
0.000201849
0.000192031
0.000181185
0.000168402
0.000153129
0.00013073
0.000182083
0.000542049
0.000626842
0.000665326
0.000686742
0.00070095
0.00071124
0.000700374
0.000585624
0.00064384
0.000642442
0.000574644
0.000630944
0.000594625
0.00055719
0.00052549
0.000493581
0.000453164
0.000369618
0.000154011
0.000191441
0.000551227
0.000646393
0.000702415
0.000735765
0.00075068
0.000739338
0.000640894
0.000442064
0.000740295
0.000668984
0.000461706
0.000633887
0.00063462
0.000609463
0.000582379
0.000547774
0.000493669
0.000392014
0.000170176
0.000194118
0.000457299
0.000593205
0.000665136
0.000706899
0.000723962
0.000703568
0.000569724
0.000464162
0.000948701
0.000795245
0.000435956
0.000624396
0.000652845
0.000637722
0.00061065
0.000564685
0.000488326
0.000357957
0.000217594
0.000326981
0.000358268
0.000485748
0.000597107
0.000669969
0.000707823
0.000695243
0.000552901
0.000562956
0.0012
0.000949815
0.000441995
0.000615535
0.000658293
0.000633353
0.000582289
0.000500498
0.000398595
0.000336809
0.000344005
0.000429619
0.000402422
0.000409307
0.000495969
0.000599585
0.000672893
0.000686735
0.000559154
0.0006621
0.00142943
0.00109817
0.000465544
0.000609115
0.000656129
0.000618114
0.000548657
0.000456596
0.000387377
0.000404153
0.000422451
0.000501321
0.000514393
0.000470509
0.000520939
0.000617892
0.000698088
0.000733832
0.000656541
0.000786035
0.0016007
0.00121553
0.00055926
0.000657535
0.000685937
0.000653618
0.000593001
0.000512888
0.00047276
0.00054827
0.000478715
0.00055919
0.000827582
0.000712769
0.000734447
0.000776336
0.00080383
0.000803185
0.000781145
0.000907039
0.00164212
0.00124842
0.000713721
0.00073922
0.000766541
0.000772293
0.000753326
0.000719959
0.000693495
0.000814241
0.000525206
0.000614305
0.000852335
0.00117532
0.00135123
0.00147471
0.00149004
0.00139521
0.00126334
0.0013539
0.00167894
0.00141411
0.0011311
0.00130966
0.0014995
0.00152155
0.00143383
0.00127846
0.00109385
0.00080834
0.000570802
0.000676943
0.000748515
0.000807882
0.000864932
0.000924268
0.000984456
0.0010483
0.00111977
0.00120073
0.00126918
0.00120892
0.00111238
0.00103573
0.000972096
0.000912933
0.00085529
0.000798385
0.000744218
0.000689679
0.000624952
0.000147338
0.000174394
0.000189628
0.000198306
0.000203097
0.000205806
0.000207477
0.000209407
0.000214014
0.000229164
0.000229146
0.000221974
0.000217996
0.000214164
0.000209416
0.000202881
0.000194011
0.000181289
0.00016313
0.000134383
0.000177133
0.000466548
0.000541637
0.000582234
0.000608588
0.000630017
0.000653223
0.000682044
0.000705004
0.000627424
0.00062752
0.000630944
0.000591559
0.00055612
0.000527585
0.000499752
0.000467774
0.000424626
0.000353023
0.000161237
0.000181054
0.000438662
0.000530967
0.000589781
0.000627339
0.000653637
0.000677041
0.000694248
0.000647771
0.00045835
0.000505405
0.000633887
0.00062436
0.000598842
0.000580814
0.000562636
0.000534336
0.000482569
0.000387149
0.00020189
0.000226583
0.000364941
0.000484136
0.000564028
0.000612293
0.000639372
0.000656025
0.000663176
0.000582946
0.000412465
0.000454086
0.000624396
0.000636611
0.000619949
0.00060344
0.000577064
0.000531803
0.000459743
0.0003562
0.00024019
0.00034488
0.000353149
0.000430427
0.000515386
0.000578552
0.000620347
0.000647347
0.000658877
0.00056797
0.000449225
0.00045582
0.000615535
0.000638365
0.00061815
0.000594364
0.000557071
0.000497888
0.000419774
0.000360518
0.000354313
0.000439778
0.000418253
0.000411021
0.000475685
0.000548115
0.000601746
0.000638187
0.000657362
0.000571252
0.000505484
0.000480772
0.000609115
0.000638376
0.000617683
0.000590796
0.00054673
0.000482378
0.000423151
0.000431743
0.000430448
0.000508182
0.000563727
0.000497198
0.000533796
0.000602832
0.000656262
0.000690606
0.000714282
0.000663446
0.000620562
0.000581285
0.000657535
0.000668361
0.000656577
0.000639993
0.000602774
0.000546164
0.000517079
0.000604593
0.000485392
0.000563862
0.000858004
0.000758462
0.00078647
0.000823956
0.000847067
0.000843565
0.000817889
0.000779957
0.000737296
0.000709299
0.00073922
0.000765788
0.000784521
0.000788203
0.000777616
0.000757343
0.000740375
0.000840191
0.000530776
0.000617035
0.000891003
0.00125367
0.00144594
0.00161089
0.00169293
0.00166199
0.001485
0.00124766
0.0011596
0.00108979
0.00130966
0.00159914
0.00167756
0.00161266
0.0014853
0.00132286
0.00115314
0.000839826
0.000575053
0.000673599
0.000742
0.000798466
0.000851014
0.000904424
0.000955742
0.00100486
0.00105136
0.00109488
0.00112936
0.00108275
0.00103573
0.000991364
0.00094395
0.000893341
0.00084132
0.000788933
0.000738828
0.00068676
0.000624415
0.000147708
0.000179906
0.000197617
0.000206645
0.000210496
0.000211024
0.00020913
0.000206056
0.000204649
0.000212531
0.00021273
0.000211493
0.000214164
0.000216728
0.000217577
0.000215627
0.000210732
0.00020253
0.00018579
0.000143556
0.000177492
0.000401018
0.000480757
0.000530172
0.000564233
0.000591256
0.0006171
0.000648016
0.000688454
0.000722654
0.000672886
0.000594625
0.00055612
0.000535097
0.000516888
0.000496069
0.000470038
0.000431778
0.000360158
0.000170459
0.000212879
0.000393395
0.000497186
0.000560589
0.000597197
0.000619907
0.000640812
0.000669505
0.000703983
0.000707545
0.000698725
0.00063462
0.000598842
0.000587454
0.000581296
0.000569497
0.000542368
0.000492411
0.000406028
0.000257779
0.000266016
0.000378416
0.000474339
0.000544297
0.000592115
0.000622269
0.000639426
0.000655966
0.000678809
0.000659058
0.000686033
0.000652845
0.000619949
0.000605625
0.000591698
0.000570107
0.000534458
0.000475741
0.000386944
0.000274033
0.000361774
0.00039514
0.000459719
0.000525792
0.000572036
0.000601235
0.000623021
0.000647798
0.00067593
0.000647418
0.00068679
0.000658293
0.00061815
0.000600941
0.000587602
0.000565129
0.000523813
0.000461479
0.00040332
0.000366702
0.000448509
0.000457243
0.000461588
0.000516473
0.000568821
0.000601792
0.000622116
0.000644878
0.000676279
0.000654312
0.000689311
0.000656129
0.000617683
0.000605295
0.00059626
0.000573852
0.000529724
0.000479028
0.000476554
0.000437809
0.000512659
0.00062746
0.00055281
0.000581869
0.000634443
0.000670446
0.000688619
0.000705718
0.000737454
0.000741776
0.000742933
0.000685937
0.000656577
0.000655663
0.000655558
0.000637663
0.000598782
0.000578676
0.000668712
0.000489706
0.00056495
0.000878961
0.000800864
0.000828971
0.00086033
0.000878912
0.000876493
0.000852192
0.000816527
0.000791343
0.000771228
0.000766541
0.000784521
0.00079778
0.000807022
0.000808676
0.000798131
0.000786135
0.000858953
0.000532378
0.000614829
0.00090491
0.0012694
0.00146401
0.00163266
0.00174348
0.00176931
0.00166594
0.00141925
0.00115562
0.00118877
0.0014995
0.00167756
0.0016775
0.00158561
0.00145853
0.00131211
0.00117034
0.00084806
0.000573838
0.000665572
0.000729198
0.000781328
0.000828897
0.000876395
0.000920423
0.000959718
0.000992001
0.00101438
0.00102299
0.00099186
0.000972096
0.00094395
0.000906639
0.000863279
0.000817073
0.000769739
0.00072463
0.000676741
0.00061866
0.000153497
0.000194928
0.00021193
0.000219356
0.000220781
0.000218056
0.000212009
0.000204101
0.000197572
0.000197914
0.000198852
0.000201849
0.000209416
0.000217577
0.000224483
0.000227516
0.000224692
0.00021483
0.000194974
0.000158275
0.000191045
0.000387702
0.000466822
0.000513198
0.000543291
0.000565873
0.000587726
0.000612091
0.000643055
0.000674651
0.000631408
0.00055719
0.000527585
0.000516888
0.0005112
0.000507404
0.000506355
0.000484103
0.000413932
0.000252419
0.000272785
0.00041992
0.000508959
0.000566529
0.000602856
0.000619118
0.000624997
0.000638193
0.00066808
0.000706136
0.000695893
0.000609463
0.000580814
0.000581296
0.000579547
0.000567179
0.000543729
0.000504439
0.000429541
0.000293251
0.00029772
0.000416484
0.000502109
0.000556659
0.000589822
0.00061255
0.000628882
0.0006399
0.000656467
0.00068921
0.00070511
0.000637722
0.00060344
0.000591698
0.00058229
0.000571377
0.000551953
0.000509836
0.000430479
0.000309932
0.000378666
0.000442326
0.000504711
0.000558194
0.000587478
0.00059995
0.00060757
0.000619953
0.000644396
0.000681115
0.000703095
0.000633353
0.000594364
0.000587602
0.00058789
0.000584197
0.000564769
0.000518263
0.000457385
0.000381912
0.000456237
0.000511631
0.000527266
0.000573736
0.000607929
0.000619335
0.000618788
0.000620523
0.000636988
0.0006722
0.000684411
0.000618114
0.000590796
0.00059626
0.000609008
0.000613553
0.000595312
0.000556563
0.000540446
0.000444794
0.000514773
0.000695311
0.000624553
0.000644703
0.000682149
0.000700038
0.00069925
0.000694993
0.000703838
0.000737061
0.000719495
0.000653618
0.000639993
0.000655558
0.000676769
0.00068602
0.00067184
0.000661153
0.000733689
0.00049178
0.000562317
0.000885786
0.000839465
0.000866994
0.000894114
0.000903431
0.000893796
0.000867371
0.000827477
0.000799406
0.000777325
0.000772293
0.000788203
0.000807022
0.000831049
0.000852084
0.000852887
0.000838593
0.000863873
0.000530327
0.000607806
0.000894534
0.00124203
0.00142945
0.00157453
0.00167735
0.00171789
0.00166771
0.00150854
0.00130776
0.00132826
0.00152155
0.00161266
0.00158561
0.00150308
0.00140303
0.00128869
0.00116328
0.000840024
0.000568103
0.000653303
0.000711195
0.000758355
0.000800242
0.000841648
0.000879064
0.000910811
0.000934306
0.000946255
0.000943104
0.000921628
0.000912933
0.000893341
0.000863279
0.000826448
0.000786097
0.000744272
0.000704539
0.00066135
0.000608467
0.000163453
0.000196017
0.000215505
0.00022963
0.000232467
0.000226109
0.000215189
0.000202629
0.000191863
0.000187206
0.000187203
0.000192031
0.000202881
0.000215627
0.000227516
0.000229564
0.00021948
0.00020311
0.000189406
0.000160496
0.000276787
0.000430781
0.000497957
0.000528791
0.000541605
0.000548557
0.000556905
0.000572176
0.00059378
0.000616306
0.000591283
0.00052549
0.000499752
0.000496069
0.000507404
0.000537645
0.000550762
0.000523575
0.000452514
0.000302295
0.000312482
0.000455581
0.000529924
0.000566048
0.00059262
0.000612775
0.00061433
0.000608602
0.000619995
0.000650156
0.000658227
0.000582379
0.000562636
0.000569497
0.000567179
0.000562439
0.000558829
0.00053735
0.000472743
0.00033103
0.000333743
0.000467995
0.000550368
0.000586467
0.00059531
0.00059801
0.000602976
0.000610266
0.000617895
0.000636939
0.000666363
0.000610651
0.000577064
0.000570107
0.000571377
0.000579171
0.00058539
0.000565455
0.000491042
0.000347535
0.000398288
0.000500737
0.0005702
0.000610115
0.000614241
0.000601123
0.000588162
0.000582403
0.000586856
0.000606135
0.000633717
0.000582289
0.000557071
0.000565129
0.000584197
0.000608157
0.000622659
0.000600908
0.000536509
0.000400375
0.000463793
0.000595035
0.000620278
0.000652948
0.000659543
0.000639045
0.000610291
0.000586768
0.000573282
0.000575996
0.000582874
0.000548657
0.00054673
0.000573852
0.000613553
0.00065627
0.000679913
0.000666843
0.000635708
0.000451678
0.000514578
0.000739539
0.000712141
0.000729197
0.000743861
0.00073162
0.000702167
0.000671036
0.000646571
0.000639714
0.000622178
0.000593001
0.000602774
0.000637663
0.00068602
0.000734387
0.000758657
0.000756484
0.000763415
0.000491554
0.000556281
0.000867298
0.000880341
0.000919395
0.000942253
0.000934444
0.000906187
0.000865037
0.000811763
0.000763914
0.000743535
0.000753326
0.000777616
0.000808676
0.000852084
0.000897164
0.000915082
0.000891262
0.000845237
0.000525021
0.000596647
0.000867718
0.0011923
0.00138883
0.00149603
0.00156462
0.00158961
0.00155426
0.00144447
0.00130318
0.00131449
0.00143383
0.0014853
0.00145853
0.00140303
0.00134589
0.00127024
0.00112258
0.000818735
0.000558657
0.000637135
0.000689125
0.000731529
0.000767699
0.000802772
0.000833846
0.000859097
0.000876146
0.000881931
0.000873271
0.000858621
0.000855291
0.00084132
0.000817073
0.000786097
0.00075174
0.00071591
0.000681316
0.000642259
0.000594497
0.00016408
0.000190658
0.00020347
0.000215473
0.000229205
0.000231506
0.000217531
0.000200489
0.000186452
0.000178317
0.000176263
0.000181185
0.000194011
0.000210732
0.000224692
0.00021948
0.000203792
0.000197712
0.000192626
0.000168917
0.000325679
0.000469843
0.000520378
0.000542509
0.000548909
0.000536665
0.000523411
0.000525318
0.000539444
0.000555619
0.000547336
0.000493582
0.000467774
0.000470038
0.000506355
0.000550762
0.000551074
0.00052622
0.000478829
0.000339068
0.000354218
0.000511954
0.000574837
0.000581616
0.000574876
0.000577289
0.000583455
0.000573179
0.00056691
0.000583074
0.000600975
0.000547774
0.000534336
0.000542368
0.000543729
0.000558829
0.00057442
0.000576384
0.000527947
0.000369026
0.000375604
0.000545128
0.000623053
0.000633818
0.000605838
0.000577959
0.000562497
0.000557123
0.000561793
0.000571704
0.000600533
0.000564686
0.000531803
0.000534458
0.000551953
0.00058539
0.000625723
0.000638245
0.000572145
0.000386146
0.000421806
0.000588329
0.000664511
0.000678856
0.000644401
0.000595415
0.00055682
0.00053113
0.00051513
0.00050928
0.000521199
0.000500498
0.000497888
0.000523813
0.000564769
0.000622659
0.000681927
0.000695469
0.000627337
0.000421162
0.000471226
0.000665666
0.000727633
0.000743171
0.000711256
0.000648359
0.00058559
0.000536786
0.000497907
0.000469069
0.000456885
0.000456596
0.000482378
0.000529724
0.000595312
0.000679913
0.000751018
0.000762646
0.000698567
0.00045816
0.000512048
0.000751233
0.000799667
0.0008191
0.000802962
0.000750194
0.000685212
0.000624582
0.000569755
0.00052805
0.000507181
0.000512888
0.000546164
0.000598781
0.00067184
0.000758657
0.000821544
0.000825144
0.000762035
0.00048927
0.000546851
0.000815351
0.000900257
0.000967869
0.000987307
0.000959527
0.000908871
0.000846595
0.000773505
0.000706396
0.000690233
0.000719959
0.000757343
0.000798131
0.000852887
0.000915082
0.000944417
0.00090216
0.000799816
0.000516723
0.000581289
0.000820476
0.00108892
0.00134472
0.0014149
0.0014355
0.00142709
0.0013788
0.00128196
0.00116781
0.00118448
0.00127846
0.00132286
0.00131211
0.00128869
0.00127024
0.00123693
0.00103284
0.000779247
0.000545536
0.000616949
0.000663489
0.00070189
0.000733462
0.00076188
0.000786444
0.000805686
0.000817375
0.000818637
0.000806554
0.000797801
0.000798385
0.000788933
0.000769739
0.000744272
0.00071591
0.00068642
0.000656009
0.000620195
0.00057684
0.000223214
0.000226395
0.000211621
0.000205208
0.000212307
0.000223279
0.000215608
0.000195375
0.000179092
0.000169266
0.000165154
0.000168402
0.000181289
0.00020253
0.00021483
0.00020311
0.000197712
0.000211836
0.000230909
0.00023475
0.000364532
0.000515117
0.00053592
0.000527854
0.000526581
0.000513922
0.000480696
0.000466779
0.000472967
0.000484845
0.000485569
0.000453165
0.000424626
0.000431778
0.000484103
0.000523575
0.00052622
0.000535997
0.000521517
0.000372509
0.000394196
0.000575725
0.000625093
0.000597394
0.000557279
0.0005284
0.000519486
0.000512262
0.000499693
0.000498071
0.000514152
0.000493669
0.000482569
0.000492411
0.000504439
0.00053735
0.000576384
0.000611741
0.000575689
0.00040056
0.000416293
0.000614819
0.000681968
0.000669715
0.000602745
0.000542398
0.000504784
0.000482287
0.000475203
0.000486816
0.000514188
0.000488326
0.000459743
0.000475741
0.000509836
0.000565455
0.000638245
0.000673819
0.000620055
0.000418898
0.000446208
0.000657303
0.000729325
0.000720607
0.0006486
0.000566398
0.000506901
0.000465073
0.000433497
0.000411576
0.000402321
0.000398595
0.000419774
0.000461479
0.000518263
0.000600908
0.000695469
0.000728937
0.00066578
0.000440367
0.000478444
0.000703536
0.000783164
0.000786458
0.000727746
0.00063247
0.000542712
0.000478815
0.00042951
0.000395646
0.000381393
0.000387377
0.000423151
0.000479028
0.000556563
0.000666843
0.000762645
0.000782817
0.000707903
0.000463607
0.000507531
0.000738504
0.000829223
0.000853902
0.000821354
0.000745677
0.000658921
0.000576889
0.00050674
0.000463495
0.000453617
0.00047276
0.000517079
0.000578676
0.000661153
0.000756484
0.000825144
0.000822629
0.000735384
0.0004851
0.000534015
0.000760763
0.000873062
0.00094296
0.000975373
0.000942748
0.000882257
0.000805912
0.000722617
0.000659941
0.000654437
0.000693495
0.000740375
0.000786135
0.000838593
0.000891262
0.00090216
0.000851028
0.000744133
0.000505594
0.00056155
0.000762571
0.000938714
0.00110707
0.00122061
0.00126712
0.00125382
0.00118289
0.00108003
0.000978476
0.00100088
0.00109385
0.00115314
0.00117034
0.00116328
0.00112258
0.00103284
0.000888276
0.000726805
0.000528584
0.000591687
0.000633474
0.000668606
0.000696725
0.000720455
0.000739762
0.000753856
0.000760943
0.000758716
0.000744361
0.000740445
0.000744218
0.000738828
0.00072463
0.000704539
0.000681316
0.000656009
0.000628273
0.000594738
0.000554734
0.000304493
0.000284725
0.000246097
0.000209924
0.00019702
0.000201727
0.000203005
0.000182584
0.00016572
0.000155984
0.000151482
0.000153129
0.00016313
0.00018579
0.000194974
0.000189406
0.000192626
0.000230909
0.000271269
0.000299098
0.000401649
0.000551709
0.000541348
0.000490979
0.000464273
0.000447788
0.000405061
0.000375774
0.000371936
0.000377113
0.000379422
0.000369618
0.000353023
0.000360158
0.000413932
0.000452514
0.000478829
0.000521517
0.000537504
0.000400362
0.000427852
0.000582886
0.000603134
0.000564868
0.000501331
0.00045432
0.000424259
0.000408096
0.000396481
0.000391028
0.000397488
0.000392014
0.000387149
0.000406028
0.000429541
0.000472743
0.000527947
0.000575689
0.000566458
0.000425125
0.000447398
0.000612467
0.000646248
0.000615869
0.000540143
0.000468385
0.000420518
0.000386685
0.000363563
0.000356275
0.00036842
0.000357957
0.0003562
0.000386944
0.000430479
0.000491042
0.000572145
0.000620055
0.000596368
0.000440995
0.00046497
0.000642806
0.000687006
0.000665295
0.000593524
0.000505015
0.000445846
0.000401392
0.000365797
0.000342968
0.000335835
0.000336809
0.000360518
0.00040332
0.000457385
0.000536508
0.000627337
0.00066578
0.000628142
0.0004537
0.000482535
0.000670796
0.000727832
0.000728025
0.00068531
0.000605053
0.000513103
0.000457606
0.000417969
0.000396382
0.000394255
0.000404153
0.000431743
0.000476554
0.000540446
0.000635708
0.000698567
0.000707903
0.000656051
0.000465616
0.000499552
0.000690835
0.000759353
0.000786404
0.00078902
0.000758564
0.000696484
0.000608731
0.000537958
0.000507603
0.000511783
0.00054827
0.000604593
0.000668712
0.000733689
0.000763415
0.000762035
0.000735384
0.000674908
0.000477601
0.000516301
0.000700506
0.00077856
0.000828821
0.000873788
0.000891259
0.000880817
0.000851027
0.000812113
0.000780668
0.000785898
0.000814241
0.000840191
0.000858953
0.000863873
0.000845237
0.000799816
0.000744133
0.000683058
0.00049021
0.000535324
0.00069194
0.000770985
0.000830114
0.000873901
0.000889214
0.000880204
0.000849201
0.000799991
0.00074846
0.000761387
0.000808341
0.000839826
0.000848059
0.000840024
0.000818735
0.000779247
0.000726805
0.000659036
0.00050605
0.000557843
0.000595573
0.00062805
0.000653168
0.000673409
0.000689084
0.000699673
0.000704126
0.000701018
0.000687929
0.000685735
0.000689679
0.00068676
0.000676741
0.00066135
0.000642259
0.000620195
0.000594738
0.000562873
0.000525223
0.000364691
0.000334661
0.000277525
0.000220853
0.000180235
0.000173548
0.000169342
0.000150745
0.000140183
0.000134255
0.000131004
0.00013073
0.000134383
0.000143556
0.000158275
0.000160496
0.000168917
0.00023475
0.000299098
0.000352459
0.000426606
0.00041583
0.000391627
0.000357254
0.000323326
0.000284697
0.000222227
0.000181333
0.000168927
0.000159777
0.000154616
0.000154011
0.000161237
0.000170459
0.000252419
0.000302295
0.000339068
0.000372509
0.000400362
0.000416552
0.000449761
0.000442523
0.000420073
0.000387729
0.000349498
0.000311846
0.000278334
0.000243245
0.000203038
0.000182259
0.000173817
0.000170176
0.00020189
0.000257779
0.000293251
0.00033103
0.000369026
0.00040056
0.000425125
0.000438124
0.000462103
0.000458909
0.000440249
0.000408642
0.00037032
0.000332368
0.000300635
0.000272033
0.000245912
0.000223922
0.000215386
0.000217594
0.00024019
0.000274033
0.000309932
0.000347535
0.000386146
0.000418898
0.000440995
0.000448561
0.000470342
0.000471539
0.000460113
0.000439399
0.000415737
0.00039243
0.000371735
0.000353627
0.000339236
0.000331185
0.000335474
0.000344005
0.000354313
0.000366702
0.000381912
0.000400375
0.000421162
0.000440367
0.0004537
0.000454861
0.000477197
0.000483089
0.000480849
0.000473283
0.000463514
0.000452561
0.000440805
0.000428875
0.000417694
0.000409524
0.000414113
0.000422452
0.000430448
0.000437809
0.000444794
0.000451678
0.00045816
0.000463607
0.000465616
0.000459678
0.000483784
0.000495365
0.000502098
0.000504411
0.000503925
0.000500661
0.000494657
0.000486178
0.000476182
0.000466623
0.000470461
0.000478715
0.000485392
0.000489706
0.00049178
0.000491554
0.00048927
0.0004851
0.000477601
0.000464441
0.00049107
0.000509444
0.000523932
0.000533873
0.000540083
0.000542217
0.000540312
0.000534501
0.000525115
0.000513587
0.000516689
0.000525206
0.000530776
0.000532378
0.000530327
0.000525021
0.000516723
0.000505594
0.00049021
0.000469957
0.000500495
0.000527256
0.000549865
0.000566367
0.000577981
0.000584395
0.000585883
0.000582391
0.000573613
0.000559819
0.000562171
0.000570802
0.000575053
0.000573838
0.000568103
0.000558657
0.000545536
0.000528584
0.00050605
0.000477569
0.000513907
0.000548728
0.000578485
0.000600229
0.000616514
0.000628098
0.000635044
0.000637006
0.000633189
0.000621164
0.000620574
0.000624952
0.000624415
0.00061866
0.000608467
0.000594497
0.00057684
0.000554734
0.000525223
0.00048903
)
;

boundaryField
{
    floor
    {
        type            compressible::alphatWallFunction;
        Prt             0.85;
        value           nonuniform List<scalar> 
400
(
4.71489e-05
3.78678e-05
2.37795e-05
1.57934e-05
1.36933e-05
1.21728e-05
1.17014e-05
1.16211e-05
1.18792e-05
1.20884e-05
1.20716e-05
1.19219e-05
1.18163e-05
1.18782e-05
1.28538e-05
1.48117e-05
1.47303e-05
2.45702e-05
3.82529e-05
4.81219e-05
3.78678e-05
3.3205e-05
2.51709e-05
2.02035e-05
1.90882e-05
1.74916e-05
1.63344e-05
1.59929e-05
1.64516e-05
1.68836e-05
1.68328e-05
1.6574e-05
1.66832e-05
1.76637e-05
2.02317e-05
2.05926e-05
1.94032e-05
2.52297e-05
3.51225e-05
4.32771e-05
2.37795e-05
2.51709e-05
2.30364e-05
2.19223e-05
2.16439e-05
2.00378e-05
1.86064e-05
1.80672e-05
1.86632e-05
1.92107e-05
1.90872e-05
1.8878e-05
1.93769e-05
2.07824e-05
2.32173e-05
2.40001e-05
2.17305e-05
2.28471e-05
2.85163e-05
3.37394e-05
1.57933e-05
2.02035e-05
2.19223e-05
2.29378e-05
2.27474e-05
2.1499e-05
1.98028e-05
1.94093e-05
2.0276e-05
2.09598e-05
2.06284e-05
2.03113e-05
2.08975e-05
2.2349e-05
2.45192e-05
2.63565e-05
2.39323e-05
2.19755e-05
2.25692e-05
2.43215e-05
1.36933e-05
1.90882e-05
2.16439e-05
2.27474e-05
2.29701e-05
2.18068e-05
2.04627e-05
2.05624e-05
2.18444e-05
2.26776e-05
2.18716e-05
2.12544e-05
2.17329e-05
2.30092e-05
2.47647e-05
2.67619e-05
2.63851e-05
2.33809e-05
2.06362e-05
1.76565e-05
1.21728e-05
1.74916e-05
2.00378e-05
2.1499e-05
2.18068e-05
2.13267e-05
2.09865e-05
2.15278e-05
2.33109e-05
2.43858e-05
2.29933e-05
2.20066e-05
2.22051e-05
2.3095e-05
2.42923e-05
2.5657e-05
2.66265e-05
2.53284e-05
2.15881e-05
1.6585e-05
1.17014e-05
1.63344e-05
1.86064e-05
1.98028e-05
2.04627e-05
2.09865e-05
2.15347e-05
2.26283e-05
2.48269e-05
2.64464e-05
2.43401e-05
2.28059e-05
2.24961e-05
2.27656e-05
2.32501e-05
2.37898e-05
2.41924e-05
2.38757e-05
2.17355e-05
1.57977e-05
1.16211e-05
1.59929e-05
1.80672e-05
1.94093e-05
2.05624e-05
2.15278e-05
2.26283e-05
2.41961e-05
2.68208e-05
2.89613e-05
2.61946e-05
2.38891e-05
2.28178e-05
2.22245e-05
2.18761e-05
2.16181e-05
2.12506e-05
2.03721e-05
1.81557e-05
1.24657e-05
1.18792e-05
1.64516e-05
1.86632e-05
2.0276e-05
2.18444e-05
2.33109e-05
2.48269e-05
2.68208e-05
2.9016e-05
3.17955e-05
2.82557e-05
2.53611e-05
2.35751e-05
2.19474e-05
2.07122e-05
1.97209e-05
1.87761e-05
1.74908e-05
1.51379e-05
1.0531e-05
1.20884e-05
1.68836e-05
1.92107e-05
2.09598e-05
2.26776e-05
2.43858e-05
2.64464e-05
2.89613e-05
3.17955e-05
9.51992e-06
7.91096e-06
2.8324e-05
2.60624e-05
2.32207e-05
2.07163e-05
1.88647e-05
1.73201e-05
1.57288e-05
1.33693e-05
9.43739e-06
1.20716e-05
1.68328e-05
1.90872e-05
2.06284e-05
2.18716e-05
2.29933e-05
2.43401e-05
2.61946e-05
2.82557e-05
7.91096e-06
8.45788e-06
2.96926e-05
2.605e-05
2.32575e-05
2.08796e-05
1.88649e-05
1.69561e-05
1.50046e-05
1.25694e-05
8.83887e-06
1.19219e-05
1.6574e-05
1.8878e-05
2.03113e-05
2.12544e-05
2.20066e-05
2.28059e-05
2.38891e-05
2.53611e-05
2.8324e-05
2.96926e-05
2.6608e-05
2.48384e-05
2.30527e-05
2.14022e-05
1.97102e-05
1.78262e-05
1.55859e-05
1.28828e-05
8.79624e-06
1.18163e-05
1.66832e-05
1.93769e-05
2.08975e-05
2.17329e-05
2.22051e-05
2.24961e-05
2.28178e-05
2.35751e-05
2.60624e-05
2.605e-05
2.48384e-05
2.4158e-05
2.35039e-05
2.26936e-05
2.15749e-05
2.00467e-05
1.78375e-05
1.46589e-05
9.46913e-06
1.18782e-05
1.76637e-05
2.07824e-05
2.2349e-05
2.30092e-05
2.3095e-05
2.27656e-05
2.22245e-05
2.19474e-05
2.32207e-05
2.32575e-05
2.30527e-05
2.35039e-05
2.39411e-05
2.40897e-05
2.37606e-05
2.29254e-05
2.152e-05
1.86052e-05
1.11262e-05
1.28538e-05
2.02317e-05
2.32173e-05
2.45192e-05
2.47647e-05
2.42923e-05
2.32501e-05
2.18761e-05
2.07122e-05
2.07163e-05
2.08796e-05
2.14022e-05
2.26936e-05
2.40897e-05
2.52704e-05
2.57794e-05
2.52928e-05
2.36172e-05
2.02159e-05
1.37838e-05
1.48117e-05
2.05926e-05
2.40001e-05
2.63565e-05
2.67619e-05
2.5657e-05
2.37898e-05
2.16181e-05
1.97209e-05
1.88647e-05
1.88649e-05
1.97102e-05
2.15749e-05
2.37606e-05
2.57794e-05
2.60873e-05
2.43636e-05
2.16327e-05
1.92476e-05
1.41429e-05
1.47303e-05
1.94032e-05
2.17305e-05
2.39323e-05
2.63851e-05
2.66265e-05
2.41924e-05
2.12506e-05
1.87761e-05
1.73201e-05
1.69561e-05
1.78262e-05
2.00467e-05
2.29254e-05
2.52928e-05
2.43636e-05
2.17275e-05
2.06388e-05
1.97483e-05
1.55984e-05
2.45702e-05
2.52297e-05
2.28471e-05
2.19755e-05
2.33809e-05
2.53284e-05
2.38757e-05
2.03721e-05
1.74908e-05
1.57288e-05
1.50046e-05
1.55859e-05
1.78375e-05
2.152e-05
2.36172e-05
2.16327e-05
2.06388e-05
2.30067e-05
2.62556e-05
2.69652e-05
3.82529e-05
3.51225e-05
2.85163e-05
2.25692e-05
2.06362e-05
2.15881e-05
2.17355e-05
1.81557e-05
1.51379e-05
1.33693e-05
1.25694e-05
1.28828e-05
1.46589e-05
1.86052e-05
2.02159e-05
1.92476e-05
1.97483e-05
2.62556e-05
3.30286e-05
3.77219e-05
4.81219e-05
4.32771e-05
3.37394e-05
2.43215e-05
1.76565e-05
1.6585e-05
1.57977e-05
1.24657e-05
1.0531e-05
9.43738e-06
8.83887e-06
8.79624e-06
9.46913e-06
1.11262e-05
1.37838e-05
1.41429e-05
1.55984e-05
2.69652e-05
3.77219e-05
4.63514e-05
)
;
    }
    ceiling
    {
        type            compressible::alphatWallFunction;
        Prt             0.85;
        value           nonuniform List<scalar> 
400
(
7.36227e-05
7.9938e-05
8.51306e-05
8.908e-05
9.22592e-05
9.47945e-05
9.66623e-05
9.77517e-05
9.79336e-05
9.68478e-05
9.62471e-05
9.6346e-05
9.58575e-05
9.46754e-05
9.2859e-05
9.04534e-05
8.74339e-05
8.36327e-05
7.85057e-05
7.17903e-05
7.9938e-05
8.66337e-05
9.23377e-05
9.69334e-05
0.000100886
0.000104273
0.000106965
0.000108692
0.000109217
0.000108155
0.00010704
0.000106877
0.000105934
0.00010407
0.000101437
9.81892e-05
9.43936e-05
8.99205e-05
8.42307e-05
7.71342e-05
8.51306e-05
9.23377e-05
9.84297e-05
0.000103484
0.000108007
0.000112067
0.000115482
0.000117804
0.000118645
0.000117555
0.000115879
0.000115517
0.000114164
0.000111691
0.00010836
0.000104445
0.000100089
9.51645e-05
8.91187e-05
8.16616e-05
8.908e-05
9.69334e-05
0.000103484
0.000109041
0.000114267
0.000119194
0.000123477
0.000126634
0.000128146
0.000127556
0.000124789
0.000123751
0.000121758
0.000118588
0.000114461
0.000109742
0.000104742
9.93362e-05
9.28769e-05
8.49507e-05
9.22592e-05
0.000100886
0.000108007
0.000114267
0.000120612
0.000126592
0.000131811
0.000135835
0.000138139
0.000138306
0.000134238
0.000132248
0.000129419
0.000125424
0.000120449
0.000114843
0.000108903
0.000102838
9.58901e-05
8.74029e-05
9.47945e-05
0.000104273
0.000112067
0.000119194
0.000126592
0.000133582
0.000139813
0.000144865
0.000148335
0.000149971
0.000144354
0.000140797
0.000136722
0.000131712
0.000125821
0.000119335
0.000112481
0.000105673
9.82131e-05
8.914e-05
9.66623e-05
0.000106965
0.000115482
0.000123477
0.000131811
0.000139813
0.000147218
0.000153715
0.000159357
0.000164162
0.00015635
0.000149799
0.000143664
0.000137286
0.000130349
0.000122961
0.000115266
0.000107731
9.9774e-05
9.01762e-05
9.77517e-05
0.000108692
0.000117804
0.000126634
0.000135835
0.000144865
0.000153715
0.000162643
0.000172479
0.000182647
0.000171657
0.0001598
0.000150202
0.000141839
0.000133677
0.00012539
0.000116942
0.000108753
0.000100419
9.0461e-05
9.79336e-05
0.000109217
0.000118645
0.000128146
0.000138139
0.000148335
0.000159357
0.000172479
0.000188385
0.000202414
0.000189769
0.000171031
0.000156289
0.000144983
0.000135354
0.000126196
0.000117102
0.00010841
9.99466e-05
8.98799e-05
9.68478e-05
0.000108155
0.000117555
0.000127556
0.000138306
0.000149971
0.000164162
0.000182647
0.000202414
0.000184786
0.000194415
0.000180387
0.000161058
0.000146178
0.000134888
0.000124933
0.000115332
0.000106294
9.80031e-05
8.80763e-05
9.62471e-05
0.00010704
0.000115879
0.000124789
0.000134238
0.000144354
0.00015635
0.000171657
0.000189769
0.000194415
0.000191978
0.000171895
0.000154424
0.000141701
0.000131769
0.000122777
0.000114015
0.000105674
9.76395e-05
8.79578e-05
9.6346e-05
0.000106877
0.000115517
0.000123751
0.000132248
0.000140797
0.000149799
0.0001598
0.000171031
0.000180387
0.000171895
0.000158535
0.000147847
0.000138899
0.000130514
0.00012228
0.000114083
0.000106212
9.82124e-05
8.86074e-05
9.58575e-05
0.000105934
0.000114164
0.000121758
0.000129419
0.000136722
0.000143664
0.000150202
0.000156289
0.000161058
0.000154424
0.000147847
0.000141614
0.00013491
0.000127712
0.000120264
0.000112704
0.000105415
9.77734e-05
8.85209e-05
9.46754e-05
0.00010407
0.000111691
0.000118588
0.000125424
0.000131712
0.000137286
0.000141839
0.000144983
0.000146178
0.000141701
0.000138899
0.00013491
0.000129604
0.000123409
0.000116767
0.000109913
0.000103334
9.62894e-05
8.76564e-05
9.2859e-05
0.000101437
0.00010836
0.000114461
0.000120449
0.000125821
0.000130349
0.000133677
0.000135354
0.000134888
0.000131769
0.000130514
0.000127712
0.000123409
0.000118115
0.000112285
0.000106202
0.000100384
9.40099e-05
8.61284e-05
9.04534e-05
9.81892e-05
0.000104445
0.000109742
0.000114843
0.000119335
0.000122961
0.00012539
0.000126196
0.000124933
0.000122777
0.00012228
0.000120264
0.000116767
0.000112285
0.000107291
0.000102053
9.69643e-05
9.11753e-05
8.4031e-05
8.74339e-05
9.43936e-05
0.000100089
0.000104742
0.000108903
0.000112481
0.000115266
0.000116942
0.000117102
0.000115332
0.000114015
0.000114083
0.000112704
0.000109913
0.000106202
0.000102053
9.77179e-05
9.32205e-05
8.78858e-05
8.13714e-05
8.36327e-05
8.99205e-05
9.51645e-05
9.93362e-05
0.000102838
0.000105673
0.000107731
0.000108753
0.00010841
0.000106294
0.000105674
0.000106212
0.000105415
0.000103334
0.000100384
9.69643e-05
9.32205e-05
8.90943e-05
8.407e-05
7.80257e-05
7.85057e-05
8.42307e-05
8.91187e-05
9.28769e-05
9.58901e-05
9.82131e-05
9.9774e-05
0.000100419
9.99466e-05
9.80031e-05
9.76395e-05
9.82124e-05
9.77734e-05
9.62894e-05
9.40099e-05
9.11753e-05
8.78858e-05
8.407e-05
7.92609e-05
7.35303e-05
7.17903e-05
7.71342e-05
8.16615e-05
8.49507e-05
8.74029e-05
8.914e-05
9.01762e-05
9.0461e-05
8.98799e-05
8.80763e-05
8.79578e-05
8.86074e-05
8.85209e-05
8.76564e-05
8.61284e-05
8.4031e-05
8.13714e-05
7.80257e-05
7.35303e-05
6.79689e-05
)
;
    }
    fixedWalls
    {
        type            compressible::alphatWallFunction;
        Prt             0.85;
        value           nonuniform List<scalar> 
800
(
4.70419e-05
5.85984e-05
6.27591e-05
6.4871e-05
6.62351e-05
6.73213e-05
6.84002e-05
6.96228e-05
7.12153e-05
7.34866e-05
3.7782e-05
5.43206e-05
6.01494e-05
6.31695e-05
6.56522e-05
6.79626e-05
7.03841e-05
7.29334e-05
7.60277e-05
7.97915e-05
2.37203e-05
4.95636e-05
5.55315e-05
5.87219e-05
6.26683e-05
6.70835e-05
7.13739e-05
7.54868e-05
7.99311e-05
8.49754e-05
1.57449e-05
4.34577e-05
4.93236e-05
5.21722e-05
5.83727e-05
6.55037e-05
7.18073e-05
7.73475e-05
8.29245e-05
8.89178e-05
1.36469e-05
3.66189e-05
4.24957e-05
4.46232e-05
5.35061e-05
6.37277e-05
7.19537e-05
7.87269e-05
8.52647e-05
9.20913e-05
1.21283e-05
2.39123e-05
3.42891e-05
3.79252e-05
4.81987e-05
6.19133e-05
7.17455e-05
7.95803e-05
8.69477e-05
9.46219e-05
1.16575e-05
1.84614e-05
2.64368e-05
3.19717e-05
4.40183e-05
6.01613e-05
7.11651e-05
7.98799e-05
8.79685e-05
9.64861e-05
1.15774e-05
1.86121e-05
1.87862e-05
2.61634e-05
4.0001e-05
5.83777e-05
7.02401e-05
7.95626e-05
8.82087e-05
9.75733e-05
1.18351e-05
1.93168e-05
2.08765e-05
2.17851e-05
3.68463e-05
5.66537e-05
6.90111e-05
7.86326e-05
8.75542e-05
9.77546e-05
1.20439e-05
1.95488e-05
2.20867e-05
2.18309e-05
3.5979e-05
5.55174e-05
6.77192e-05
7.7179e-05
8.59407e-05
9.66706e-05
1.20271e-05
1.90245e-05
2.15378e-05
2.2503e-05
3.89185e-05
5.69231e-05
6.84938e-05
7.75378e-05
8.59653e-05
9.60712e-05
1.18775e-05
1.79691e-05
1.95942e-05
1.99555e-05
4.22225e-05
5.86374e-05
6.97402e-05
7.85525e-05
8.68431e-05
9.61701e-05
1.17719e-05
1.71201e-05
1.77406e-05
2.54914e-05
4.51299e-05
6.02226e-05
7.07931e-05
7.92626e-05
8.72571e-05
9.56829e-05
1.18336e-05
1.7141e-05
2.30806e-05
3.22551e-05
4.78816e-05
6.15885e-05
7.14823e-05
7.94325e-05
8.69362e-05
9.45031e-05
1.28077e-05
1.93048e-05
3.32514e-05
3.75718e-05
5.06055e-05
6.2792e-05
7.18064e-05
7.90379e-05
8.58919e-05
9.26902e-05
1.47635e-05
3.36356e-05
3.98147e-05
4.34298e-05
5.37154e-05
6.39573e-05
7.1773e-05
7.8124e-05
8.42208e-05
9.0289e-05
1.46833e-05
4.18331e-05
4.65771e-05
5.00899e-05
5.73959e-05
6.50943e-05
7.13778e-05
7.66891e-05
8.19079e-05
8.7275e-05
2.45093e-05
4.81794e-05
5.29605e-05
5.64884e-05
6.1186e-05
6.61925e-05
7.06741e-05
7.47288e-05
7.89204e-05
8.34805e-05
3.81665e-05
5.41131e-05
5.82649e-05
6.13365e-05
6.40792e-05
6.68053e-05
6.94346e-05
7.20126e-05
7.49284e-05
7.83621e-05
4.80135e-05
5.80314e-05
6.16697e-05
6.3602e-05
6.48906e-05
6.59617e-05
6.69902e-05
6.81258e-05
6.95881e-05
7.16576e-05
4.80135e-05
5.80314e-05
6.16697e-05
6.3602e-05
6.48906e-05
6.59617e-05
6.69902e-05
6.81258e-05
6.95881e-05
7.16576e-05
4.31799e-05
5.63496e-05
6.05438e-05
6.31088e-05
6.50811e-05
6.68822e-05
6.87909e-05
7.09677e-05
7.37085e-05
7.69929e-05
3.36631e-05
5.2607e-05
5.704e-05
6.02148e-05
6.33218e-05
6.65524e-05
6.98434e-05
7.32043e-05
7.71676e-05
8.15127e-05
2.42621e-05
4.70876e-05
5.19333e-05
5.52681e-05
6.01122e-05
6.53992e-05
7.02144e-05
7.47361e-05
7.96826e-05
8.47962e-05
1.76065e-05
4.15379e-05
4.58196e-05
4.92076e-05
5.6419e-05
6.39015e-05
7.01538e-05
7.56938e-05
8.1449e-05
8.72439e-05
1.65349e-05
3.51937e-05
3.9745e-05
4.31243e-05
5.27541e-05
6.22139e-05
6.96636e-05
7.60281e-05
8.24258e-05
8.89778e-05
1.57473e-05
2.47799e-05
3.42849e-05
3.79711e-05
4.94845e-05
6.03937e-05
6.87482e-05
7.57425e-05
8.26526e-05
9.00119e-05
1.24202e-05
1.78081e-05
2.839e-05
3.32879e-05
4.66089e-05
5.8538e-05
6.74454e-05
7.48564e-05
8.2122e-05
9.02959e-05
1.04885e-05
1.55735e-05
2.15527e-05
2.89844e-05
4.43075e-05
5.67901e-05
6.59018e-05
7.34207e-05
8.07885e-05
8.97156e-05
9.39649e-06
1.3961e-05
1.7959e-05
2.52871e-05
4.29978e-05
5.55023e-05
6.44199e-05
7.16555e-05
7.86986e-05
8.79148e-05
8.79885e-06
1.30366e-05
1.64517e-05
2.37265e-05
4.36205e-05
5.61729e-05
6.49805e-05
7.2103e-05
7.90273e-05
8.77968e-05
8.75636e-06
1.29429e-05
1.58148e-05
2.40053e-05
4.49641e-05
5.74694e-05
6.62493e-05
7.34012e-05
8.03287e-05
8.84455e-05
9.42831e-06
1.42736e-05
2.13809e-05
2.77914e-05
4.66073e-05
5.87103e-05
6.72699e-05
7.42428e-05
8.09625e-05
8.83595e-05
1.10827e-05
1.58891e-05
3.08441e-05
3.3474e-05
4.85852e-05
5.98543e-05
6.79273e-05
7.44798e-05
8.07725e-05
8.74968e-05
1.3737e-05
2.97707e-05
3.6702e-05
3.94289e-05
5.10184e-05
6.09437e-05
6.82438e-05
7.41633e-05
7.99035e-05
8.59716e-05
1.40965e-05
3.80745e-05
4.28472e-05
4.5541e-05
5.39575e-05
6.20201e-05
6.82095e-05
7.3353e-05
7.84747e-05
8.38781e-05
1.55512e-05
4.40576e-05
4.89639e-05
5.17054e-05
5.72414e-05
6.3033e-05
6.78598e-05
7.20858e-05
7.64855e-05
8.12232e-05
2.69015e-05
4.94846e-05
5.39719e-05
5.68783e-05
6.02542e-05
6.38825e-05
6.72188e-05
7.03815e-05
7.39053e-05
7.78832e-05
3.76362e-05
5.39313e-05
5.78465e-05
6.03423e-05
6.2334e-05
6.41952e-05
6.60605e-05
6.80147e-05
7.0457e-05
7.33952e-05
4.62459e-05
5.64862e-05
5.98809e-05
6.1521e-05
6.25125e-05
6.32713e-05
6.40201e-05
6.48837e-05
6.60687e-05
6.78427e-05
4.70419e-05
5.85984e-05
6.27591e-05
6.4871e-05
6.62351e-05
6.73213e-05
6.84002e-05
6.96228e-05
7.12153e-05
7.34866e-05
3.7782e-05
5.43206e-05
6.01494e-05
6.31695e-05
6.56522e-05
6.79626e-05
7.03841e-05
7.29334e-05
7.60277e-05
7.97915e-05
2.37203e-05
4.95636e-05
5.55315e-05
5.87219e-05
6.26683e-05
6.70835e-05
7.13739e-05
7.54868e-05
7.99311e-05
8.49754e-05
1.57449e-05
4.34577e-05
4.93236e-05
5.21722e-05
5.83727e-05
6.55037e-05
7.18073e-05
7.73475e-05
8.29245e-05
8.89178e-05
1.36469e-05
3.66189e-05
4.24956e-05
4.46232e-05
5.35061e-05
6.37277e-05
7.19537e-05
7.87269e-05
8.52647e-05
9.20913e-05
1.21283e-05
2.39123e-05
3.42891e-05
3.79252e-05
4.81987e-05
6.19133e-05
7.17455e-05
7.95803e-05
8.69477e-05
9.46219e-05
1.16575e-05
1.84614e-05
2.64368e-05
3.19717e-05
4.40183e-05
6.01613e-05
7.11651e-05
7.98799e-05
8.79685e-05
9.64861e-05
1.15774e-05
1.86121e-05
1.87862e-05
2.61634e-05
4.0001e-05
5.83777e-05
7.02401e-05
7.95626e-05
8.82087e-05
9.75733e-05
1.18351e-05
1.93168e-05
2.08765e-05
2.17851e-05
3.68463e-05
5.66537e-05
6.90111e-05
7.86326e-05
8.75542e-05
9.77546e-05
1.20439e-05
1.95488e-05
2.20867e-05
2.18309e-05
3.59789e-05
5.55174e-05
6.77192e-05
7.7179e-05
8.59407e-05
9.66706e-05
1.20271e-05
1.90245e-05
2.15378e-05
2.2503e-05
3.89185e-05
5.69231e-05
6.84938e-05
7.75377e-05
8.59653e-05
9.60712e-05
1.18775e-05
1.79691e-05
1.95942e-05
1.99555e-05
4.22225e-05
5.86374e-05
6.97402e-05
7.85525e-05
8.68431e-05
9.61701e-05
1.17719e-05
1.71201e-05
1.77406e-05
2.54915e-05
4.51299e-05
6.02226e-05
7.07931e-05
7.92626e-05
8.72571e-05
9.56828e-05
1.18336e-05
1.7141e-05
2.30806e-05
3.22551e-05
4.78816e-05
6.15885e-05
7.14823e-05
7.94325e-05
8.69362e-05
9.45031e-05
1.28077e-05
1.93048e-05
3.32515e-05
3.75718e-05
5.06055e-05
6.2792e-05
7.18064e-05
7.90379e-05
8.58919e-05
9.26902e-05
1.47635e-05
3.36357e-05
3.98147e-05
4.34298e-05
5.37153e-05
6.39573e-05
7.1773e-05
7.8124e-05
8.42208e-05
9.0289e-05
1.46833e-05
4.18331e-05
4.65771e-05
5.00899e-05
5.73959e-05
6.50943e-05
7.13778e-05
7.66891e-05
8.19079e-05
8.7275e-05
2.45093e-05
4.81794e-05
5.29605e-05
5.64884e-05
6.1186e-05
6.61925e-05
7.06741e-05
7.47288e-05
7.89204e-05
8.34805e-05
3.81665e-05
5.41131e-05
5.82649e-05
6.13365e-05
6.40792e-05
6.68053e-05
6.94346e-05
7.20126e-05
7.49284e-05
7.83621e-05
4.80135e-05
5.80314e-05
6.16697e-05
6.3602e-05
6.48906e-05
6.59617e-05
6.69902e-05
6.81258e-05
6.95881e-05
7.16576e-05
4.80135e-05
5.80314e-05
6.16697e-05
6.3602e-05
6.48906e-05
6.59617e-05
6.69902e-05
6.81258e-05
6.95881e-05
7.16576e-05
4.31799e-05
5.63496e-05
6.05438e-05
6.31088e-05
6.50811e-05
6.68822e-05
6.87909e-05
7.09677e-05
7.37085e-05
7.69929e-05
3.36631e-05
5.2607e-05
5.704e-05
6.02148e-05
6.33218e-05
6.65524e-05
6.98434e-05
7.32043e-05
7.71676e-05
8.15127e-05
2.42621e-05
4.70876e-05
5.19333e-05
5.52681e-05
6.01122e-05
6.53992e-05
7.02144e-05
7.47361e-05
7.96826e-05
8.47962e-05
1.76065e-05
4.15379e-05
4.58196e-05
4.92076e-05
5.6419e-05
6.39015e-05
7.01538e-05
7.56938e-05
8.1449e-05
8.72439e-05
1.65349e-05
3.51937e-05
3.9745e-05
4.31243e-05
5.27541e-05
6.22139e-05
6.96636e-05
7.60281e-05
8.24258e-05
8.89778e-05
1.57473e-05
2.47799e-05
3.42849e-05
3.79712e-05
4.94845e-05
6.03937e-05
6.87482e-05
7.57425e-05
8.26526e-05
9.0012e-05
1.24202e-05
1.78081e-05
2.839e-05
3.32879e-05
4.66089e-05
5.8538e-05
6.74454e-05
7.48564e-05
8.2122e-05
9.02959e-05
1.04886e-05
1.55735e-05
2.15527e-05
2.89844e-05
4.43075e-05
5.67901e-05
6.59018e-05
7.34207e-05
8.07885e-05
8.97156e-05
9.39649e-06
1.3961e-05
1.7959e-05
2.52871e-05
4.29979e-05
5.55023e-05
6.44199e-05
7.16555e-05
7.86986e-05
8.79148e-05
8.79886e-06
1.30366e-05
1.64517e-05
2.37266e-05
4.36205e-05
5.61729e-05
6.49805e-05
7.2103e-05
7.90273e-05
8.77968e-05
8.75636e-06
1.29429e-05
1.58148e-05
2.40053e-05
4.49641e-05
5.74694e-05
6.62494e-05
7.34012e-05
8.03287e-05
8.84455e-05
9.42831e-06
1.42736e-05
2.13809e-05
2.77914e-05
4.66073e-05
5.87103e-05
6.72699e-05
7.42428e-05
8.09625e-05
8.83595e-05
1.10827e-05
1.58891e-05
3.08441e-05
3.3474e-05
4.85852e-05
5.98543e-05
6.79273e-05
7.44798e-05
8.07725e-05
8.74968e-05
1.3737e-05
2.97707e-05
3.6702e-05
3.94289e-05
5.10184e-05
6.09437e-05
6.82438e-05
7.41633e-05
7.99035e-05
8.59716e-05
1.40965e-05
3.80745e-05
4.28472e-05
4.5541e-05
5.39575e-05
6.20201e-05
6.82095e-05
7.3353e-05
7.84747e-05
8.38781e-05
1.55512e-05
4.40576e-05
4.89639e-05
5.17054e-05
5.72414e-05
6.3033e-05
6.78598e-05
7.20858e-05
7.64855e-05
8.12232e-05
2.69015e-05
4.94846e-05
5.39719e-05
5.68783e-05
6.02542e-05
6.38825e-05
6.72188e-05
7.03815e-05
7.39053e-05
7.78832e-05
3.76362e-05
5.39313e-05
5.78465e-05
6.03423e-05
6.2334e-05
6.41952e-05
6.60605e-05
6.80147e-05
7.0457e-05
7.33952e-05
4.62459e-05
5.64862e-05
5.98809e-05
6.1521e-05
6.25125e-05
6.32713e-05
6.40201e-05
6.48837e-05
6.60687e-05
6.78427e-05
)
;
    }
}


// ************************************************************************* //
