/*--------------------------------*- C++ -*----------------------------------*\
| =========                 |                                                 |
| \\      /  F ield         | OpenFOAM: The Open Source CFD Toolbox           |
|  \\    /   O peration     | Version:  v2012                                 |
|   \\  /    A nd           | Website:  www.openfoam.com                      |
|    \\/     M anipulation  |                                                 |
\*---------------------------------------------------------------------------*/
FoamFile
{
    version     2.0;
    format      ascii;
    class       surfaceScalarField;
    location    "600/topAir";
    object      phi;
}
// * * * * * * * * * * * * * * * * * * * * * * * * * * * * * * * * * * * * * //

dimensions      [1 0 -1 0 0 0 0];
oriented        oriented;


internalField   nonuniform List<scalar> 
3140
(
9.216002e-06
-2.397782e-08
7.693755e-08
9.186997e-06
-6.241099e-08
9.140868e-08
9.164771e-06
-7.462501e-08
9.684882e-08
9.137028e-06
-6.870687e-08
9.64488e-08
9.104467e-06
-5.74402e-08
9.000208e-08
9.068894e-06
-4.316511e-08
7.873864e-08
9.032359e-06
-2.656876e-08
6.310671e-08
8.997904e-06
-8.275678e-09
4.272999e-08
8.969466e-06
1.195648e-08
1.648405e-08
8.951629e-06
3.517112e-08
-1.73353e-08
8.949098e-06
6.30886e-08
-6.055496e-08
8.966011e-06
9.847078e-08
-1.153856e-07
9.005659e-06
1.45257e-07
-1.849032e-07
9.069955e-06
2.083738e-07
-2.726715e-07
9.156556e-06
2.961982e-07
-3.827994e-07
9.26e-06
4.150418e-07
-5.184893e-07
9.370511e-06
5.713723e-07
-6.818846e-07
9.474524e-06
7.690405e-07
-8.730577e-07
9.557989e-06
1.005279e-06
-1.088747e-06
9.610834e-06
1.268918e-06
-1.321763e-06
9.630812e-06
1.54151e-06
-1.561491e-06
9.624223e-06
1.80206e-06
-1.795474e-06
9.602932e-06
2.032575e-06
-2.011288e-06
9.578473e-06
2.221789e-06
-2.197342e-06
9.553012e-06
2.366689e-06
-2.341234e-06
9.505323e-06
2.474983e-06
-2.427314e-06
9.36292e-06
2.569758e-06
-2.427366e-06
8.965436e-06
2.709467e-06
-2.311995e-06
7.908378e-06
3.039037e-06
-1.981983e-06
3.665779e-06
-1.488923e-06
9.245699e-06
-8.130569e-08
8.058206e-08
9.214707e-06
-1.30815e-07
9.938675e-08
9.183621e-06
-1.549182e-07
1.113728e-07
9.15865e-06
-1.632804e-07
1.195388e-07
9.139611e-06
-1.619673e-07
1.235624e-07
9.126487e-06
-1.550486e-07
1.250035e-07
9.11978e-06
-1.446706e-07
1.248052e-07
9.120531e-06
-1.322639e-07
1.232322e-07
9.13e-06
-1.175024e-07
1.199872e-07
9.149728e-06
-9.887279e-08
1.143103e-07
9.182166e-06
-7.451859e-08
1.051665e-07
9.231066e-06
-4.154224e-08
9.110549e-08
9.300779e-06
5.347199e-09
7.019311e-08
9.395898e-06
7.39014e-08
3.934318e-08
9.523499e-06
1.750323e-07
-6.44401e-09
9.687673e-06
3.227024e-07
-7.185217e-08
9.884318e-06
5.354217e-07
-1.607044e-07
1.009999e-05
8.295199e-07
-2.761737e-07
1.031329e-05
1.210355e-06
-4.183735e-07
1.050061e-05
1.664012e-06
-5.824351e-07
1.064497e-05
2.15524e-06
-7.580812e-07
1.074072e-05
2.637755e-06
-9.314512e-07
1.079136e-05
3.069736e-06
-1.087805e-06
1.080116e-05
3.424053e-06
-1.212064e-06
1.07622e-05
3.690899e-06
-1.28525e-06
1.063798e-05
3.879494e-06
-1.280306e-06
1.033385e-05
4.021346e-06
-1.147463e-06
9.677319e-06
4.197668e-06
-8.316793e-07
8.274641e-06
4.58194e-06
-1.402248e-07
5.201574e-06
6.776544e-07
9.254577e-06
-1.480988e-07
8.11599e-08
9.196266e-06
-1.731908e-07
1.00676e-07
9.114651e-06
-1.868921e-07
1.135785e-07
9.020879e-06
-1.924944e-07
1.229766e-07
8.92045e-06
-1.902843e-07
1.287354e-07
8.816649e-06
-1.838863e-07
1.326303e-07
8.711312e-06
-1.752731e-07
1.359282e-07
8.605122e-06
-1.654816e-07
1.393991e-07
8.498613e-06
-1.548104e-07
1.438042e-07
8.392756e-06
-1.429472e-07
1.499242e-07
8.289248e-06
-1.29501e-07
1.584782e-07
8.191757e-06
-1.141902e-07
1.701302e-07
8.108918e-06
-9.690011e-08
1.850697e-07
8.053545e-06
-7.352619e-08
2.027855e-07
8.041022e-06
-3.548214e-08
2.230032e-07
8.085946e-06
3.339142e-08
2.443648e-07
8.203917e-06
1.538019e-07
2.635917e-07
8.406152e-06
3.512887e-07
2.759812e-07
8.684306e-06
6.533147e-07
2.78837e-07
9.006678e-06
1.066419e-06
2.752209e-07
9.330984e-06
1.557253e-06
2.73663e-07
9.620263e-06
2.061997e-06
2.864904e-07
9.849562e-06
2.518347e-06
3.220903e-07
1.000114e-05
2.886464e-06
3.860188e-07
1.005174e-05
3.150824e-06
4.894758e-07
9.958809e-06
3.317483e-06
6.549516e-07
9.637131e-06
3.420448e-06
9.225721e-07
8.981479e-06
3.53801e-06
1.315309e-06
7.622443e-06
3.931077e-06
2.009902e-06
4.546413e-06
2.843733e-06
9.041346e-06
7.949407e-08
8.769956e-06
9.819081e-08
8.473267e-06
1.097883e-07
8.16314e-06
1.176231e-07
7.851217e-06
1.216306e-07
7.543752e-06
1.235679e-07
7.243714e-06
1.247563e-07
6.952141e-06
1.260802e-07
6.668888e-06
1.284336e-07
6.393083e-06
1.328465e-07
6.123065e-06
1.405093e-07
5.855976e-06
1.528836e-07
5.587218e-06
1.718475e-07
5.313353e-06
2.003085e-07
5.03617e-06
2.4168e-07
4.769409e-06
3.00096e-07
4.539022e-06
3.841626e-07
4.382236e-06
5.080143e-07
4.347037e-06
6.884978e-07
4.472979e-06
9.404503e-07
4.763676e-06
1.266559e-06
5.17655e-06
1.649122e-06
5.641095e-06
2.053817e-06
6.082063e-06
2.445501e-06
6.42848e-06
2.804418e-06
6.61569e-06
3.130275e-06
6.592525e-06
3.443615e-06
6.370417e-06
3.76012e-06
6.164331e-06
4.137166e-06
4.444768e-06
9.330505e-06
-2.241861e-08
3.781271e-08
9.422399e-06
-6.123941e-08
6.074703e-08
9.52357e-06
-7.559637e-08
7.127153e-08
9.618558e-06
-7.444058e-08
7.590039e-08
9.703913e-06
-7.104287e-08
7.569078e-08
9.779286e-06
-6.817339e-08
7.154095e-08
9.845326e-06
-6.701938e-08
6.408727e-08
9.903267e-06
-6.871854e-08
5.350859e-08
9.954191e-06
-7.411163e-08
3.967272e-08
9.998611e-06
-8.388575e-08
2.213105e-08
1.003705e-05
-9.907381e-08
8.091019e-11
1.007029e-05
-1.211464e-07
-2.747567e-08
1.009896e-05
-1.518916e-07
-6.167972e-08
1.012387e-05
-1.936993e-07
-1.03889e-07
1.014668e-05
-2.497771e-07
-1.558327e-07
1.01687e-05
-3.207834e-07
-2.197291e-07
1.019156e-05
-4.069784e-07
-2.977656e-07
1.021745e-05
-5.071071e-07
-3.918433e-07
1.024928e-05
-6.174124e-07
-5.031667e-07
1.029028e-05
-7.307484e-07
-6.320131e-07
1.034329e-05
-8.36684e-07
-7.77829e-07
1.041093e-05
-9.238812e-07
-9.392305e-07
1.049762e-05
-9.845839e-07
-1.113405e-06
1.061248e-05
-1.017545e-06
-1.294674e-06
1.076891e-05
-1.025292e-06
-1.472372e-06
1.097652e-05
-1.006042e-06
-1.628902e-06
1.122469e-05
-9.403495e-07
-1.735198e-06
1.145119e-05
-7.781986e-07
-1.760306e-06
1.14356e-05
-3.258268e-07
-1.640565e-06
5.97301e-07
-1.434751e-06
9.368837e-06
-8.160478e-08
3.988399e-08
9.472174e-06
-1.317428e-07
6.654425e-08
9.583603e-06
-1.573398e-07
8.168019e-08
9.705615e-06
-1.688741e-07
9.195536e-08
9.832695e-06
-1.72933e-07
9.83688e-08
9.961764e-06
-1.741003e-07
1.018571e-07
1.009136e-05
-1.749858e-07
1.031671e-07
1.022068e-05
-1.773819e-07
1.025773e-07
1.034936e-05
-1.828006e-07
9.998613e-08
1.047751e-05
-1.926883e-07
9.496341e-08
1.060554e-05
-2.087216e-07
8.67799e-08
1.073412e-05
-2.3303e-07
7.439894e-08
1.086415e-05
-2.682159e-07
5.649137e-08
1.099619e-05
-3.175948e-07
3.118588e-08
1.112892e-05
-3.849909e-07
-3.96424e-09
1.126067e-05
-4.722373e-07
-5.2156e-08
1.139127e-05
-5.813198e-07
-1.169792e-07
1.152123e-05
-7.114102e-07
-2.018437e-07
1.165235e-05
-8.573431e-07
-3.095661e-07
1.178779e-05
-1.007197e-06
-4.41447e-07
1.193078e-05
-1.141553e-06
-5.962011e-07
1.208334e-05
-1.23895e-06
-7.68956e-07
1.224786e-05
-1.286744e-06
-9.501647e-07
1.243131e-05
-1.288434e-06
-1.124636e-06
1.265017e-05
-1.258242e-06
-1.271162e-06
1.293384e-05
-1.207198e-06
-1.362827e-06
1.334682e-05
-1.1403e-06
-1.360496e-06
1.401193e-05
-1.048828e-06
-1.226167e-06
1.532372e-05
-8.815826e-07
-8.962525e-07
-3.40846e-07
-5.383801e-07
9.378162e-06
-1.498548e-07
4.019154e-08
9.454911e-06
-1.750838e-07
6.725728e-08
9.517632e-06
-1.895663e-07
8.3074e-08
9.574044e-06
-1.966643e-07
9.43453e-08
9.624447e-06
-1.967725e-07
1.02162e-07
9.669186e-06
-1.938177e-07
1.075988e-07
9.708525e-06
-1.900212e-07
1.11614e-07
9.742324e-06
-1.866039e-07
1.148123e-07
9.770218e-06
-1.845555e-07
1.17655e-07
9.79174e-06
-1.848228e-07
1.205263e-07
9.80632e-06
-1.885064e-07
1.236725e-07
9.813352e-06
-1.970803e-07
1.271385e-07
9.812261e-06
-2.126441e-07
1.305751e-07
9.802418e-06
-2.381083e-07
1.331294e-07
9.783786e-06
-2.769811e-07
1.336041e-07
9.758655e-06
-3.330281e-07
1.302667e-07
9.731847e-06
-4.109005e-07
1.199488e-07
9.712127e-06
-5.137208e-07
9.798807e-08
9.71233e-06
-6.378329e-07
5.908808e-08
9.746922e-06
-7.658336e-07
-7.466482e-10
9.82419e-06
-8.647721e-07
-8.040954e-08
9.941841e-06
-8.990584e-07
-1.710535e-07
1.008645e-05
-8.551246e-07
-2.541386e-07
1.023832e-05
-7.514077e-07
-3.028756e-07
1.037875e-05
-6.233195e-07
-2.858732e-07
1.049367e-05
-4.985853e-07
-1.685786e-07
1.056552e-05
-3.918473e-07
1.022743e-07
1.057915e-05
-3.091231e-07
5.619747e-07
1.055381e-05
-1.967485e-07
1.350414e-06
-2.931671e-08
2.229629e-06
9.159545e-06
3.903316e-08
9.01761e-06
6.503362e-08
8.857917e-06
7.990684e-08
8.688714e-06
9.015269e-08
8.516713e-06
9.685005e-08
8.345366e-06
1.010877e-07
8.176222e-06
1.038697e-07
8.009795e-06
1.058938e-07
7.845906e-06
1.077569e-07
7.683861e-06
1.100582e-07
7.522439e-06
1.134153e-07
7.359731e-06
1.184987e-07
7.192839e-06
1.260838e-07
7.017772e-06
1.37249e-07
6.829178e-06
1.53273e-07
6.620552e-06
1.756654e-07
6.386245e-06
2.075429e-07
6.125509e-06
2.549939e-07
5.848002e-06
3.281513e-07
5.57981e-06
4.427824e-07
5.362454e-06
6.191306e-07
5.237103e-06
8.75411e-07
5.216746e-06
1.219047e-06
5.269046e-06
1.641801e-06
5.326195e-06
2.123955e-06
5.315164e-06
2.642724e-06
5.173949e-06
3.192985e-06
4.859108e-06
3.765845e-06
4.314019e-06
4.485515e-06
5.23472e-06
9.309496e-06
-2.283698e-08
2.011519e-08
9.397661e-06
-6.165839e-08
3.42336e-08
9.501407e-06
-7.546018e-08
4.298287e-08
9.602238e-06
-7.328695e-08
4.835536e-08
9.695352e-06
-6.857932e-08
5.11572e-08
9.779102e-06
-6.414058e-08
5.193285e-08
9.853112e-06
-6.112338e-08
5.120299e-08
9.917805e-06
-6.056863e-08
4.938529e-08
9.973899e-06
-6.328136e-08
4.6862e-08
1.002203e-05
-7.005095e-08
4.405075e-08
1.006252e-05
-8.184011e-08
4.142928e-08
1.00954e-05
-9.988432e-08
3.952921e-08
1.012033e-05
-1.258212e-07
3.921388e-08
1.013646e-05
-1.618495e-07
4.183564e-08
1.014255e-05
-2.106554e-07
4.873147e-08
1.013729e-05
-2.754472e-07
6.097275e-08
1.011983e-05
-3.599784e-07
7.968454e-08
1.009063e-05
-4.684911e-07
1.058419e-07
1.00528e-05
-6.056585e-07
1.403215e-07
1.001349e-05
-7.760987e-07
1.833869e-07
9.985123e-06
-9.828186e-07
2.333548e-07
9.985345e-06
-1.224684e-06
2.852232e-07
1.003548e-05
-1.493657e-06
3.301075e-07
1.015865e-05
-1.774124e-06
3.562662e-07
1.038131e-05
-2.045994e-06
3.509434e-07
1.073592e-05
-2.287475e-06
3.039471e-07
1.126291e-05
-2.463464e-06
2.012573e-07
1.197106e-05
-2.511607e-06
4.314492e-08
1.27686e-05
-2.180031e-06
-2.580767e-07
-1.417176e-06
-6.541191e-07
9.346488e-06
-8.150364e-08
2.101521e-08
9.446034e-06
-1.315077e-07
3.683812e-08
9.561222e-06
-1.566302e-07
4.765645e-08
9.691937e-06
-1.673682e-07
5.531614e-08
9.831592e-06
-1.703235e-07
6.045445e-08
9.97595e-06
-1.70086e-07
6.34398e-08
1.01226e-05
-1.692131e-07
6.460436e-08
1.026985e-05
-1.693446e-07
6.40966e-08
1.041647e-05
-1.717915e-07
6.187165e-08
1.056149e-05
-1.778196e-07
5.770973e-08
1.070404e-05
-1.888354e-07
5.122162e-08
1.084324e-05
-2.06546e-07
4.185215e-08
1.097811e-05
-2.331033e-07
2.88964e-08
1.110723e-05
-2.713745e-07
1.158791e-08
1.122832e-05
-3.25001e-07
-1.071212e-08
1.133804e-05
-3.985321e-07
-3.879765e-08
1.143215e-05
-4.972517e-07
-7.382336e-08
1.150598e-05
-6.270298e-07
-1.171401e-07
1.155562e-05
-7.942902e-07
-1.705879e-07
1.157974e-05
-1.005132e-06
-2.365488e-07
1.158124e-05
-1.262397e-06
-3.181219e-07
1.156792e-05
-1.561384e-06
-4.189622e-07
1.155196e-05
-1.88615e-06
-5.417041e-07
1.155019e-05
-2.211459e-06
-6.855522e-07
1.159179e-05
-2.512949e-06
-8.45808e-07
1.173216e-05
-2.775585e-06
-1.0151e-06
1.209288e-05
-2.984666e-06
-1.200016e-06
1.286167e-05
-3.093297e-06
-1.413272e-06
1.465565e-05
-3.025146e-06
-1.845109e-06
-2.651656e-06
-2.168054e-06
9.35612e-06
-1.496269e-07
2.113826e-08
9.429346e-06
-1.746185e-07
3.713161e-08
9.496321e-06
-1.888154e-07
4.827414e-08
9.562438e-06
-1.955708e-07
5.642093e-08
9.627245e-06
-1.952037e-07
6.222571e-08
9.690305e-06
-1.916478e-07
6.609094e-08
9.751387e-06
-1.871035e-07
6.841184e-08
9.810112e-06
-1.827091e-07
6.944226e-08
9.865988e-06
-1.793302e-07
6.930586e-08
9.918419e-06
-1.77745e-07
6.80109e-08
9.966606e-06
-1.787836e-07
6.542182e-08
1.000944e-05
-1.83466e-07
6.121476e-08
1.004525e-05
-1.931618e-07
5.480721e-08
1.007152e-05
-2.097841e-07
4.525563e-08
1.008468e-05
-2.359279e-07
3.135805e-08
1.007995e-05
-2.751255e-07
1.157704e-08
1.005116e-05
-3.32277e-07
-1.626197e-08
9.991223e-06
-4.138907e-07
-5.523005e-08
9.893681e-06
-5.280577e-07
-1.096263e-07
9.756277e-06
-6.831539e-07
-1.853392e-07
9.584691e-06
-8.836176e-07
-2.876323e-07
9.393582e-06
-1.120949e-06
-4.2038e-07
9.201643e-06
-1.368016e-06
-5.803562e-07
9.027284e-06
-1.586643e-06
-7.533265e-07
8.89303e-06
-1.750382e-06
-9.141961e-07
8.840454e-06
-1.862821e-06
-1.028767e-06
8.979922e-06
-1.956626e-06
-1.065234e-06
9.491976e-06
-2.032692e-06
-1.010678e-06
1.097125e-05
-2.178268e-06
-9.757187e-07
-2.204036e-06
-9.978805e-07
9.137697e-06
2.064755e-08
8.992044e-06
3.606032e-08
8.836534e-06
4.659318e-08
8.677032e-06
5.407489e-08
8.519486e-06
5.918319e-08
8.366558e-06
6.235873e-08
8.219268e-06
6.40463e-08
8.077871e-06
6.457157e-08
7.942131e-06
6.415691e-08
7.811484e-06
6.294824e-08
7.685092e-06
6.101325e-08
7.561772e-06
5.834011e-08
7.439838e-06
5.484427e-08
7.316895e-06
5.039292e-08
7.189355e-06
4.486957e-08
7.051643e-06
3.823318e-08
6.896025e-06
3.086335e-08
6.713304e-06
2.379963e-08
6.494514e-06
1.886223e-08
6.234693e-06
1.942128e-08
5.93764e-06
3.255597e-08
5.620215e-06
7.186714e-08
5.313268e-06
1.579748e-07
5.054611e-06
3.138073e-07
4.866909e-06
5.612704e-07
4.736336e-06
9.104765e-07
4.627298e-06
1.3454e-06
4.564333e-06
1.796134e-06
4.537751e-06
2.333844e-06
2.84148e-06
9.303493e-06
-2.258904e-08
8.172672e-09
9.383262e-06
-6.09312e-08
1.53887e-08
9.479781e-06
-7.389448e-08
2.035557e-08
9.574787e-06
-7.025681e-08
2.360633e-08
9.663681e-06
-6.330535e-08
2.55706e-08
9.744687e-06
-5.5652e-08
2.658057e-08
9.817117e-06
-4.817792e-08
2.695274e-08
9.881071e-06
-4.154352e-08
2.697693e-08
9.937005e-06
-3.601076e-08
2.694028e-08
9.985484e-06
-3.160053e-08
2.717437e-08
1.002703e-05
-2.823305e-08
2.812049e-08
1.006189e-05
-2.578641e-08
3.04511e-08
1.008995e-05
-2.408168e-08
3.524498e-08
1.011039e-05
-2.308187e-08
4.447534e-08
1.012255e-05
-2.332056e-08
5.988909e-08
1.012621e-05
-2.580591e-08
8.311821e-08
1.012171e-05
-3.218087e-08
1.163668e-07
1.011055e-05
-4.497193e-08
1.619824e-07
1.009525e-05
-6.77214e-08
2.233351e-07
1.007974e-05
-1.05866e-07
3.047662e-07
1.007004e-05
-1.675825e-07
4.106287e-07
1.007544e-05
-2.639512e-07
5.437611e-07
1.010966e-05
-4.073782e-07
7.032614e-07
1.019077e-05
-6.061768e-07
8.813186e-07
1.033593e-05
-8.526996e-07
1.058465e-06
1.054382e-05
-1.104656e-06
1.20069e-06
1.074958e-05
-1.252599e-06
1.248065e-06
1.075621e-05
-1.104852e-06
1.141358e-06
1.003815e-05
-2.237705e-07
6.837551e-07
1.544011e-06
-5.617372e-08
9.340132e-06
-8.126509e-08
8.512327e-09
9.430467e-06
-1.309522e-07
1.651441e-08
9.537274e-06
-1.554604e-07
2.240949e-08
9.660829e-06
-1.651108e-07
2.661012e-08
9.794878e-06
-1.663321e-07
2.942928e-08
9.935114e-06
-1.635247e-07
3.107202e-08
1.007883e-05
-1.590013e-07
3.171204e-08
1.022398e-05
-1.540504e-07
3.144403e-08
1.036904e-05
-1.49465e-07
3.026748e-08
1.051283e-05
-1.457756e-07
2.808849e-08
1.065449e-05
-1.434006e-07
2.471914e-08
1.079344e-05
-1.427669e-07
1.988567e-08
1.092939e-05
-1.443704e-07
1.322936e-08
1.106228e-05
-1.489633e-07
4.57442e-09
1.119196e-05
-1.57854e-07
-5.861577e-09
1.131824e-05
-1.729817e-07
-1.791303e-08
1.144075e-05
-1.971984e-07
-3.131856e-08
1.155891e-05
-2.346239e-07
-4.565848e-08
1.167211e-05
-2.907796e-07
-6.07356e-08
1.177896e-05
-3.735562e-07
-7.570883e-08
1.187678e-05
-4.941452e-07
-8.938984e-08
1.19618e-05
-6.665743e-07
-1.013651e-07
1.203126e-05
-9.053401e-07
-1.13218e-07
1.20881e-05
-1.217982e-06
-1.306002e-07
1.214577e-05
-1.589385e-06
-1.668083e-07
1.223081e-05
-1.960096e-06
-2.447221e-07
1.238044e-05
-2.188342e-06
-4.139124e-07
1.265096e-05
-2.062291e-06
-7.263547e-07
1.302481e-05
-9.986422e-07
-1.444072e-06
9.087261e-07
-2.166955e-06
9.349904e-06
-1.496415e-07
8.554284e-09
9.414055e-06
-1.746012e-07
1.661961e-08
9.472755e-06
-1.885359e-07
2.263931e-08
9.531825e-06
-1.947981e-07
2.702911e-08
9.591244e-06
-1.936337e-07
3.009815e-08
9.650654e-06
-1.889038e-07
3.205158e-08
9.709706e-06
-1.827227e-07
3.307051e-08
9.767908e-06
-1.760873e-07
3.326692e-08
9.824711e-06
-1.696419e-07
3.266921e-08
9.879551e-06
-1.638331e-07
3.121743e-08
9.931835e-06
-1.590157e-07
2.87412e-08
9.980908e-06
-1.555521e-07
2.491663e-08
1.002603e-05
-1.539097e-07
1.921255e-08
1.006638e-05
-1.547823e-07
1.070804e-08
1.010077e-05
-1.593102e-07
-1.586378e-09
1.012737e-05
-1.691622e-07
-1.885313e-08
1.014336e-05
-1.870041e-07
-4.24654e-08
1.014436e-05
-2.169566e-07
-7.390965e-08
1.012364e-05
-2.650192e-07
-1.146821e-07
1.007119e-05
-3.399565e-07
-1.665094e-07
9.9752e-06
-4.536771e-07
-2.321237e-07
9.824868e-06
-6.2154e-07
-3.150923e-07
9.618438e-06
-8.59212e-07
-4.200711e-07
9.373511e-06
-1.174843e-06
-5.515493e-07
9.135945e-06
-1.551498e-06
-7.145446e-07
8.985411e-06
-1.929859e-06
-9.084831e-07
9.071658e-06
-2.188792e-06
-1.151033e-06
9.639678e-06
-2.165035e-06
-1.47594e-06
1.130243e-05
-1.475044e-06
-2.162041e-06
-2.374924e-07
-2.896552e-06
9.131625e-06
8.319438e-09
8.977034e-06
1.604217e-08
8.813376e-06
2.170728e-08
8.646924e-06
2.572044e-08
8.484064e-06
2.840008e-08
8.327541e-06
2.996916e-08
8.178226e-06
3.062904e-08
8.036181e-06
3.051882e-08
7.900984e-06
2.970166e-08
7.771926e-06
2.816189e-08
7.648123e-06
2.578941e-08
7.528549e-06
2.23494e-08
7.412027e-06
1.744539e-08
7.297206e-06
1.041718e-08
7.182305e-06
4.466517e-10
7.064805e-06
-1.344577e-08
6.941029e-06
-3.238054e-08
6.80538e-06
-5.752624e-08
6.649418e-06
-9.021412e-08
6.4613e-06
-1.324347e-07
6.22681e-06
-1.866427e-07
5.932878e-06
-2.557557e-07
5.573614e-06
-3.419863e-07
5.156679e-06
-4.441264e-07
4.712709e-06
-5.462803e-07
4.325064e-06
-6.317487e-07
4.22798e-06
-7.463017e-07
4.82734e-06
-9.682282e-07
7.094595e-06
-1.408433e-06
-1.756083e-06
9.299819e-06
-2.268576e-08
1.207953e-12
9.376235e-06
-6.104127e-08
6.74787e-12
9.470499e-06
-7.392635e-08
1.59628e-11
9.564103e-06
-7.002602e-08
2.819771e-11
9.652236e-06
-6.26039e-08
4.308631e-11
9.732992e-06
-5.423315e-08
6.013738e-11
9.805599e-06
-4.573083e-08
7.882786e-11
9.870151e-06
-3.767235e-08
9.856487e-11
9.927182e-06
-3.020669e-08
1.18659e-10
9.977414e-06
-2.3194e-08
1.383753e-10
1.002168e-05
-1.629568e-08
1.567888e-10
1.006087e-05
-8.915995e-09
1.728034e-10
1.009579e-05
1.468822e-10
1.844488e-10
1.012618e-05
1.38965e-08
1.893994e-10
1.015309e-05
3.27922e-08
1.847149e-10
1.017764e-05
5.840486e-08
1.663211e-10
1.020166e-05
9.221686e-08
1.272687e-10
1.022845e-05
1.351357e-07
5.985799e-11
1.026045e-05
1.913841e-07
-4.866384e-11
1.030046e-05
2.649692e-07
-2.140697e-10
1.035026e-05
3.612803e-07
-4.593179e-10
1.040922e-05
4.856137e-07
-8.130602e-10
1.047137e-05
6.424099e-07
-1.303278e-09
1.051978e-05
8.348348e-07
-1.951541e-09
1.051509e-05
1.065867e-06
-2.727652e-09
1.037337e-05
1.345919e-06
-3.542444e-09
9.917079e-06
1.708466e-06
-4.139727e-09
8.82014e-06
2.242487e-06
-4.204525e-09
6.390743e-06
3.115675e-06
-2.524624e-09
4.884231e-06
-3.683349e-10
9.336045e-06
-8.125505e-08
-1.070163e-11
9.422451e-06
-1.309196e-07
-2.229632e-11
9.526274e-06
-1.553104e-07
-3.481622e-11
9.647604e-06
-1.647024e-07
-4.83453e-11
9.779966e-06
-1.654771e-07
-6.294613e-11
9.918863e-06
-1.619826e-07
-7.881652e-11
1.00614e-05
-1.564616e-07
-9.621799e-11
1.020539e-05
-1.501037e-07
-1.15517e-10
1.034914e-05
-1.435644e-07
-1.371681e-10
1.049138e-05
-1.371864e-07
-1.618008e-10
1.063112e-05
-1.311298e-07
-1.902378e-10
1.076777e-05
-1.254629e-07
-2.235738e-10
1.090139e-05
-1.199764e-07
-2.633288e-10
1.103258e-05
-1.124183e-07
-3.110704e-10
1.116151e-05
-1.016319e-07
-3.686842e-10
1.128861e-05
-8.617302e-08
-4.393383e-10
1.141439e-05
-6.436346e-08
-5.265866e-10
1.15392e-05
-3.470543e-08
-6.354577e-10
1.166403e-05
6.594547e-09
-7.746443e-10
1.17901e-05
6.413277e-08
-9.553982e-10
1.192027e-05
1.429164e-07
-1.190474e-09
1.205596e-05
2.500467e-07
-1.493457e-09
1.219258e-05
3.944487e-07
-1.880985e-09
1.231027e-05
5.888721e-07
-2.351196e-09
1.23559e-05
8.56269e-07
-2.859106e-09
1.222175e-05
1.238567e-06
-3.248046e-09
1.169536e-05
1.824127e-06
-3.197275e-09
1.049131e-05
2.722609e-06
-2.431951e-09
7.911535e-06
4.250716e-06
6.791258e-10
6.418892e-06
3.365166e-09
9.34587e-06
-1.496147e-07
-1.190457e-11
9.406122e-06
-1.745374e-07
-2.47637e-11
9.461836e-06
-1.883566e-07
-3.923934e-11
9.518655e-06
-1.94445e-07
-5.575888e-11
9.576363e-06
-1.930218e-07
-7.465634e-11
9.634441e-06
-1.879219e-07
-9.631961e-11
9.692391e-06
-1.812299e-07
-1.212242e-10
9.749589e-06
-1.73895e-07
-1.499328e-10
9.805356e-06
-1.664893e-07
-1.831878e-10
9.858953e-06
-1.593543e-07
-2.218954e-10
9.90951e-06
-1.526902e-07
-2.672111e-10
9.955902e-06
-1.466279e-07
-3.205818e-10
9.996754e-06
-1.412452e-07
-3.838382e-10
1.003148e-05
-1.35986e-07
-4.59515e-10
1.005932e-05
-1.305248e-07
-5.500553e-10
1.00796e-05
-1.246565e-07
-6.603299e-10
1.009194e-05
-1.183898e-07
-7.961553e-10
1.009675e-05
-1.124719e-07
-9.666938e-10
1.0098e-05
-1.081745e-07
-1.182245e-09
1.010178e-05
-1.047045e-07
-1.454551e-09
1.0116e-05
-1.016376e-07
-1.799564e-09
1.015175e-05
-9.856644e-08
-2.236318e-09
1.022203e-05
-9.315239e-08
-2.763039e-09
1.034155e-05
-7.888221e-08
-3.339667e-09
1.050077e-05
-1.38739e-08
-3.662405e-09
1.063755e-05
1.971015e-07
-3.817234e-09
1.059284e-05
7.212401e-07
-3.446139e-09
1.015866e-05
1.683238e-06
-2.368237e-09
8.766931e-06
3.478973e-06
1.465216e-09
5.534031e-06
4.716809e-09
9.127656e-06
-1.202052e-11
8.969177e-06
-2.47506e-11
8.802558e-06
-3.886196e-11
8.63388e-06
-5.490525e-11
8.469323e-06
-7.334681e-11
8.311456e-06
-9.478014e-11
8.160966e-06
-1.198021e-10
8.017729e-06
-1.492026e-10
7.881115e-06
-1.838935e-10
7.750136e-06
-2.251136e-10
7.623499e-06
-2.743179e-10
7.499541e-06
-3.335348e-10
7.376135e-06
-4.05318e-10
7.251045e-06
-4.932566e-10
7.121556e-06
-6.024793e-10
6.984175e-06
-7.374056e-10
6.834299e-06
-9.086035e-10
6.665412e-06
-1.129063e-09
6.468424e-06
-1.416104e-09
6.233068e-06
-1.794461e-09
5.947081e-06
-2.300064e-09
5.595727e-06
-2.97797e-09
5.164451e-06
-3.887883e-09
4.646436e-06
-5.03489e-09
4.092862e-06
-6.619266e-09
3.665215e-06
-7.020929e-09
3.64481e-06
-4.637975e-09
4.360697e-06
-8.322103e-10
6.426726e-06
4.533877e-09
8.257602e-09
9.299822e-06
-2.268897e-08
-8.170448e-09
9.376242e-06
-6.104461e-08
-1.53756e-08
9.470509e-06
-7.392909e-08
-2.032441e-08
9.564116e-06
-7.002772e-08
-2.355088e-08
9.65225e-06
-6.260461e-08
-2.548536e-08
9.733006e-06
-5.423307e-08
-2.646083e-08
9.805612e-06
-4.57303e-08
-2.679473e-08
9.870163e-06
-3.767184e-08
-2.677789e-08
9.927189e-06
-3.020665e-08
-2.669845e-08
9.977413e-06
-2.319511e-08
-2.688937e-08
1.002166e-05
-1.629837e-08
-2.779282e-08
1.006084e-05
-8.921003e-09
-3.008375e-08
1.009573e-05
1.386664e-10
-3.484341e-08
1.012609e-05
1.388329e-08
-4.405001e-08
1.015296e-05
3.277489e-08
-5.945461e-08
1.017744e-05
5.838205e-08
-8.269829e-08
1.020138e-05
9.218818e-08
-1.159939e-07
1.022804e-05
1.350959e-07
-1.617042e-07
1.025988e-05
1.913295e-07
-2.232139e-07
1.029967e-05
2.648803e-07
-3.048855e-07
1.034918e-05
3.611156e-07
-4.110894e-07
1.040777e-05
4.852827e-07
-5.446828e-07
1.046951e-05
6.417167e-07
-7.047708e-07
1.051763e-05
8.33446e-07
-8.835315e-07
1.051303e-05
1.063309e-06
-1.061467e-06
1.037234e-05
1.341613e-06
-1.204492e-06
9.918834e-06
1.701829e-06
-1.252493e-06
8.827359e-06
2.23307e-06
-1.145813e-06
6.405729e-06
3.105179e-06
-6.860735e-07
4.872173e-06
5.350629e-08
9.336043e-06
-8.125692e-08
-8.53309e-09
9.422447e-06
-1.309222e-07
-1.65575e-08
9.526267e-06
-1.553131e-07
-2.247676e-08
9.647595e-06
-1.647047e-07
-2.670349e-08
9.779954e-06
-1.65479e-07
-2.955085e-08
9.918846e-06
-1.619842e-07
-3.122414e-08
1.006138e-05
-1.564633e-07
-3.189752e-08
1.020536e-05
-1.50106e-07
-3.166619e-08
1.034911e-05
-1.43568e-07
-3.053028e-08
1.049134e-05
-1.371921e-07
-2.839677e-08
1.063106e-05
-1.311387e-07
-2.507878e-08
1.076769e-05
-1.254764e-07
-2.030399e-08
1.090128e-05
-1.199973e-07
-1.371539e-08
1.103243e-05
-1.124504e-07
-5.139246e-09
1.116131e-05
-1.016769e-07
5.203359e-09
1.128834e-05
-8.623582e-08
1.714277e-08
1.141404e-05
-6.445085e-08
3.04123e-08
1.153874e-05
-3.483218e-08
4.458395e-08
1.166344e-05
6.402426e-09
5.94514e-08
1.178936e-05
6.382862e-08
7.416443e-08
1.191936e-05
1.42404e-07
8.752581e-08
1.205489e-05
2.491263e-07
9.912468e-08
1.219142e-05
3.927455e-07
1.105596e-07
1.230931e-05
5.856741e-07
1.275028e-07
1.235592e-05
8.505822e-07
1.632417e-07
1.222412e-05
1.229599e-06
2.405344e-07
1.170268e-05
1.811251e-06
4.088201e-07
1.050763e-05
2.705642e-06
7.200409e-07
7.943869e-06
4.231416e-06
1.438218e-06
6.395859e-06
2.164406e-06
9.345868e-06
-1.496154e-07
-8.577332e-09
9.406117e-06
-1.745385e-07
-1.666743e-08
9.461827e-06
-1.883579e-07
-2.271506e-08
9.518641e-06
-1.944462e-07
-2.713679e-08
9.576344e-06
-1.93023e-07
-3.024243e-08
9.634415e-06
-1.879232e-07
-3.223786e-08
9.692357e-06
-1.812314e-07
-3.330507e-08
9.749545e-06
-1.73897e-07
-3.355712e-08
9.805299e-06
-1.664921e-07
-3.302376e-08
9.85888e-06
-1.593586e-07
-3.164665e-08
9.909417e-06
-1.526966e-07
-2.925737e-08
9.955781e-06
-1.466373e-07
-2.553435e-08
9.996595e-06
-1.412592e-07
-1.994925e-08
1.003127e-05
-1.360072e-07
-1.158456e-08
1.005904e-05
-1.305554e-07
5.447318e-10
1.007921e-05
-1.247007e-07
1.761478e-08
1.009141e-05
-1.184528e-07
4.099403e-08
1.0096e-05
-1.125603e-07
7.215809e-08
1.009692e-05
-1.083114e-07
1.125943e-07
1.01002e-05
-1.049267e-07
1.640199e-07
1.011364e-05
-1.020194e-07
2.291676e-07
1.014818e-05
-9.925786e-08
3.116131e-07
1.021661e-05
-9.449775e-08
4.160209e-07
1.033366e-05
-8.158665e-08
5.468636e-07
1.049184e-05
-2.019442e-08
7.088884e-07
1.063115e-05
1.853906e-07
9.010633e-07
1.059363e-05
7.052697e-07
1.140053e-06
1.017477e-05
1.663112e-06
1.459042e-06
8.817117e-06
3.452949e-06
2.137615e-06
5.500542e-06
2.868019e-06
9.127654e-06
-8.342689e-09
8.969173e-06
-1.608993e-08
8.80255e-06
-2.178224e-08
8.633867e-06
-2.582639e-08
8.469304e-06
-2.854173e-08
8.311429e-06
-3.015236e-08
8.16093e-06
-3.086079e-08
8.017681e-06
-3.080765e-08
7.881053e-06
-3.005787e-08
7.750056e-06
-2.859801e-08
7.623394e-06
-2.632071e-08
7.499406e-06
-2.299471e-08
7.375957e-06
-1.822798e-08
7.250809e-06
-1.136621e-08
7.121237e-06
-1.598431e-09
6.983739e-06
1.204355e-08
6.833703e-06
3.066129e-08
6.664593e-06
5.540288e-08
6.467285e-06
8.756624e-08
6.231453e-06
1.29097e-07
5.944747e-06
1.823849e-07
5.592254e-06
2.502367e-07
5.159187e-06
3.346616e-07
4.638501e-06
4.340217e-07
4.079798e-06
5.318617e-07
3.647815e-06
6.103394e-07
3.634973e-06
7.134991e-07
4.377478e-06
9.198119e-07
6.498562e-06
1.336417e-06
1.663683e-06
9.303503e-06
-2.259827e-08
-2.011311e-08
9.383283e-06
-6.094095e-08
-3.422187e-08
9.479813e-06
-7.390228e-08
-4.295402e-08
9.574826e-06
-7.026142e-08
-4.83032e-08
9.663724e-06
-6.330657e-08
-5.10756e-08
9.744731e-06
-5.565024e-08
-5.181652e-08
9.817159e-06
-4.817386e-08
-5.104707e-08
9.881106e-06
-4.153801e-08
-4.918559e-08
9.93703e-06
-3.600523e-08
-4.661538e-08
9.985492e-06
-3.159605e-08
-4.375426e-08
1.002701e-05
-2.823139e-08
-4.108077e-08
1.006184e-05
-2.57894e-08
-3.912578e-08
1.008985e-05
-2.409332e-08
-3.875607e-08
1.011023e-05
-2.310333e-08
-4.132541e-08
1.012231e-05
-2.335434e-08
-4.817518e-08
1.012585e-05
-2.585726e-08
-6.03781e-08
1.012117e-05
-3.225954e-08
-7.906107e-08
1.010977e-05
-4.509607e-08
-1.051993e-07
1.009414e-05
-6.792903e-08
-1.396612e-07
1.007818e-05
-1.062266e-07
-1.82693e-07
1.006789e-05
-1.682271e-07
-2.325732e-07
1.007253e-05
-2.650937e-07
-2.842453e-07
1.010588e-05
-4.093516e-07
-3.287711e-07
1.018612e-05
-6.094141e-07
-3.543793e-07
1.03307e-05
-8.577002e-07
-3.483676e-07
1.053886e-05
-1.111985e-06
-3.00689e-07
1.074711e-05
-1.263127e-06
-1.976408e-07
1.076156e-05
-1.1206e-06
-3.967016e-08
1.006056e-05
-2.456247e-07
2.605588e-07
1.513736e-06
6.522993e-07
9.340125e-06
-8.127044e-08
-2.103329e-08
9.430454e-06
-1.309598e-07
-3.687583e-08
9.537252e-06
-1.55468e-07
-4.771548e-08
9.660798e-06
-1.651174e-07
-5.539834e-08
9.794836e-06
-1.663372e-07
-6.056165e-08
9.935061e-06
-1.635287e-07
-6.357397e-08
1.007876e-05
-1.590049e-07
-6.47676e-08
1.02239e-05
-1.540549e-07
-6.429115e-08
1.036893e-05
-1.494724e-07
-6.209973e-08
1.051269e-05
-1.457882e-07
-5.797366e-08
1.065432e-05
-1.434218e-07
-5.15236e-08
1.079322e-05
-1.428009e-07
-4.219419e-08
1.092911e-05
-1.444235e-07
-2.928028e-08
1.106192e-05
-1.49042e-07
-1.201425e-08
1.119149e-05
-1.579684e-07
1.024247e-08
1.131763e-05
-1.731468e-07
3.828716e-08
1.143994e-05
-1.974297e-07
7.327445e-08
1.155781e-05
-2.349569e-07
1.165644e-07
1.16706e-05
-2.912732e-07
1.700066e-07
1.177684e-05
-3.74316e-07
2.360056e-07
1.187378e-05
-4.953432e-07
3.176917e-07
1.195755e-05
-6.684936e-07
4.187436e-07
1.202534e-05
-9.0837e-07
5.417879e-07
1.208005e-05
-1.222585e-06
6.859392e-07
1.213532e-05
-1.59603e-06
8.462953e-07
1.2218e-05
-1.969261e-06
1.015114e-06
1.236693e-05
-2.201418e-06
1.19817e-06
1.264165e-05
-2.082941e-06
1.407667e-06
1.303681e-05
-1.034733e-06
1.832177e-06
8.523485e-07
2.151189e-06
9.349898e-06
-1.496435e-07
-2.115829e-08
9.414039e-06
-1.746045e-07
-3.717336e-08
9.472726e-06
-1.885395e-07
-4.834057e-08
9.53178e-06
-1.948016e-07
-5.651581e-08
9.591182e-06
-1.936369e-07
-6.235343e-08
9.65057e-06
-1.889071e-07
-6.625655e-08
9.709597e-06
-1.827263e-07
-6.862118e-08
9.767769e-06
-1.76092e-07
-6.970217e-08
9.824535e-06
-1.696487e-07
-6.962434e-08
9.879331e-06
-1.638436e-07
-6.839745e-08
9.931559e-06
-1.590318e-07
-6.588711e-08
9.980561e-06
-1.555772e-07
-6.177115e-08
1.002559e-05
-1.539482e-07
-5.546782e-08
1.006583e-05
-1.548405e-07
-4.603499e-08
1.010006e-05
-1.593983e-07
-3.227095e-08
1.012645e-05
-1.692978e-07
-1.263702e-08
1.014216e-05
-1.872056e-07
1.504561e-08
1.014276e-05
-2.172631e-07
5.385853e-08
1.012144e-05
-2.654984e-07
1.081164e-07
1.006812e-05
-3.407172e-07
1.83734e-07
9.970826e-06
-4.549007e-07
2.860013e-07
9.818672e-06
-6.234828e-07
4.187478e-07
9.609859e-06
-8.621679e-07
5.786126e-07
9.361973e-06
-1.178961e-06
7.511141e-07
9.120796e-06
-1.556669e-06
9.106824e-07
8.965767e-06
-1.935625e-06
1.022454e-06
9.047761e-06
-2.195862e-06
1.052502e-06
9.614728e-06
-2.178473e-06
9.876251e-07
1.129874e-05
-1.514513e-06
9.334025e-07
-3.098459e-07
9.37169e-07
9.13162e-06
-2.066771e-08
8.97702e-06
-3.61019e-08
8.813349e-06
-4.665871e-08
8.646881e-06
-5.41679e-08
8.484002e-06
-5.930817e-08
8.327455e-06
-6.25211e-08
8.178111e-06
-6.425274e-08
8.036031e-06
-6.483002e-08
7.900792e-06
-6.447729e-08
7.771681e-06
-6.33424e-08
7.647813e-06
-6.149601e-08
7.528159e-06
-5.892933e-08
7.411533e-06
-5.556236e-08
7.296581e-06
-5.126797e-08
7.181508e-06
-4.593634e-08
7.063777e-06
-3.953935e-08
6.939684e-06
-3.246621e-08
6.803587e-06
-2.578225e-08
6.64698e-06
-2.134273e-08
6.457932e-06
-2.258969e-08
6.222137e-06
-3.673407e-08
5.926478e-06
-7.760311e-08
5.565075e-06
-1.661192e-07
5.145659e-06
-3.255408e-07
4.698922e-06
-5.780775e-07
4.308327e-06
-9.346894e-07
4.206934e-06
-1.380955e-06
4.795993e-06
-1.847699e-06
7.026889e-06
-2.408981e-06
-2.942789e-06
9.309511e-06
-2.285085e-08
-3.781265e-08
9.397695e-06
-6.16711e-08
-6.074076e-08
9.501459e-06
-7.546829e-08
-7.125272e-08
9.602305e-06
-7.328808e-08
-7.586194e-08
9.69543e-06
-6.85735e-08
-7.562628e-08
9.779188e-06
-6.412855e-08
-7.144387e-08
9.8532e-06
-6.110666e-08
-6.395088e-08
9.91789e-06
-6.054975e-08
-5.332631e-08
9.973976e-06
-6.326336e-08
-3.943621e-08
1.002209e-05
-7.003887e-08
-2.183114e-08
1.006255e-05
-8.183866e-08
2.95545e-10
1.009539e-05
-9.990142e-08
2.794053e-08
1.012025e-05
-1.258672e-07
6.22508e-08
1.013628e-05
-1.619369e-07
1.045845e-07
1.014223e-05
-2.108054e-07
1.566758e-07
1.013679e-05
-2.756822e-07
2.207459e-07
1.011908e-05
-3.603328e-07
2.989854e-07
1.008958e-05
-4.690011e-07
3.932958e-07
1.005142e-05
-6.063762e-07
5.048801e-07
1.001177e-05
-7.770718e-07
6.34019e-07
9.983122e-06
-9.840857e-07
7.801594e-07
9.983156e-06
-1.226212e-06
9.419214e-07
1.003318e-05
-1.495286e-06
1.116481e-06
1.015622e-05
-1.775563e-06
1.298128e-06
1.037859e-05
-2.046887e-06
1.476147e-06
1.073254e-05
-2.287515e-06
1.63285e-06
1.125837e-05
-2.462434e-06
1.73896e-06
1.196543e-05
-2.51016e-06
1.763417e-06
1.276618e-05
-2.181822e-06
1.641632e-06
-1.426018e-06
1.433829e-06
9.346478e-06
-8.151175e-08
-3.989714e-08
9.446013e-06
-1.315186e-07
-6.657172e-08
9.561187e-06
-1.5664e-07
-8.172371e-08
9.691888e-06
-1.673752e-07
-9.20167e-08
9.831526e-06
-1.703272e-07
-9.844959e-08
9.975865e-06
-1.700871e-07
-1.019589e-07
1.012249e-05
-1.692134e-07
-1.032911e-07
1.026972e-05
-1.69347e-07
-1.027241e-07
1.041631e-05
-1.718006e-07
-1.001552e-07
1.056128e-05
-1.778421e-07
-9.515282e-08
1.070378e-05
-1.888797e-07
-8.698549e-08
1.084292e-05
-2.06624e-07
-7.461516e-08
1.097771e-05
-2.332302e-07
-5.670748e-08
1.110671e-05
-2.715718e-07
-3.138688e-08
1.122764e-05
-3.252981e-07
3.803027e-09
1.133713e-05
-3.98966e-07
5.206681e-08
1.143095e-05
-4.978783e-07
1.170039e-07
1.150438e-05
-6.279115e-07
2.020283e-07
1.155355e-05
-7.954979e-07
3.09959e-07
1.157712e-05
-1.006738e-06
4.420848e-07
1.157804e-05
-1.264425e-06
5.971034e-07
1.156418e-05
-1.563718e-06
7.700973e-07
1.154767e-05
-1.888448e-06
9.514505e-07
1.154532e-05
-2.213159e-06
1.125878e-06
1.158617e-05
-2.513505e-06
1.27206e-06
1.172545e-05
-2.774606e-06
1.362921e-06
1.208395e-05
-2.981564e-06
1.358793e-06
1.284911e-05
-3.089136e-06
1.221481e-06
1.46412e-05
-3.026735e-06
8.850125e-07
-2.662887e-06
5.201548e-07
9.356111e-06
-1.496301e-07
-4.020636e-08
9.42932e-06
-1.746234e-07
-6.728802e-08
9.496274e-06
-1.888206e-07
-8.312321e-08
9.562366e-06
-1.955755e-07
-9.441629e-08
9.627143e-06
-1.952079e-07
-1.022586e-07
9.690168e-06
-1.916516e-07
-1.077256e-07
9.751207e-06
-1.871081e-07
-1.117761e-07
9.80988e-06
-1.827157e-07
-1.150157e-07
9.865692e-06
-1.793415e-07
-1.179072e-07
9.918043e-06
-1.777643e-07
-1.208357e-07
9.966128e-06
-1.788166e-07
-1.240485e-07
1.000883e-05
-1.8352e-07
-1.2759e-07
1.004448e-05
-1.932488e-07
-1.311101e-07
1.007054e-05
-2.099204e-07
-1.337535e-07
1.008341e-05
-2.361376e-07
-1.343191e-07
1.00783e-05
-2.754424e-07
-1.310659e-07
1.004902e-05
-3.327604e-07
-1.208128e-07
9.988451e-06
-4.146172e-07
-9.888145e-08
9.890144e-06
-5.291271e-07
-5.997187e-08
9.751898e-06
-6.84667e-07
-1.068174e-10
9.579515e-06
-8.855893e-07
7.952732e-08
9.387759e-06
-1.123159e-06
1.699401e-07
9.195358e-06
-1.369849e-06
2.524027e-07
9.02058e-06
-1.587206e-06
2.999407e-07
8.885587e-06
-1.748893e-06
2.810588e-07
8.831427e-06
-1.858964e-06
1.60977e-07
8.966036e-06
-1.949817e-06
-1.138524e-07
9.466612e-06
-2.023384e-06
-5.786961e-07
1.092035e-05
-2.170998e-06
-1.37606e-06
-2.204851e-06
-2.268775e-06
9.13769e-06
-3.904832e-08
8.992021e-06
-6.506494e-08
8.836491e-06
-7.995623e-08
8.676963e-06
-9.022344e-08
8.519385e-06
-9.694565e-08
8.366416e-06
-1.012132e-07
8.219077e-06
-1.040304e-07
8.077618e-06
-1.060972e-07
7.941801e-06
-1.080114e-07
7.811058e-06
-1.103755e-07
7.684545e-06
-1.138088e-07
7.561069e-06
-1.18986e-07
7.438933e-06
-1.266862e-07
7.315726e-06
-1.379951e-07
7.187832e-06
-1.541945e-07
7.049639e-06
-1.768088e-07
6.893364e-06
-2.089718e-07
6.709753e-06
-2.568167e-07
6.489801e-06
-3.305385e-07
6.228548e-06
-4.46029e-07
5.929871e-06
-6.236551e-07
5.610817e-06
-8.817211e-07
5.302479e-06
-1.22763e-06
5.042745e-06
-1.653014e-06
4.853705e-06
-2.137924e-06
4.719527e-06
-2.659468e-06
4.601013e-06
-3.21225e-06
4.517479e-06
-3.78754e-06
4.445246e-06
-4.507738e-06
-5.257986e-06
9.330527e-06
-2.243577e-08
-7.694047e-08
9.422446e-06
-6.125508e-08
-9.141227e-08
9.523643e-06
-7.560522e-08
-9.684626e-08
9.618653e-06
-7.443959e-08
-9.64339e-08
9.704028e-06
-7.103112e-08
-8.996908e-08
9.779417e-06
-6.815123e-08
-7.868077e-08
9.845472e-06
-6.698859e-08
-6.301678e-08
9.903426e-06
-6.868085e-08
-4.259801e-08
9.954354e-06
-7.406993e-08
-1.62966e-08
9.998773e-06
-8.384122e-08
1.759385e-08
1.00372e-05
-9.903528e-08
6.089957e-08
1.007042e-05
-1.211213e-07
1.158404e-07
1.009907e-05
-1.518924e-07
1.854976e-07
1.012395e-05
-1.937428e-07
2.734426e-07
1.014672e-05
-2.498792e-07
3.837858e-07
1.016869e-05
-3.209536e-07
5.197327e-07
1.019147e-05
-4.072202e-07
6.834176e-07
1.021727e-05
-5.074022e-07
8.74898e-07
1.024898e-05
-6.177152e-07
1.090878e-06
1.028982e-05
-7.309639e-07
1.324137e-06
1.034261e-05
-8.366583e-07
1.564022e-06
1.04099e-05
-9.234277e-07
1.798058e-06
1.049609e-05
-9.835342e-07
2.013817e-06
1.061029e-05
-1.015807e-06
2.199724e-06
1.076591e-05
-1.022865e-06
2.343383e-06
1.097263e-05
-1.003034e-06
2.429153e-06
1.12199e-05
-9.370969e-07
2.428767e-06
1.144547e-05
-7.749353e-07
2.312783e-06
1.142879e-05
-3.234538e-07
1.981766e-06
6.012999e-07
1.487158e-06
9.368823e-06
-8.161498e-08
-8.058709e-08
9.472143e-06
-1.317565e-07
-9.939868e-08
9.583553e-06
-1.573519e-07
-1.113932e-07
9.705543e-06
-1.68882e-07
-1.195688e-07
9.832598e-06
-1.72936e-07
-1.236034e-07
9.961639e-06
-1.740989e-07
-1.250561e-07
1.009121e-05
-1.749825e-07
-1.248698e-07
1.022049e-05
-1.773804e-07
-1.233076e-07
1.034913e-05
-1.828071e-07
-1.200694e-07
1.047724e-05
-1.927098e-07
-1.143926e-07
1.060522e-05
-2.087709e-07
-1.052408e-07
1.073376e-05
-2.331222e-07
-9.115863e-08
1.086373e-05
-2.683733e-07
-7.020556e-08
1.099572e-05
-3.178444e-07
-3.928083e-08
1.112838e-05
-3.85362e-07
6.62198e-09
1.126005e-05
-4.727577e-07
7.219327e-08
1.139056e-05
-5.820026e-07
1.612628e-07
1.152043e-05
-7.122436e-07
2.769919e-07
1.165145e-05
-8.582608e-07
4.19466e-07
1.178684e-05
-1.008031e-06
5.837592e-07
1.192976e-05
-1.142013e-06
7.595298e-07
1.20822e-05
-1.238656e-06
9.328739e-07
1.224648e-05
-1.285396e-06
1.089034e-06
1.242951e-05
-1.285891e-06
1.212931e-06
1.264764e-05
-1.254499e-06
1.285565e-06
1.293006e-05
-1.202386e-06
1.279843e-06
1.334128e-05
-1.135445e-06
1.145914e-06
1.400371e-05
-1.044422e-06
8.285326e-07
1.530893e-05
-8.785054e-07
1.348538e-07
-3.367618e-07
-6.857818e-07
9.378149e-06
-1.498588e-07
-8.116651e-08
9.454874e-06
-1.7509e-07
-1.006902e-07
9.517564e-06
-1.895725e-07
-1.13602e-07
9.573939e-06
-1.9667e-07
-1.230117e-07
9.624297e-06
-1.967769e-07
-1.287845e-07
9.668982e-06
-1.938218e-07
-1.326968e-07
9.708256e-06
-1.900255e-07
-1.360155e-07
9.741973e-06
-1.866113e-07
-1.395118e-07
9.769766e-06
-1.845687e-07
-1.439484e-07
9.791166e-06
-1.848478e-07
-1.501076e-07
9.805596e-06
-1.885507e-07
-1.587087e-07
9.812448e-06
-1.971579e-07
-1.704166e-07
9.811143e-06
-2.127736e-07
-1.854168e-07
9.80105e-06
-2.383195e-07
-2.031979e-07
9.782137e-06
-2.773097e-07
-2.234805e-07
9.756713e-06
-3.335268e-07
-2.448924e-07
9.729625e-06
-4.116221e-07
-2.641354e-07
9.70968e-06
-5.147092e-07
-2.764994e-07
9.709763e-06
-6.390294e-07
-2.79312e-07
9.744339e-06
-7.670174e-07
-2.757168e-07
9.821665e-06
-8.654687e-07
-2.74351e-07
9.939279e-06
-8.987565e-07
-2.875749e-07
1.008356e-05
-8.535201e-07
-3.237455e-07
1.023456e-05
-7.485286e-07
-3.884135e-07
1.037336e-05
-6.194045e-07
-4.928312e-07
1.048531e-05
-4.938132e-07
-6.595467e-07
1.055162e-05
-3.875478e-07
-9.280578e-07
1.055671e-05
-3.061344e-07
-1.322073e-06
1.051565e-05
-1.958138e-07
-2.017686e-06
-3.105466e-08
-2.853158e-06
9.159533e-06
-7.950187e-08
9.017578e-06
-9.820671e-08
8.857854e-06
-1.098138e-07
8.688614e-06
-1.176597e-07
8.516564e-06
-1.216812e-07
8.345156e-06
-1.23635e-07
8.175935e-06
-1.248443e-07
8.009412e-06
-1.261933e-07
7.845401e-06
-1.285798e-07
7.683204e-06
-1.330345e-07
7.521586e-06
-1.40753e-07
7.358632e-06
-1.531987e-07
7.191418e-06
-1.7226e-07
7.015939e-06
-2.008501e-07
6.826802e-06
-2.423926e-07
6.617481e-06
-3.010392e-07
6.382289e-06
-3.854437e-07
6.12052e-06
-5.097806e-07
5.841874e-06
-6.909597e-07
5.572632e-06
-9.438118e-07
5.354434e-06
-1.270939e-06
5.228411e-06
-1.654444e-06
5.207113e-06
-2.059849e-06
5.257554e-06
-2.451968e-06
5.31137e-06
-2.811138e-06
5.29528e-06
-3.13718e-06
5.146227e-06
-3.450745e-06
4.820008e-06
-3.767448e-06
4.260065e-06
-4.143605e-06
-4.449611e-06
9.216035e-06
-2.401072e-08
9.187065e-06
-6.244767e-08
9.164872e-06
-7.465597e-08
9.137161e-06
-6.872465e-08
9.104631e-06
-5.743883e-08
9.069089e-06
-4.314036e-08
9.032591e-06
-2.651722e-08
8.998186e-06
-8.195825e-09
8.969821e-06
1.207073e-08
8.952082e-06
3.53275e-08
8.94968e-06
6.330301e-08
8.966749e-06
9.876659e-08
9.00658e-06
1.456674e-07
9.071072e-06
2.089451e-07
9.15786e-06
2.969983e-07
9.261434e-06
4.161498e-07
9.371975e-06
5.728771e-07
9.475866e-06
7.709972e-07
9.55904e-06
1.007704e-06
9.611424e-06
1.271746e-06
9.630822e-06
1.544625e-06
9.623562e-06
1.805313e-06
9.60154e-06
2.035839e-06
9.576283e-06
2.22497e-06
9.549945e-06
2.36972e-06
9.50128e-06
2.477803e-06
9.357808e-06
2.572234e-06
8.958969e-06
2.711615e-06
7.899691e-06
3.041043e-06
3.6669e-06
9.245681e-06
-8.132292e-08
9.214668e-06
-1.308409e-07
9.183559e-06
-1.549447e-07
9.158563e-06
-1.633025e-07
9.139499e-06
-1.619804e-07
9.126348e-06
-1.550507e-07
9.119619e-06
-1.446606e-07
9.120355e-06
-1.322448e-07
9.129818e-06
-1.174635e-07
9.149551e-06
-9.880564e-08
9.182018e-06
-7.440687e-08
9.230977e-06
-4.135971e-08
9.300791e-06
5.644991e-09
9.396068e-06
7.437604e-08
9.523889e-06
1.757895e-07
9.688318e-06
3.238994e-07
9.885181e-06
5.372635e-07
1.010094e-05
8.322116e-07
1.031409e-05
1.214021e-06
1.050097e-05
1.668605e-06
1.064462e-05
2.160518e-06
1.073944e-05
2.643357e-06
1.0789e-05
3.075322e-06
1.079754e-05
3.429353e-06
1.075711e-05
3.695722e-06
1.063107e-05
3.883673e-06
1.032462e-05
4.024598e-06
9.66476e-06
4.200004e-06
8.257312e-06
4.583348e-06
5.201391e-06
9.254562e-06
-1.481055e-07
9.196224e-06
-1.732013e-07
9.114573e-06
-1.869038e-07
9.020757e-06
-1.925048e-07
8.920276e-06
-1.902926e-07
8.816414e-06
-1.838909e-07
8.711003e-06
-1.752752e-07
8.604723e-06
-1.654818e-07
8.498107e-06
-1.548077e-07
8.392128e-06
-1.429384e-07
8.288486e-06
-1.294863e-07
8.190874e-06
-1.141698e-07
8.107949e-06
-9.686467e-08
8.052569e-06
-7.345249e-08
8.040147e-06
-3.530257e-08
8.085334e-06
3.380221e-08
8.203764e-06
1.546476e-07
8.406569e-06
3.528951e-07
8.685195e-06
6.560407e-07
9.007678e-06
1.070414e-06
9.331572e-06
1.562255e-06
9.619918e-06
2.067457e-06
9.847802e-06
2.523688e-06
9.99751e-06
2.891251e-06
1.004565e-05
3.154744e-06
9.949473e-06
3.32032e-06
9.623919e-06
3.422088e-06
8.963455e-06
3.5384e-06
7.598524e-06
3.930597e-06
4.544772e-06
9.041334e-06
8.76992e-06
8.473198e-06
8.163027e-06
7.851049e-06
7.543515e-06
7.243391e-06
6.951708e-06
6.668316e-06
6.392334e-06
6.122091e-06
5.854709e-06
5.585578e-06
5.311248e-06
5.033539e-06
4.766254e-06
4.535444e-06
4.378512e-06
4.343595e-06
4.470177e-06
4.76151e-06
5.17452e-06
5.638377e-06
6.077662e-06
6.421281e-06
6.604418e-06
6.575763e-06
6.346718e-06
6.133711e-06
)
;

boundaryField
{
    maxY
    {
        type            calculated;
        value           nonuniform List<scalar> 
300
(
0
0
0
0
0
0
0
0
0
0
0
0
0
0
0
0
0
0
0
0
0
0
0
0
0
0
0
0
0
0
0
0
0
0
0
0
0
0
0
0
0
0
0
0
0
0
0
0
0
0
0
0
0
0
0
0
0
0
0
0
0
0
0
0
0
0
0
0
0
0
0
0
0
0
0
0
0
0
0
0
0
0
0
0
0
0
0
0
0
0
0
0
0
0
0
0
0
0
0
0
0
0
0
0
0
0
0
0
0
0
0
0
0
0
0
0
0
0
0
0
0
0
0
0
0
0
0
0
0
0
0
0
0
0
0
0
0
0
0
0
0
0
0
0
0
0
0
0
0
0
0
0
0
0
0
0
0
0
0
0
-1.29247e-26
0
0
0
0
0
0
0
0
0
0
0
0
0
0
0
0
0
0
0
0
0
0
0
0
0
0
0
0
0
0
0
0
0
0
0
0
0
0
0
0
0
0
0
0
0
0
0
0
0
0
0
0
0
0
0
0
0
0
0
0
0
0
0
0
0
0
0
0
0
0
0
0
0
0
0
0
0
0
0
6.462349e-27
0
0
0
0
0
0
0
0
0
0
0
0
0
0
0
0
0
0
0
0
0
0
0
0
0
0
0
0
0
0
0
0
0
0
0
0
0
0
0
0
0
0
-6.462349e-27
0
0
0
6.462349e-27
0
0
0
0
0
0
0
0
0
0
0
0
)
;
    }
    minX
    {
        type            calculated;
        value           nonuniform List<scalar> 
40
(
-9.268972e-06
-9.268964e-06
-9.268955e-06
-9.268947e-06
-9.268972e-06
-9.268963e-06
-9.268955e-06
-9.268947e-06
-9.268972e-06
-9.268963e-06
-9.268955e-06
-9.268947e-06
-9.268972e-06
-9.268963e-06
-9.268955e-06
-9.268947e-06
-9.268972e-06
-9.268963e-06
-9.268955e-06
-9.268947e-06
-9.268972e-06
-9.268963e-06
-9.268955e-06
-9.268947e-06
-9.268972e-06
-9.268963e-06
-9.268955e-06
-9.268947e-06
-9.268972e-06
-9.268963e-06
-9.268955e-06
-9.268947e-06
-9.268972e-06
-9.268963e-06
-9.268955e-06
-9.268947e-06
-9.268972e-06
-9.268964e-06
-9.268955e-06
-9.268947e-06
)
;
    }
    maxX
    {
        type            calculated;
        value           nonuniform List<scalar> 
40
(
5.731525e-06
6.061194e-06
5.433874e-06
6.265977e-06
1.078413e-05
1.74779e-05
1.085639e-05
3.494753e-06
1.340515e-05
1.751981e-05
1.375114e-05
4.726959e-06
7.896195e-06
1.3659e-05
1.434733e-05
1.145467e-05
1.450713e-06
4.206563e-06
6.750533e-06
1.019642e-05
1.479688e-06
4.25915e-06
6.84914e-06
1.034368e-05
7.948034e-06
1.371142e-05
1.439179e-05
1.132352e-05
1.341067e-05
1.75091e-05
1.366826e-05
4.555592e-06
1.077416e-05
1.745293e-05
1.079433e-05
3.420635e-06
5.719951e-06
6.03704e-06
5.401986e-06
6.228871e-06
)
;
    }
    minZ
    {
        type            calculated;
        value           uniform 0;
    }
    maxZ
    {
        type            calculated;
        value           uniform 0;
    }
    topAir_to_rightSolid
    {
        type            calculated;
        value           nonuniform List<scalar> 
130
(
0
0
0
0
0
0
0
0
0
0
0
0
0
0
0
0
0
0
0
0
0
0
0
0
0
0
0
0
0
0
0
0
0
0
0
0
0
0
0
0
0
0
0
0
0
0
0
0
0
0
0
0
0
0
0
0
0
-2.117582e-22
0
-2.117582e-22
0
0
0
0
0
0
0
0
0
0
-2.117582e-22
0
0
0
-2.117582e-22
0
0
0
0
0
0
0
0
0
0
0
0
0
0
0
0
0
0
0
0
0
0
0
0
4.235165e-22
0
-4.235165e-22
0
0
0
0
0
0
0
0
0
0
0
0
0
0
0
0
0
0
0
0
0
0
0
0
0
0
0
0
)
;
    }
    topAir_to_heater
    {
        type            calculated;
        value           nonuniform List<scalar> 
40
(
0
0
0
0
0
0
0
0
0
0
0
0
0
0
0
0
0
0
0
0
-4.235165e-22
0
0
0
0
0
0
0
0
0
0
0
0
0
0
0
0
0
0
0
)
;
    }
    topAir_to_leftSolid
    {
        type            calculated;
        value           nonuniform List<scalar> 
130
(
0
0
0
0
0
0
0
0
-4.235165e-22
0
0
0
0
0
0
0
0
0
0
-4.235165e-22
0
-4.235165e-22
0
-4.235165e-22
0
0
0
0
0
0
0
0
0
0
4.235165e-22
0
-4.235165e-22
-4.235165e-22
0
0
0
0
0
0
0
0
-4.235165e-22
0
0
0
0
0
0
0
0
0
0
0
0
0
4.235165e-22
4.235165e-22
4.235165e-22
0
0
0
0
0
0
0
0
0
-4.235165e-22
-4.235165e-22
4.235165e-22
0
0
0
0
0
0
0
0
0
-4.235165e-22
-4.235165e-22
0
0
0
0
0
0
0
0
0
0
0
4.235165e-22
4.235165e-22
4.235165e-22
-4.235165e-22
0
-4.235165e-22
0
0
0
0
0
0
0
-4.235165e-22
4.235165e-22
-4.235165e-22
0
4.235165e-22
0
0
0
0
0
0
0
0
0
0
0
0
0
0
0
)
;
    }
}


// ************************************************************************* //
