/*--------------------------------*- C++ -*----------------------------------*\
| =========                 |                                                 |
| \\      /  F ield         | OpenFOAM: The Open Source CFD Toolbox           |
|  \\    /   O peration     | Version:  v2012                                 |
|   \\  /    A nd           | Website:  www.openfoam.com                      |
|    \\/     M anipulation  |                                                 |
\*---------------------------------------------------------------------------*/
FoamFile
{
    version     2.0;
    format      ascii;
    class       volVectorField;
    location    "600/topAir";
    object      U;
}
// * * * * * * * * * * * * * * * * * * * * * * * * * * * * * * * * * * * * * //

dimensions      [0 1 -1 0 0 0 0];


internalField   nonuniform List<vector> 
1200
(
(0.09963532 -0.0001105053 0.0009449979)
(0.1025605 -0.0003881152 0.00132135)
(0.1038602 -0.0005065873 0.001470978)
(0.1048218 -0.0004292487 0.001505186)
(0.105783 -0.0002681667 0.001436996)
(0.1066373 -6.636483e-05 0.001281578)
(0.1073924 0.0001633911 0.001045715)
(0.1081016 0.0004147332 0.0007232011)
(0.1088034 0.0006871966 0.0002947111)
(0.1095475 0.0009852725 -0.0002707219)
(0.1104002 0.00131919 -0.001008967)
(0.1114161 0.001709076 -0.001964705)
(0.1126463 0.002181063 -0.003198122)
(0.1141287 0.002771254 -0.004782405)
(0.1158623 0.003546739 -0.006803871)
(0.1177903 0.004575532 -0.009336991)
(0.1198036 0.005912044 -0.01243563)
(0.1217316 0.00758651 -0.0161146)
(0.123364 0.009575742 -0.02032356)
(0.1245101 0.01178592 -0.02492914)
(0.1250679 0.01405733 -0.02971655)
(0.1250642 0.01620171 -0.03441681)
(0.1246427 0.01805086 -0.03874914)
(0.1239971 0.0194947 -0.04245254)
(0.123293 0.02050205 -0.04527575)
(0.1224499 0.02115171 -0.04693949)
(0.121249 0.0216869 -0.04699133)
(0.1174998 0.02273271 -0.04490909)
(0.1124471 0.02590498 -0.0390206)
(0.08115161 0.03423608 -0.02954679)
(0.09940208 -0.0005450565 0.0009631144)
(0.09973654 -0.001097431 0.001364204)
(0.09949871 -0.001368226 0.001576519)
(0.09924923 -0.001389245 0.0017097)
(0.09915467 -0.001295747 0.001778865)
(0.09915011 -0.001139523 0.001805556)
(0.0992216 -0.0009391473 0.001805599)
(0.09938356 -0.0007077667 0.001785594)
(0.09966244 -0.0004386247 0.001742477)
(0.1000859 -0.0001082897 0.001664835)
(0.1006832 0.0003169836 0.001535741)
(0.1014986 0.0008904391 0.001329827)
(0.1026096 0.001698277 0.00101024)
(0.1040583 0.002842514 0.0005232251)
(0.1059431 0.004478911 -0.0002264683)
(0.1083911 0.006732835 -0.001342486)
(0.1114114 0.009766246 -0.002925465)
(0.114915 0.01369574 -0.005068533)
(0.1186653 0.01850412 -0.007814221)
(0.1223117 0.02398833 -0.01110688)
(0.125498 0.0297678 -0.01476685)
(0.1279851 0.0353824 -0.01851302)
(0.1297042 0.04042323 -0.02201836)
(0.1306998 0.04462724 -0.02495249)
(0.1310261 0.04792222 -0.02696293)
(0.1304732 0.05047827 -0.02762059)
(0.1287063 0.05279283 -0.02621853)
(0.1233861 0.05606064 -0.02193155)
(0.1160186 0.06297937 -0.01209943)
(0.08199238 0.07297636 0.00227204)
(0.09945378 -0.001778091 0.0009731295)
(0.09965892 -0.002431957 0.001383182)
(0.09889783 -0.002730008 0.001604651)
(0.09786571 -0.00286911 0.001749594)
(0.09681364 -0.002893553 0.001836284)
(0.09572325 -0.002849061 0.001889767)
(0.09460614 -0.002764852 0.001930652)
(0.09348127 -0.002659642 0.001972812)
(0.09235445 -0.002534274 0.002029025)
(0.09123248 -0.002375733 0.002112458)
(0.09012884 -0.002168133 0.00223609)
(0.08907142 -0.001889992 0.002412883)
(0.08811017 -0.001500514 0.002650191)
(0.08740435 -0.0008957524 0.002937832)
(0.08712382 8.073997e-05 0.003263787)
(0.0874815 0.001690719 0.003588361)
(0.08864528 0.004267238 0.003826052)
(0.09089069 0.00816329 0.003839509)
(0.09432245 0.01362647 0.003489992)
(0.09874925 0.0205831 0.002715306)
(0.103696 0.02852734 0.001603718)
(0.1085933 0.03665638 0.0003715352)
(0.112963 0.04415828 -0.0007241036)
(0.1164571 0.05043578 -0.001448571)
(0.1188156 0.05518837 -0.001561158)
(0.1195554 0.05844707 -0.0007514926)
(0.1183669 0.06064237 0.001576242)
(0.1126765 0.06297013 0.006190521)
(0.1063522 0.06857594 0.01576434)
(0.07271123 0.07824347 0.02924358)
(0.0976351 -0.001369253 0.0009456232)
(0.09633633 -0.001801091 0.001327357)
(0.09319683 -0.001961128 0.001516167)
(0.0897517 -0.002009647 0.001627663)
(0.08637786 -0.001968586 0.001680089)
(0.08303484 -0.001873446 0.001697556)
(0.07975114 -0.00174994 0.001700981)
(0.07655835 -0.001612195 0.001705425)
(0.07346052 -0.001467149 0.001725159)
(0.07045014 -0.001318006 0.001776311)
(0.06751374 -0.001168558 0.001877744)
(0.06462916 -0.001027126 0.002052776)
(0.06175435 -0.0009149512 0.002331682)
(0.05884267 -0.0008310038 0.002760646)
(0.0558577 -0.0007241718 0.003397555)
(0.05285396 -0.0004571137 0.004314097)
(0.0501261 0.0001965533 0.005633)
(0.04797491 0.00158558 0.007524762)
(0.04696314 0.004226319 0.01011902)
(0.04772403 0.008507624 0.01339492)
(0.05058965 0.01425886 0.01713445)
(0.05530639 0.02070476 0.02103517)
(0.06116202 0.02691544 0.02487275)
(0.06726253 0.03220193 0.02856203)
(0.07275878 0.03621251 0.03214543)
(0.07668315 0.03891331 0.03576332)
(0.0786685 0.04070038 0.03971203)
(0.07699513 0.04260561 0.044237)
(0.0762281 0.04839757 0.05002349)
(0.07363979 0.05767522 0.05565075)
(0.100698 -9.214948e-05 0.001101899)
(0.1044041 -0.0003612848 0.001529505)
(0.1071192 -0.0004895945 0.001706191)
(0.1095467 -0.0004522277 0.001756141)
(0.1119057 -0.0003678534 0.001692529)
(0.1140983 -0.0002849925 0.001534214)
(0.1161114 -0.0002230376 0.00129027)
(0.1179682 -0.0001958463 0.0009560405)
(0.1196875 -0.0002131448 0.0005142785)
(0.1212749 -0.0002807465 -6.367512e-05)
(0.1227272 -0.0004055967 -0.0008132148)
(0.12405 -0.0005994852 -0.001773765)
(0.1252387 -0.0008773895 -0.002997604)
(0.1262836 -0.001259177 -0.004544988)
(0.1271798 -0.001773573 -0.006484017)
(0.1279253 -0.002441544 -0.008874105)
(0.1285191 -0.003269813 -0.01175497)
(0.1289715 -0.004253455 -0.01512969)
(0.129311 -0.005369997 -0.01894404)
(0.1295858 -0.006571312 -0.02307763)
(0.1298556 -0.007782668 -0.02735436)
(0.1301805 -0.008917599 -0.03156848)
(0.1306251 -0.009907603 -0.03551066)
(0.1312905 -0.01071765 -0.03897567)
(0.1323429 -0.01131249 -0.04173539)
(0.1339838 -0.01157245 -0.043502)
(0.13634 -0.01112573 -0.04376065)
(0.1390906 -0.009194653 -0.04201151)
(0.1420806 -0.002953697 -0.03671068)
(0.1359298 0.009102788 -0.02904358)
(0.1005024 -0.0005304833 0.001147524)
(0.1016883 -0.001091891 0.001637154)
(0.1029851 -0.001397854 0.001902442)
(0.1043625 -0.001489222 0.002074911)
(0.1058609 -0.001509563 0.002171172)
(0.1074203 -0.001518827 0.002216088)
(0.1090057 -0.00154374 0.002227079)
(0.1106066 -0.001605015 0.002209985)
(0.1122167 -0.001720137 0.002161627)
(0.1138327 -0.001905799 0.002071514)
(0.1154558 -0.002184095 0.001923745)
(0.1170894 -0.002584325 0.001696601)
(0.1187392 -0.003142155 0.001362746)
(0.1204075 -0.003904548 0.000878238)
(0.1220958 -0.004930178 0.0001789489)
(0.1237572 -0.006224349 -0.0008035788)
(0.1253917 -0.007796115 -0.002126286)
(0.1269918 -0.00961518 -0.00383385)
(0.1285645 -0.01159533 -0.00593282)
(0.1301394 -0.01357894 -0.008363876)
(0.1317649 -0.01534398 -0.01099272)
(0.133487 -0.01666382 -0.01362721)
(0.1353399 -0.01740687 -0.01605134)
(0.1373741 -0.01760341 -0.01802861)
(0.1397128 -0.01740429 -0.01924582)
(0.1426283 -0.01694323 -0.01924422)
(0.1465281 -0.0161775 -0.01715658)
(0.1527898 -0.01460811 -0.01199714)
(0.1619151 -0.01063101 -0.0005483673)
(0.1916749 0.0005088775 0.01186626)
(0.1005559 -0.001798943 0.001154982)
(0.1016164 -0.00245683 0.001653726)
(0.1024014 -0.002760953 0.001933441)
(0.1030197 -0.002917813 0.002126609)
(0.1035989 -0.00297577 0.002252386)
(0.1041265 -0.002985532 0.002339127)
(0.1045952 -0.002980688 0.002409513)
(0.1050084 -0.002982863 0.002477555)
(0.105364 -0.003010307 0.00255528)
(0.1056569 -0.003081229 0.002654231)
(0.1058816 -0.003216415 0.002784259)
(0.1060315 -0.003441881 0.002952942)
(0.1060999 -0.003790522 0.003160324)
(0.1060812 -0.004303686 0.003400154)
(0.1059699 -0.005027002 0.003668143)
(0.1057781 -0.00600521 0.003955453)
(0.1055453 -0.007287566 0.004237215)
(0.1053485 -0.008904246 0.004482468)
(0.1053109 -0.01083633 0.004697282)
(0.1055988 -0.01296525 0.004971946)
(0.1063771 -0.01503277 0.005432719)
(0.1077239 -0.01670006 0.006262107)
(0.1095891 -0.01772025 0.007574747)
(0.1117845 -0.01806955 0.009472893)
(0.1140835 -0.01787645 0.01221796)
(0.1163118 -0.01721016 0.01633282)
(0.118488 -0.01612316 0.02262263)
(0.1200578 -0.01483527 0.03120439)
(0.121665 -0.01294788 0.04526585)
(0.1243069 -0.008724466 0.06150251)
(0.09869852 -0.001393119 0.001127016)
(0.09820941 -0.001841322 0.001611696)
(0.09654729 -0.00202069 0.001876923)
(0.09466294 -0.002091756 0.002051452)
(0.09281106 -0.002077647 0.002154595)
(0.09095973 -0.002016676 0.002214751)
(0.08912012 -0.001936785 0.002255447)
(0.08730986 -0.001853945 0.002292574)
(0.08553087 -0.001778717 0.002340625)
(0.08377739 -0.001719361 0.002415368)
(0.08203919 -0.001684444 0.002534349)
(0.08030018 -0.001685742 0.002718208)
(0.07853527 -0.001742343 0.002992454)
(0.07670784 -0.001883804 0.003394498)
(0.07476809 -0.002149052 0.003967746)
(0.07265073 -0.002582308 0.004764277)
(0.07028722 -0.003235419 0.005900064)
(0.06763366 -0.004131354 0.00759655)
(0.06473309 -0.005169592 0.01020547)
(0.06179454 -0.006007614 0.01420112)
(0.05925132 -0.006065129 0.01998961)
(0.05766553 -0.004797367 0.02756358)
(0.05742281 -0.002123668 0.03634178)
(0.05839353 0.001450108 0.04544629)
(0.05994863 0.0051306 0.0541925)
(0.06107243 0.008242425 0.06233714)
(0.06122031 0.01043145 0.07016517)
(0.05885388 0.01180309 0.07792528)
(0.05564346 0.01360152 0.08723025)
(0.04438877 0.01586388 0.09602896)
(0.1005726 -9.856815e-05 0.0003695838)
(0.1041253 -0.0003706141 0.00062199)
(0.1068386 -0.0004949794 0.0007891368)
(0.1093262 -0.0004479646 0.0009005374)
(0.1117663 -0.0003500074 0.0009619237)
(0.114055 -0.000250281 0.0009808528)
(0.1161688 -0.0001679829 0.0009648324)
(0.1181204 -0.000116011 0.0009193895)
(0.1199203 -0.0001035801 0.0008502253)
(0.1215757 -0.0001385213 0.0007636948)
(0.1230895 -0.0002296463 0.0006644757)
(0.1244569 -0.0003885991 0.0005530645)
(0.1256652 -0.0006311177 0.0004339933)
(0.1266897 -0.0009791493 0.0003138089)
(0.1274927 -0.001461289 0.0001947223)
(0.1280274 -0.002112959 6.551661e-05)
(0.128246 -0.002977169 -9.613614e-05)
(0.128113 -0.004105977 -0.0003273347)
(0.1276219 -0.005561189 -0.0006826232)
(0.1268161 -0.007409891 -0.001241099)
(0.1258117 -0.009709001 -0.002114753)
(0.1248119 -0.01247643 -0.003441514)
(0.1240997 -0.01565377 -0.005348591)
(0.1240116 -0.01908364 -0.007886512)
(0.1249028 -0.02252422 -0.01096567)
(0.1272281 -0.0256755 -0.01431429)
(0.1313712 -0.02806494 -0.01754836)
(0.1383529 -0.02893227 -0.02019326)
(0.1468851 -0.02506094 -0.02219995)
(0.1596032 -0.01535373 -0.02333281)
(0.1003735 -0.0005327271 0.000379151)
(0.1013984 -0.001092368 0.000649227)
(0.102698 -0.001390168 0.0008406263)
(0.104156 -0.001467115 0.0009834949)
(0.1057727 -0.001468178 0.001082669)
(0.1074846 -0.001453801 0.001144312)
(0.1092474 -0.001450111 0.001173735)
(0.1110402 -0.001476006 0.001172477)
(0.1128469 -0.001547419 0.001138604)
(0.1146539 -0.001680538 0.001066901)
(0.1164492 -0.001894428 0.0009485182)
(0.1182207 -0.002212731 0.000770575)
(0.119955 -0.002665556 0.0005163493)
(0.1216352 -0.003292395 0.0001650578)
(0.1232363 -0.004140663 -0.0003054569)
(0.1247189 -0.005266525 -0.0009263702)
(0.1260329 -0.006733197 -0.00174598)
(0.1271167 -0.008607289 -0.002821759)
(0.1279086 -0.01095573 -0.004223073)
(0.1283652 -0.01383612 -0.006031184)
(0.1284851 -0.01726636 -0.008324734)
(0.1283303 -0.02118522 -0.01114485)
(0.1280314 -0.02541629 -0.01442698)
(0.1277832 -0.02968152 -0.0179407)
(0.1278515 -0.03368727 -0.02130179)
(0.1287572 -0.03718663 -0.02404822)
(0.1311902 -0.03982978 -0.02576596)
(0.1379227 -0.04085396 -0.02618254)
(0.1482031 -0.03751584 -0.02674405)
(0.1893909 -0.02836279 -0.02711252)
(0.1004284 -0.001796055 0.0003813915)
(0.101331 -0.002451929 0.0006545801)
(0.1021226 -0.002751217 0.0008515782)
(0.1028286 -0.002900983 0.00100303)
(0.1035403 -0.002949017 0.001114644)
(0.1042453 -0.002945776 0.001193868)
(0.1049312 -0.00292417 0.001247997)
(0.1055966 -0.00290397 0.001281598)
(0.1062376 -0.002900617 0.001297419)
(0.1068483 -0.002928979 0.001296549)
(0.1074211 -0.003005522 0.001277567)
(0.1079461 -0.003150379 0.0012355)
(0.1084087 -0.003389457 0.001160079)
(0.1087868 -0.003757733 0.001033559)
(0.1090474 -0.004301555 0.0008301266)
(0.1091453 -0.005081409 0.0005129966)
(0.1090203 -0.00617152 2.122563e-05)
(0.1085983 -0.007659324 -0.0007385526)
(0.107799 -0.009646653 -0.001899624)
(0.1065642 -0.01223747 -0.003627953)
(0.1049006 -0.01550051 -0.005995495)
(0.102935 -0.01939077 -0.0089409)
(0.1008887 -0.02369758 -0.01211155)
(0.09901693 -0.02807884 -0.01489473)
(0.09756764 -0.03222424 -0.01660282)
(0.09689534 -0.03600297 -0.01658162)
(0.09748153 -0.03938289 -0.01381747)
(0.10209 -0.04180642 -0.007036307)
(0.1097331 -0.0437509 0.00536796)
(0.1477441 -0.04324005 0.01957586)
(0.09857303 -0.001388316 0.0003721441)
(0.097925 -0.001833064 0.0006333216)
(0.09626801 -0.002010195 0.0008174125)
(0.09447082 -0.002079468 0.0009552652)
(0.09275174 -0.00206318 0.001053133)
(0.09107873 -0.001999668 0.0011191)
(0.08945765 -0.001916866 0.001161379)
(0.08790086 -0.001830391 0.001185932)
(0.08640859 -0.001750226 0.001197501)
(0.08497556 -0.001683615 0.001200121)
(0.08359414 -0.001636866 0.001197014)
(0.08225379 -0.001617 0.001190677)
(0.08093952 -0.001633728 0.001183179)
(0.07963005 -0.001701518 0.001177214)
(0.07829474 -0.001841203 0.001176371)
(0.07688605 -0.002083205 0.001185984)
(0.07533258 -0.002475758 0.001218533)
(0.0735414 -0.003091724 0.001298673)
(0.07141053 -0.004028026 0.001474082)
(0.06885891 -0.005384435 0.001863643)
(0.06587901 -0.007192109 0.002757515)
(0.06259931 -0.009279849 0.00470648)
(0.05932878 -0.01118346 0.008437181)
(0.05651802 -0.01229568 0.01450683)
(0.05458799 -0.01226128 0.02297204)
(0.05354121 -0.01128499 0.03335267)
(0.05302778 -0.01015705 0.04521826)
(0.05263439 -0.009529661 0.05814838)
(0.0530198 -0.01067564 0.07509695)
(0.0543441 -0.01142325 0.0931449)
(0.1005467 -9.514353e-05 0.0002444739)
(0.1040183 -0.0003617982 0.0004533273)
(0.1066375 -0.0004774222 0.0006034267)
(0.1090508 -0.0004152731 0.0007060468)
(0.1114374 -0.0002937247 0.0007711025)
(0.1136935 -0.0001598065 0.0008069796)
(0.1157951 -2.978941e-05 0.0008219629)
(0.1177539 8.751356e-05 0.0008236856)
(0.1195806 0.0001886612 0.0008196271)
(0.1212853 0.0002740126 0.0008182602)
(0.1228788 0.0003461108 0.0008308776)
(0.12437 0.0004088623 0.0008748268)
(0.1257626 0.0004675522 0.0009769308)
(0.1270455 0.0005268016 0.001182309)
(0.128191 0.0005862593 0.001537413)
(0.1291678 0.0006412519 0.002089047)
(0.1299484 0.0006790138 0.002896329)
(0.130517 0.0006759772 0.004023911)
(0.1308768 0.0005955477 0.005551727)
(0.1310435 0.000378721 0.007565357)
(0.1310437 -6.38448e-05 0.01011965)
(0.130928 -0.0008526312 0.01318657)
(0.1307972 -0.002121064 0.0165991)
(0.1308306 -0.003961711 0.02001169)
(0.1313068 -0.006316218 0.02288515)
(0.1324533 -0.00879631 0.02456071)
(0.1344207 -0.01036474 0.02415947)
(0.1354754 -0.009061673 0.02120228)
(0.1358934 -0.001195412 0.01287479)
(0.1088 0.01663809 -0.0002555155)
(0.1003478 -0.0005298557 0.0002515818)
(0.1012866 -0.001083246 0.000473359)
(0.1024827 -0.001369452 0.0006388223)
(0.1038546 -0.001425873 0.0007579735)
(0.1054028 -0.001394521 0.0008388009)
(0.1070631 -0.001332595 0.0008870761)
(0.1087898 -0.001261831 0.0009076998)
(0.1105585 -0.001194929 0.0009034642)
(0.1123498 -0.001138926 0.0008746861)
(0.114148 -0.001097461 0.000819279)
(0.1159409 -0.001072728 0.0007328761)
(0.1177197 -0.00106667 0.0006091437)
(0.1194782 -0.001081051 0.0004400848)
(0.121214 -0.001120134 0.0002196245)
(0.1229246 -0.001197154 -5.232685e-05)
(0.1246055 -0.00133495 -0.000375578)
(0.1262501 -0.001565913 -0.000747732)
(0.1278477 -0.001937089 -0.001163191)
(0.1293855 -0.002512572 -0.00162079)
(0.1308447 -0.003387046 -0.002116967)
(0.1321916 -0.004702026 -0.002661551)
(0.1333729 -0.006647609 -0.003306551)
(0.1343277 -0.009437559 -0.004171952)
(0.1350301 -0.01321351 -0.005458134)
(0.135584 -0.01783495 -0.007449477)
(0.1362551 -0.02255783 -0.01047456)
(0.1377104 -0.02547921 -0.01523164)
(0.1403247 -0.02345676 -0.0224877)
(0.1473052 -0.008277707 -0.03692798)
(0.1564152 0.02110735 -0.04929811)
(0.1004033 -0.001793566 0.000252931)
(0.1012215 -0.002447155 0.0004762276)
(0.101911 -0.002741191 0.000644566)
(0.1025319 -0.002881775 0.0007681049)
(0.1031763 -0.002915438 0.0008548489)
(0.1038326 -0.002891035 0.0009106938)
(0.1044882 -0.002839443 0.0009408957)
(0.1051403 -0.00277739 0.0009489436)
(0.1057838 -0.002715638 0.0009363163)
(0.1064125 -0.002662237 0.000902449)
(0.1070203 -0.002624305 0.0008443683)
(0.1076004 -0.002609594 0.0007560771)
(0.1081454 -0.002627836 0.000627748)
(0.108647 -0.002692872 0.0004435148)
(0.1090949 -0.002825217 0.0001860803)
(0.1094733 -0.003052475 -0.0001640132)
(0.1097581 -0.003417032 -0.0006269397)
(0.1099111 -0.003980662 -0.001223345)
(0.109874 -0.004825618 -0.00197596)
(0.1095565 -0.006066265 -0.002922213)
(0.1088368 -0.007854742 -0.004141102)
(0.1075811 -0.01037302 -0.00576276)
(0.1057035 -0.01379259 -0.007955761)
(0.1032695 -0.01818269 -0.01083765)
(0.1006436 -0.023317 -0.01436826)
(0.09855327 -0.0284558 -0.01824617)
(0.09814884 -0.03194268 -0.02255513)
(0.1022315 -0.03132498 -0.02819235)
(0.1123643 -0.01923869 -0.04052055)
(0.1542441 0.004242224 -0.05598494)
(0.09854812 -0.001389956 0.0002464955)
(0.09781768 -0.001836163 0.0004612592)
(0.0960605 -0.002012504 0.0006207428)
(0.09417915 -0.002078766 0.0007348043)
(0.09239362 -0.002056821 0.0008116029)
(0.09067259 -0.001984603 0.0008574845)
(0.0890216 -0.001889693 0.0008783072)
(0.08745095 -0.001787037 0.0008784026)
(0.08595862 -0.00168545 0.0008603647)
(0.08453743 -0.001590284 0.0008250887)
(0.08317856 -0.001504872 0.0007715876)
(0.08187176 -0.001431715 0.0006966966)
(0.0806052 -0.001373675 0.0005947826)
(0.07936545 -0.001335221 0.0004568834)
(0.07813653 -0.001324876 0.0002724812)
(0.0768959 -0.001356901 2.992566e-05)
(0.07561167 -0.001455397 -0.0002794786)
(0.07423598 -0.001660375 -0.0006597011)
(0.07269565 -0.002036651 -0.001114274)
(0.07088241 -0.002685001 -0.001660008)
(0.06865264 -0.003749553 -0.00233647)
(0.06585095 -0.005428581 -0.003199031)
(0.06236065 -0.007943726 -0.004242965)
(0.05819292 -0.01143379 -0.005240454)
(0.05352589 -0.01571534 -0.005474687)
(0.04896709 -0.02004807 -0.004060887)
(0.04578916 -0.0230116 -0.001176484)
(0.04900822 -0.02283695 0.001208345)
(0.05876655 -0.01656943 0.001646397)
(0.1175799 -0.007046444 0.00191512)
(0.1005278 -9.632014e-05 5.081393e-05)
(0.1039597 -0.0003637004 8.955996e-05)
(0.1065449 -0.0004791838 0.0001133395)
(0.1089384 -0.0004150418 0.0001276751)
(0.1113146 -0.0002892175 0.000136215)
(0.1135676 -0.0001483719 0.0001412941)
(0.1156731 -8.19253e-06 0.0001450211)
(0.1176437 0.0001232982 0.0001494572)
(0.119492 0.0002437106 0.0001569802)
(0.121232 0.0003549453 0.0001708429)
(0.1228816 0.0004622202 0.0001958687)
(0.1244626 0.0005748675 0.0002398047)
(0.1260062 0.0007101556 0.0003158598)
(0.1275129 0.000901517 0.0004499141)
(0.1289491 0.001158075 0.000666957)
(0.1302882 0.001496305 0.0009899475)
(0.1315125 0.001929692 0.001448866)
(0.132628 0.002461689 0.002076831)
(0.1336848 0.003125069 0.002924953)
(0.1347419 0.003954653 0.004070234)
(0.1358389 0.004994036 0.005613097)
(0.1369815 0.006277244 0.007665464)
(0.1381193 0.007813049 0.01031962)
(0.1390855 0.009578843 0.01358154)
(0.1395535 0.01155129 0.01725001)
(0.1386762 0.01381309 0.02078999)
(0.1355043 0.01675321 0.02308391)
(0.1249939 0.02165078 0.02267408)
(0.1112466 0.03090069 0.01567919)
(0.03786367 0.05427688 0.002492002)
(0.1003279 -0.0005306653 5.131252e-05)
(0.1012223 -0.001083801 9.14068e-05)
(0.1023776 -0.00136838 0.0001162395)
(0.1037217 -0.001420656 0.0001311033)
(0.1052498 -0.001381901 0.0001391647)
(0.1068945 -0.001308533 0.0001419138)
(0.1086085 -0.001221145 0.0001402332)
(0.1103657 -0.001130868 0.0001342976)
(0.1121453 -0.001042632 0.0001235533)
(0.1139305 -0.0009571939 0.0001067589)
(0.1157082 -0.0008725378 8.191258e-05)
(0.117469 -0.0007839078 4.621468e-05)
(0.1192116 -0.0006790813 -4.058201e-06)
(0.1209582 -0.0005135133 -7.010338e-05)
(0.122726 -0.0002696302 -0.0001476497)
(0.1245289 8.009777e-05 -0.0002316907)
(0.126387 0.0005672579 -0.0003156177)
(0.1283194 0.001220762 -0.0003899783)
(0.1303628 0.002118926 -0.000445258)
(0.1325207 0.003341296 -0.0004603667)
(0.134858 0.004992671 -0.0003914907)
(0.1374306 0.007198138 -0.0001757413)
(0.1402578 0.01009068 0.0002606574)
(0.143227 0.01380991 0.0009652119)
(0.1459811 0.01849677 0.001864271)
(0.1474629 0.0244422 0.002642672)
(0.1464446 0.03241403 0.002461218)
(0.137293 0.04385954 0.0002048993)
(0.1254225 0.06227573 -0.008323011)
(0.06286213 0.09256364 -0.02147497)
(0.1003836 -0.00179297 5.137481e-05)
(0.1011579 -0.002446269 9.160364e-05)
(0.1018069 -0.002738825 0.0001168903)
(0.1023998 -0.002876613 0.0001324933)
(0.1030237 -0.002905834 0.0001415282)
(0.103664 -0.002874823 0.0001454757)
(0.1043069 -0.002813796 0.0001452471)
(0.1049479 -0.002738497 0.0001410747)
(0.1055809 -0.002658237 0.0001324589)
(0.106198 -0.002579031 0.0001181159)
(0.1067908 -0.002505212 9.570095e-05)
(0.107349 -0.002440914 6.122218e-05)
(0.107858 -0.002389736 8.23933e-06)
(0.1083067 -0.002338729 -7.466724e-05)
(0.1086896 -0.002279947 -0.0002008216)
(0.1089996 -0.002203485 -0.000386652)
(0.1092313 -0.002098595 -0.0006535423)
(0.1093838 -0.001958629 -0.001026513)
(0.1094698 -0.001763937 -0.001531161)
(0.1095915 -0.001464121 -0.002189396)
(0.1098253 -0.001011434 -0.003022532)
(0.1102999 -0.0003299262 -0.004038907)
(0.1111965 0.0007074462 -0.005238262)
(0.1126768 0.002324312 -0.006632555)
(0.1151105 0.005081454 -0.008325044)
(0.1179671 0.009873009 -0.01051526)
(0.1208631 0.01831597 -0.013618)
(0.1198468 0.03230321 -0.01806521)
(0.1187856 0.05795637 -0.02731315)
(0.08597536 0.09390371 -0.03867286)
(0.09852861 -0.001389277 5.018222e-05)
(0.09775478 -0.001834808 8.861626e-05)
(0.09595746 -0.002009926 0.0001120226)
(0.09404826 -0.00207461 0.0001255478)
(0.0922424 -0.002050564 0.0001323892)
(0.09050548 -0.001975506 0.0001341764)
(0.08884137 -0.001876839 0.0001319448)
(0.08725846 -0.00176924 0.0001260493)
(0.08575265 -0.001661092 0.0001161127)
(0.08431428 -0.001557068 0.0001009714)
(0.08293097 -0.001459373 7.843696e-05)
(0.08158719 -0.001368501 4.480095e-05)
(0.08026232 -0.001283781 -5.866732e-06)
(0.07893259 -0.001201379 -8.341607e-05)
(0.07757191 -0.001120235 -0.0002010349)
(0.07614805 -0.001042262 -0.000375167)
(0.07461836 -0.0009745114 -0.0006278473)
(0.07292533 -0.000935905 -0.0009863044)
(0.07098473 -0.000963311 -0.001483761)
(0.06869131 -0.001087309 -0.002162648)
(0.06592511 -0.001342757 -0.003068028)
(0.06254454 -0.001781549 -0.004249191)
(0.05837043 -0.002460399 -0.005778434)
(0.05332162 -0.00341495 -0.007797338)
(0.04715599 -0.004237841 -0.01047122)
(0.04115047 -0.003427024 -0.01407076)
(0.0383407 0.001945623 -0.01958291)
(0.04217113 0.01433935 -0.02778241)
(0.05786706 0.03922016 -0.04051125)
(0.105952 0.06745644 -0.0530546)
(0.1005279 -9.635004e-05 -5.077544e-05)
(0.1039598 -0.000363738 -8.933511e-05)
(0.1065452 -0.0004792183 -0.0001127998)
(0.1089387 -0.0004150669 -0.0001267077)
(0.111315 -0.0002892316 -0.0001347181)
(0.113568 -0.0001483758 -0.0001391799)
(0.1156736 -8.188567e-06 -0.0001422197)
(0.1176443 0.0001233067 -0.0001459185)
(0.1194925 0.000243721 -0.0001526771)
(0.1212325 0.0003549533 -0.0001657773)
(0.1228821 0.000462225 -0.0001900692)
(0.1244629 0.0005748674 -0.0002333466)
(0.1260063 0.0007101534 -0.0003088821)
(0.1275127 0.0009015125 -0.0004426568)
(0.1289484 0.001158083 -0.0006597635)
(0.1302869 0.001496335 -0.0009833417)
(0.1315103 0.001929775 -0.001443623)
(0.1326244 0.002461822 -0.002074067)
(0.1336793 0.003125265 -0.002926267)
(0.1347338 0.003954784 -0.004077901)
(0.1358272 0.004993741 -0.005630305)
(0.1369649 0.006275645 -0.007696598)
(0.1380964 0.007808064 -0.01037025)
(0.1390558 0.009566634 -0.01365809)
(0.1395186 0.01152551 -0.01735801)
(0.1386436 0.01376603 -0.02093165)
(0.1354878 0.01667702 -0.02325247)
(0.1250305 0.02153802 -0.02285113)
(0.1113493 0.03077044 -0.01580632)
(0.03819311 0.05412254 -0.002550647)
(0.1003279 -0.0005307049 -5.165892e-05)
(0.1012222 -0.00108385 -9.212924e-05)
(0.1023775 -0.001368424 -0.0001173695)
(0.1037216 -0.001420687 -0.0001326748)
(0.1052497 -0.001381918 -0.0001412142)
(0.1068944 -0.00130854 -0.0001444842)
(0.1086083 -0.001221147 -0.0001433763)
(0.1103654 -0.001130874 -0.0001380773)
(0.112145 -0.001042651 -0.0001280485)
(0.1139301 -0.0009572393 -0.0001120689)
(0.1157077 -0.0008726222 -8.816337e-05)
(0.1174683 -0.0007840491 -5.356771e-05)
(0.1192106 -0.0006793105 -4.605721e-06)
(0.1209568 -0.0005138781 5.98668e-05)
(0.1227241 -0.0002701343 0.0001355144)
(0.1245263 7.940873e-05 0.0002172174)
(0.1263835 0.0005663303 0.0002982483)
(0.1283147 0.001219439 0.0003689598)
(0.1303568 0.002117034 0.000419536)
(0.132513 0.003338383 0.0004284689)
(0.1348482 0.0049878 0.0003514145)
(0.1374182 0.007189339 0.0001249059)
(0.1402425 0.0100741 -0.0003254801)
(0.1432095 0.01377887 -0.001047325)
(0.1459652 0.01844367 -0.001965535)
(0.1474602 0.02435563 -0.002760517)
(0.1464729 0.03228157 -0.002582922)
(0.1374055 0.04367181 -0.000308495)
(0.1256406 0.06205507 0.008310946)
(0.06346811 0.09229429 0.02153601)
(0.1003836 -0.001792984 -5.175973e-05)
(0.1011579 -0.002446289 -9.240534e-05)
(0.1018068 -0.002738848 -0.0001181614)
(0.1023997 -0.002876637 -0.0001343)
(0.1030235 -0.002905859 -0.0001439482)
(0.1036637 -0.002874851 -0.0001485986)
(0.1043066 -0.002813831 -0.0001491782)
(0.1049475 -0.002738543 -0.0001459373)
(0.1055804 -0.002658301 -0.0001384002)
(0.1061973 -0.002579125 -0.000125312)
(0.1067899 -0.002505347 -0.0001043646)
(0.1073479 -0.002441109 -7.161108e-05)
(0.1078565 -0.002390026 -2.066923e-05)
(0.1083048 -0.002339163 5.980456e-05)
(0.108687 -0.002280556 0.0001830632)
(0.1089961 -0.002204354 0.0003653682)
(0.1092264 -0.002099829 0.0006279278)
(0.1093772 -0.001960416 0.0009954916)
(0.1094601 -0.001766731 0.001493338)
(0.1095774 -0.001468643 0.002142978)
(0.1098044 -0.001019134 0.002965256)
(0.1102681 -0.0003438015 0.003967962)
(0.1111472 0.0006813911 0.005150891)
(0.1126026 0.002274259 0.006527605)
(0.1149965 0.004984026 0.008208149)
(0.1178619 0.009717287 0.01039193)
(0.1207901 0.01809633 0.01349961)
(0.1198977 0.03201326 0.01796633)
(0.1190154 0.05760368 0.02730313)
(0.08700739 0.0934502 0.03873953)
(0.09852861 -0.001389282 -5.057087e-05)
(0.09775475 -0.001834817 -8.941755e-05)
(0.0959574 -0.002009936 -0.0001132813)
(0.09404815 -0.002074619 -0.0001273269)
(0.09224223 -0.002050572 -0.0001347665)
(0.09050524 -0.001975513 -0.0001372488)
(0.08884104 -0.001876845 -0.0001358285)
(0.08725801 -0.001769249 -0.000130886)
(0.08575206 -0.001661105 -0.0001220728)
(0.08431352 -0.001557088 -0.0001082651)
(0.08292999 -0.001459405 -8.732007e-05)
(0.08158591 -0.001368553 -5.559285e-05)
(0.08026066 -0.001283862 -7.232605e-06)
(0.0789304 -0.001201505 6.750096e-05)
(0.077569 -0.001120437 0.0001816474)
(0.07614405 -0.001042551 0.0003515141)
(0.07461291 -0.0009749265 0.0005987663)
(0.07291788 -0.0009364697 0.0009502535)
(0.07097446 -0.0009641575 0.001438641)
(0.06867692 -0.001088688 0.002105579)
(0.06590452 -0.001345186 0.002995035)
(0.0625144 -0.001786103 0.004154924)
(0.0583257 -0.002469783 0.005656126)
(0.05325056 -0.00343617 0.007639673)
(0.04706538 -0.004298958 0.01026829)
(0.04096184 -0.003567511 0.01384556)
(0.03813364 0.001738958 0.0193867)
(0.04218035 0.01406436 0.02764676)
(0.05817394 0.03880514 0.04044744)
(0.1074163 0.06683476 0.0530656)
(0.1005469 -9.52292e-05 -0.0002444371)
(0.1040188 -0.0003619074 -0.0004531164)
(0.1066383 -0.00047752 -0.0006029116)
(0.1090519 -0.00041534 -0.0007051128)
(0.1114387 -0.0002937525 -0.0007696384)
(0.113695 -0.0001597948 -0.0008048856)
(0.1157967 -2.974085e-05 -0.0008191502)
(0.1177556 8.75954e-05 -0.0008200768)
(0.1195823 0.0001887692 -0.0008151624)
(0.121287 0.0002741461 -0.000812891)
(0.1228804 0.000346267 -0.0008245842)
(0.1243714 0.0004090423 -0.000867617)
(0.1257636 0.0004677426 -0.0009688737)
(0.127046 0.0005270233 -0.001173544)
(0.1281907 0.0005865103 -0.001528195)
(0.1291662 0.0006415382 -0.00207978)
(0.1299449 0.0006793206 -0.002887571)
(0.1305109 0.0006762294 -0.004016439)
(0.1308668 0.0005954854 -0.005546421)
(0.1310281 0.0003778044 -0.007563134)
(0.1310206 -6.674987e-05 -0.01012105)
(0.1308945 -0.0008594167 -0.01319131)
(0.1307505 -0.002134811 -0.01660556)
(0.1307684 -0.003986749 -0.02001657)
(0.1312293 -0.006358159 -0.02288435)
(0.1323657 -0.008862185 -0.02455057)
(0.1343342 -0.01046362 -0.02413823)
(0.1354347 -0.00921118 -0.02116491)
(0.1359495 -0.001388631 -0.01279711)
(0.1093052 0.01632565 0.0002477647)
(0.1003478 -0.0005299695 -0.0002519017)
(0.1012865 -0.001083388 -0.000474026)
(0.1024826 -0.001369579 -0.0006398653)
(0.1038544 -0.001425961 -0.000759424)
(0.1054024 -0.001394565 -0.0008406918)
(0.1070626 -0.0013326 -0.0008894448)
(0.1087892 -0.00126181 -0.0009105885)
(0.1105577 -0.001194901 -0.0009069215)
(0.1123489 -0.001138919 -0.0008787672)
(0.1141468 -0.001097505 -0.0008240478)
(0.1159394 -0.001072866 -0.0007384085)
(0.1177177 -0.001066955 -0.0006155278)
(0.1194758 -0.00108157 -0.0004474269)
(0.1212108 -0.001120952 -0.0002280441)
(0.1229203 -0.001198332 4.264707e-05)
(0.1245998 -0.001336638 0.0003644346)
(0.1262425 -0.001568366 0.0007348321)
(0.1278374 -0.001940721 0.001148211)
(0.1293712 -0.00251813 0.001603384)
(0.1308245 -0.003395885 0.002096952)
(0.1321628 -0.004716509 0.002639088)
(0.1333314 -0.006671665 0.003282542)
(0.1342683 -0.009477002 0.004148346)
(0.1349471 -0.01327563 0.005437255)
(0.1354718 -0.01792748 0.007431345)
(0.1361124 -0.02268915 0.01045167)
(0.1375369 -0.02566594 0.01518324)
(0.140169 -0.02373849 0.02238377)
(0.1471675 -0.008701112 0.03675518)
(0.1568586 0.02053856 0.04917275)
(0.1004033 -0.001793605 -0.0002532857)
(0.1012214 -0.002447214 -0.0004769662)
(0.1019108 -0.002741256 -0.000645738)
(0.1025315 -0.002881843 -0.0007697731)
(0.1031758 -0.002915507 -0.0008570868)
(0.1038318 -0.00289111 -0.0009135864)
(0.1044872 -0.002839533 -0.0009445418)
(0.1051389 -0.002777509 -0.0009534591)
(0.1057821 -0.002715805 -0.0009418366)
(0.1064104 -0.002662484 -0.0009091359)
(0.1070176 -0.002624671 -0.0008524095)
(0.1075971 -0.002610137 -0.0007656966)
(0.1081413 -0.002628637 -0.0006392022)
(0.1086418 -0.002694033 -0.0004571075)
(0.1090882 -0.002826929 -0.0002021918)
(0.1094647 -0.003054986 0.0001449675)
(0.1097469 -0.003420482 0.0006045542)
(0.1098963 -0.003985564 0.001197121)
(0.109854 -0.004832806 0.001945429)
(0.1095288 -0.006077127 0.002887097)
(0.1087975 -0.007871488 0.004101637)
(0.1075251 -0.01039903 0.005720043)
(0.1056244 -0.01383226 0.007910841)
(0.1031614 -0.01824059 0.01078828)
(0.1004996 -0.02339755 0.01429946)
(0.09836727 -0.02856258 0.01812465)
(0.09790938 -0.03209366 0.02231479)
(0.1019684 -0.03157714 0.02774686)
(0.1120575 -0.01977285 0.03975312)
(0.1545745 0.00326466 0.05499725)
(0.0985481 -0.00138997 -0.0002468528)
(0.09781759 -0.001836186 -0.0004619957)
(0.09606029 -0.002012531 -0.0006219006)
(0.09417879 -0.002078791 -0.0007364419)
(0.09239307 -0.00205684 -0.0008137958)
(0.0906718 -0.001984618 -0.0008603233)
(0.08902053 -0.001889704 -0.0008819042)
(0.08744954 -0.001787049 -0.0008828906)
(0.0859568 -0.001685469 -0.0008659088)
(0.0845351 -0.00159032 -0.0008318852)
(0.08317561 -0.001504939 -0.0007798812)
(0.08186803 -0.001431836 -0.0007067821)
(0.08060049 -0.001373885 -0.0006070293)
(0.0793595 -0.001335576 -0.0004717483)
(0.07812896 -0.001325454 -0.0002905301)
(0.07688623 -0.001357896 -5.196591e-05)
(0.07559912 -0.001457124 0.0002524562)
(0.07421944 -0.001663319 0.0006263526)
(0.07267341 -0.002041667 0.00107277)
(0.07085193 -0.002693494 0.001607894)
(0.06861038 -0.003763902 0.002270338)
(0.06579258 -0.005452129 0.003113239)
(0.06228195 -0.007979935 0.004126044)
(0.05808979 -0.01148308 0.005067885)
(0.05339781 -0.01577279 0.005201497)
(0.04881019 -0.02010332 0.003594389)
(0.04560923 -0.02307121 0.000360088)
(0.04875409 -0.02297853 -0.002547399)
(0.05840156 -0.01709592 -0.003775125)
(0.1162826 -0.008040666 -0.004859847)
(0.1005728 -9.86966e-05 -0.000369559)
(0.1041261 -0.000370759 -0.000621815)
(0.1068399 -0.000495088 -0.0007886893)
(0.1093279 -0.0004480016 -0.0008996993)
(0.1117684 -0.000349962 -0.0009605792)
(0.1140576 -0.0002501531 -0.0009788929)
(0.1161716 -0.0001677807 -0.0009621491)
(0.1181235 -0.0001157515 -0.00091589)
(0.1199236 -0.0001032835 -0.0008458243)
(0.1215791 -0.0001382236 -0.0007583149)
(0.1230928 -0.0002293792 -0.0006579945)
(0.12446 -0.0003884209 -0.0005453514)
(0.1256677 -0.0006311111 -0.0004249267)
(0.1266912 -0.0009794135 -0.0003032926)
(0.1274927 -0.001461982 -0.0001826457)
(0.1280251 -0.002114284 -5.171235e-05)
(0.1282406 -0.002979472 0.0001119452)
(0.1281035 -0.004109648 0.0003456044)
(0.1276075 -0.005566832 0.0007041571)
(0.1267963 -0.007418144 0.001267266)
(0.1257865 -0.009720536 0.002147681)
(0.1247824 -0.01249136 0.003484128)
(0.1240676 -0.01567102 0.005404019)
(0.123978 -0.01910063 0.007957049)
(0.1248675 -0.02253714 0.01105137)
(0.1271893 -0.02568021 0.01441138)
(0.1313231 -0.02805759 0.01764549)
(0.1382929 -0.02891573 0.02027248)
(0.1468083 -0.025058 0.02221635)
(0.1596375 -0.01540605 0.02328726)
(0.1003735 -0.0005328987 -0.0003794151)
(0.1013982 -0.001092562 -0.0006497818)
(0.1026977 -0.001390315 -0.0008414993)
(0.1041556 -0.001467174 -0.0009847166)
(0.1057722 -0.001468144 -0.001084269)
(0.1074838 -0.001453686 -0.00114632)
(0.1092465 -0.001449942 -0.00117618)
(0.1110391 -0.001475828 -0.001175388)
(0.1128455 -0.001547296 -0.001142001)
(0.1146522 -0.001680566 -0.001070803)
(0.116447 -0.001894714 -0.0009529172)
(0.1182178 -0.002213433 -0.0007754536)
(0.1199514 -0.002666873 -0.0005216456)
(0.1216305 -0.003294584 -0.0001706797)
(0.1232301 -0.004144144 0.000299699)
(0.1247106 -0.005271736 0.0009207884)
(0.1260216 -0.00674071 0.001741026)
(0.1271015 -0.008617759 0.002818129)
(0.1278883 -0.01096994 0.004221788)
(0.1283388 -0.01385475 0.006033672)
(0.1284519 -0.01728966 0.008332873)
(0.1282905 -0.02121197 0.01116021)
(0.1279856 -0.02544302 0.01444963)
(0.1277317 -0.02970254 0.01796785)
(0.1277941 -0.03369684 0.02132712)
(0.1286916 -0.03718065 0.0240611)
(0.1311106 -0.03980789 0.02574224)
(0.1378137 -0.04083158 0.02609026)
(0.1480427 -0.03757327 0.02648537)
(0.1892539 -0.02855265 0.02665996)
(0.1004284 -0.001796115 -0.000381684)
(0.1013308 -0.002452016 -0.0006551925)
(0.1021222 -0.002751312 -0.0008525574)
(0.102828 -0.002901076 -0.001004435)
(0.1035394 -0.00294911 -0.001116545)
(0.104244 -0.002945876 -0.001196342)
(0.1049296 -0.002924296 -0.001251136)
(0.1055944 -0.002904154 -0.001285508)
(0.1062348 -0.00290091 -0.001302226)
(0.1068447 -0.002929453 -0.001302394)
(0.1074165 -0.003006284 -0.001284611)
(0.1079403 -0.003151575 -0.001243908)
(0.1084014 -0.00339129 -0.001170015)
(0.1087775 -0.003760487 -0.001045164)
(0.1090355 -0.0043056 -0.0008434763)
(0.1091298 -0.005087253 -0.0005280559)
(0.1090002 -0.006180081 -3.779632e-05)
(0.1085722 -0.007671577 0.0007211097)
(0.1077653 -0.009663768 0.001882417)
(0.1065216 -0.01226071 0.003612596)
(0.1048488 -0.01553053 0.00598348)
(0.1028754 -0.01942632 0.008930521)
(0.1008239 -0.02373404 0.0120964)
(0.09894925 -0.02810836 0.01486417)
(0.09749789 -0.03223893 0.01654408)
(0.09681424 -0.03599711 0.01647833)
(0.09738402 -0.03933874 0.01361613)
(0.1019034 -0.04173224 0.006689611)
(0.1094225 -0.04373719 -0.006032003)
(0.1469074 -0.04336641 -0.02069409)
(0.098573 -0.001388338 -0.0003724374)
(0.09792486 -0.001833099 -0.0006339313)
(0.09626768 -0.002010234 -0.0008183761)
(0.09447023 -0.0020795 -0.0009566414)
(0.09275084 -0.002063203 -0.001054988)
(0.09107744 -0.001999679 -0.001121523)
(0.08945587 -0.001916871 -0.00116447)
(0.0878985 -0.001830396 -0.00118982)
(0.08640549 -0.001750247 -0.001202334)
(0.08497155 -0.001683669 -0.001206093)
(0.08358897 -0.001636991 -0.001204348)
(0.08224715 -0.001617245 -0.001199659)
(0.08093098 -0.001634188 -0.001194145)
(0.07961906 -0.00170233 -0.001190608)
(0.07828049 -0.001842598 -0.001192707)
(0.07686741 -0.002085533 -0.00120597)
(0.07530796 -0.002479591 -0.001242996)
(0.0735086 -0.003097967 -0.001328903)
(0.07136682 -0.004037924 -0.001512011)
(0.06880132 -0.005399139 -0.001913184)
(0.06580505 -0.00721118 -0.002826341)
(0.06250813 -0.009298728 -0.004808081)
(0.05922244 -0.01119125 -0.008589634)
(0.05640076 -0.01227752 -0.01472715)
(0.05446328 -0.0122051 -0.02326832)
(0.05339473 -0.01118762 -0.03372341)
(0.05282612 -0.0100233 -0.04565631)
(0.05224811 -0.00936652 -0.0586534)
(0.05239038 -0.01051298 -0.07566697)
(0.05259691 -0.01131391 -0.09382563)
(0.1006983 -9.230815e-05 -0.001101934)
(0.1044052 -0.0003614625 -0.00152951)
(0.1071209 -0.0004897193 -0.001706044)
(0.1095491 -0.00045225 -0.001755709)
(0.1119087 -0.0003677477 -0.001691682)
(0.1141019 -0.00028475 -0.001532807)
(0.1161156 -0.0002226646 -0.001288144)
(0.1179729 -0.0001953483 -0.0009530049)
(0.1196927 -0.0002125342 -0.0005100691)
(0.1212804 -0.0002799966 6.936943e-05)
(0.122733 -0.0004047561 0.0008207443)
(0.1240559 -0.0005985913 0.00178354)
(0.1252446 -0.000876516 0.003010188)
(0.1262893 -0.001258429 0.004561041)
(0.1271851 -0.001773068 0.006504268)
(0.1279299 -0.002441343 0.008899326)
(0.1285228 -0.003269955 0.01178582)
(0.1289739 -0.004253822 0.01516655)
(0.1293118 -0.00537029 0.01898677)
(0.1295848 -0.0065709 0.02312561)
(0.1298523 -0.007780467 0.02740635)
(0.1301741 -0.008912298 0.03162298)
(0.130614 -0.009897949 0.03556598)
(0.131273 -0.01070285 0.03903018)
(0.1323174 -0.01129229 0.04178767)
(0.1339489 -0.01154719 0.04355061)
(0.1362956 -0.01109792 0.04380309)
(0.1390358 -0.009166105 0.04204581)
(0.1420181 -0.002934838 0.03672833)
(0.1358314 0.009119956 0.02903887)
(0.1005023 -0.0005306976 -0.001147671)
(0.1016881 -0.001092133 -0.001637475)
(0.1029847 -0.001398024 -0.001902966)
(0.1043619 -0.001489268 -0.002075666)
(0.1058601 -0.001509471 -0.002172186)
(0.1074192 -0.001518601 -0.00221738)
(0.1090043 -0.001543413 -0.002228662)
(0.110605 -0.00160463 -0.002211853)
(0.1122146 -0.001719763 -0.002163737)
(0.1138303 -0.001905507 -0.002073784)
(0.115453 -0.002184057 -0.00192606)
(0.1170862 -0.002584719 -0.001698794)
(0.1187355 -0.003143255 -0.001364542)
(0.1204034 -0.003906711 -0.0008791999)
(0.1220909 -0.00493375 -0.0001785022)
(0.1237515 -0.006229581 0.0008061262)
(0.125385 -0.007803067 0.002131752)
(0.1269841 -0.009623495 0.003842929)
(0.1285556 -0.01160401 0.005945888)
(0.1301298 -0.01358592 0.008380527)
(0.1317548 -0.01534612 0.01101162)
(0.1334765 -0.01665732 0.01364627)
(0.1353284 -0.01738867 0.01606804)
(0.1373601 -0.01757226 0.01804015)
(0.1396939 -0.01736095 0.01924874)
(0.1426001 -0.01689104 0.01923357)
(0.1464862 -0.016122 0.01712334)
(0.152722 -0.01455452 0.01192932)
(0.1618293 -0.01059128 0.0004185105)
(0.1914429 0.0005904234 -0.01205074)
(0.1005558 -0.001799019 -0.001155157)
(0.1016162 -0.002456941 -0.001654094)
(0.1024009 -0.00276107 -0.001934037)
(0.1030188 -0.002917929 -0.002127484)
(0.1035976 -0.00297588 -0.002253595)
(0.1041246 -0.002985654 -0.002340738)
(0.1045927 -0.002980843 -0.0024116)
(0.1050051 -0.002983106 -0.002480211)
(0.1053597 -0.003010709 -0.002558623)
(0.1056515 -0.003081899 -0.002658403)
(0.1058747 -0.003217507 -0.00278941)
(0.1060228 -0.003443612 -0.002959215)
(0.1060891 -0.003793186 -0.003167835)
(0.1060679 -0.004307666 -0.003408999)
(0.1059538 -0.00503273 -0.003678386)
(0.1057589 -0.006013218 -0.00396704)
(0.1055231 -0.007298292 -0.004249933)
(0.1053236 -0.008918012 -0.004496159)
(0.1052843 -0.01085276 -0.004712307)
(0.1055718 -0.01298264 -0.004989951)
(0.1063514 -0.01504702 -0.005457404)
(0.1077002 -0.01670537 -0.006297489)
(0.1095662 -0.01771122 -0.007625013)
(0.1117584 -0.01804259 -0.00954358)
(0.1140467 -0.01782923 -0.0123172)
(0.1162581 -0.01714041 -0.01647268)
(0.1183906 -0.0160521 -0.02279001)
(0.11988 -0.0147715 -0.03140444)
(0.1213951 -0.0129036 -0.04548714)
(0.1236874 -0.008693067 -0.06175768)
(0.09869848 -0.001393145 -0.001127206)
(0.09820921 -0.001841367 -0.001612088)
(0.0965468 -0.002020735 -0.001877546)
(0.09466208 -0.002091793 -0.002052347)
(0.09280974 -0.002077665 -0.002155815)
(0.09095783 -0.002016678 -0.002216363)
(0.08911748 -0.001936766 -0.002257532)
(0.08730629 -0.001853924 -0.002295234)
(0.08552615 -0.001778701 -0.002344002)
(0.08377121 -0.00171939 -0.002419641)
(0.08203117 -0.001684563 -0.002539749)
(0.08028982 -0.001686072 -0.002725026)
(0.07852189 -0.001743059 -0.003001087)
(0.07669058 -0.001885223 -0.003405457)
(0.07474576 -0.002151605 -0.003981625)
(0.07262183 -0.002586652 -0.004781963)
(0.07024988 -0.003242245 -0.005923098)
(0.06758597 -0.004141059 -0.007627569)
(0.06467365 -0.005180721 -0.01024899)
(0.0617234 -0.006015682 -0.0142637)
(0.05917086 -0.006061984 -0.0200778)
(0.05757902 -0.004775392 -0.02768014)
(0.05733055 -0.002080288 -0.03648409)
(0.05828845 0.001510782 -0.04560912)
(0.05981601 0.005200203 -0.05437243)
(0.06089183 0.008313015 -0.06253532)
(0.06097015 0.01049032 -0.07038297)
(0.05847935 0.011839 -0.07816322)
(0.05514225 0.01361059 -0.08745492)
(0.04357365 0.01583664 -0.0962219)
(0.09963569 -0.0001108147 -0.0009450433)
(0.1025616 -0.0003885191 -0.001321443)
(0.1038622 -0.0005069447 -0.001471048)
(0.1048246 -0.0004294605 -0.001505154)
(0.1057867 -0.000268151 -0.001436781)
(0.1066418 -6.605423e-05 -0.001281079)
(0.1073978 0.0001640572 -0.001044818)
(0.1081081 0.0004158055 -0.0007217429)
(0.108811 0.0006887309 -0.0002924699)
(0.1095565 0.0009873229 0.0002740242)
(0.110411 0.001321884 0.001013613)
(0.111429 0.00171259 0.001971152)
(0.1126618 0.002185657 0.003206945)
(0.114147 0.002777272 0.00479435)
(0.1158834 0.003554744 0.00681976)
(0.1178138 0.004586175 0.009357732)
(0.1198287 0.005926066 0.01246202)
(0.1217564 0.007604362 0.01614715)
(0.1233861 0.009597616 0.02036218)
(0.1245273 0.01181129 0.02497301)
(0.1250781 0.01408523 0.029764)
(0.125066 0.01623081 0.03446559)
(0.1246353 0.01808 0.03879674)
(0.12398 0.01952299 0.0424967)
(0.1232656 0.02052883 0.04531449)
(0.1224113 0.02117642 0.04697107)
(0.1211986 0.02170838 0.04701352)
(0.1174351 0.02275074 0.04491853)
(0.1123664 0.02592074 0.03901087)
(0.08101983 0.03425475 0.02950645)
(0.099402 -0.0005454469 -0.0009631463)
(0.09973627 -0.001097946 -0.001364283)
(0.09949822 -0.001368711 -0.001576663)
(0.09924851 -0.00138959 -0.001709924)
(0.09915371 -0.001295861 -0.001779184)
(0.09914892 -0.001139347 -0.001805977)
(0.0992202 -0.0009386388 -0.001806125)
(0.09938202 -0.0007069293 -0.001786205)
(0.099661 -0.0004373111 -0.001743102)
(0.1000848 -0.0001063405 -0.001665357)
(0.1006825 0.0003198733 -0.001536009)
(0.101499 0.0008947496 -0.001329593)
(0.1026115 0.001704687 -0.001009146)
(0.1040625 0.002851986 -0.0005206394)
(0.1059506 0.004492814 0.0002313765)
(0.1084029 0.006752919 0.001350735)
(0.111428 0.009794566 0.002938262)
(0.1149355 0.01373392 0.005086994)
(0.1186876 0.01855286 0.007838993)
(0.1223321 0.02404675 0.01113757)
(0.1255121 0.02983361 0.01480173)
(0.1279894 0.03545246 0.01854925)
(0.1296961 0.04049472 0.02205253)
(0.1306772 0.04469804 0.02498122)
(0.1309873 0.04799087 0.02698295)
(0.1304148 0.0505435 0.02762884)
(0.1286248 0.05285178 0.02621243)
(0.1232724 0.05611482 0.02190721)
(0.1158627 0.06303306 0.01205938)
(0.08172716 0.07300246 -0.002353532)
(0.09945371 -0.001778212 -0.000973178)
(0.09965865 -0.00243214 -0.001383285)
(0.09889721 -0.00273021 -0.001604821)
(0.09786465 -0.002869304 -0.001749856)
(0.09681207 -0.002893721 -0.001836664)
(0.09572108 -0.002849196 -0.001890299)
(0.09460325 -0.002764971 -0.001931371)
(0.09347752 -0.002659793 -0.001973771)
(0.09234965 -0.002534391 -0.002030292)
(0.09122644 -0.002375745 -0.002114132)
(0.09012144 -0.002167944 -0.002238273)
(0.08906256 -0.001889435 -0.002415695)
(0.08810029 -0.001499148 -0.002653684)
(0.087394 -0.0008928884 -0.002942025)
(0.08711443 8.65766e-05 -0.003268557)
(0.08747448 0.001701982 -0.003593252)
(0.08864341 0.004287468 -0.003830087)
(0.09089666 0.008196833 -0.003841232)
(0.09433733 0.01367691 -0.003487917)
(0.09877099 0.02065109 -0.002708909)
(0.1037192 0.02860939 -0.001594052)
(0.1086111 0.03674614 -0.0003612288)
(0.1129685 0.04424881 0.0007321753)
(0.116444 0.05052119 0.001452086)
(0.1187775 0.05526412 0.001558461)
(0.1194828 0.0585096 0.0007419254)
(0.1182521 0.06068786 -0.001597151)
(0.1125051 0.06299797 -0.006228219)
(0.1061322 0.06858769 -0.01582172)
(0.07235297 0.07823813 -0.02933678)
(0.09763506 -0.0013693 -0.0009456858)
(0.0963361 -0.001801169 -0.001327482)
(0.09319629 -0.001961218 -0.001516368)
(0.08975074 -0.002009725 -0.001627954)
(0.08637637 -0.001968639 -0.001680497)
(0.08303269 -0.001873454 -0.001698106)
(0.07974817 -0.001749901 -0.001701719)
(0.07655434 -0.001612099 -0.001706394)
(0.07345518 -0.001466994 -0.001726451)
(0.07044311 -0.001317784 -0.001778028)
(0.06750459 -0.001168318 -0.001880061)
(0.06461727 -0.001026969 -0.002055898)
(0.0617389 -0.0009150015 -0.002335965)
(0.05882278 -0.0008313121 -0.002766548)
(0.05583209 -0.000724467 -0.003405711)
(0.05282272 -0.0004565436 -0.004325403)
(0.05008936 0.0001999313 -0.005648905)
(0.04793489 0.001596059 -0.007546868)
(0.04692467 0.004250428 -0.0101487)
(0.04769307 0.008550615 -0.01343199)
(0.05056904 0.01431992 -0.01717731)
(0.055293 0.0207772 -0.0210818)
(0.06114769 0.02699058 -0.02492208)
(0.06723622 0.0322724 -0.02861351)
(0.07270802 0.03627253 -0.03219861)
(0.07659224 0.03895864 -0.03581699)
(0.07852334 0.04072929 -0.03976648)
(0.07676753 0.04261762 -0.04429225)
(0.07593091 0.04840206 -0.05007224)
(0.07321561 0.05767266 -0.05569384)
)
;

boundaryField
{
    maxY
    {
        type            fixedValue;
        value           uniform (0 0 0);
    }
    minX
    {
        type            fixedValue;
        value           uniform (0.1 0 0);
    }
    maxX
    {
        type            inletOutlet;
        inletValue      uniform (0 0 0);
        value           nonuniform List<vector> 
40
(
(0.08115161 0.03423608 -0.02954679)
(0.08199238 0.07297636 0.00227204)
(0.07271123 0.07824347 0.02924358)
(0.07363979 0.05767522 0.05565075)
(0.1359298 0.009102788 -0.02904358)
(0.1916749 0.0005088775 0.01186626)
(0.1243069 -0.008724466 0.06150251)
(0.04438877 0.01586388 0.09602896)
(0.1596032 -0.01535373 -0.02333281)
(0.1893909 -0.02836279 -0.02711252)
(0.1477441 -0.04324005 0.01957586)
(0.0543441 -0.01142325 0.0931449)
(0.1088 0.01663809 -0.0002555155)
(0.1564152 0.02110735 -0.04929811)
(0.1542441 0.004242224 -0.05598494)
(0.1175799 -0.007046444 0.00191512)
(0.03786367 0.05427688 0.002492002)
(0.06286213 0.09256364 -0.02147497)
(0.08597536 0.09390371 -0.03867286)
(0.105952 0.06745644 -0.0530546)
(0.03819311 0.05412254 -0.002550647)
(0.06346811 0.09229429 0.02153601)
(0.08700739 0.0934502 0.03873953)
(0.1074163 0.06683476 0.0530656)
(0.1093052 0.01632565 0.0002477647)
(0.1568586 0.02053856 0.04917275)
(0.1545745 0.00326466 0.05499725)
(0.1162826 -0.008040666 -0.004859847)
(0.1596375 -0.01540605 0.02328726)
(0.1892539 -0.02855265 0.02665996)
(0.1469074 -0.04336641 -0.02069409)
(0.05259691 -0.01131391 -0.09382563)
(0.1358314 0.009119956 0.02903887)
(0.1914429 0.0005904234 -0.01205074)
(0.1236874 -0.008693067 -0.06175768)
(0.04357365 0.01583664 -0.0962219)
(0.08101983 0.03425475 0.02950645)
(0.08172716 0.07300246 -0.002353532)
(0.07235297 0.07823813 -0.02933678)
(0.07321561 0.05767266 -0.05569384)
)
;
    }
    minZ
    {
        type            fixedValue;
        value           uniform (0 0 0);
    }
    maxZ
    {
        type            fixedValue;
        value           uniform (0 0 0);
    }
    topAir_to_rightSolid
    {
        type            fixedValue;
        value           uniform (0 0 0);
    }
    topAir_to_heater
    {
        type            fixedValue;
        value           uniform (0 0 0);
    }
    topAir_to_leftSolid
    {
        type            fixedValue;
        value           uniform (0 0 0);
    }
}


// ************************************************************************* //
