/*--------------------------------*- C++ -*----------------------------------*\
| =========                 |                                                 |
| \\      /  F ield         | OpenFOAM: The Open Source CFD Toolbox           |
|  \\    /   O peration     | Version:  v2012                                 |
|   \\  /    A nd           | Website:  www.openfoam.com                      |
|    \\/     M anipulation  |                                                 |
\*---------------------------------------------------------------------------*/
FoamFile
{
    version     2.0;
    format      ascii;
    class       volScalarField;
    location    "1200/bottomAir";
    object      p_rgh;
}
// * * * * * * * * * * * * * * * * * * * * * * * * * * * * * * * * * * * * * //

dimensions      [1 -1 -2 0 0 0 0];


internalField   nonuniform List<scalar> 
1460
(
154073.8
154073.8
154073.8
154073.8
154073.8
154073.8
154073.8
154073.8
154073.8
154073.8
154073.8
154073.8
154073.8
154073.8
154073.8
154073.8
154073.8
154073.8
154073.8
154073.8
154073.8
154073.8
154073.8
154073.8
154073.8
154073.8
154073.8
154073.8
154073.8
154073.8
154073.8
154073.8
154073.8
154073.8
154073.8
154073.8
154073.8
154073.8
154073.8
154073.8
154073.8
154073.8
154073.8
154073.8
154073.8
154073.8
154073.8
154073.8
154073.8
154073.8
154073.8
154073.8
154073.8
154073.8
154073.8
154073.8
154073.8
154073.8
154073.8
154073.8
154073.8
154073.8
154073.8
154073.8
154073.8
154073.8
154073.8
154073.8
154073.8
154073.8
154073.8
154073.8
154073.8
154073.8
154073.8
154073.8
154073.8
154073.8
154073.8
154073.8
154073.8
154073.8
154073.8
154073.8
154073.8
154073.8
154073.8
154073.8
154073.8
154073.8
154073.8
154073.8
154073.8
154073.8
154073.8
154073.8
154073.8
154073.8
154073.8
154073.8
154073.8
154073.8
154073.8
154073.8
154073.8
154073.8
154073.8
154073.8
154073.8
154073.8
154073.8
154073.8
154073.8
154073.8
154073.8
154073.8
154073.8
154073.8
154073.8
154073.8
154073.8
154073.8
154073.8
154073.8
154073.8
154073.8
154073.8
154073.8
154073.8
154073.8
154073.8
154073.8
154073.8
154073.8
154073.8
154073.8
154073.8
154073.8
154073.8
154073.8
154073.8
154073.8
154073.8
154073.8
154073.8
154073.8
154073.8
154073.8
154073.8
154073.8
154073.8
154073.8
154073.8
154073.8
154073.8
154073.8
154073.8
154073.8
154073.8
154073.8
154073.8
154073.8
154073.8
154073.8
154073.8
154073.8
154073.8
154073.8
154073.8
154073.8
154073.8
154073.8
154073.8
154073.8
154073.8
154073.8
154073.8
154073.8
154073.8
154073.8
154073.8
154073.8
154073.8
154073.8
154073.8
154073.8
154073.8
154073.8
154073.8
154073.8
154073.8
154073.8
154073.8
154073.8
154073.8
154073.8
154073.8
154073.8
154073.8
154073.8
154073.8
154073.8
154073.8
154073.8
154073.8
154073.8
154073.8
154073.8
154073.8
154073.8
154073.8
154073.8
154073.8
154073.8
154073.8
154073.8
154073.8
154073.8
154073.8
154073.8
154073.8
154073.8
154073.8
154073.8
154073.8
154073.8
154073.8
154073.8
154073.8
154073.8
154073.8
154073.8
154073.8
154073.8
154073.8
154073.8
154073.8
154073.8
154073.8
154073.8
154073.8
154073.8
154073.8
154073.8
154073.8
154073.8
154073.8
154073.8
154073.8
154073.8
154073.8
154073.8
154073.8
154073.8
154073.8
154073.8
154073.8
154073.8
154073.8
154073.8
154073.8
154073.8
154073.8
154073.8
154073.8
154073.8
154073.8
154073.8
154073.8
154073.8
154073.8
154073.8
154073.8
154073.8
154073.8
154073.8
154073.8
154073.8
154073.8
154073.8
154073.8
154073.8
154073.8
154073.8
154073.8
154073.8
154073.8
154073.8
154073.8
154073.8
154073.8
154073.8
154073.8
154073.8
154073.8
154073.8
154073.8
154073.8
154073.8
154073.8
154073.8
154073.8
154073.8
154073.8
154073.8
154073.8
154073.8
154073.8
154073.8
154073.8
154073.8
154073.8
154073.8
154073.8
154073.8
154073.8
154073.8
154073.8
154073.8
154073.8
154073.8
154073.8
154073.8
154073.8
154073.8
154073.8
154073.8
154073.8
154073.8
154073.8
154073.8
154073.8
154073.8
154073.8
154073.8
154073.8
154073.8
154073.8
154073.8
154073.8
154073.8
154073.8
154073.8
154073.8
154073.8
154073.8
154073.8
154073.8
154073.8
154073.8
154073.8
154073.8
154073.8
154073.8
154073.8
154073.8
154073.8
154073.8
154073.8
154073.8
154073.8
154073.8
154073.8
154073.8
154073.8
154073.8
154073.8
154073.8
154073.8
154073.8
154073.8
154073.8
154073.8
154073.8
154073.8
154073.8
154073.8
154073.8
154073.8
154073.8
154073.8
154073.8
154073.8
154073.8
154073.8
154073.8
154073.8
154073.8
154073.8
154073.8
154073.8
154073.8
154073.8
154073.8
154073.8
154073.8
154073.8
154073.8
154073.8
154073.8
154073.8
154073.8
154073.8
154073.8
154073.8
154073.8
154073.8
154073.8
154073.8
154073.8
154073.8
154073.8
154073.8
154073.8
154073.8
154073.8
154073.8
154073.8
154073.8
154073.8
154073.8
154073.8
154073.8
154073.8
154073.8
154073.8
154073.8
154073.8
154073.8
154073.8
154073.8
154073.8
154073.8
154073.8
154073.8
154073.8
154073.8
154073.8
154073.8
154073.8
154073.8
154073.8
154073.8
154073.8
154073.8
154073.8
154073.8
154073.8
154073.8
154073.8
154073.8
154073.8
154073.8
154073.8
154073.8
154073.8
154073.8
154073.8
154073.8
154073.8
154073.8
154073.8
154073.8
154073.8
154073.8
154073.8
154073.8
154073.8
154073.8
154073.8
154073.8
154073.8
154073.8
154073.8
154073.8
154073.8
154073.8
154073.8
154073.8
154073.8
154073.8
154073.8
154073.8
154073.8
154073.8
154073.8
154073.8
154073.8
154073.8
154073.8
154073.8
154073.8
154073.8
154073.8
154073.8
154073.8
154073.8
154073.8
154073.8
154073.8
154073.8
154073.8
154073.8
154073.8
154073.8
154073.8
154073.8
154073.8
154073.8
154073.8
154073.8
154073.8
154073.8
154073.8
154073.8
154073.8
154073.8
154073.8
154073.8
154073.8
154073.8
154073.8
154073.8
154073.8
154073.8
154073.8
154073.8
154073.8
154073.8
154073.8
154073.8
154073.8
154073.8
154073.8
154073.8
154073.8
154073.8
154073.8
154073.8
154073.8
154073.8
154073.8
154073.8
154073.8
154073.8
154073.8
154073.8
154073.8
154073.8
154073.8
154073.8
154073.8
154073.8
154073.8
154073.8
154073.8
154073.8
154073.8
154073.8
154073.8
154073.8
154073.8
154073.8
154073.8
154073.8
154073.8
154073.8
154073.8
154073.8
154073.8
154073.8
154073.8
154073.8
154073.8
154073.8
154073.8
154073.8
154073.8
154073.8
154073.8
154073.8
154073.8
154073.8
154073.8
154073.8
154073.8
154073.8
154073.8
154073.8
154073.8
154073.8
154073.8
154073.8
154073.8
154073.8
154073.8
154073.8
154073.8
154073.8
154073.8
154073.8
154073.8
154073.8
154073.8
154073.8
154073.8
154073.8
154073.8
154073.8
154073.8
154073.8
154073.8
154073.8
154073.8
154073.8
154073.8
154073.8
154073.8
154073.8
154073.8
154073.8
154073.8
154073.8
154073.8
154073.8
154073.8
154073.8
154073.8
154073.8
154073.8
154073.8
154073.8
154073.8
154073.8
154073.8
154073.8
154073.8
154073.8
154073.8
154073.8
154073.8
154073.8
154073.8
154073.8
154073.8
154073.8
154073.8
154073.8
154073.8
154073.8
154073.8
154073.8
154073.8
154073.8
154073.8
154073.8
154073.8
154073.8
154073.8
154073.8
154073.8
154073.8
154073.8
154073.8
154073.8
154073.8
154073.8
154073.8
154073.8
154073.8
154073.8
154073.8
154073.8
154073.8
154073.8
154073.8
154073.8
154073.8
154073.8
154073.8
154073.8
154073.8
154073.8
154073.8
154073.8
154073.8
154073.8
154073.8
154073.8
154073.8
154073.8
154073.8
154073.8
154073.8
154073.8
154073.8
154073.8
154073.8
154073.8
154073.8
154073.8
154073.8
154073.8
154073.8
154073.8
154073.8
154073.8
154073.8
154073.8
154073.8
154073.8
154073.8
154073.8
154073.8
154073.8
154073.8
154073.8
154073.8
154073.8
154073.8
154073.8
154073.8
154073.8
154073.8
154073.8
154073.8
154073.8
154073.8
154073.8
154073.8
154073.8
154073.8
154073.8
154073.8
154073.8
154073.8
154073.8
154073.8
154073.8
154073.8
154073.8
154073.8
154073.8
154073.8
154073.8
154073.8
154073.8
154073.8
154073.8
154073.8
154073.8
154073.8
154073.8
154073.8
154073.8
154073.8
154073.8
154073.8
154073.8
154073.8
154073.8
154073.8
154073.8
154073.8
154073.8
154073.8
154073.8
154073.8
154073.8
154073.8
154073.8
154073.8
154073.8
154073.8
154073.8
154073.8
154073.8
154073.8
154073.8
154073.8
154073.8
154073.8
154073.8
154073.8
154073.8
154073.8
154073.8
154073.8
154073.8
154073.8
154073.8
154073.8
154073.8
154073.8
154073.8
154073.8
154073.8
154073.8
154073.8
154073.8
154073.8
154073.8
154073.8
154073.8
154073.8
154073.8
154073.8
154073.8
154073.8
154073.8
154073.8
154073.8
154073.8
154073.8
154073.8
154073.8
154073.8
154073.8
154073.8
154073.8
154073.8
154073.8
154073.8
154073.8
154073.8
154073.8
154073.8
154073.8
154073.8
154073.8
154073.8
154073.8
154073.8
154073.8
154073.8
154073.8
154073.8
154073.8
154073.8
154073.8
154073.8
154073.8
154073.8
154073.8
154073.8
154073.8
154073.8
154073.8
154073.8
154073.8
154073.8
154073.8
154073.8
154073.8
154073.8
154073.8
154073.8
154073.8
154073.8
154073.8
154073.8
154073.8
154073.8
154073.8
154073.8
154073.8
154073.8
154073.8
154073.8
154073.8
154073.8
154073.8
154073.8
154073.8
154073.8
154073.8
154073.8
154073.8
154073.8
154073.8
154073.8
154073.8
154073.8
154073.8
154073.8
154073.8
154073.8
154073.8
154073.8
154073.8
154073.8
154073.8
154073.8
154073.8
154073.8
154073.8
154073.8
154073.8
154073.8
154073.8
154073.8
154073.8
154073.8
154073.8
154073.8
154073.8
154073.8
154073.8
154073.8
154073.8
154073.8
154073.8
154073.8
154073.8
154073.8
154073.8
154073.8
154073.8
154073.8
154073.8
154073.8
154073.8
154073.8
154073.8
154073.8
154073.8
154073.8
154073.8
154073.8
154073.8
154073.8
154073.8
154073.8
154073.8
154073.8
154073.8
154073.8
154073.8
154073.8
154073.8
154073.8
154073.8
154073.8
154073.8
154073.8
154073.8
154073.8
154073.8
154073.8
154073.8
154073.8
154073.8
154073.8
154073.8
154073.8
154073.8
154073.8
154073.8
154073.8
154073.8
154073.8
154073.8
154073.8
154073.8
154073.8
154073.8
154073.8
154073.8
154073.8
154073.8
154073.8
154073.8
154073.8
154073.8
154073.8
154073.8
154073.8
154073.8
154073.8
154073.8
154073.8
154073.8
154073.8
154073.8
154073.8
154073.8
154073.8
154073.8
154073.8
154073.8
154073.8
154073.8
154073.8
154073.8
154073.8
154073.8
154073.8
154073.8
154073.8
154073.8
154073.8
154073.8
154073.8
154073.8
154073.8
154073.8
154073.8
154073.8
154073.8
154073.8
154073.8
154073.8
154073.8
154073.8
154073.8
154073.8
154073.8
154073.8
154073.8
154073.8
154073.8
154073.8
154073.8
154073.8
154073.8
154073.8
154073.8
154073.8
154073.8
154073.8
154073.8
154073.8
154073.8
154073.8
154073.8
154073.8
154073.8
154073.8
154073.8
154073.8
154073.8
154073.8
154073.8
154073.8
154073.8
154073.8
154073.8
154073.8
154073.8
154073.8
154073.8
154073.8
154073.8
154073.8
154073.8
154073.8
154073.8
154073.8
154073.8
154073.8
154073.8
154073.8
154073.8
154073.8
154073.8
154073.8
154073.8
154073.8
154073.8
154073.8
154073.8
154073.8
154073.8
154073.8
154073.8
154073.8
154073.8
154073.8
154073.8
154073.8
154073.8
154073.8
154073.8
154073.8
154073.8
154073.8
154073.8
154073.8
154073.8
154073.8
154073.8
154073.8
154073.8
154073.8
154073.8
154073.8
154073.8
154073.8
154073.8
154073.8
154073.8
154073.8
154073.8
154073.8
154073.8
154073.8
154073.8
154073.8
154073.8
154073.8
154073.8
154073.8
154073.8
154073.8
154073.8
154073.8
154073.8
154073.8
154073.8
154073.8
154073.8
154073.8
154073.8
154073.8
154073.8
154073.8
154073.8
154073.8
154073.8
154073.8
154073.8
154073.8
154073.8
154073.8
154073.8
154073.8
154073.8
154073.8
154073.8
154073.8
154073.8
154073.8
154073.8
154073.8
154073.8
154073.8
154073.8
154073.8
154073.8
154073.8
154073.8
154073.8
154073.8
154073.8
154073.8
154073.8
154073.8
154073.8
154073.8
154073.8
154073.8
154073.8
154073.8
154073.8
154073.8
154073.8
154073.8
154073.8
154073.8
154073.8
154073.8
154073.8
154073.8
154073.8
154073.8
154073.8
154073.8
154073.8
154073.8
154073.8
154073.8
154073.8
154073.8
154073.8
154073.8
154073.8
154073.8
154073.8
154073.8
154073.8
154073.8
154073.8
154073.8
154073.8
154073.8
154073.8
154073.8
154073.8
154073.8
154073.8
154073.8
154073.8
154073.8
154073.8
154073.8
154073.8
154073.8
154073.8
154073.8
154073.8
154073.8
154073.8
154073.8
154073.8
154073.8
154073.8
154073.8
154073.8
154073.8
154073.8
154073.8
154073.8
154073.8
154073.8
154073.8
154073.8
154073.8
154073.8
154073.8
154073.8
154073.8
154073.8
154073.8
154073.8
154073.8
154073.8
154073.8
154073.8
154073.8
154073.8
154073.8
154073.8
154073.8
154073.8
154073.8
154073.8
154073.8
154073.8
154073.8
154073.8
154073.8
154073.8
154073.8
154073.8
154073.8
154073.8
154073.8
154073.8
154073.8
154073.8
154073.8
154073.8
154073.8
154073.8
154073.8
154073.8
154073.8
154073.8
154073.8
154073.8
154073.8
154073.8
154073.8
154073.8
154073.8
154073.8
154073.8
154073.8
154073.8
154073.8
154073.8
154073.8
154073.8
154073.8
154073.8
154073.8
154073.8
154073.8
154073.8
154073.8
154073.8
154073.8
154073.8
154073.8
154073.8
154073.8
154073.8
154073.8
154073.8
154073.8
154073.8
154073.8
154073.8
154073.8
154073.8
154073.8
154073.8
154073.8
154073.8
154073.8
154073.8
154073.8
154073.8
154073.8
154073.8
154073.8
154073.8
154073.8
154073.8
154073.8
154073.8
154073.8
154073.8
154073.8
154073.8
154073.8
154073.8
154073.8
154073.8
154073.8
154073.8
154073.8
154073.8
154073.8
154073.8
154073.8
154073.8
154073.8
154073.8
154073.8
154073.8
154073.8
154073.8
154073.8
154073.8
154073.8
154073.8
154073.8
154073.8
154073.8
154073.8
154073.8
154073.8
154073.8
154073.8
154073.8
154073.8
154073.8
154073.8
154073.8
154073.8
154073.8
154073.8
154073.8
154073.8
154073.8
154073.8
154073.8
154073.8
154073.8
154073.8
154073.8
154073.8
154073.8
154073.8
154073.8
154073.8
154073.8
154073.8
154073.8
154073.8
154073.8
154073.8
154073.8
154073.8
154073.8
154073.8
154073.8
154073.8
154073.8
154073.8
154073.8
154073.8
154073.8
154073.8
154073.8
154073.8
154073.8
154073.8
154073.8
154073.8
154073.8
154073.8
154073.8
154073.8
154073.8
154073.8
154073.8
154073.8
154073.8
154073.8
154073.8
154073.8
154073.8
154073.8
154073.8
154073.8
154073.8
154073.8
154073.8
154073.8
154073.8
154073.8
154073.8
154073.8
154073.8
154073.8
154073.8
154073.8
154073.8
154073.8
154073.8
154073.8
154073.8
154073.8
154073.8
154073.8
154073.8
154073.8
154073.8
154073.8
154073.8
154073.8
154073.8
154073.8
154073.8
154073.8
154073.8
154073.8
154073.8
154073.8
154073.8
154073.8
154073.8
154073.8
154073.8
154073.8
154073.8
154073.8
154073.8
)
;

boundaryField
{
    minX
    {
        type            fixedFluxPressure;
        gradient        uniform 0;
        value           nonuniform List<scalar> 
50
(
154073.8
154073.8
154073.8
154073.8
154073.8
154073.8
154073.8
154073.8
154073.8
154073.8
154073.8
154073.8
154073.8
154073.8
154073.8
154073.8
154073.8
154073.8
154073.8
154073.8
154073.8
154073.8
154073.8
154073.8
154073.8
154073.8
154073.8
154073.8
154073.8
154073.8
154073.8
154073.8
154073.8
154073.8
154073.8
154073.8
154073.8
154073.8
154073.8
154073.8
154073.8
154073.8
154073.8
154073.8
154073.8
154073.8
154073.8
154073.8
154073.8
154073.8
)
;
    }
    maxX
    {
        type            fixedFluxPressure;
        gradient        uniform 0;
        value           nonuniform List<scalar> 
50
(
154073.8
154073.8
154073.8
154073.8
154073.8
154073.8
154073.8
154073.8
154073.8
154073.8
154073.8
154073.8
154073.8
154073.8
154073.8
154073.8
154073.8
154073.8
154073.8
154073.8
154073.8
154073.8
154073.8
154073.8
154073.8
154073.8
154073.8
154073.8
154073.8
154073.8
154073.8
154073.8
154073.8
154073.8
154073.8
154073.8
154073.8
154073.8
154073.8
154073.8
154073.8
154073.8
154073.8
154073.8
154073.8
154073.8
154073.8
154073.8
154073.8
154073.8
)
;
    }
    minY
    {
        type            fixedFluxPressure;
        gradient        nonuniform List<scalar> 
292
(
-3.394614e-05
-3.392022e-05
-3.390808e-05
-3.391068e-05
-3.391812e-05
-3.391786e-05
-3.391011e-05
-3.390735e-05
-3.391963e-05
-3.394624e-05
-3.392212e-05
-3.389953e-05
-3.388961e-05
-3.389193e-05
-3.389817e-05
-3.389795e-05
-3.389145e-05
-3.3889e-05
-3.3899e-05
-3.392197e-05
-3.389882e-05
-3.388287e-05
-3.387575e-05
-3.38773e-05
-3.388153e-05
-3.388136e-05
-3.387694e-05
-3.387528e-05
-3.388242e-05
-3.389852e-05
-3.38819e-05
-3.387235e-05
-3.386763e-05
-3.386832e-05
-3.387047e-05
-3.387036e-05
-3.386805e-05
-3.38673e-05
-3.3872e-05
-3.38815e-05
-3.387066e-05
-3.386595e-05
-3.386249e-05
-3.386293e-05
-3.386345e-05
-3.386337e-05
-3.386274e-05
-3.386224e-05
-3.386565e-05
-3.387018e-05
-3.386084e-05
-3.385938e-05
-3.385736e-05
-3.38579e-05
-3.385821e-05
-3.385814e-05
-3.385774e-05
-3.385717e-05
-3.38591e-05
-3.386028e-05
-3.385056e-05
-3.385242e-05
-3.385203e-05
-3.385285e-05
-3.385304e-05
-3.385299e-05
-3.385273e-05
-3.385188e-05
-3.385216e-05
-3.384993e-05
-3.383933e-05
-3.384476e-05
-3.384625e-05
-3.384759e-05
-3.384778e-05
-3.384775e-05
-3.38475e-05
-3.384613e-05
-3.384449e-05
-3.383863e-05
-3.382665e-05
-3.383604e-05
-3.383974e-05
-3.384188e-05
-3.384203e-05
-3.3842e-05
-3.384182e-05
-3.383964e-05
-3.383575e-05
-3.382589e-05
-3.381208e-05
-3.382586e-05
-3.383212e-05
-3.383505e-05
-3.383356e-05
-3.383355e-05
-3.383502e-05
-3.383204e-05
-3.382556e-05
-3.381126e-05
-3.379517e-05
-3.381369e-05
-3.382252e-05
-3.382398e-05
-3.38093e-05
-3.380928e-05
-3.382397e-05
-3.382244e-05
-3.381336e-05
-3.379432e-05
-3.377539e-05
-3.379858e-05
-3.380806e-05
-3.379552e-05
-3.366687e-05
-3.366676e-05
-3.379552e-05
-3.380796e-05
-3.379821e-05
-3.377452e-05
-3.375197e-05
-3.377861e-05
-3.378136e-05
-3.367822e-05
-3.259472e-05
-3.259423e-05
-3.367822e-05
-3.378123e-05
-3.377821e-05
-3.375108e-05
-3.372385e-05
-3.375037e-05
-3.372359e-05
-3.319853e-05
-3.319871e-05
-3.372346e-05
-3.374992e-05
-3.372298e-05
-3.369058e-05
-3.371167e-05
-3.364697e-05
-3.286243e-05
-3.286259e-05
-3.364681e-05
-3.371117e-05
-3.368977e-05
-3.365613e-05
-3.366654e-05
-3.357236e-05
-3.270689e-05
-3.270615e-05
-3.357185e-05
-3.366597e-05
-3.365548e-05
-3.363624e-05
-3.364705e-05
-3.359161e-05
-3.298798e-05
-3.298642e-05
-3.359034e-05
-3.364623e-05
-3.363589e-05
-3.364423e-05
-3.366344e-05
-3.365797e-05
-3.353605e-05
-3.250556e-05
-3.250381e-05
-3.353455e-05
-3.365669e-05
-3.366257e-05
-3.364401e-05
-3.366048e-05
-3.3681e-05
-3.368952e-05
-3.367364e-05
-3.354819e-05
-3.354728e-05
-3.367244e-05
-3.368833e-05
-3.368012e-05
-3.366029e-05
-3.367713e-05
-3.369509e-05
-3.370456e-05
-3.370638e-05
-3.3692e-05
-3.369148e-05
-3.370537e-05
-3.370341e-05
-3.369417e-05
-3.367692e-05
-3.369224e-05
-3.370651e-05
-3.371389e-05
-3.371727e-05
-3.371642e-05
-3.371602e-05
-3.371631e-05
-3.371273e-05
-3.370554e-05
-3.369199e-05
-3.370556e-05
-3.371607e-05
-3.372099e-05
-3.372339e-05
-3.372389e-05
-3.372352e-05
-3.372246e-05
-3.371981e-05
-3.371505e-05
-3.370526e-05
-3.371727e-05
-3.372427e-05
-3.372695e-05
-3.37282e-05
-3.372844e-05
-3.372809e-05
-3.372727e-05
-3.372573e-05
-3.372318e-05
-3.37169e-05
-3.372768e-05
-3.373146e-05
-3.373218e-05
-3.373246e-05
-3.373236e-05
-3.373202e-05
-3.373152e-05
-3.373093e-05
-3.373031e-05
-3.372722e-05
-3.373721e-05
-3.373794e-05
-3.373695e-05
-3.373644e-05
-3.373609e-05
-3.373576e-05
-3.373551e-05
-3.373567e-05
-3.373674e-05
-3.373665e-05
-3.374636e-05
-3.374399e-05
-3.374148e-05
-3.374033e-05
-3.373982e-05
-3.37395e-05
-3.373941e-05
-3.374018e-05
-3.374275e-05
-3.374569e-05
-3.37573e-05
-3.375054e-05
-3.3746e-05
-3.374437e-05
-3.374425e-05
-3.374393e-05
-3.374347e-05
-3.374471e-05
-3.374921e-05
-3.375642e-05
-3.377257e-05
-3.376054e-05
-3.375324e-05
-3.375103e-05
-3.375146e-05
-3.375112e-05
-3.375012e-05
-3.375192e-05
-3.37591e-05
-3.377148e-05
-3.379196e-05
-3.377506e-05
-3.376483e-05
-3.376185e-05
-3.376269e-05
-3.376236e-05
-3.376094e-05
-3.376349e-05
-3.377353e-05
-3.379067e-05
-3.381063e-05
-3.379169e-05
-3.377929e-05
-3.377548e-05
-3.377638e-05
-3.377605e-05
-3.37746e-05
-3.377796e-05
-3.379011e-05
-3.380918e-05
)
;
        value           nonuniform List<scalar> 
292
(
154073.8
154073.8
154073.8
154073.8
154073.8
154073.8
154073.8
154073.8
154073.8
154073.8
154073.8
154073.8
154073.8
154073.8
154073.8
154073.8
154073.8
154073.8
154073.8
154073.8
154073.8
154073.8
154073.8
154073.8
154073.8
154073.8
154073.8
154073.8
154073.8
154073.8
154073.8
154073.8
154073.8
154073.8
154073.8
154073.8
154073.8
154073.8
154073.8
154073.8
154073.8
154073.8
154073.8
154073.8
154073.8
154073.8
154073.8
154073.8
154073.8
154073.8
154073.8
154073.8
154073.8
154073.8
154073.8
154073.8
154073.8
154073.8
154073.8
154073.8
154073.8
154073.8
154073.8
154073.8
154073.8
154073.8
154073.8
154073.8
154073.8
154073.8
154073.8
154073.8
154073.8
154073.8
154073.8
154073.8
154073.8
154073.8
154073.8
154073.8
154073.8
154073.8
154073.8
154073.8
154073.8
154073.8
154073.8
154073.8
154073.8
154073.8
154073.8
154073.8
154073.8
154073.8
154073.8
154073.8
154073.8
154073.8
154073.8
154073.8
154073.8
154073.8
154073.8
154073.8
154073.8
154073.8
154073.8
154073.8
154073.8
154073.8
154073.8
154073.8
154073.8
154073.8
154073.8
154073.8
154073.8
154073.8
154073.8
154073.8
154073.8
154073.8
154073.8
154073.8
154073.8
154073.8
154073.8
154073.8
154073.8
154073.8
154073.8
154073.8
154073.8
154073.8
154073.8
154073.8
154073.8
154073.8
154073.8
154073.8
154073.8
154073.8
154073.8
154073.8
154073.8
154073.8
154073.8
154073.8
154073.8
154073.8
154073.8
154073.8
154073.8
154073.8
154073.8
154073.8
154073.8
154073.8
154073.8
154073.8
154073.8
154073.8
154073.8
154073.8
154073.8
154073.8
154073.8
154073.8
154073.8
154073.8
154073.8
154073.8
154073.8
154073.8
154073.8
154073.8
154073.8
154073.8
154073.8
154073.8
154073.8
154073.8
154073.8
154073.8
154073.8
154073.8
154073.8
154073.8
154073.8
154073.8
154073.8
154073.8
154073.8
154073.8
154073.8
154073.8
154073.8
154073.8
154073.8
154073.8
154073.8
154073.8
154073.8
154073.8
154073.8
154073.8
154073.8
154073.8
154073.8
154073.8
154073.8
154073.8
154073.8
154073.8
154073.8
154073.8
154073.8
154073.8
154073.8
154073.8
154073.8
154073.8
154073.8
154073.8
154073.8
154073.8
154073.8
154073.8
154073.8
154073.8
154073.8
154073.8
154073.8
154073.8
154073.8
154073.8
154073.8
154073.8
154073.8
154073.8
154073.8
154073.8
154073.8
154073.8
154073.8
154073.8
154073.8
154073.8
154073.8
154073.8
154073.8
154073.8
154073.8
154073.8
154073.8
154073.8
154073.8
154073.8
154073.8
154073.8
154073.8
154073.8
154073.8
154073.8
154073.8
154073.8
154073.8
154073.8
154073.8
154073.8
154073.8
154073.8
154073.8
154073.8
154073.8
154073.8
154073.8
154073.8
154073.8
154073.8
154073.8
154073.8
154073.8
154073.8
154073.8
154073.8
154073.8
154073.8
154073.8
154073.8
154073.8
154073.8
)
;
    }
    minZ
    {
        type            fixedFluxPressure;
        gradient        uniform 0;
        value           nonuniform List<scalar> 
150
(
154073.8
154073.8
154073.8
154073.8
154073.8
154073.8
154073.8
154073.8
154073.8
154073.8
154073.8
154073.8
154073.8
154073.8
154073.8
154073.8
154073.8
154073.8
154073.8
154073.8
154073.8
154073.8
154073.8
154073.8
154073.8
154073.8
154073.8
154073.8
154073.8
154073.8
154073.8
154073.8
154073.8
154073.8
154073.8
154073.8
154073.8
154073.8
154073.8
154073.8
154073.8
154073.8
154073.8
154073.8
154073.8
154073.8
154073.8
154073.8
154073.8
154073.8
154073.8
154073.8
154073.8
154073.8
154073.8
154073.8
154073.8
154073.8
154073.8
154073.8
154073.8
154073.8
154073.8
154073.8
154073.8
154073.8
154073.8
154073.8
154073.8
154073.8
154073.8
154073.8
154073.8
154073.8
154073.8
154073.8
154073.8
154073.8
154073.8
154073.8
154073.8
154073.8
154073.8
154073.8
154073.8
154073.8
154073.8
154073.8
154073.8
154073.8
154073.8
154073.8
154073.8
154073.8
154073.8
154073.8
154073.8
154073.8
154073.8
154073.8
154073.8
154073.8
154073.8
154073.8
154073.8
154073.8
154073.8
154073.8
154073.8
154073.8
154073.8
154073.8
154073.8
154073.8
154073.8
154073.8
154073.8
154073.8
154073.8
154073.8
154073.8
154073.8
154073.8
154073.8
154073.8
154073.8
154073.8
154073.8
154073.8
154073.8
154073.8
154073.8
154073.8
154073.8
154073.8
154073.8
154073.8
154073.8
154073.8
154073.8
154073.8
154073.8
154073.8
154073.8
154073.8
154073.8
154073.8
154073.8
154073.8
154073.8
)
;
    }
    maxZ
    {
        type            fixedFluxPressure;
        gradient        uniform 0;
        value           nonuniform List<scalar> 
150
(
154073.8
154073.8
154073.8
154073.8
154073.8
154073.8
154073.8
154073.8
154073.8
154073.8
154073.8
154073.8
154073.8
154073.8
154073.8
154073.8
154073.8
154073.8
154073.8
154073.8
154073.8
154073.8
154073.8
154073.8
154073.8
154073.8
154073.8
154073.8
154073.8
154073.8
154073.8
154073.8
154073.8
154073.8
154073.8
154073.8
154073.8
154073.8
154073.8
154073.8
154073.8
154073.8
154073.8
154073.8
154073.8
154073.8
154073.8
154073.8
154073.8
154073.8
154073.8
154073.8
154073.8
154073.8
154073.8
154073.8
154073.8
154073.8
154073.8
154073.8
154073.8
154073.8
154073.8
154073.8
154073.8
154073.8
154073.8
154073.8
154073.8
154073.8
154073.8
154073.8
154073.8
154073.8
154073.8
154073.8
154073.8
154073.8
154073.8
154073.8
154073.8
154073.8
154073.8
154073.8
154073.8
154073.8
154073.8
154073.8
154073.8
154073.8
154073.8
154073.8
154073.8
154073.8
154073.8
154073.8
154073.8
154073.8
154073.8
154073.8
154073.8
154073.8
154073.8
154073.8
154073.8
154073.8
154073.8
154073.8
154073.8
154073.8
154073.8
154073.8
154073.8
154073.8
154073.8
154073.8
154073.8
154073.8
154073.8
154073.8
154073.8
154073.8
154073.8
154073.8
154073.8
154073.8
154073.8
154073.8
154073.8
154073.8
154073.8
154073.8
154073.8
154073.8
154073.8
154073.8
154073.8
154073.8
154073.8
154073.8
154073.8
154073.8
154073.8
154073.8
154073.8
154073.8
154073.8
154073.8
154073.8
154073.8
)
;
    }
    bottomAir_to_rightSolid
    {
        type            fixedFluxPressure;
        gradient        nonuniform List<scalar> 
130
(
-1.716179e-18
-1.840556e-18
0
-1.055415e-18
1.110751e-18
1.518156e-33
-4.660486e-18
-5.780081e-18
-7.829591e-18
-1.048614e-18
4.695569e-18
2.347724e-18
6.032575e-19
-4.141777e-18
-4.464775e-18
0
-1.260746e-18
-1.31089e-18
-1.34011e-18
-4.036963e-18
-6.629677e-18
-8.95209e-18
-1.200831e-18
5.419177e-18
2.747943e-18
7.118322e-19
-2.019829e-18
-3.445417e-18
-1.274829e-18
-2.747424e-18
-2.875965e-18
-1.467661e-18
-2.930451e-18
-5.735048e-18
-9.614566e-18
-1.282336e-18
5.763121e-18
3.037861e-18
8.494166e-19
0
-1.178423e-18
-1.321319e-18
-2.874991e-18
0
2.191582e-33
-4.600135e-18
-5.978126e-18
-9.968675e-18
-1.321769e-18
5.902733e-18
3.08889e-18
8.569981e-19
0
0
0
-2.955273e-18
0
2.222951e-33
-6.19493e-18
-7.522288e-18
-1.000185e-17
-1.321127e-18
5.873075e-18
2.933411e-18
7.488106e-19
0
0
0
-2.954951e-18
0
2.22265e-33
-6.194113e-18
-7.521323e-18
-1.000057e-17
-1.320968e-18
5.872514e-18
2.933195e-18
7.487559e-19
0
0
0
-2.873928e-18
-3.019261e-18
0
-3.066137e-18
-7.471037e-18
-9.965982e-18
-1.321416e-18
5.90179e-18
2.964894e-18
7.61567e-19
0
0
0
-2.746983e-18
-2.875644e-18
0
-2.929943e-18
-7.166936e-18
-9.610847e-18
-1.281758e-18
5.76076e-18
2.914977e-18
7.545712e-19
0
0
0
-2.521747e-18
-3.932845e-18
-4.020098e-18
-5.381646e-18
-5.964756e-18
-8.308537e-18
-1.200047e-18
5.414789e-18
2.745201e-18
7.110448e-19
0
0
0
-2.112659e-18
-3.334726e-18
-3.448775e-18
-4.662351e-18
-5.203133e-18
-7.27026e-18
-1.048372e-18
4.693152e-18
2.345421e-18
6.021989e-19
)
;
        value           nonuniform List<scalar> 
130
(
154073.8
154073.8
154073.8
154073.8
154073.8
154073.8
154073.8
154073.8
154073.8
154073.8
154073.8
154073.8
154073.8
154073.8
154073.8
154073.8
154073.8
154073.8
154073.8
154073.8
154073.8
154073.8
154073.8
154073.8
154073.8
154073.8
154073.8
154073.8
154073.8
154073.8
154073.8
154073.8
154073.8
154073.8
154073.8
154073.8
154073.8
154073.8
154073.8
154073.8
154073.8
154073.8
154073.8
154073.8
154073.8
154073.8
154073.8
154073.8
154073.8
154073.8
154073.8
154073.8
154073.8
154073.8
154073.8
154073.8
154073.8
154073.8
154073.8
154073.8
154073.8
154073.8
154073.8
154073.8
154073.8
154073.8
154073.8
154073.8
154073.8
154073.8
154073.8
154073.8
154073.8
154073.8
154073.8
154073.8
154073.8
154073.8
154073.8
154073.8
154073.8
154073.8
154073.8
154073.8
154073.8
154073.8
154073.8
154073.8
154073.8
154073.8
154073.8
154073.8
154073.8
154073.8
154073.8
154073.8
154073.8
154073.8
154073.8
154073.8
154073.8
154073.8
154073.8
154073.8
154073.8
154073.8
154073.8
154073.8
154073.8
154073.8
154073.8
154073.8
154073.8
154073.8
154073.8
154073.8
154073.8
154073.8
154073.8
154073.8
154073.8
154073.8
154073.8
154073.8
154073.8
154073.8
154073.8
154073.8
154073.8
154073.8
)
;
    }
    bottomAir_to_leftSolid
    {
        type            fixedFluxPressure;
        gradient        nonuniform List<scalar> 
130
(
0
0
0
0
0
0
-6.066301e-18
-5.912836e-18
2.822906e-18
-2.642098e-18
-4.856508e-18
-2.199673e-18
-1.977423e-18
0
0
5.843854e-18
6.344926e-18
0
0
-6.794458e-18
-6.674624e-18
3.219894e-18
-3.050334e-18
-8.514334e-18
-7.790646e-18
-4.682027e-18
0
0
6.088506e-18
6.632691e-18
0
0
-7.219437e-18
-1.069339e-17
3.44664e-18
0
-8.959338e-18
-5.318022e-18
-2.291018e-18
0
0
0
0
0
0
-7.456716e-18
-1.107105e-17
3.568184e-18
0
-6.074123e-18
0
0
0
0
0
0
0
0
-7.456637e-18
-7.38622e-18
7.139706e-18
0
-6.096149e-18
0
0
0
0
0
0
0
0
-7.455465e-18
-7.38502e-18
7.138515e-18
0
-6.094975e-18
0
0
0
0
0
0
0
0
-7.450303e-18
-7.373827e-18
7.129415e-18
0
-6.067046e-18
0
0
0
0
0
0
0
0
-7.207938e-18
-7.116548e-18
6.880501e-18
0
-5.959563e-18
0
0
0
0
0
0
0
0
-6.77976e-18
-6.658794e-18
6.423171e-18
0
-2.829443e-18
2.588472e-18
0
0
0
0
0
0
0
-6.05104e-18
-5.89664e-18
5.628928e-18
0
-2.41939e-18
2.190811e-18
0
)
;
        value           nonuniform List<scalar> 
130
(
154073.8
154073.8
154073.8
154073.8
154073.8
154073.8
154073.8
154073.8
154073.8
154073.8
154073.8
154073.8
154073.8
154073.8
154073.8
154073.8
154073.8
154073.8
154073.8
154073.8
154073.8
154073.8
154073.8
154073.8
154073.8
154073.8
154073.8
154073.8
154073.8
154073.8
154073.8
154073.8
154073.8
154073.8
154073.8
154073.8
154073.8
154073.8
154073.8
154073.8
154073.8
154073.8
154073.8
154073.8
154073.8
154073.8
154073.8
154073.8
154073.8
154073.8
154073.8
154073.8
154073.8
154073.8
154073.8
154073.8
154073.8
154073.8
154073.8
154073.8
154073.8
154073.8
154073.8
154073.8
154073.8
154073.8
154073.8
154073.8
154073.8
154073.8
154073.8
154073.8
154073.8
154073.8
154073.8
154073.8
154073.8
154073.8
154073.8
154073.8
154073.8
154073.8
154073.8
154073.8
154073.8
154073.8
154073.8
154073.8
154073.8
154073.8
154073.8
154073.8
154073.8
154073.8
154073.8
154073.8
154073.8
154073.8
154073.8
154073.8
154073.8
154073.8
154073.8
154073.8
154073.8
154073.8
154073.8
154073.8
154073.8
154073.8
154073.8
154073.8
154073.8
154073.8
154073.8
154073.8
154073.8
154073.8
154073.8
154073.8
154073.8
154073.8
154073.8
154073.8
154073.8
154073.8
154073.8
154073.8
154073.8
154073.8
)
;
    }
    bottomAir_to_heater
    {
        type            fixedFluxPressure;
        gradient        nonuniform List<scalar> 
92
(
0
0
0
0
0
0
0
0
0
0
0
0
5.366596
4.955025
4.76329
5.108293
3.467795
3.146162
3.002135
3.280849
1.894583
1.702726
1.621718
1.79467
0.7645001
0.6978359
0.6664562
0.7342911
0
0.1407348
0
0.1342167
0
0.1287747
0
0.1375685
6.935501
6.770269
4.329506
4.204707
2.286326
2.203696
0.8676154
0.8281298
0.1438825
0.1342976
6.934526
5.366779
4.9552
4.762363
6.76701
5.106369
4.329174
3.467834
3.146418
3.001736
4.202304
3.279801
2.286076
1.894511
1.70285
1.621543
2.20258
1.794213
0.8674868
0.7644334
0.6978773
0.6663999
0.8277044
0.7341933
0.1438505
0.1407042
0.1342155
0.1287637
0.1342135
0.1375642
0
0
0
0
0
0
0
0
0
0
0
0
0
0
0
0
)
;
        value           nonuniform List<scalar> 
92
(
154073.8
154073.8
154073.8
154073.8
154073.8
154073.8
154073.8
154073.8
154073.8
154073.8
154073.8
154073.8
154073.9
154073.9
154073.9
154073.9
154073.9
154073.9
154073.9
154073.9
154073.8
154073.8
154073.8
154073.8
154073.8
154073.8
154073.8
154073.8
154073.8
154073.8
154073.8
154073.8
154073.8
154073.8
154073.8
154073.8
154073.9
154073.9
154073.9
154073.9
154073.8
154073.8
154073.8
154073.8
154073.8
154073.8
154073.9
154073.9
154073.9
154073.9
154073.9
154073.9
154073.9
154073.9
154073.9
154073.9
154073.9
154073.9
154073.8
154073.8
154073.8
154073.8
154073.8
154073.8
154073.8
154073.8
154073.8
154073.8
154073.8
154073.8
154073.8
154073.8
154073.8
154073.8
154073.8
154073.8
154073.8
154073.8
154073.8
154073.8
154073.8
154073.8
154073.8
154073.8
154073.8
154073.8
154073.8
154073.8
154073.8
154073.8
154073.8
154073.8
)
;
    }
}


// ************************************************************************* //
