/*--------------------------------*- C++ -*----------------------------------*\
| =========                 |                                                 |
| \\      /  F ield         | OpenFOAM: The Open Source CFD Toolbox           |
|  \\    /   O peration     | Version:  v2012                                 |
|   \\  /    A nd           | Website:  www.openfoam.com                      |
|    \\/     M anipulation  |                                                 |
\*---------------------------------------------------------------------------*/
FoamFile
{
    version     2.0;
    format      ascii;
    class       surfaceScalarField;
    location    "1200/bottomAir";
    object      phi;
}
// * * * * * * * * * * * * * * * * * * * * * * * * * * * * * * * * * * * * * //

dimensions      [1 0 -1 0 0 0 0];
oriented        oriented;


internalField   nonuniform List<scalar> 
3858
(
6.611505e-07
-7.272065e-07
6.598645e-08
1.21337e-06
-6.521803e-07
9.99614e-08
1.510736e-06
-4.085218e-07
1.111567e-07
1.595542e-06
-1.888476e-07
1.040432e-07
1.545007e-06
-3.742588e-08
8.796083e-08
1.428206e-06
4.645959e-08
7.034147e-08
1.295617e-06
7.820388e-08
5.438475e-08
1.172634e-06
8.193291e-08
4.10502e-08
1.065675e-06
7.572927e-08
3.122941e-08
9.705251e-07
6.902971e-08
2.611989e-08
8.778781e-07
6.543826e-08
2.720916e-08
7.756479e-07
6.540893e-08
3.682311e-08
6.505255e-07
6.892177e-08
5.620417e-08
4.845723e-07
8.101243e-08
8.494703e-08
2.690837e-07
1.107205e-07
1.047758e-07
1.014662e-08
1.622819e-07
9.666455e-08
-2.369344e-07
1.835653e-07
6.352266e-08
-4.406144e-07
1.49714e-07
5.397028e-08
-5.975494e-07
1.183417e-07
3.859453e-08
-7.257089e-07
9.694794e-08
3.121107e-08
-8.419021e-07
8.555002e-08
3.064158e-08
-9.589952e-07
8.10815e-08
3.601006e-08
-1.083262e-06
7.816694e-08
4.609833e-08
-1.20962e-06
6.65871e-08
5.976995e-08
-1.314493e-06
2.874584e-08
7.612627e-08
-1.353818e-06
-5.425257e-08
9.357706e-08
-1.270503e-06
-1.910551e-07
1.077398e-07
-1.003873e-06
-3.783737e-07
1.117434e-07
-5.294634e-07
-5.729382e-07
9.852829e-08
-5.953596e-07
6.589575e-08
4.769452e-07
-1.23038e-06
2.622794e-08
8.616141e-07
-1.114045e-06
7.719625e-08
1.07092e-06
-7.312425e-07
1.134155e-07
1.143911e-06
-3.876334e-07
1.257952e-07
1.145719e-06
-1.621675e-07
1.22934e-07
1.109548e-06
-2.906064e-08
1.116913e-07
1.050516e-06
3.51721e-08
1.020628e-07
9.761342e-07
5.781895e-08
9.849566e-08
8.849884e-07
6.538499e-08
1.014899e-07
7.726751e-07
7.032848e-08
1.110143e-07
6.369998e-07
7.539031e-08
1.257243e-07
4.792904e-07
8.011462e-08
1.43006e-07
3.070155e-07
8.497891e-08
1.562226e-07
1.275895e-07
9.721226e-08
1.632338e-07
-2.841059e-08
1.254403e-07
1.412898e-07
-1.395092e-07
1.673946e-07
1.059958e-07
-2.368146e-07
1.731989e-07
1.076792e-07
-3.563665e-07
1.424208e-07
1.268497e-07
-4.832139e-07
1.151191e-07
1.300721e-07
-6.035906e-07
9.277399e-08
1.245504e-07
-7.108991e-07
7.589865e-08
1.169588e-07
-8.037225e-07
6.236031e-08
1.115426e-07
-8.827445e-07
4.658807e-08
1.105994e-07
-9.444828e-07
1.356301e-08
1.147611e-07
-9.824213e-07
-5.762967e-08
1.243132e-07
-9.837898e-07
-1.855573e-07
1.326727e-07
-9.167702e-07
-3.885655e-07
1.304903e-07
-7.298796e-07
-6.786181e-07
1.13353e-07
-3.953857e-07
-9.836655e-07
7.62325e-08
-1.022422e-06
3.167652e-08
1.084868e-07
-1.321522e-06
-1.734518e-08
9.417665e-08
-1.148895e-06
4.915932e-08
2.110703e-09
-7.545776e-07
1.154012e-07
-1.031995e-07
-4.40695e-07
1.583718e-07
-1.879198e-07
-2.570478e-07
1.796007e-07
-2.43126e-07
-1.606474e-07
1.867926e-07
-2.80012e-07
-1.152185e-07
1.872763e-07
-3.229762e-07
-9.672237e-08
1.975051e-07
-3.796148e-07
-9.713134e-08
2.191548e-07
-4.405085e-07
-1.133224e-07
2.445445e-07
-4.892381e-07
-1.424258e-07
2.665469e-07
-5.078739e-07
-1.785855e-07
2.773382e-07
-4.778647e-07
-2.101869e-07
2.651609e-07
-3.979523e-07
-2.185238e-07
2.358304e-07
-2.670236e-07
-1.919296e-07
1.864495e-07
-1.033785e-07
-1.516922e-07
1.554512e-07
5.968931e-08
-1.664731e-07
1.766117e-07
1.76131e-07
-1.894846e-07
2.15469e-07
2.404591e-07
-1.836628e-07
2.344559e-07
2.680846e-07
-1.669952e-07
2.321439e-07
2.722331e-07
-1.485738e-07
2.203225e-07
2.646734e-07
-1.356174e-07
2.055354e-07
2.513348e-07
-1.339217e-07
1.938464e-07
2.237123e-07
-1.479494e-07
1.891333e-07
1.690727e-07
-1.892214e-07
1.862302e-07
8.760484e-08
-2.777582e-07
1.736683e-07
-9.717801e-09
-4.406096e-07
1.493659e-07
-8.915483e-08
-7.042898e-07
1.051078e-07
-9.603264e-08
-1.019335e-06
4.254681e-08
-1.10708e-06
-1.137578e-08
-3.458284e-07
-8.982742e-07
-7.742051e-08
-7.708531e-07
-7.140426e-07
-9.828097e-09
-1.112509e-06
-4.708161e-07
5.789399e-08
-1.333962e-06
-3.225162e-07
1.032747e-07
-1.468713e-06
-2.520329e-07
1.297364e-07
-1.547774e-06
-2.27305e-07
1.457178e-07
-1.588232e-06
-2.289054e-07
1.541443e-07
-1.59399e-06
-2.46721e-07
1.557565e-07
-1.563065e-06
-2.774562e-07
1.493997e-07
-1.490546e-06
-3.184437e-07
1.326026e-07
-1.370134e-06
-3.654904e-07
1.026526e-07
-1.194929e-06
-4.119337e-07
5.81457e-08
-9.563268e-07
-4.473951e-07
-1.391022e-09
-6.599102e-07
-4.554461e-07
-5.948905e-08
-2.932028e-07
-4.293958e-07
-1.292335e-07
1.124287e-07
-4.105301e-07
-1.467859e-07
4.746026e-07
-4.455418e-07
-8.309791e-08
7.613895e-07
-4.524856e-07
-2.378243e-08
9.791623e-07
-4.295436e-07
2.811012e-08
1.136529e-06
-3.904316e-07
6.606992e-08
1.241838e-06
-3.469973e-07
9.311379e-08
1.30233e-06
-3.065415e-07
1.104302e-07
1.323415e-06
-2.738901e-07
1.188829e-07
1.306978e-06
-2.521408e-07
1.206268e-07
1.247939e-06
-2.461232e-07
1.159409e-07
1.131642e-06
-2.65e-07
1.035379e-07
9.347725e-07
-3.242637e-07
8.052281e-08
6.381815e-07
-4.476538e-07
3.995399e-08
2.80024e-07
-6.414658e-07
-1.971313e-08
-7.565503e-07
-7.050612e-08
-7.359277e-07
-1.623468e-07
-1.310238e-06
-1.397324e-07
-1.663609e-06
-1.174449e-07
-1.871149e-06
-1.149769e-07
-1.993929e-06
-1.292524e-07
-2.064162e-06
-1.570724e-07
-2.094348e-06
-1.987197e-07
-2.085625e-06
-2.554443e-07
-2.034075e-06
-3.290067e-07
-1.931319e-06
-4.212001e-07
-1.764681e-06
-5.321276e-07
-1.518664e-06
-6.579494e-07
-1.182406e-06
-7.836518e-07
-7.762592e-07
-8.615892e-07
-2.624904e-07
-9.431607e-07
3.010072e-07
-9.740233e-07
7.59213e-07
-9.037449e-07
1.14914e-06
-8.424102e-07
1.433194e-06
-7.135972e-07
1.62483e-06
-5.820681e-07
1.743787e-06
-4.65955e-07
1.806318e-06
-3.690729e-07
1.823276e-06
-2.908481e-07
1.800358e-06
-2.29224e-07
1.736884e-06
-1.82649e-07
1.621785e-06
-1.499013e-07
1.428084e-06
-1.305638e-07
1.107595e-06
-1.271655e-07
6.074034e-07
-1.412746e-07
-1.491472e-07
7.337813e-07
-7.404844e-07
7.2689e-08
1.340225e-06
-6.045962e-07
9.811345e-08
1.69105e-06
-3.409369e-07
1.012689e-07
1.836863e-06
-1.333436e-07
9.157427e-08
1.847371e-06
7.356239e-10
7.671796e-08
1.785544e-06
6.94071e-08
6.276072e-08
1.697594e-06
9.063711e-08
5.169798e-08
1.60719e-06
8.659861e-08
4.485454e-08
1.522114e-06
7.247521e-08
4.382886e-08
1.440604e-06
5.593824e-08
5.169043e-08
1.35466e-06
3.9803e-08
7.335009e-08
1.248621e-06
2.459418e-08
1.182693e-07
1.096453e-06
1.323729e-08
1.951377e-07
8.522773e-07
2.39725e-08
3.051564e-07
4.780411e-07
7.843464e-08
4.005856e-07
-4.155617e-08
1.897136e-07
4.265578e-07
-4.971672e-07
1.999331e-07
3.19207e-07
-7.928564e-07
1.257911e-07
2.238716e-07
-9.841051e-07
9.07148e-08
1.391282e-07
-1.12105e-06
7.779837e-08
9.035582e-08
-1.233374e-06
7.671239e-08
6.625073e-08
-1.336473e-06
8.090028e-08
5.820648e-08
-1.436003e-06
8.481671e-08
6.081001e-08
-1.526018e-06
7.903808e-08
7.074646e-08
-1.585076e-06
4.93181e-08
8.586466e-08
-1.573366e-06
-2.201754e-08
1.038843e-07
-1.437974e-06
-1.486317e-07
1.209798e-07
-1.122961e-06
-3.334401e-07
1.301692e-07
-5.958247e-07
-5.531199e-07
1.245115e-07
-6.235476e-07
9.361813e-08
5.065205e-07
-1.269124e-06
4.834632e-08
9.446071e-07
-1.057906e-06
9.241892e-08
1.228193e-06
-6.307754e-07
1.196682e-07
1.394541e-06
-3.022666e-07
1.283707e-07
1.48343e-06
-8.988119e-08
1.246617e-07
1.518018e-06
2.920711e-08
1.173025e-07
1.518068e-06
7.722808e-08
1.154218e-07
1.494036e-06
8.831995e-08
1.20806e-07
1.441944e-06
9.132225e-08
1.347333e-07
1.352596e-06
9.744461e-08
1.588556e-07
1.215353e-06
1.094951e-07
1.932746e-07
1.02099e-06
1.239416e-07
2.380233e-07
7.656531e-07
1.430131e-07
2.817874e-07
4.401932e-07
1.880535e-07
3.246199e-07
7.097038e-08
2.757726e-07
3.131846e-07
-2.728906e-07
3.749988e-07
2.64581e-07
-5.454056e-07
3.319688e-07
2.481652e-07
-7.76113e-07
2.353304e-07
2.480212e-07
-9.620841e-07
1.812268e-07
2.255318e-07
-1.102146e-06
1.466657e-07
1.957438e-07
-1.201871e-06
1.237389e-07
1.696552e-07
-1.267907e-06
1.079979e-07
1.504793e-07
-1.30666e-06
9.464321e-08
1.395237e-07
-1.319169e-06
6.998247e-08
1.363244e-07
-1.291954e-06
6.561114e-09
1.39855e-07
-1.2107e-06
-1.17623e-07
1.470231e-07
-1.060822e-06
-3.153253e-07
1.473057e-07
-8.083615e-07
-6.060775e-07
1.33529e-07
-4.263966e-07
-9.616639e-07
1.028107e-07
-1.077964e-06
5.969556e-08
5.037812e-08
-1.363469e-06
2.66212e-08
3.470692e-08
-1.081391e-06
8.831505e-08
8.947151e-09
-6.399722e-07
1.503579e-07
2.819475e-09
-3.327756e-07
1.950085e-07
2.377954e-08
-1.522877e-07
2.210472e-07
6.55007e-08
-5.5725e-08
2.300027e-07
9.318775e-08
-3.17968e-09
2.399965e-07
8.459246e-08
2.69893e-08
2.674294e-07
4.606047e-08
4.180812e-08
3.071999e-07
-1.78047e-08
5.017806e-08
3.556747e-07
-9.929461e-08
5.375029e-08
4.03782e-07
-1.886134e-07
5.517386e-08
4.354265e-07
-2.557096e-07
7.33876e-08
4.018877e-07
-2.946047e-07
1.365185e-07
3.262685e-07
-2.865e-07
2.552488e-07
1.988776e-07
-2.403984e-07
3.482084e-07
1.361494e-07
-1.799724e-07
2.439428e-07
2.042193e-07
-1.50091e-07
1.193669e-07
3.015564e-07
-1.483457e-07
6.495873e-08
3.489796e-07
-1.507991e-07
4.145622e-08
3.398063e-07
-1.483231e-07
2.925182e-08
3.123307e-07
-1.343809e-07
1.840566e-08
2.811829e-07
-1.007082e-07
6.574544e-10
2.541567e-07
-4.886097e-08
-2.942562e-08
2.366924e-07
-9.057692e-09
-7.863647e-08
2.316233e-07
1.642549e-09
-1.733791e-07
2.187234e-07
-1.081887e-08
-3.410856e-07
1.875865e-07
-3.796457e-08
-6.128248e-07
1.389998e-07
-5.122509e-08
-9.830482e-07
7.719067e-08
-1.16518e-06
2.461472e-08
-5.259254e-07
-9.128027e-07
-2.16223e-09
-1.033521e-06
-6.410343e-07
5.741032e-08
-1.364994e-06
-3.728892e-07
1.222842e-07
-1.544229e-06
-2.219944e-07
1.717281e-07
-1.624255e-06
-1.476186e-07
2.050939e-07
-1.646592e-06
-1.14716e-07
2.270457e-07
-1.632758e-06
-1.018546e-07
2.389844e-07
-1.594452e-06
-9.79332e-08
2.423724e-07
-1.537799e-06
-9.97491e-08
2.343036e-07
-1.457552e-06
-1.033868e-07
2.059197e-07
-1.343573e-06
-1.030894e-07
1.455129e-07
-1.180698e-06
-9.06799e-08
4.112545e-08
-9.473027e-07
-5.036206e-08
-1.110324e-07
-6.729329e-07
2.925295e-08
-2.265873e-07
-3.522868e-07
1.69992e-07
-3.646148e-07
2.902916e-09
2.531207e-07
-4.068787e-07
3.581681e-07
1.023146e-07
-2.967272e-07
6.524165e-07
-1.987235e-08
-1.787873e-07
8.783415e-07
-9.052856e-08
-4.232601e-08
1.051723e-06
-1.205909e-07
5.473496e-08
1.183736e-06
-1.283776e-07
1.18729e-07
1.283896e-06
-1.273275e-07
1.56001e-07
1.354189e-06
-1.24926e-07
1.741725e-07
1.391449e-06
-1.258276e-07
1.797678e-07
1.389071e-06
-1.354552e-07
1.751367e-07
1.325213e-06
-1.650348e-07
1.590509e-07
1.166494e-06
-2.323571e-07
1.305131e-07
8.72698e-07
-3.651933e-07
8.611725e-08
4.328344e-07
-5.90901e-07
2.800214e-08
-7.858832e-07
-1.696913e-08
-9.971606e-07
-7.798923e-08
-1.685857e-06
-9.207055e-08
-2.070666e-06
-1.055246e-07
-2.276172e-06
-1.31466e-07
-2.382822e-06
-1.702213e-07
-2.431762e-06
-2.228482e-07
-2.440089e-06
-2.922477e-07
-2.412026e-06
-3.814404e-07
-2.345927e-06
-4.948555e-07
-2.233137e-06
-6.373776e-07
-2.056991e-06
-8.11363e-07
-1.793286e-06
-1.012333e-06
-1.419643e-06
-1.207655e-06
-9.640373e-07
-1.287939e-06
-3.165148e-07
-1.420687e-06
4.326009e-07
-1.470014e-06
1.003315e-06
-1.372141e-06
1.447321e-06
-1.306287e-06
1.748847e-06
-1.105652e-06
1.944015e-06
-8.978273e-07
2.066226e-06
-7.165445e-07
2.136403e-06
-5.665776e-07
2.165453e-06
-4.448253e-07
2.157005e-06
-3.466038e-07
2.10821e-06
-2.693102e-07
2.003532e-06
-2.10258e-07
1.807022e-06
-1.664112e-07
1.451142e-06
-1.364797e-07
8.38383e-07
-1.194169e-07
-9.664762e-08
7.344871e-07
-6.847637e-07
2.296482e-08
1.340064e-06
-5.397251e-07
3.226146e-08
1.695143e-06
-2.858652e-07
3.205502e-08
1.852781e-06
-9.422934e-08
2.816524e-08
1.882867e-06
2.277278e-08
2.385946e-08
1.846776e-06
7.686313e-08
2.198705e-08
1.786259e-06
8.900232e-08
2.321213e-08
1.723258e-06
7.903975e-08
2.881469e-08
1.667089e-06
5.885501e-08
4.11418e-08
1.619559e-06
3.416188e-08
6.505586e-08
1.577501e-06
6.758124e-09
1.086478e-07
1.52426e-06
-1.667073e-08
1.881811e-07
1.421263e-06
-1.438791e-08
3.12526e-07
1.158872e-06
8.708308e-08
4.804706e-07
6.236515e-07
2.812315e-07
6.545833e-07
-1.775726e-07
4.978857e-07
7.299052e-07
-7.728578e-07
3.555501e-07
5.589491e-07
-1.064379e-06
1.158873e-07
3.995069e-07
-1.211438e-06
4.432848e-08
2.418585e-07
-1.302192e-06
3.689967e-08
1.442068e-07
-1.376151e-06
4.864943e-08
9.155661e-08
-1.446134e-06
6.321892e-08
6.496706e-08
-1.514924e-06
7.535886e-08
5.423901e-08
-1.575854e-06
7.825718e-08
5.341788e-08
-1.609933e-06
6.081228e-08
5.91301e-08
-1.580795e-06
6.100344e-09
6.864553e-08
-1.436437e-06
-1.025614e-07
7.918273e-08
-1.120275e-06
-2.720396e-07
8.604648e-08
-5.966091e-07
-4.837075e-07
8.455224e-08
-5.675565e-07
6.456496e-08
5.290337e-07
-1.206173e-06
4.072155e-08
9.980356e-07
-9.812565e-07
6.4948e-08
1.315396e-06
-5.615332e-07
7.797533e-08
1.517479e-06
-2.511687e-07
8.322717e-08
1.637321e-06
-5.640845e-08
8.400071e-08
1.701325e-06
4.498387e-08
8.517746e-08
1.733647e-06
8.068712e-08
9.141387e-08
1.744495e-06
8.495803e-08
1.040389e-07
1.730794e-06
8.272769e-08
1.2456e-07
1.682465e-06
8.65025e-08
1.548426e-07
1.586556e-06
1.028636e-07
1.930759e-07
1.427568e-06
1.426201e-07
2.377213e-07
1.207626e-06
2.376403e-07
2.497045e-07
8.413152e-07
4.551965e-07
3.228248e-07
2.854404e-07
7.817469e-07
3.685532e-07
-3.455868e-07
1.02606e-06
3.674428e-07
-8.059066e-07
7.536421e-07
3.103993e-07
-1.094997e-06
3.803376e-07
2.72664e-07
-1.29101e-06
2.126936e-07
2.531796e-07
-1.411542e-06
1.435822e-07
2.095907e-07
-1.48079e-06
1.15687e-07
1.718626e-07
-1.51322e-06
1.038969e-07
1.422284e-07
-1.518645e-06
9.768477e-08
1.226215e-07
-1.499189e-06
8.339073e-08
1.117326e-07
-1.444157e-06
3.752706e-08
1.081081e-07
-1.333588e-06
-6.673874e-08
1.092924e-07
-1.148423e-06
-2.48679e-07
1.082577e-07
-8.623385e-07
-5.245184e-07
9.992274e-08
-4.499033e-07
-8.761947e-07
8.286181e-08
-1.012634e-06
5.486949e-08
9.085281e-08
-1.325227e-06
5.482135e-08
1.331012e-07
-1.029194e-06
9.40042e-08
1.707043e-07
-5.829537e-07
1.341751e-07
2.254054e-07
-2.796744e-07
1.688127e-07
3.013965e-07
-1.029441e-07
1.915914e-07
3.748947e-07
-5.110222e-09
2.065977e-07
4.219484e-07
4.683967e-08
2.267895e-07
4.41978e-07
7.296698e-08
2.593892e-07
4.3494e-07
9.337669e-08
3.035868e-07
3.99631e-07
1.202365e-07
3.572474e-07
3.333413e-07
1.667887e-07
4.061455e-07
2.380432e-07
2.527211e-07
4.206243e-07
1.830592e-07
4.210417e-07
2.734756e-07
8.348697e-08
6.92754e-07
1.882909e-07
-9.012248e-08
1.059111e-06
9.513258e-08
-2.842062e-07
1.282603e-06
7.369796e-08
-3.878986e-07
9.521271e-07
1.094337e-07
-4.344573e-07
5.343679e-07
1.940886e-07
-4.873497e-07
2.865857e-07
3.279805e-07
-5.065937e-07
1.662297e-07
3.364006e-07
-4.999454e-07
1.126077e-07
3.087587e-07
-4.731155e-07
8.617508e-08
2.72072e-07
-4.283979e-07
6.713565e-08
2.399856e-07
-3.6609e-07
4.090537e-08
2.168682e-07
-2.901305e-07
-1.095768e-08
2.041471e-07
-2.197718e-07
-1.074917e-07
1.891171e-07
-1.694622e-07
-2.734674e-07
1.620645e-07
-1.337872e-07
-5.44788e-07
1.235934e-07
-9.119894e-08
-9.231459e-07
8.155255e-08
-1.125626e-06
4.640637e-08
-4.753156e-07
-9.107806e-07
5.870684e-08
-9.271474e-07
-6.172086e-07
9.725624e-08
-1.201597e-06
-3.299843e-07
1.437646e-07
-1.32726e-06
-1.667546e-07
1.844708e-07
-1.355662e-06
-8.252094e-08
2.13073e-07
-1.326433e-06
-3.862692e-08
2.313329e-07
-1.272289e-06
-1.052307e-08
2.422019e-07
-1.215334e-06
1.128742e-08
2.470965e-07
-1.156942e-06
3.227036e-08
2.370154e-07
-1.092271e-06
6.258505e-08
1.988998e-07
-1.010964e-06
1.181037e-07
1.128895e-07
-8.957512e-07
2.185855e-07
-3.995087e-08
-6.855995e-07
3.84014e-07
-2.84152e-07
-4.729154e-07
5.875715e-07
-3.340828e-07
-2.24961e-07
8.918093e-07
-4.452599e-07
3.604783e-08
1.080201e-06
-4.654777e-07
3.136723e-07
7.770191e-07
-3.992369e-07
5.451587e-07
4.800161e-07
-3.55918e-07
6.718664e-07
2.567831e-07
-1.392301e-07
7.701503e-07
1.201104e-07
2.568763e-09
8.568302e-07
5.081674e-08
9.38378e-08
9.401484e-07
1.457877e-08
1.442764e-07
1.022964e-06
-8.770322e-09
1.672609e-07
1.098401e-06
-2.981703e-08
1.750518e-07
1.1432e-06
-5.543494e-08
1.748142e-07
1.128195e-06
-9.636247e-08
1.629263e-07
1.020621e-06
-1.74034e-07
1.386524e-07
7.798623e-07
-3.199819e-07
1.020691e-07
3.895498e-07
-5.650761e-07
6.02437e-08
-7.844759e-07
3.143044e-08
-9.979775e-07
9.207418e-09
-1.687407e-06
-1.985021e-08
-2.070593e-06
-5.232213e-08
-2.278315e-06
-9.049874e-08
-2.39391e-06
-1.371481e-07
-2.460674e-06
-1.947108e-07
-2.496445e-06
-2.669998e-07
-2.506484e-06
-3.601148e-07
-2.489662e-06
-4.794077e-07
-2.43257e-06
-6.318855e-07
-2.303098e-06
-8.227318e-07
-2.049933e-06
-1.046912e-06
-1.627192e-06
-1.246379e-06
-1.150021e-06
-1.177536e-06
-3.61328e-07
-1.317567e-06
6.153701e-07
-1.366507e-06
1.296468e-06
-1.276217e-06
1.813274e-06
-1.343076e-06
2.108441e-06
-1.144036e-06
2.249568e-06
-9.188439e-07
2.305834e-06
-7.219943e-07
2.314893e-06
-5.61059e-07
2.292959e-06
-4.31663e-07
2.244786e-06
-3.282478e-07
2.167618e-06
-2.475781e-07
2.044961e-06
-1.839634e-07
1.838152e-06
-1.336367e-07
1.47561e-06
-9.392006e-08
8.528876e-07
-6.177151e-08
-2.823597e-08
7.323568e-07
-6.992946e-07
-1.009803e-08
1.341016e-06
-5.655385e-07
-1.086013e-08
1.70144e-06
-3.164893e-07
-1.187978e-08
1.866844e-06
-1.255111e-07
-1.172794e-08
1.906936e-06
-6.264473e-09
-9.968375e-09
1.883778e-06
5.132595e-08
-6.182266e-09
1.841179e-06
6.697366e-08
-1.163107e-09
1.8052e-06
5.946377e-08
5.328433e-09
1.793146e-06
3.876893e-08
1.442443e-08
1.820268e-06
9.16311e-09
2.876796e-08
1.901696e-06
-2.467825e-08
5.18961e-08
2.011281e-06
-1.910449e-08
9.770063e-08
1.969865e-06
2.102877e-07
1.436563e-07
1.567297e-06
8.830451e-07
6.480624e-07
1.573824e-06
-5.927927e-07
1.970768e-06
-1.34915e-06
1.315309e-06
-1.582737e-06
3.486858e-07
2.844112e-07
-1.562539e-06
3.551082e-08
1.861472e-07
-1.520019e-06
-2.335607e-09
1.040197e-07
-1.510143e-06
1.931377e-08
6.236227e-08
-1.527772e-06
4.261699e-08
3.997597e-08
-1.562146e-06
5.943304e-08
2.917672e-08
-1.599036e-06
6.531805e-08
2.498869e-08
-1.6166e-06
5.177932e-08
2.491402e-08
-1.577769e-06
2.586648e-09
2.722748e-08
-1.42906e-06
-1.002846e-07
3.07578e-08
-1.112267e-06
-2.643464e-07
3.359923e-08
-5.910354e-07
-4.70473e-07
3.379215e-08
-5.52415e-07
2.59437e-08
5.423463e-07
-1.219897e-06
1.897671e-08
1.023001e-06
-1.010402e-06
2.915637e-08
1.349211e-06
-5.982058e-07
3.348109e-08
1.559622e-06
-2.886124e-07
3.591784e-08
1.695505e-06
-9.592903e-08
3.778173e-08
1.783772e-06
6.822296e-09
4.141356e-08
1.845011e-06
4.926114e-08
4.78859e-08
1.893194e-06
5.937887e-08
5.593929e-08
1.929632e-06
6.076133e-08
6.612808e-08
1.947656e-06
6.909027e-08
7.68892e-08
1.934664e-06
1.043585e-07
7.702963e-08
1.848969e-06
2.435245e-07
6.078733e-08
1.605027e-06
7.537523e-07
-4.981527e-08
1.124285e-06
1.686617e-06
4.156785e-07
2.650989e-06
-3.919208e-07
3.145815e-06
-1.037352e-06
2.271144e-06
-1.43377e-06
9.453248e-07
7.244478e-08
-1.614743e-06
3.360494e-07
1.336139e-07
-1.681122e-06
1.549485e-07
1.186824e-07
-1.69689e-06
1.039794e-07
1.02962e-07
-1.684457e-06
8.762017e-08
8.478912e-08
-1.653958e-06
8.033604e-08
7.121728e-08
-1.605566e-06
6.625835e-08
6.23994e-08
-1.527675e-06
2.4236e-08
5.775978e-08
-1.400108e-06
-7.182584e-08
5.613724e-08
-1.200115e-06
-2.464667e-07
5.444633e-08
-8.979121e-07
-5.172366e-07
5.060897e-08
-4.67067e-07
-8.62082e-07
4.362437e-08
-9.948376e-07
3.022453e-08
1.345493e-07
-1.339926e-06
4.030101e-08
2.178445e-07
-1.060127e-06
6.04334e-08
2.872271e-07
-6.128547e-07
7.944116e-08
3.693502e-07
-2.999501e-07
9.802668e-08
4.66336e-07
-1.135456e-07
1.12222e-07
5.640266e-07
-9.062982e-09
1.247913e-07
6.507486e-07
4.729049e-08
1.420367e-07
7.234846e-07
8.04606e-08
1.655696e-07
7.802763e-07
1.131235e-07
1.944307e-07
8.13895e-07
1.672249e-07
2.254918e-07
8.048427e-07
2.84963e-07
2.34592e-07
7.289659e-07
5.57251e-07
1.82776e-07
6.261289e-07
1.201184e-06
-7.111565e-08
4.441147e-07
2.056927e-06
1.765394e-07
3.013702e-06
-1.207937e-07
3.516851e-06
-3.765619e-07
2.63635e-06
-6.226768e-07
1.401943e-06
-1.641188e-08
-7.852975e-07
6.495226e-07
1.771285e-07
-8.27029e-07
3.244336e-07
2.086448e-07
-8.024601e-07
1.867966e-07
2.013698e-07
-7.46403e-07
1.269367e-07
1.766952e-07
-6.737179e-07
9.378622e-08
1.538477e-07
-5.886175e-07
6.206762e-08
1.359567e-07
-4.910455e-07
7.379335e-09
1.234306e-07
-3.915684e-07
-9.324524e-08
1.110587e-07
-3.045613e-07
-2.659119e-07
9.450168e-08
-2.274937e-07
-5.439657e-07
7.325399e-08
-1.366385e-07
-9.23705e-07
5.231926e-08
-1.119189e-06
3.411909e-08
-3.995563e-07
-9.360243e-07
5.436133e-08
-7.918423e-07
-6.464561e-07
7.587132e-08
-1.018909e-06
-3.441011e-07
1.020772e-07
-1.100873e-06
-1.608838e-07
1.273683e-07
-1.089678e-06
-5.736783e-08
1.456995e-07
-1.028644e-06
3.500347e-09
1.577349e-07
-9.493399e-07
4.399071e-08
1.661967e-07
-8.728685e-07
7.862208e-08
1.72462e-07
-8.11342e-07
1.209123e-07
1.676981e-07
-7.75852e-07
1.906779e-07
1.399548e-07
-7.672012e-07
3.240385e-07
6.516271e-08
-7.514568e-07
5.700209e-07
-6.846276e-08
-5.517889e-07
1.029579e-06
-3.122103e-07
-3.756002e-07
1.546661e-06
-6.334585e-08
2.256193e-06
3.140076e-07
2.674026e-06
5.824032e-07
1.968722e-06
7.248938e-07
1.196782e-06
-2.932444e-07
6.833393e-07
6.500323e-07
-9.818404e-08
6.443599e-07
3.579185e-07
8.061989e-09
6.465713e-07
2.034279e-07
7.499276e-08
6.880223e-07
1.234806e-07
1.062786e-07
7.54425e-07
7.629172e-08
1.183506e-07
8.315021e-07
3.901617e-08
1.210246e-07
8.973383e-07
-2.694043e-09
1.190506e-07
9.177108e-07
-6.120392e-08
1.105118e-07
8.515635e-07
-1.563723e-07
9.525952e-08
6.567209e-07
-3.197627e-07
7.270786e-08
3.226265e-07
-5.787498e-07
4.938215e-08
-7.991713e-07
3.403843e-08
-9.624613e-07
3.564426e-08
-1.644001e-06
1.52331e-08
-2.030653e-06
-9.771125e-09
-2.244955e-06
-3.708104e-08
-2.370494e-06
-6.897703e-08
-2.454083e-06
-1.076221e-07
-2.521775e-06
-1.55317e-07
-2.585637e-06
-2.176318e-07
-2.64462e-06
-2.995134e-07
-2.678455e-06
-4.073724e-07
-2.624902e-06
-5.52246e-07
-2.367417e-06
-7.343747e-07
-1.721004e-06
-8.632109e-07
-1.351876e-06
-4.132457e-07
8.942761e-07
1.586783e-06
2.311695e-06
-8.712041e-07
2.587278e-06
-7.695852e-07
2.628549e-06
-6.021971e-07
2.571104e-06
-4.611224e-07
2.484766e-06
-3.512414e-07
2.394092e-06
-2.646974e-07
2.301612e-06
-1.967521e-07
2.19539e-06
-1.440514e-07
2.052172e-06
-1.019488e-07
1.830479e-06
-6.831626e-08
1.457552e-06
-4.075639e-08
8.337789e-07
-1.674879e-08
6.371403e-09
7.24932e-07
-7.366741e-07
1.643399e-09
1.335726e-06
-6.235849e-07
1.930766e-09
1.700938e-06
-3.791002e-07
2.007433e-09
1.871536e-06
-1.84286e-07
1.959256e-09
1.916989e-06
-5.723331e-08
1.81125e-09
1.897972e-06
1.123559e-08
1.598252e-09
1.859112e-06
3.632258e-08
1.373685e-09
1.828832e-06
3.443308e-08
1.173445e-09
1.827147e-06
1.509994e-08
1.007519e-09
1.870331e-06
-1.53037e-08
8.857535e-10
1.944061e-06
-2.26653e-08
8.302326e-10
1.758466e-06
2.824168e-07
8.781501e-10
1.901198e-06
9.240413e-10
-1.626595e-06
1.907962e-06
3.047051e-09
-1.763682e-06
3.198902e-07
3.342521e-09
-1.657658e-06
-5.25524e-09
3.247954e-09
-1.590341e-06
-8.215741e-09
3.257508e-09
-1.573159e-06
1.943459e-08
3.355538e-09
-1.58668e-06
3.91932e-08
3.502188e-09
-1.610169e-06
4.481887e-08
3.657455e-09
-1.618731e-06
2.96924e-08
3.78215e-09
-1.573899e-06
-2.142341e-08
3.818298e-09
-1.421433e-06
-1.254067e-07
3.697899e-09
-1.102968e-06
-2.88303e-07
3.437289e-09
-5.832281e-07
-4.890081e-07
3.058334e-09
-5.597151e-07
2.429793e-09
5.360835e-07
-1.254233e-06
4.512972e-10
1.012511e-06
-1.071278e-06
4.211096e-10
1.334214e-06
-6.67844e-07
5.215761e-10
1.540939e-06
-3.557113e-07
6.174029e-10
1.67803e-06
-1.571802e-07
6.368074e-10
1.77768e-06
-4.758269e-08
5.814681e-10
1.855476e-06
5.886505e-09
5.239504e-10
1.916014e-06
2.934168e-08
4.912332e-10
1.952432e-06
4.434118e-08
4.673133e-10
1.934196e-06
7.936338e-08
4.575157e-10
1.769739e-06
2.183449e-07
4.751455e-10
1.245176e-06
8.671806e-07
5.871378e-10
3.095879e-06
6.792081e-10
-1.141841e-06
3.120341e-06
1.908872e-09
-1.618952e-06
9.288858e-07
1.729278e-09
-1.76958e-06
2.62506e-07
1.546328e-09
-1.790023e-06
1.135838e-07
1.602871e-09
-1.762167e-06
7.468658e-08
1.678205e-09
-1.712179e-06
5.869587e-08
1.725023e-09
-1.644818e-06
3.813108e-08
1.72507e-09
-1.550611e-06
-8.427755e-09
1.672004e-09
-1.41339e-06
-1.039937e-07
1.486202e-09
-1.209228e-06
-2.763017e-07
1.178653e-09
-9.032896e-07
-5.444468e-07
8.127916e-10
-4.68472e-07
-8.807474e-07
5.445997e-10
-9.985462e-07
5.829774e-10
1.496892e-07
-1.363213e-06
-4.084331e-10
2.481163e-07
-1.108541e-06
-7.307548e-10
3.274036e-07
-6.669765e-07
-7.142019e-10
4.180247e-07
-3.476711e-07
-6.350733e-10
5.25443e-07
-1.518188e-07
-5.585432e-10
6.410571e-07
-3.783483e-08
-5.722283e-10
7.582435e-07
3.141232e-08
-6.768902e-10
8.743932e-07
7.947317e-08
-7.132899e-10
9.781538e-07
1.357148e-07
-7.050944e-10
1.037069e-06
2.465846e-07
-6.45932e-10
9.458166e-07
5.446441e-07
-4.537698e-10
5.927926e-07
1.402959e-06
2.32664e-11
3.617101e-06
4.552972e-10
-5.446234e-07
3.647684e-06
8.705143e-10
-9.066331e-07
1.468048e-06
-2.314222e-11
-1.032039e-06
5.973375e-07
-7.819977e-10
-1.000603e-06
2.844687e-07
-9.536096e-10
-9.159957e-07
1.676987e-07
-9.26738e-10
-8.136314e-07
1.11019e-07
-8.420768e-10
-7.048286e-07
6.603489e-08
-7.51722e-10
-5.902303e-07
1.159143e-09
-7.557354e-10
-4.74924e-07
-1.073148e-07
-9.27377e-10
-3.703436e-07
-2.852143e-07
-1.166859e-09
-2.732616e-07
-5.669102e-07
-1.365561e-09
-1.582335e-07
-9.420703e-07
-1.387006e-09
-1.121844e-06
-8.174851e-10
-3.514265e-07
-9.564175e-07
-1.008066e-09
-7.035624e-07
-6.790325e-07
-1.501662e-09
-8.966525e-07
-3.701334e-07
-1.676164e-09
-9.436816e-07
-1.715061e-07
-1.768069e-09
-8.983641e-07
-4.967391e-08
-1.763368e-09
-8.045356e-07
2.772013e-08
-1.649498e-09
-6.868171e-07
8.143365e-08
-1.544369e-09
-5.667849e-07
1.333174e-07
-1.41569e-09
-4.701441e-07
2.079469e-07
-1.17625e-09
-4.303544e-07
3.475943e-07
-8.451051e-10
-4.728877e-07
6.527814e-07
-4.396612e-10
-4.556032e-07
1.317265e-06
-5.19093e-11
2.84908e-06
2.084039e-10
4.828114e-07
2.871548e-06
8.38708e-11
4.897007e-07
1.363578e-06
-6.016448e-10
4.032267e-07
6.930876e-07
-1.214471e-09
3.902192e-07
3.741201e-07
-1.653684e-09
4.424137e-07
2.237178e-07
-1.937669e-09
5.310238e-07
1.428493e-07
-2.092357e-09
6.335541e-07
8.668543e-08
-2.157617e-09
7.231986e-07
3.276202e-08
-2.19797e-09
7.692373e-07
-4.058883e-08
-2.253437e-09
7.342902e-07
-1.526591e-07
-2.349436e-09
5.723083e-07
-3.29812e-07
-2.409081e-09
2.774535e-07
-5.954808e-07
-2.353883e-09
-8.08692e-07
-1.660595e-09
-9.195036e-07
-1.269977e-09
-1.581783e-06
-1.519715e-09
-1.960224e-06
-1.464111e-09
-2.167455e-06
-1.355982e-09
-2.28488e-06
-1.226367e-09
-2.363678e-06
-1.104255e-09
-2.43658e-06
-9.825366e-10
-2.520042e-06
-8.530699e-10
-2.610897e-06
-7.116212e-10
-2.670111e-06
-5.638983e-10
-2.569162e-06
-4.130312e-10
-1.985997e-06
-2.73516e-10
-1.2722e-10
2.001535e-06
-1.189052e-09
2.596853e-06
-1.324615e-09
2.689114e-06
-1.369979e-09
2.603528e-06
-1.417611e-09
2.477466e-06
-1.462257e-09
2.357117e-06
-1.499576e-09
2.248585e-06
-1.535921e-09
2.138886e-06
-1.590105e-09
1.998044e-06
-1.696399e-09
1.778926e-06
-1.856775e-09
1.410413e-06
-2.05686e-09
8.004222e-07
-2.239014e-09
-1.898704e-09
7.249226e-07
-7.356453e-07
1.236527e-08
1.33553e-06
-6.222967e-07
1.361958e-08
1.700529e-06
-3.778645e-07
1.487222e-08
1.870929e-06
-1.832212e-07
1.477989e-08
1.916243e-06
-5.641748e-08
1.291359e-08
1.897205e-06
1.175135e-08
8.884412e-09
1.858414e-06
3.658001e-08
3.582574e-09
1.828258e-06
3.450123e-08
-3.172869e-09
1.826735e-06
1.501292e-08
-1.248515e-08
1.870135e-06
-1.553121e-08
-2.698454e-08
1.944156e-06
-2.299441e-08
-5.019748e-08
1.758749e-06
2.822722e-07
-9.598805e-08
1.901595e-06
-1.419223e-07
-1.627604e-06
1.911134e-06
-2.804829e-07
-1.764421e-06
3.21621e-07
-1.814622e-07
-1.657786e-06
-4.33004e-09
-9.905944e-08
-1.589983e-06
-7.44955e-09
-5.71005e-08
-1.572465e-06
2.017426e-08
-3.433966e-08
-1.585763e-06
3.993554e-08
-2.313715e-08
-1.609142e-06
4.55849e-08
-1.854994e-08
-1.61772e-06
3.050709e-08
-1.814844e-08
-1.573041e-06
-2.055369e-08
-2.030706e-08
-1.420811e-06
-1.245527e-07
-2.397981e-08
-1.102609e-06
-2.875128e-07
-2.725302e-08
-5.830967e-07
-4.883286e-07
-2.812677e-08
-5.592309e-07
-2.143686e-08
5.364256e-07
-1.253121e-06
-1.849939e-08
1.013105e-06
-1.069812e-06
-2.874362e-08
1.334959e-06
-6.663524e-07
-3.284529e-08
1.541735e-06
-3.543595e-07
-3.502095e-08
1.678793e-06
-1.560894e-07
-3.674983e-08
1.778322e-06
-4.682389e-08
-4.037324e-08
1.855963e-06
6.311588e-09
-4.684981e-08
1.916391e-06
2.948314e-08
-5.49203e-08
1.952711e-06
4.428164e-08
-6.512331e-08
1.93437e-06
7.915398e-08
-7.588734e-08
1.769785e-06
2.180527e-07
-7.598832e-08
1.245152e-06
8.671088e-07
-5.961636e-08
3.096234e-06
5.11923e-08
-1.141605e-06
3.124004e-06
-6.935445e-08
-1.618596e-06
9.311096e-07
-1.30768e-07
-1.769242e-06
2.638341e-07
-1.159744e-07
-1.789667e-06
1.147085e-07
-1.001324e-07
-1.76178e-06
7.577441e-08
-8.18111e-08
-1.711817e-06
5.982282e-08
-6.812766e-08
-1.644584e-06
3.93508e-08
-5.927563e-08
-1.550479e-06
-7.19066e-09
-5.473537e-08
-1.413257e-06
-1.029048e-07
-5.338512e-08
-1.209085e-06
-2.753346e-07
-5.221191e-08
-9.031778e-07
-5.435883e-07
-4.902032e-08
-4.684333e-07
-8.800098e-07
-4.25197e-08
-9.980117e-07
-2.907035e-08
1.500739e-07
-1.362443e-06
-4.11603e-08
2.48866e-07
-1.107463e-06
-6.187268e-08
3.284457e-07
-6.657859e-07
-8.086089e-08
4.192417e-07
-3.46523e-07
-9.926819e-08
5.266862e-07
-1.508677e-07
-1.132257e-07
6.421124e-07
-3.711752e-08
-1.257061e-07
7.589689e-07
3.187943e-08
-1.431026e-07
8.747068e-07
7.972284e-08
-1.666924e-07
9.780475e-07
1.358244e-07
-1.9559e-07
1.036611e-06
2.465905e-07
-2.266475e-07
9.451848e-07
5.446007e-07
-2.355747e-07
5.923691e-07
1.403083e-06
-1.831348e-07
3.617444e-06
7.161526e-08
-5.443287e-07
3.651148e-06
1.805679e-08
-9.065048e-07
1.470129e-06
-1.768657e-07
-1.032315e-06
5.983273e-07
-2.094666e-07
-1.001125e-06
2.851009e-07
-2.025384e-07
-9.165755e-07
1.682022e-07
-1.779063e-07
-8.140725e-07
1.114765e-07
-1.550012e-07
-7.049133e-07
6.646461e-08
-1.370263e-07
-5.900442e-07
1.620039e-09
-1.244366e-07
-4.746122e-07
-1.068576e-07
-1.124072e-07
-3.699649e-07
-2.847686e-07
-9.638122e-08
-2.729586e-07
-5.664108e-07
-7.555014e-08
-1.581091e-07
-9.415478e-07
-5.469986e-08
-1.121446e-06
-3.549244e-08
-3.51337e-07
-9.56002e-07
-5.611314e-08
-7.034138e-07
-6.784519e-07
-7.843605e-08
-8.964901e-07
-3.694989e-07
-1.048872e-07
-9.435974e-07
-1.709011e-07
-1.302833e-07
-8.984738e-07
-4.918128e-08
-1.485739e-07
-8.048362e-07
2.804719e-08
-1.604525e-07
-6.873384e-07
8.16411e-08
-1.688053e-07
-5.676053e-07
1.334904e-07
-1.749175e-07
-4.711718e-07
2.080819e-07
-1.698686e-07
-4.314225e-07
3.477023e-07
-1.417062e-07
-4.737803e-07
6.5288e-07
-6.636084e-08
-4.561175e-07
1.317442e-06
6.792738e-08
2.849337e-06
3.121985e-07
4.832269e-07
2.874363e-06
2.936456e-07
4.902677e-07
1.365244e-06
9.72436e-08
4.037284e-07
6.938989e-07
-1.024735e-08
3.90683e-07
3.745257e-07
-7.803568e-08
4.428703e-07
2.239133e-07
-1.098386e-07
5.315035e-07
1.429144e-07
-1.221658e-07
6.340823e-07
8.664039e-08
-1.249137e-07
7.238645e-07
3.260823e-08
-1.229692e-07
7.70017e-07
-4.073585e-08
-1.145283e-07
7.350008e-07
-1.526986e-07
-9.940395e-08
5.728333e-07
-3.297073e-07
-7.694612e-08
2.777251e-07
-5.952618e-07
-5.353282e-08
-8.084325e-07
-3.695013e-08
-9.195842e-07
-3.768789e-08
-1.581848e-06
-1.77085e-08
-1.960226e-06
7.415142e-09
-2.1674e-06
3.491676e-08
-2.284822e-06
6.701429e-08
-2.36372e-06
1.058408e-07
-2.436783e-06
1.53721e-07
-2.520376e-06
2.162295e-07
-2.611328e-06
2.983213e-07
-2.670585e-06
4.063961e-07
-2.56961e-06
5.514922e-07
-1.9863e-06
7.338589e-07
8.629102e-07
2.002461e-06
8.707138e-07
2.598112e-06
7.68269e-07
2.690372e-06
6.002687e-07
2.604689e-06
4.587905e-07
2.478512e-06
3.486268e-07
2.358051e-06
2.618748e-07
2.249388e-06
1.937674e-07
2.139493e-06
1.409128e-07
1.998449e-06
9.861167e-08
1.77918e-06
6.471348e-08
1.410572e-06
3.684289e-08
8.005007e-07
1.256969e-08
-9.830776e-09
7.321179e-07
-6.975568e-07
-2.219666e-08
1.340333e-06
-5.633463e-07
-3.125021e-08
1.700282e-06
-3.143097e-07
-3.076691e-08
1.865274e-06
-1.235786e-07
-2.663492e-08
1.905143e-06
-4.778598e-09
-2.217772e-08
1.882011e-06
5.226616e-08
-2.025087e-08
1.839625e-06
6.744089e-08
-2.147317e-08
1.803969e-06
5.957681e-08
-2.709561e-08
1.792321e-06
3.860505e-08
-3.944454e-08
1.819953e-06
8.765386e-09
-6.338455e-08
1.90206e-06
-2.528227e-08
-1.070244e-07
2.012539e-06
-1.981617e-08
-1.866517e-07
1.97169e-06
2.101384e-07
-3.112102e-07
1.569263e-06
8.819966e-07
-4.795647e-07
6.509464e-07
1.572236e-06
-6.539145e-07
-5.903461e-07
1.970858e-06
-7.295592e-07
-1.349092e-06
1.317127e-06
-5.583776e-07
-1.582682e-06
3.510769e-07
-3.979696e-07
-1.561783e-06
3.732914e-08
-2.396922e-07
-1.518543e-06
-7.875645e-10
-1.415157e-07
-1.508038e-06
2.078921e-08
-8.839768e-08
-1.525139e-06
4.40975e-08
-6.133924e-08
-1.559137e-06
6.098811e-08
-5.012963e-08
-1.595869e-06
6.700213e-08
-4.882158e-08
-1.613557e-06
5.361857e-08
-5.407938e-08
-1.575181e-06
4.572254e-09
-6.325603e-08
-1.42716e-06
-9.829303e-08
-7.370901e-08
-1.111087e-06
-2.625585e-07
-8.076811e-08
-5.905142e-07
-4.689759e-07
-7.972473e-08
-5.512979e-07
-6.065397e-08
5.427945e-07
-1.218078e-06
-4.0773e-08
1.023769e-06
-1.007992e-06
-6.507325e-08
1.350165e-06
-5.956852e-07
-7.786627e-08
1.560602e-06
-2.862568e-07
-8.27805e-08
1.696227e-06
-9.390206e-08
-8.325178e-08
1.784245e-06
8.162736e-09
-8.428877e-08
1.845407e-06
4.987148e-08
-9.044408e-08
1.893579e-06
5.951955e-08
-1.030368e-07
1.930035e-06
6.05915e-08
-1.235671e-07
1.948098e-06
6.871052e-08
-1.538975e-07
1.935216e-06
1.038175e-07
-1.922078e-07
1.849772e-06
2.429551e-07
-2.369444e-07
1.606127e-06
7.540004e-07
-2.490219e-07
1.125259e-06
1.685385e-06
-3.225166e-07
4.167601e-07
2.649076e-06
-3.683366e-07
-3.912444e-07
3.145771e-06
-3.669038e-07
-1.037796e-06
2.272965e-06
-3.092824e-07
-1.433958e-06
9.487298e-07
-2.708449e-07
-1.614331e-06
3.38082e-07
-2.511486e-07
-1.680335e-06
1.566688e-07
-2.074289e-07
-1.695807e-06
1.056678e-07
-1.695424e-07
-1.683159e-06
8.939804e-08
-1.397615e-07
-1.652543e-06
8.227571e-08
-1.200339e-07
-1.604209e-06
6.845482e-08
-1.090634e-07
-1.526674e-06
2.676646e-08
-1.054191e-07
-1.399439e-06
-6.934273e-08
-1.067052e-07
-1.199492e-06
-2.443756e-07
-1.060774e-07
-8.974145e-07
-5.154367e-07
-9.822034e-08
-4.668133e-07
-8.605504e-07
-8.154747e-08
-9.935927e-07
-5.35893e-08
1.350693e-07
-1.338731e-06
-5.557793e-08
2.188369e-07
-1.058462e-06
-9.5171e-08
2.886476e-07
-6.110406e-07
-1.353167e-07
3.711214e-07
-2.982298e-07
-1.697695e-07
4.684303e-07
-1.12153e-07
-1.922846e-07
5.659299e-07
-8.055038e-09
-2.069892e-07
6.519223e-07
4.798761e-08
-2.272127e-07
7.238894e-07
8.081075e-08
-2.599525e-07
7.799164e-07
1.132812e-07
-3.04309e-07
8.128613e-07
1.672575e-07
-3.581414e-07
8.033473e-07
2.849133e-07
-4.071579e-07
7.275848e-07
5.571632e-07
-4.215799e-07
6.256705e-07
1.201374e-06
-2.738418e-07
4.437856e-07
2.055715e-06
-1.884409e-07
1.761594e-07
3.011691e-06
-9.498431e-08
-1.216062e-07
3.516699e-06
-7.315794e-08
-3.782337e-07
2.637843e-06
-1.082465e-07
-6.238916e-07
1.405035e-06
-1.925887e-07
-7.864646e-07
6.509253e-07
-3.271361e-07
-8.285367e-07
3.252969e-07
-3.360246e-07
-8.042749e-07
1.87506e-07
-3.086411e-07
-7.483309e-07
1.276237e-07
-2.720788e-07
-6.755066e-07
9.450377e-08
-2.400558e-07
-5.900013e-07
6.28399e-08
-2.169184e-07
-4.916552e-07
8.120785e-09
-2.041382e-07
-3.913796e-07
-9.247723e-08
-1.895493e-07
-3.040062e-07
-2.651298e-07
-1.630014e-07
-2.269443e-07
-5.430885e-07
-1.249613e-07
-1.3639e-07
-9.227264e-07
-8.307932e-08
-1.118269e-06
-4.720672e-08
-3.994921e-07
-9.354042e-07
-5.994805e-08
-7.917683e-07
-6.45622e-07
-9.899994e-08
-1.018841e-06
-3.432269e-07
-1.456287e-07
-1.100872e-06
-1.601161e-07
-1.863662e-07
-1.089873e-06
-5.680057e-08
-2.149262e-07
-1.02911e-06
3.857076e-09
-2.331279e-07
-9.501898e-07
4.423799e-08
-2.439776e-07
-8.742612e-07
7.88078e-08
-2.488447e-07
-8.131666e-07
1.210378e-07
-2.387213e-07
-7.778975e-07
1.907629e-07
-2.004824e-07
-7.69188e-07
3.240936e-07
-1.142514e-07
-7.530727e-07
5.700206e-07
3.895591e-08
-5.527106e-07
1.029586e-06
2.836274e-07
-3.766765e-07
1.545811e-06
3.338745e-07
-6.479926e-08
2.254617e-06
4.452023e-07
3.122246e-07
2.673875e-06
4.658045e-07
5.805082e-07
1.969614e-06
3.999498e-07
7.243521e-07
1.198473e-06
3.563666e-07
6.832584e-07
6.508197e-07
1.384434e-07
6.443477e-07
3.583417e-07
-4.383144e-09
6.4653e-07
2.036287e-07
-9.634306e-08
6.879484e-07
1.235476e-07
-1.471833e-07
7.543828e-07
7.625492e-08
-1.703534e-07
8.316401e-07
3.883924e-08
-1.781718e-07
8.977917e-07
-3.049764e-09
-1.779509e-07
9.184758e-07
-6.155018e-08
-1.661401e-07
8.523898e-07
-1.565453e-07
-1.419029e-07
6.573865e-07
-3.196768e-07
-1.053552e-07
3.229636e-07
-5.784035e-07
-6.343407e-08
-7.986428e-07
-3.361344e-08
-9.625818e-07
-1.051067e-08
-1.644195e-06
1.828294e-08
-2.030837e-06
5.082977e-08
-2.245131e-06
8.909381e-08
-2.370747e-06
1.358299e-07
-2.454524e-06
1.934746e-07
-2.522423e-06
2.658574e-07
-2.586443e-06
3.590568e-07
-2.645545e-06
4.784606e-07
-2.679443e-06
6.310559e-07
-2.625879e-06
8.220217e-07
-2.368326e-06
1.046327e-06
-1.721723e-06
1.245896e-06
-1.353062e-06
1.177152e-06
-4.156136e-07
1.317171e-06
8.918739e-07
1.366391e-06
1.585247e-06
1.276242e-06
2.311641e-06
1.342794e-06
2.587714e-06
1.143016e-06
2.62916e-06
9.171644e-07
2.571785e-06
7.197927e-07
2.485504e-06
5.584547e-07
2.394873e-06
4.2876e-07
2.302354e-06
3.251254e-07
2.195944e-06
2.44273e-07
2.052513e-06
1.804922e-07
1.830657e-06
1.300236e-07
1.457631e-06
9.019088e-08
8.337704e-07
5.802662e-08
2.529663e-08
7.342046e-07
-6.832112e-07
-7.319082e-08
1.339248e-06
-5.377226e-07
-9.857202e-08
1.693688e-06
-2.837903e-07
-1.014168e-07
1.850704e-06
-9.232081e-08
-9.133114e-08
1.88043e-06
2.421843e-08
-7.612271e-08
1.844341e-06
7.769778e-08
-6.186107e-08
1.784097e-06
8.932293e-08
-5.055304e-08
1.721517e-06
7.90013e-08
-4.351825e-08
1.665833e-06
5.858792e-08
-4.235095e-08
1.618814e-06
3.3756e-08
-5.01238e-08
1.577283e-06
6.261428e-09
-7.175678e-08
1.524605e-06
-1.723394e-08
-1.167403e-07
1.422214e-06
-1.50224e-08
-1.937949e-07
1.160478e-06
8.628433e-08
-3.041094e-07
6.262495e-07
2.802301e-07
-3.999112e-07
-1.74834e-07
4.977714e-07
-4.262416e-07
-7.710793e-07
3.569392e-07
-3.190686e-07
-1.062686e-06
1.171571e-07
-2.235197e-07
-1.209319e-06
4.541117e-08
-1.384715e-07
-1.299425e-06
3.796402e-08
-8.937634e-08
-1.372682e-06
4.978902e-08
-6.493232e-08
-1.442003e-06
6.449822e-08
-5.651923e-08
-1.510269e-06
7.684855e-08
-5.87138e-08
-1.57095e-06
8.005502e-08
-6.819742e-08
-1.605206e-06
6.3014e-08
-8.283823e-08
-1.57676e-06
8.703548e-09
-1.004063e-07
-1.433414e-06
-9.981863e-08
-1.172367e-07
-1.118329e-06
-2.694895e-07
-1.26365e-07
-5.957004e-07
-4.814924e-07
-1.208616e-07
-5.658105e-07
-9.054454e-08
5.293288e-07
-1.204634e-06
-4.868012e-08
9.984904e-07
-9.791312e-07
-9.28269e-08
1.315901e-06
-5.591932e-07
-1.198746e-07
1.517935e-06
-2.488841e-07
-1.282513e-07
1.637454e-06
-5.43672e-08
-1.241867e-07
1.701155e-06
4.631074e-08
-1.166032e-07
1.733421e-06
8.122409e-08
-1.146127e-07
1.744287e-06
8.507039e-08
-1.199741e-07
1.730599e-06
8.264546e-08
-1.33938e-07
1.682239e-06
8.636133e-08
-1.581449e-07
1.586258e-06
1.027151e-07
-1.92682e-07
1.427211e-06
1.424276e-07
-2.375592e-07
1.207309e-06
2.373435e-07
-2.814836e-07
8.410094e-07
4.545893e-07
-3.245173e-07
2.851321e-07
7.809117e-07
-3.131351e-07
-3.459268e-07
1.025999e-06
-2.640671e-07
-8.061028e-07
7.549385e-07
-2.471022e-07
-1.094907e-06
3.816539e-07
-2.465363e-07
-1.290618e-06
2.13804e-07
-2.238315e-07
-1.410866e-06
1.446887e-07
-1.939072e-07
-1.479821e-06
1.168877e-07
-1.676887e-07
-1.511974e-06
1.052788e-07
-1.483908e-07
-1.51719e-06
9.935632e-08
-1.373273e-07
-1.497707e-06
8.552591e-08
-1.340192e-07
-1.443066e-06
4.041522e-08
-1.374618e-07
-1.332884e-06
-6.349592e-08
-1.446886e-07
-1.147703e-06
-2.45805e-07
-1.452729e-07
-8.617127e-07
-5.219185e-07
-1.317827e-07
-4.49531e-07
-8.738983e-07
-1.013241e-07
-1.010634e-06
-5.829712e-08
9.112615e-08
-1.324231e-06
-2.71078e-08
1.336212e-07
-1.02774e-06
-8.905782e-08
1.715236e-07
-5.813167e-07
-1.510961e-07
2.265578e-07
-2.780773e-07
-1.956112e-07
3.02934e-07
-1.016058e-07
-2.214232e-07
3.7633e-07
-4.090766e-09
-2.299851e-07
4.226981e-07
4.759836e-08
-2.399568e-07
4.420239e-07
7.342698e-08
-2.67637e-07
4.342882e-07
9.369758e-08
-3.076278e-07
3.983363e-07
1.204838e-07
-3.563143e-07
3.314787e-07
1.669506e-07
-4.045371e-07
2.357782e-07
2.527295e-07
-4.361807e-07
1.807889e-07
4.209349e-07
-4.024405e-07
8.124477e-08
6.923077e-07
-3.266097e-07
-9.229139e-08
1.058353e-06
-1.988833e-07
-2.863781e-07
1.282546e-06
-1.356124e-07
-3.899038e-07
9.532205e-07
-2.029987e-07
-4.362047e-07
5.35434e-07
-3.000658e-07
-4.89211e-07
2.873222e-07
-3.476481e-07
-5.088407e-07
1.669303e-07
-3.386383e-07
-5.026504e-07
1.133187e-07
-3.112651e-07
-4.762045e-07
8.69273e-08
-2.801762e-07
-4.316876e-07
6.7996e-08
-2.532149e-07
-3.693075e-07
4.194334e-08
-2.357178e-07
-2.923474e-07
-9.973239e-09
-2.307112e-07
-2.206192e-07
-1.064196e-07
-2.183549e-07
-1.695638e-07
-2.723067e-07
-1.87556e-07
-1.335658e-07
-5.435064e-07
-1.393728e-07
-9.104344e-08
-9.217291e-07
-7.777218e-08
-1.124134e-06
-2.475079e-08
-4.754802e-07
-9.102259e-07
1.52675e-09
-9.274417e-07
-6.164591e-07
-5.831981e-08
-1.201914e-06
-3.292189e-07
-1.232551e-07
-1.32754e-06
-1.661031e-07
-1.727142e-07
-1.35597e-06
-8.204485e-08
-2.060575e-07
-1.326897e-06
-3.829069e-08
-2.280022e-07
-1.273121e-06
-1.022807e-08
-2.399278e-07
-1.216712e-06
1.151501e-08
-2.433432e-07
-1.158802e-06
3.240814e-08
-2.353435e-07
-1.09451e-06
6.265946e-08
-2.06952e-07
-1.013461e-06
1.181103e-07
-1.464607e-07
-8.983272e-07
2.184654e-07
-4.191252e-08
-6.88104e-07
3.838456e-07
1.104963e-07
-4.75471e-07
5.872276e-07
2.263261e-07
-2.275709e-07
8.91143e-07
3.645177e-07
3.351581e-08
1.080157e-06
4.071127e-07
3.118829e-07
7.776277e-07
2.9718e-07
5.442545e-07
4.806012e-07
1.788302e-07
6.714153e-07
2.570257e-07
4.157935e-08
7.69804e-07
1.202823e-07
-5.612527e-08
8.563665e-07
5.094877e-08
-1.205378e-07
9.39476e-07
1.469327e-08
-1.58061e-07
1.022157e-06
-8.689035e-09
-1.763516e-07
1.097754e-06
-2.983173e-08
-1.819946e-07
1.142859e-06
-5.560192e-08
-1.774285e-07
1.128188e-06
-9.650359e-08
-1.613857e-07
1.020823e-06
-1.740301e-07
-1.328152e-07
7.801199e-07
-3.197461e-07
-8.841338e-08
3.896874e-07
-5.64556e-07
-3.017579e-08
-7.836894e-07
1.562862e-08
-9.981706e-07
7.743378e-08
-1.687709e-06
9.136161e-08
-2.0709e-06
1.048018e-07
-2.278653e-06
1.30744e-07
-2.394374e-06
1.69505e-07
-2.46133e-06
2.221396e-07
-2.497256e-06
2.91555e-07
-2.507444e-06
3.807593e-07
-2.490787e-06
4.942107e-07
-2.433843e-06
6.367712e-07
-2.304507e-06
8.107953e-07
-2.051511e-06
1.011797e-06
-1.628917e-06
1.20715e-06
-1.152028e-06
1.287493e-06
-3.639576e-07
1.420246e-06
6.12869e-07
1.469724e-06
1.29498e-06
1.37176e-06
1.812657e-06
1.305719e-06
2.108219e-06
1.10448e-06
2.249577e-06
8.960874e-07
2.305994e-06
7.14324e-07
2.315178e-06
5.639633e-07
2.293338e-06
4.419101e-07
2.245171e-06
3.434602e-07
2.167859e-06
2.659829e-07
2.045036e-06
2.068104e-07
1.838099e-06
1.62931e-07
1.475487e-06
1.330553e-07
8.52742e-07
1.162154e-07
9.434899e-08
7.336981e-07
-7.397487e-07
-6.714112e-08
1.339693e-06
-6.035119e-07
-1.010554e-07
1.689893e-06
-3.396802e-07
-1.119371e-07
1.835041e-06
-1.320564e-07
-1.044241e-07
1.845114e-06
1.769133e-09
-8.796513e-08
1.783221e-06
7.004611e-08
-7.001505e-08
1.695528e-06
9.091954e-08
-5.378122e-08
1.605577e-06
8.666548e-08
-4.023438e-08
1.521026e-06
7.246861e-08
-3.027092e-08
1.440037e-06
5.594437e-08
-2.508097e-08
1.354576e-06
3.984865e-08
-2.614577e-08
1.248959e-06
2.466854e-08
-3.579233e-08
1.097136e-06
1.330608e-08
-5.527648e-08
8.532289e-07
2.40063e-08
-8.420507e-08
4.793162e-07
7.834714e-08
-1.04341e-07
-4.010819e-08
1.897199e-07
-9.65318e-08
-4.957291e-07
2.002317e-07
-6.367593e-08
-7.910265e-07
1.259746e-07
-5.419602e-08
-9.816151e-07
9.086712e-08
-3.875068e-08
-1.117757e-06
7.800545e-08
-3.124184e-08
-1.22922e-06
7.703872e-08
-3.051041e-08
-1.331483e-06
8.142287e-08
-3.568094e-08
-1.430324e-06
8.565647e-08
-4.553082e-08
-1.52001e-06
8.040977e-08
-5.892248e-08
-1.579322e-06
5.141912e-08
-7.494694e-08
-1.568442e-06
-1.922099e-08
-9.206548e-08
-1.434185e-06
-1.454868e-07
-1.060079e-07
-1.120494e-06
-3.30188e-07
-1.098694e-07
-5.946976e-07
-5.499963e-07
-9.666258e-08
-6.209497e-07
-6.429313e-08
5.065883e-07
-1.268399e-06
-2.661922e-08
9.445631e-07
-1.05669e-06
-7.762434e-08
1.227958e-06
-6.292119e-07
-1.137386e-07
1.394086e-06
-3.005059e-07
-1.25931e-07
1.482624e-06
-8.813177e-08
-1.228242e-07
1.516927e-06
3.050224e-08
-1.113635e-07
1.516991e-06
7.791037e-08
-1.016693e-07
1.493062e-06
8.873111e-08
-9.811251e-08
1.44107e-06
9.169147e-08
-1.011708e-07
1.351782e-06
9.786878e-08
-1.107828e-07
1.21458e-06
1.099437e-07
-1.25576e-07
1.020259e-06
1.243569e-07
-1.429267e-07
7.649613e-07
1.433257e-07
-1.562032e-07
4.394746e-07
1.882518e-07
-1.632717e-07
7.019844e-08
2.758098e-07
-1.413155e-07
-2.736135e-07
3.751716e-07
-1.057011e-07
-5.458868e-07
3.323757e-07
-1.06969e-07
-7.763191e-07
2.357287e-07
-1.258564e-07
-9.620446e-07
1.816777e-07
-1.289166e-07
-1.101872e-06
1.47202e-07
-1.232774e-07
-1.201345e-06
1.244028e-07
-1.155827e-07
-1.267121e-06
1.088814e-07
-1.10075e-07
-1.305639e-06
9.589422e-08
-1.090496e-07
-1.318082e-06
7.196968e-08
-1.131373e-07
-1.291285e-06
9.734042e-09
-1.225753e-07
-1.210534e-06
-1.135993e-07
-1.310615e-07
-1.060565e-06
-3.116009e-07
-1.291294e-07
-8.080932e-07
-6.022878e-07
-1.121555e-07
-4.262218e-07
-9.580046e-07
-7.518847e-08
-1.074763e-06
-3.070593e-08
5.03068e-08
-1.362969e-06
1.715489e-08
3.448937e-08
-1.080453e-06
-4.947792e-08
8.737557e-09
-6.387704e-07
-1.157864e-07
2.832447e-09
-3.314679e-07
-1.58745e-07
2.429609e-08
-1.511451e-07
-1.798747e-07
6.639457e-08
-5.479587e-08
-1.867875e-07
9.373552e-08
-2.266943e-09
-1.871226e-07
8.458435e-08
2.778183e-08
-1.975391e-07
4.561863e-08
4.244737e-08
-2.194204e-07
-1.862982e-08
5.075339e-08
-2.449526e-07
-1.004447e-07
5.42132e-08
-2.669925e-07
-1.900276e-07
5.550461e-08
-2.77745e-07
-2.5725e-07
7.357325e-08
-2.654624e-07
-2.962326e-07
1.366226e-07
-2.359929e-07
-2.881e-07
2.552141e-07
-1.864141e-07
-2.420252e-07
3.485537e-07
-1.550633e-07
-1.816214e-07
2.447561e-07
-1.757779e-07
-1.517139e-07
1.201625e-07
-2.144044e-07
-1.502346e-07
6.58897e-08
-2.333391e-07
-1.53258e-07
4.257121e-08
-2.309856e-07
-1.515362e-07
3.051213e-08
-2.190988e-07
-1.384378e-07
1.982382e-08
-2.0422e-07
-1.058034e-07
2.426458e-09
-1.923844e-07
-5.447878e-08
-2.745828e-08
-1.876168e-07
-1.353347e-08
-7.680356e-08
-1.851207e-07
-1.195638e-09
-1.711645e-07
-1.731289e-07
-1.256559e-08
-3.388651e-07
-1.489232e-07
-3.890855e-08
-6.10366e-07
-1.049529e-07
-5.163769e-08
-9.804664e-07
-4.258239e-08
-1.1627e-06
1.154734e-08
-5.263113e-07
-9.124466e-07
7.731491e-08
-1.03421e-06
-6.404822e-07
9.607822e-09
-1.365776e-06
-3.723094e-07
-5.815089e-08
-1.544937e-06
-2.214744e-07
-1.035474e-07
-1.624936e-06
-1.472206e-07
-1.299828e-07
-1.647353e-06
-1.144083e-07
-1.459736e-07
-1.633562e-06
-1.015701e-07
-1.544168e-07
-1.595414e-06
-9.766242e-08
-1.560482e-07
-1.539097e-06
-9.951575e-08
-1.496988e-07
-1.459197e-06
-1.032005e-07
-1.328989e-07
-1.345561e-06
-1.029621e-07
-1.029224e-07
-1.182985e-06
-9.061753e-08
-5.836579e-08
-9.497547e-07
-5.038674e-08
1.22937e-09
-6.754477e-07
2.921545e-08
5.943049e-08
-3.548211e-07
1.698484e-07
1.292625e-07
5.659262e-10
2.533342e-07
1.469515e-07
3.563179e-07
1.028885e-07
8.330058e-08
6.509689e-07
-1.933429e-08
2.367859e-08
8.769755e-07
-8.99795e-08
-2.855774e-08
1.050132e-06
-1.199359e-07
-6.677518e-08
1.181783e-06
-1.276572e-07
-9.402186e-08
1.281569e-06
-1.26544e-07
-1.114807e-07
1.35183e-06
-1.241143e-07
-1.200731e-07
1.389326e-06
-1.250655e-07
-1.218851e-07
1.38709e-06
-1.347515e-07
-1.172449e-07
1.323629e-06
-1.642531e-07
-1.048365e-07
1.165218e-06
-2.314856e-07
-8.178461e-08
8.718418e-07
-3.641938e-07
-4.121055e-08
4.32371e-07
-5.897495e-07
1.85768e-08
-7.846177e-07
6.99169e-08
-9.974181e-07
1.624048e-07
-1.68623e-06
1.396912e-07
-2.07109e-06
1.173524e-07
-2.276667e-06
1.14846e-07
-2.383473e-06
1.290901e-07
-2.432621e-06
1.568782e-07
-2.44114e-06
1.985038e-07
-2.413254e-06
2.552102e-07
-2.34732e-06
3.287601e-07
-2.234689e-06
4.209394e-07
-2.058706e-06
5.318494e-07
-1.795174e-06
6.576487e-07
-1.42174e-06
7.833294e-07
-9.663187e-07
8.6129e-07
-3.190902e-07
9.42869e-07
4.302287e-07
9.737417e-07
1.001652e-06
9.032278e-07
1.446262e-06
8.417752e-07
1.748169e-06
7.125934e-07
1.943611e-06
5.807087e-07
2.066004e-06
4.642739e-07
2.136305e-06
3.671173e-07
2.165435e-06
2.88665e-07
2.156968e-06
2.268607e-07
2.108049e-06
1.801495e-07
2.003264e-06
1.473427e-07
1.806667e-06
1.280412e-07
1.450755e-06
1.247729e-07
8.380405e-07
1.391799e-07
1.477714e-07
6.614861e-07
-7.28628e-07
1.213442e-06
-6.530121e-07
1.510269e-06
-4.087643e-07
1.594438e-06
-1.885933e-07
1.543449e-06
-3.697656e-08
1.426466e-06
4.696662e-08
1.293964e-06
7.871938e-08
1.171231e-06
8.249647e-08
1.06459e-06
7.63691e-08
9.697562e-07
6.975106e-08
8.773894e-07
6.622038e-08
7.753835e-07
6.621348e-08
6.504061e-07
6.970231e-08
4.844838e-07
8.17205e-08
2.689079e-07
1.112386e-07
9.985372e-09
1.623955e-07
-2.367568e-07
1.830687e-07
-4.398739e-07
1.489228e-07
-5.960834e-07
1.174583e-07
-7.233594e-07
9.603327e-08
-8.385188e-07
8.464712e-08
-9.544838e-07
8.028233e-08
-1.077673e-06
7.76564e-08
-1.203264e-06
6.666794e-08
-1.308055e-06
2.984313e-08
-1.348079e-06
-5.204227e-08
-1.265926e-06
-1.881615e-07
-1.000841e-06
-3.749554e-07
-5.28094e-07
-5.694107e-07
-5.923876e-07
4.766023e-07
-1.23185e-06
8.607491e-07
-1.114784e-06
1.069507e-06
-7.31261e-07
1.141922e-06
-3.869406e-07
1.143584e-06
-1.614631e-07
1.107468e-06
-2.828146e-08
1.048612e-06
3.590372e-08
9.745213e-07
5.847349e-08
8.836908e-07
6.602716e-08
7.716894e-07
7.096814e-08
6.363241e-07
7.600895e-08
4.789182e-07
8.069323e-08
3.069164e-07
8.550336e-08
1.276863e-07
9.768298e-08
-2.82187e-08
1.258331e-07
-1.392197e-07
1.677003e-07
-2.364501e-07
1.733333e-07
-3.558794e-07
1.424975e-07
-4.826172e-07
1.152798e-07
-6.028855e-07
9.302303e-08
-7.100694e-07
7.624666e-08
-8.02761e-07
6.289683e-08
-8.817246e-07
4.756864e-08
-9.437371e-07
1.554157e-08
-9.820157e-07
-5.445453e-08
-9.835163e-07
-1.816041e-07
-9.16417e-07
-3.843909e-07
-7.296375e-07
-6.738916e-07
-3.952922e-07
-9.789454e-07
-1.018386e-06
1.078426e-07
-1.322538e-06
9.280447e-08
-1.149224e-06
2.171328e-10
-7.544607e-07
-1.052547e-07
-4.402146e-07
-1.89781e-07
-2.568124e-07
-2.443956e-07
-1.604562e-07
-2.806292e-07
-1.149864e-07
-3.232708e-07
-9.642599e-08
-3.798361e-07
-9.682943e-08
-4.407952e-07
-1.130268e-07
-4.896321e-07
-1.421467e-07
-5.083597e-07
-1.783235e-07
-4.783833e-07
-2.099331e-07
-3.984281e-07
-2.182617e-07
-2.673819e-07
-1.916225e-07
-1.037546e-07
-1.50985e-07
5.908562e-08
-1.652811e-07
1.751802e-07
-1.87999e-07
2.389029e-07
-1.817819e-07
2.657071e-07
-1.647674e-07
2.689033e-07
-1.460504e-07
2.60424e-07
-1.328459e-07
2.465027e-07
-1.308966e-07
2.191713e-07
-1.447455e-07
1.652887e-07
-1.856939e-07
8.445492e-08
-2.739001e-07
-1.204036e-08
-4.368201e-07
-9.065876e-08
-7.00227e-07
-9.678156e-08
-1.015406e-06
-1.103621e-06
-3.465142e-07
-8.9871e-07
-7.720702e-07
-7.140606e-07
-1.113946e-06
-4.707363e-07
-1.335284e-06
-3.224245e-07
-1.470059e-06
-2.520202e-07
-1.549185e-06
-2.273053e-07
-1.589707e-06
-2.28882e-07
-1.595519e-06
-2.466627e-07
-1.564664e-06
-2.773849e-07
-1.492226e-06
-3.183634e-07
-1.371898e-06
-3.653981e-07
-1.196763e-06
-4.118225e-07
-9.582054e-07
-4.472599e-07
-6.617622e-07
-4.552711e-07
-2.949781e-07
-4.291395e-07
1.109678e-07
-4.099749e-07
4.736071e-07
-4.446162e-07
7.606706e-07
-4.513824e-07
9.785428e-07
-4.282112e-07
1.135873e-06
-3.888738e-07
1.241028e-06
-3.45228e-07
1.301285e-06
-3.045848e-07
1.322095e-06
-2.717812e-07
1.305407e-06
-2.499432e-07
1.246275e-06
-2.438078e-07
1.130079e-06
-2.62542e-07
9.332477e-07
-3.217738e-07
6.369557e-07
-4.451466e-07
2.792516e-07
-6.39126e-07
-7.544525e-07
-7.363054e-07
-1.310675e-06
-1.664059e-06
-1.871638e-06
-1.994568e-06
-2.064996e-06
-2.095374e-06
-2.086828e-06
-2.035453e-06
-1.932877e-06
-1.766426e-06
-1.520599e-06
-1.184528e-06
-7.785074e-07
-2.647756e-07
2.989935e-07
7.57606e-07
1.148e-06
1.432382e-06
1.624216e-06
1.743262e-06
1.805794e-06
1.822677e-06
1.799594e-06
1.735935e-06
1.620735e-06
1.427002e-06
1.106628e-06
6.066811e-07
)
;

boundaryField
{
    minX
    {
        type            calculated;
        value           uniform 0;
    }
    maxX
    {
        type            calculated;
        value           uniform 0;
    }
    minY
    {
        type            calculated;
        value           nonuniform List<scalar> 
292
(
0
0
0
0
-2.584939e-26
2.584939e-26
0
2.584939e-26
0
0
0
2.584939e-26
0
0
0
0
2.584939e-26
0
0
0
0
0
0
0
0
0
0
0
0
2.584939e-26
0
2.584939e-26
0
0
0
0
0
0
0
0
0
0
0
0
0
0
0
0
0
0
0
0
0
0
0
0
0
0
2.584939e-26
0
0
0
0
-2.584939e-26
0
-2.584939e-26
-2.584939e-26
0
0
0
0
0
0
0
0
0
0
0
0
0
0
0
0
-2.584939e-26
0
0
0
-2.584939e-26
0
0
0
0
0
0
0
0
0
0
-2.584939e-26
0
-2.584939e-26
0
0
0
0
0
0
0
0
-2.584939e-26
-2.584939e-26
0
0
0
0
0
0
0
0
0
2.584939e-26
0
0
0
0
0
0
2.584939e-26
0
0
-2.584939e-26
0
0
-1.29247e-26
1.29247e-26
0
2.584939e-26
0
0
-2.584939e-26
0
0
0
0
0
0
0
0
0
0
0
0
0
-5.169879e-26
0
0
0
0
0
0
0
0
0
0
0
0
0
0
0
0
0
0
0
0
-2.584939e-26
0
0
0
0
0
-2.584939e-26
0
0
0
0
0
0
0
2.584939e-26
0
0
-2.584939e-26
0
0
0
0
0
0
0
0
2.584939e-26
2.584939e-26
-2.584939e-26
2.584939e-26
0
0
0
0
0
0
-2.584939e-26
0
-2.584939e-26
0
2.584939e-26
0
0
0
0
2.584939e-26
2.584939e-26
0
0
0
0
-2.584939e-26
0
0
0
0
0
0
0
0
0
0
0
2.584939e-26
0
0
0
0
0
0
-2.584939e-26
0
0
0
-2.584939e-26
0
-2.584939e-26
0
0
-2.584939e-26
0
0
2.584939e-26
0
0
0
2.584939e-26
0
0
0
0
0
-2.584939e-26
2.584939e-26
0
0
0
0
0
-2.584939e-26
0
2.584939e-26
0
-2.584939e-26
-2.584939e-26
0
0
0
0
0
0
0
0
2.584939e-26
0
0
2.584939e-26
0
)
;
    }
    minZ
    {
        type            calculated;
        value           uniform 0;
    }
    maxZ
    {
        type            calculated;
        value           uniform 0;
    }
    bottomAir_to_rightSolid
    {
        type            calculated;
        value           nonuniform List<scalar> 
130
(
0
0
0
0
0
0
0
0
0
0
0
1.469368e-39
0
0
0
0
0
0
0
0
0
0
0
0
0
0
0
0
0
0
0
0
0
0
0
0
0
0
0
0
0
0
0
0
0
0
0
0
0
0
0
0
0
0
0
0
0
0
0
0
0
0
0
0
0
0
0
0
0
0
0
0
0
0
0
0
0
0
0
0
0
0
0
0
0
0
0
0
0
0
0
0
0
0
0
0
0
0
-2.938736e-39
0
0
-2.938736e-39
0
0
0
0
0
0
0
0
0
0
0
0
0
0
0
0
0
0
0
0
0
0
0
0
0
0
0
0
)
;
    }
    bottomAir_to_leftSolid
    {
        type            calculated;
        value           nonuniform List<scalar> 
130
(
0
0
0
0
0
0
0
0
0
0
0
0
0
0
0
0
0
0
0
0
0
0
0
0
0
0
0
0
0
0
0
0
0
0
0
0
0
0
0
0
0
0
0
0
0
2.938736e-39
0
-1.469368e-39
0
0
0
0
0
0
0
0
0
0
0
2.938736e-39
-2.938736e-39
0
0
0
0
0
0
0
0
0
0
0
0
0
0
0
0
0
0
0
0
0
0
0
0
2.938736e-39
2.938736e-39
0
0
0
0
0
0
0
0
0
0
-2.938736e-39
0
0
0
0
0
0
0
0
0
0
0
0
0
0
0
0
0
0
0
0
0
0
0
0
0
0
0
0
0
0
0
0
)
;
    }
    bottomAir_to_heater
    {
        type            calculated;
        value           nonuniform List<scalar> 
92
(
0
0
0
0
0
0
0
0
0
0
0
0
0
0
0
-1.694066e-21
0
0
0
0
0
0
0
0
0
0
0
0
0
0
0
-5.293956e-23
0
-5.293956e-23
0
0
0
0
0
0
-8.470329e-22
0
0
0
0
-5.293956e-23
0
0
0
1.694066e-21
0
-1.694066e-21
0
0
0
0
0
0
0
0
0
0
8.470329e-22
0
0
0
0
0
0
0
0
0
0
5.293956e-23
0
0
0
0
0
0
0
0
0
0
0
0
0
0
0
0
0
0
)
;
    }
}


// ************************************************************************* //
