/*--------------------------------*- C++ -*----------------------------------*\
| =========                 |                                                 |
| \\      /  F ield         | OpenFOAM: The Open Source CFD Toolbox           |
|  \\    /   O peration     | Version:  v2012                                 |
|   \\  /    A nd           | Website:  www.openfoam.com                      |
|    \\/     M anipulation  |                                                 |
\*---------------------------------------------------------------------------*/
FoamFile
{
    version     2.0;
    format      ascii;
    class       volScalarField;
    location    "1200/bottomAir";
    object      rho;
}
// * * * * * * * * * * * * * * * * * * * * * * * * * * * * * * * * * * * * * //

dimensions      [1 -3 0 0 0 0 0];


internalField   nonuniform List<scalar> 
1460
(
1.165561
1.165149
1.164749
1.164458
1.164265
1.164096
1.163919
1.163726
1.163508
1.163257
1.162966
1.162625
1.162222
1.161738
1.161165
1.160571
1.160228
1.160365
1.160645
1.160932
1.161193
1.161422
1.161624
1.161804
1.161968
1.162125
1.162314
1.162577
1.16291
1.163231
1.165724
1.164791
1.163828
1.163131
1.162734
1.162561
1.16242
1.162226
1.161965
1.161637
1.161249
1.160812
1.160346
1.159881
1.159467
1.159181
1.15909
1.159191
1.159412
1.15968
1.159954
1.160207
1.160423
1.160594
1.160726
1.160933
1.161318
1.161919
1.162679
1.163362
1.165966
1.164394
1.162611
1.161155
1.160258
1.15969
1.159286
1.158833
1.158283
1.157684
1.157098
1.15659
1.156219
1.156038
1.156047
1.15615
1.156142
1.15613
1.156272
1.156539
1.156893
1.157293
1.157691
1.158055
1.158471
1.159033
1.159853
1.161051
1.162422
1.16356
1.166355
1.164283
1.162091
1.160355
1.159027
1.157941
1.156983
1.156096
1.155269
1.154512
1.153845
1.153292
1.152881
1.152639
1.152544
1.15256
1.152647
1.152828
1.153164
1.153636
1.154214
1.154871
1.155589
1.156359
1.157193
1.158133
1.159258
1.160672
1.162367
1.163878
1.167775
1.166216
1.164636
1.163166
1.161745
1.160335
1.158929
1.15754
1.15619
1.15491
1.153736
1.152711
1.15189
1.151329
1.150983
1.1509
1.151162
1.151581
1.152273
1.153159
1.154179
1.15529
1.156458
1.157654
1.158858
1.160056
1.161254
1.162476
1.163755
1.164951
1.165116
1.164761
1.164475
1.164294
1.164184
1.164071
1.163951
1.163819
1.163669
1.163494
1.163284
1.163024
1.162681
1.162194
1.161528
1.160751
1.160414
1.160696
1.160999
1.161241
1.161438
1.161603
1.161745
1.161869
1.16198
1.162085
1.162198
1.16237
1.16262
1.162906
1.165117
1.164215
1.163451
1.16299
1.162773
1.162696
1.162608
1.162478
1.162293
1.16205
1.161745
1.161376
1.160935
1.160418
1.159875
1.159442
1.159422
1.159635
1.159881
1.160118
1.160335
1.160523
1.160674
1.160789
1.16088
1.16097
1.161196
1.161611
1.162234
1.162909
1.165212
1.163569
1.162005
1.16094
1.16033
1.160035
1.159852
1.159524
1.159089
1.158602
1.158119
1.157715
1.157421
1.157263
1.157233
1.15725
1.157236
1.157229
1.157308
1.157484
1.157737
1.158028
1.158308
1.158513
1.158693
1.159042
1.159625
1.160536
1.161775
1.162986
1.165457
1.163217
1.161148
1.159612
1.158456
1.157514
1.156683
1.155922
1.155199
1.154539
1.153979
1.153558
1.153305
1.153197
1.153166
1.153272
1.15339
1.153451
1.15355
1.153802
1.154213
1.154742
1.155345
1.156017
1.156751
1.157582
1.158582
1.159864
1.161512
1.163188
1.167022
1.165334
1.163711
1.162209
1.160738
1.159254
1.157746
1.156225
1.154712
1.153241
1.151858
1.150623
1.149633
1.149035
1.148722
1.148694
1.148951
1.149364
1.150215
1.151298
1.152518
1.153818
1.155155
1.156497
1.157819
1.159112
1.160382
1.161662
1.163013
1.164349
1.164908
1.164591
1.164353
1.164213
1.164124
1.164036
1.163944
1.163845
1.163733
1.163601
1.163436
1.163187
1.162728
1.161734
1.160414
1.159127
1.159457
1.160601
1.161145
1.161405
1.161565
1.161688
1.161791
1.161881
1.161963
1.162041
1.162119
1.162244
1.162444
1.162692
1.164911
1.164065
1.163393
1.163022
1.162876
1.162817
1.162747
1.162646
1.162502
1.162311
1.16206
1.161723
1.16116
1.160127
1.158886
1.157934
1.158563
1.159617
1.160119
1.160389
1.160581
1.160732
1.160849
1.160937
1.161003
1.161063
1.161208
1.161523
1.162055
1.162679
1.165014
1.163425
1.161975
1.161067
1.160597
1.160422
1.160245
1.159971
1.159614
1.159205
1.15878
1.158349
1.157817
1.157054
1.156386
1.156049
1.156584
1.157359
1.157737
1.157982
1.158229
1.158486
1.158726
1.158919
1.159068
1.159264
1.159694
1.160451
1.161581
1.162748
1.165272
1.163056
1.161011
1.159534
1.158465
1.157631
1.15693
1.156246
1.155571
1.154926
1.154301
1.153614
1.152675
1.151774
1.151163
1.151046
1.151694
1.152625
1.153485
1.154064
1.154553
1.15507
1.155619
1.15619
1.156795
1.15752
1.158437
1.159662
1.161283
1.162952
1.16677
1.165015
1.163316
1.161724
1.160142
1.158522
1.15685
1.155137
1.153408
1.151697
1.150048
1.148514
1.147206
1.146444
1.145871
1.145712
1.146305
1.146953
1.148107
1.149452
1.150909
1.152434
1.153984
1.15552
1.157011
1.158447
1.159835
1.161213
1.16265
1.164066
1.164953
1.164631
1.164379
1.164225
1.164132
1.164045
1.163958
1.163868
1.163769
1.163652
1.163461
1.162972
1.160953
1.152665
1.146821
1.144105
1.149003
1.158499
1.160872
1.161436
1.161624
1.161729
1.161812
1.161886
1.161954
1.162022
1.162091
1.162206
1.162392
1.162627
1.165001
1.164169
1.163492
1.163104
1.162927
1.162868
1.162804
1.162718
1.162599
1.162438
1.162197
1.161612
1.159208
1.151254
1.145374
1.142746
1.147838
1.157341
1.159873
1.160484
1.160713
1.160851
1.160952
1.161027
1.161084
1.161135
1.161265
1.161555
1.162052
1.162642
1.165137
1.163598
1.162176
1.161281
1.160816
1.160605
1.160436
1.160205
1.159909
1.159557
1.159127
1.158355
1.155572
1.148006
1.143071
1.140994
1.145428
1.154548
1.1574
1.158135
1.158477
1.158743
1.158971
1.159159
1.159311
1.159481
1.159855
1.160551
1.161619
1.162733
1.165417
1.163254
1.161208
1.159718
1.158654
1.157842
1.157164
1.156471
1.155739
1.154935
1.153916
1.152236
1.148829
1.143994
1.141012
1.139648
1.142636
1.148218
1.151718
1.15338
1.154347
1.155083
1.155741
1.156354
1.156938
1.157623
1.15851
1.159719
1.161322
1.162947
1.166746
1.164928
1.163145
1.161458
1.159767
1.158016
1.15619
1.154283
1.152303
1.150257
1.148131
1.145838
1.14333
1.141617
1.140133
1.139369
1.141027
1.142837
1.145261
1.147402
1.14936
1.15123
1.153034
1.154761
1.156403
1.157967
1.159464
1.160936
1.162454
1.16393
1.16508
1.164738
1.164452
1.164262
1.164141
1.164051
1.163962
1.163871
1.163772
1.163626
1.163209
1.160758
1.142145
1.140582
1.158709
1.161188
1.161609
1.161738
1.161816
1.161884
1.161949
1.162013
1.162089
1.162213
1.162407
1.162642
1.165165
1.164327
1.163609
1.163167
1.162938
1.162833
1.162777
1.162702
1.162599
1.16244
1.161998
1.159434
1.140669
1.139142
1.157648
1.160278
1.160738
1.160893
1.160988
1.161056
1.16111
1.161165
1.161311
1.16161
1.162107
1.162684
1.165328
1.163822
1.16239
1.161454
1.160943
1.160685
1.160497
1.160299
1.160066
1.159778
1.159226
1.156572
1.138567
1.137133
1.155187
1.15802
1.158611
1.158887
1.159099
1.159276
1.159435
1.159616
1.159986
1.160672
1.161716
1.162792
1.165624
1.163523
1.161489
1.159979
1.158899
1.158086
1.157407
1.156756
1.156066
1.155244
1.153827
1.149942
1.136091
1.134897
1.148725
1.152816
1.154375
1.155238
1.155917
1.156525
1.157093
1.157772
1.158652
1.159857
1.16144
1.163017
1.166843
1.165011
1.16319
1.161457
1.159711
1.15789
1.155973
1.153936
1.151758
1.149388
1.146629
1.142811
1.13591
1.134909
1.141755
1.145552
1.148242
1.150499
1.152537
1.154418
1.156161
1.157797
1.159351
1.160868
1.162423
1.163917
1.165076
1.164734
1.164449
1.16426
1.164139
1.16405
1.163961
1.16387
1.163772
1.163626
1.163209
1.160756
1.142137
1.140551
1.158693
1.161179
1.161602
1.161732
1.16181
1.161878
1.161943
1.162007
1.162084
1.162208
1.162401
1.162636
1.16516
1.164322
1.163606
1.163166
1.162938
1.162835
1.162778
1.162704
1.162601
1.162442
1.162
1.159435
1.140667
1.139113
1.157635
1.160271
1.160733
1.160888
1.160983
1.161053
1.161106
1.161161
1.161306
1.161605
1.162102
1.162678
1.165322
1.163816
1.162386
1.161451
1.160942
1.160686
1.160499
1.160301
1.160068
1.159779
1.159227
1.156573
1.138565
1.137114
1.15518
1.158018
1.15861
1.158886
1.159098
1.159275
1.159432
1.159613
1.159983
1.160668
1.161711
1.162788
1.165618
1.163517
1.161482
1.159973
1.158894
1.158081
1.157403
1.156753
1.156063
1.155242
1.153826
1.149941
1.136089
1.134885
1.148722
1.152817
1.154376
1.15524
1.155919
1.156527
1.157095
1.157772
1.158651
1.159854
1.161436
1.163013
1.166839
1.165008
1.163188
1.161455
1.159709
1.157888
1.155972
1.153934
1.151756
1.149386
1.146627
1.142809
1.135908
1.1349
1.141751
1.145549
1.14824
1.150497
1.152535
1.154416
1.156158
1.157794
1.159348
1.160865
1.162419
1.163913
1.164943
1.164622
1.164373
1.16422
1.164129
1.164043
1.163956
1.163866
1.163768
1.163651
1.163461
1.162972
1.160953
1.152668
1.146824
1.144092
1.148976
1.158473
1.160851
1.161419
1.161607
1.161713
1.161796
1.16187
1.161939
1.162006
1.162076
1.162191
1.162377
1.162612
1.16499
1.16416
1.163486
1.163101
1.162926
1.162869
1.162806
1.16272
1.162601
1.16244
1.1622
1.161615
1.159203
1.151256
1.145379
1.14274
1.147819
1.157322
1.159858
1.160472
1.160702
1.160841
1.160943
1.161018
1.161075
1.161126
1.161255
1.161543
1.16204
1.162629
1.165127
1.163588
1.162168
1.161275
1.160813
1.160608
1.160438
1.160207
1.15991
1.159557
1.159126
1.158353
1.155567
1.148006
1.143076
1.14099
1.145417
1.15453
1.157394
1.158132
1.158476
1.158742
1.158972
1.159159
1.15931
1.159476
1.159847
1.160541
1.161608
1.162721
1.165408
1.163243
1.161198
1.159708
1.158645
1.157835
1.157158
1.156465
1.155733
1.15493
1.153912
1.152233
1.148826
1.143994
1.141014
1.139646
1.142631
1.148216
1.15172
1.153383
1.15435
1.155086
1.155744
1.156357
1.15694
1.157623
1.158507
1.159713
1.161313
1.162936
1.166739
1.164922
1.16314
1.161455
1.159765
1.158015
1.156189
1.154283
1.152303
1.150258
1.14813
1.145836
1.143326
1.141615
1.140133
1.139367
1.141025
1.142835
1.145258
1.147398
1.149354
1.151222
1.153025
1.154752
1.156394
1.157957
1.159454
1.160925
1.162443
1.163918
1.164895
1.16458
1.164345
1.164207
1.16412
1.164033
1.163942
1.163843
1.163731
1.1636
1.163435
1.163186
1.162726
1.161732
1.160411
1.159118
1.159436
1.160579
1.161125
1.161385
1.161546
1.161668
1.16177
1.16186
1.161941
1.162019
1.162097
1.162222
1.162421
1.16267
1.164899
1.164054
1.163384
1.163017
1.162875
1.162818
1.162748
1.162646
1.162503
1.162311
1.16206
1.161722
1.161158
1.160124
1.158883
1.157925
1.158548
1.159602
1.160105
1.160376
1.160568
1.16072
1.160837
1.160925
1.160991
1.161051
1.161192
1.161506
1.162037
1.162659
1.165002
1.163414
1.161965
1.161059
1.160592
1.160422
1.160245
1.15997
1.159611
1.159201
1.158773
1.158341
1.157809
1.157047
1.15638
1.156043
1.156575
1.157351
1.157731
1.157978
1.158227
1.158486
1.158727
1.158921
1.159069
1.159258
1.159684
1.160437
1.161565
1.16273
1.165261
1.163044
1.161
1.159523
1.158456
1.157623
1.156924
1.15624
1.155565
1.154921
1.154297
1.153611
1.152673
1.151771
1.15116
1.15104
1.151688
1.152622
1.153482
1.154061
1.154551
1.155069
1.155619
1.15619
1.156793
1.157517
1.15843
1.159652
1.161269
1.162934
1.166761
1.165007
1.16331
1.16172
1.16014
1.15852
1.15685
1.155138
1.15341
1.151699
1.150049
1.148514
1.147204
1.146441
1.145865
1.145705
1.146297
1.146944
1.148097
1.149439
1.150895
1.152418
1.153968
1.155503
1.156994
1.15843
1.159817
1.161195
1.162632
1.164046
1.165106
1.164752
1.164467
1.164288
1.164179
1.164066
1.163946
1.163814
1.163664
1.163489
1.163279
1.163018
1.162674
1.162187
1.16152
1.160741
1.1604
1.160681
1.160983
1.161226
1.161422
1.161586
1.161726
1.161849
1.16196
1.162063
1.162175
1.162345
1.162594
1.162879
1.165107
1.164205
1.163442
1.162983
1.162769
1.162693
1.162605
1.162475
1.16229
1.162045
1.161739
1.16137
1.160928
1.16041
1.159866
1.159432
1.159411
1.159624
1.15987
1.160108
1.160325
1.160513
1.160664
1.160779
1.160869
1.160958
1.161179
1.16159
1.162211
1.162884
1.165202
1.163558
1.161994
1.16093
1.160323
1.160032
1.15985
1.159519
1.159083
1.158594
1.15811
1.157705
1.157411
1.157253
1.157224
1.157241
1.157227
1.157221
1.157302
1.157479
1.157734
1.158028
1.15831
1.158517
1.158696
1.159035
1.159613
1.160518
1.161753
1.162962
1.165447
1.163206
1.161137
1.159603
1.158448
1.157508
1.156678
1.155918
1.155195
1.154535
1.153975
1.153555
1.153302
1.153193
1.15316
1.153265
1.153383
1.153444
1.153542
1.153794
1.154206
1.154736
1.155339
1.15601
1.156742
1.15757
1.158567
1.159846
1.16149
1.163163
1.167012
1.165325
1.163704
1.162203
1.160734
1.159251
1.157744
1.156225
1.154713
1.153243
1.151859
1.150623
1.149632
1.149031
1.148714
1.148683
1.148938
1.149348
1.150196
1.151277
1.152497
1.153796
1.155132
1.156473
1.157796
1.159088
1.160358
1.161637
1.162987
1.164322
1.165563
1.165146
1.164744
1.164451
1.164257
1.164086
1.163908
1.163714
1.163494
1.163243
1.162951
1.16261
1.162207
1.161723
1.161151
1.16056
1.160222
1.160361
1.160642
1.160929
1.161188
1.161417
1.161618
1.161796
1.161958
1.162114
1.162299
1.162558
1.162888
1.163206
1.165724
1.164787
1.163822
1.163124
1.162727
1.162554
1.162412
1.162217
1.161955
1.161626
1.161238
1.160802
1.160335
1.15987
1.159457
1.159172
1.159082
1.159185
1.159407
1.159676
1.159951
1.160205
1.160421
1.160592
1.160725
1.160927
1.161305
1.1619
1.162655
1.163334
1.165965
1.164388
1.162605
1.161148
1.160253
1.159688
1.159285
1.158832
1.158282
1.157682
1.157096
1.156587
1.156215
1.156034
1.156042
1.156144
1.156137
1.156125
1.156268
1.156535
1.156892
1.157293
1.157693
1.158058
1.158467
1.159023
1.159838
1.161028
1.162395
1.16353
1.166352
1.164277
1.162085
1.16035
1.159024
1.157939
1.156981
1.156095
1.155268
1.154511
1.153843
1.153289
1.152878
1.152634
1.152537
1.15255
1.152634
1.152812
1.153146
1.153617
1.154193
1.15485
1.155568
1.156337
1.157169
1.158106
1.159229
1.160642
1.162335
1.163845
1.167769
1.166208
1.164628
1.163159
1.161739
1.16033
1.158925
1.157536
1.156188
1.154908
1.153733
1.152708
1.151885
1.151322
1.150972
1.150885
1.151143
1.151559
1.152248
1.153131
1.15415
1.15526
1.156427
1.157624
1.158827
1.160025
1.161222
1.162443
1.163721
1.164914
)
;

boundaryField
{
    minX
    {
        type            calculated;
        value           nonuniform List<scalar> 
50
(
1.165561
1.165724
1.165966
1.166355
1.167775
1.165116
1.165117
1.165212
1.165457
1.167022
1.164908
1.164911
1.165014
1.165272
1.16677
1.164953
1.165001
1.165137
1.165417
1.166746
1.16508
1.165165
1.165328
1.165624
1.166843
1.165076
1.16516
1.165322
1.165618
1.166839
1.164943
1.16499
1.165127
1.165408
1.166739
1.164895
1.164899
1.165002
1.165261
1.166761
1.165106
1.165107
1.165202
1.165447
1.167012
1.165563
1.165724
1.165965
1.166352
1.167769
)
;
    }
    maxX
    {
        type            calculated;
        value           nonuniform List<scalar> 
50
(
1.163231
1.163362
1.16356
1.163878
1.164951
1.162906
1.162909
1.162986
1.163188
1.164349
1.162692
1.162679
1.162748
1.162952
1.164066
1.162627
1.162642
1.162733
1.162947
1.16393
1.162642
1.162684
1.162792
1.163017
1.163917
1.162636
1.162678
1.162788
1.163013
1.163913
1.162612
1.162629
1.162721
1.162936
1.163918
1.16267
1.162659
1.16273
1.162934
1.164046
1.162879
1.162884
1.162962
1.163163
1.164322
1.163206
1.163334
1.16353
1.163845
1.164914
)
;
    }
    minY
    {
        type            calculated;
        value           nonuniform List<scalar> 
292
(
1.165561
1.165117
1.164908
1.164953
1.16508
1.165076
1.164943
1.164896
1.165107
1.165563
1.165149
1.164762
1.164591
1.164631
1.164738
1.164734
1.164623
1.164581
1.164753
1.165147
1.164749
1.164475
1.164353
1.16438
1.164452
1.164449
1.164373
1.164345
1.164468
1.164744
1.164458
1.164294
1.164213
1.164225
1.164262
1.16426
1.164221
1.164208
1.164288
1.164452
1.164265
1.164184
1.164125
1.164132
1.164141
1.16414
1.164129
1.164121
1.164179
1.164257
1.164096
1.164071
1.164036
1.164046
1.164051
1.16405
1.164043
1.164033
1.164066
1.164087
1.163919
1.163951
1.163945
1.163959
1.163962
1.163961
1.163957
1.163942
1.163947
1.163908
1.163726
1.163819
1.163845
1.163868
1.163871
1.163871
1.163867
1.163843
1.163815
1.163714
1.163508
1.163669
1.163733
1.16377
1.163772
1.163772
1.163769
1.163731
1.163664
1.163495
1.163257
1.163494
1.163602
1.163652
1.163627
1.163626
1.163652
1.1636
1.163489
1.163243
1.162966
1.163285
1.163436
1.163462
1.163209
1.163209
1.163462
1.163435
1.163279
1.162952
1.162626
1.163025
1.163188
1.162972
1.160758
1.160756
1.162972
1.163186
1.163018
1.162611
1.162223
1.162681
1.162728
1.160953
1.142146
1.142137
1.160953
1.162726
1.162674
1.162207
1.161738
1.162195
1.161734
1.152665
1.152668
1.161732
1.162187
1.161723
1.161165
1.161528
1.160415
1.146822
1.146824
1.160412
1.16152
1.161151
1.160571
1.160751
1.159127
1.144105
1.144092
1.159119
1.160741
1.16056
1.160228
1.160414
1.159458
1.149003
1.148976
1.159436
1.1604
1.160222
1.160365
1.160696
1.160602
1.158499
1.140582
1.140551
1.158473
1.16058
1.160681
1.160362
1.160646
1.160999
1.161146
1.160872
1.158709
1.158694
1.160851
1.161125
1.160984
1.160642
1.160933
1.161242
1.161405
1.161436
1.161189
1.16118
1.161419
1.161385
1.161226
1.160929
1.161193
1.161439
1.161566
1.161624
1.161609
1.161603
1.161608
1.161546
1.161422
1.161189
1.161423
1.161604
1.161688
1.16173
1.161738
1.161732
1.161714
1.161668
1.161586
1.161417
1.161624
1.161745
1.161791
1.161813
1.161817
1.161811
1.161797
1.16177
1.161726
1.161618
1.161804
1.161869
1.161881
1.161886
1.161885
1.161879
1.16187
1.16186
1.161849
1.161796
1.161968
1.161981
1.161964
1.161955
1.161949
1.161943
1.161939
1.161942
1.16196
1.161958
1.162126
1.162085
1.162042
1.162022
1.162013
1.162008
1.162006
1.16202
1.162064
1.162114
1.162314
1.162198
1.16212
1.162092
1.16209
1.162084
1.162076
1.162098
1.162175
1.162299
1.162577
1.16237
1.162245
1.162206
1.162214
1.162208
1.162191
1.162222
1.162346
1.162558
1.162911
1.16262
1.162444
1.162393
1.162407
1.162401
1.162377
1.162421
1.162594
1.162889
1.163231
1.162906
1.162693
1.162627
1.162642
1.162637
1.162612
1.16267
1.162879
1.163207
)
;
    }
    minZ
    {
        type            calculated;
        value           nonuniform List<scalar> 
150
(
1.165561
1.165724
1.165966
1.166355
1.167775
1.165149
1.164791
1.164394
1.164283
1.166216
1.164749
1.163828
1.162611
1.162091
1.164636
1.164458
1.163131
1.161155
1.160355
1.163166
1.164265
1.162734
1.160258
1.159027
1.161745
1.164096
1.162561
1.15969
1.157941
1.160335
1.163919
1.16242
1.159286
1.156983
1.158929
1.163726
1.162226
1.158833
1.156096
1.15754
1.163508
1.161965
1.158283
1.155269
1.15619
1.163257
1.161637
1.157684
1.154512
1.15491
1.162966
1.161249
1.157098
1.153845
1.153736
1.162625
1.160812
1.15659
1.153292
1.152711
1.162222
1.160346
1.156219
1.152881
1.15189
1.161738
1.159881
1.156038
1.152639
1.151329
1.161165
1.159467
1.156047
1.152544
1.150983
1.160571
1.159181
1.15615
1.15256
1.1509
1.160228
1.15909
1.156142
1.152647
1.151162
1.160365
1.159191
1.15613
1.152828
1.151581
1.160645
1.159412
1.156272
1.153164
1.152273
1.160932
1.15968
1.156539
1.153636
1.153159
1.161193
1.159954
1.156893
1.154214
1.154179
1.161422
1.160207
1.157293
1.154871
1.15529
1.161624
1.160423
1.157691
1.155589
1.156458
1.161804
1.160594
1.158055
1.156359
1.157654
1.161968
1.160726
1.158471
1.157193
1.158858
1.162125
1.160933
1.159033
1.158133
1.160056
1.162314
1.161318
1.159853
1.159258
1.161254
1.162577
1.161919
1.161051
1.160672
1.162476
1.16291
1.162679
1.162422
1.162367
1.163755
1.163231
1.163362
1.16356
1.163878
1.164951
)
;
    }
    maxZ
    {
        type            calculated;
        value           nonuniform List<scalar> 
150
(
1.165563
1.165724
1.165965
1.166352
1.167769
1.165146
1.164787
1.164388
1.164277
1.166208
1.164744
1.163822
1.162605
1.162085
1.164628
1.164451
1.163124
1.161148
1.16035
1.163159
1.164257
1.162727
1.160253
1.159024
1.161739
1.164086
1.162554
1.159688
1.157939
1.16033
1.163908
1.162412
1.159285
1.156981
1.158925
1.163714
1.162217
1.158832
1.156095
1.157536
1.163494
1.161955
1.158282
1.155268
1.156188
1.163243
1.161626
1.157682
1.154511
1.154908
1.162951
1.161238
1.157096
1.153843
1.153733
1.16261
1.160802
1.156587
1.153289
1.152708
1.162207
1.160335
1.156215
1.152878
1.151885
1.161723
1.15987
1.156034
1.152634
1.151322
1.161151
1.159457
1.156042
1.152537
1.150972
1.16056
1.159172
1.156144
1.15255
1.150885
1.160222
1.159082
1.156137
1.152634
1.151143
1.160361
1.159185
1.156125
1.152812
1.151559
1.160642
1.159407
1.156268
1.153146
1.152248
1.160929
1.159676
1.156535
1.153617
1.153131
1.161188
1.159951
1.156892
1.154193
1.15415
1.161417
1.160205
1.157293
1.15485
1.15526
1.161618
1.160421
1.157693
1.155568
1.156427
1.161796
1.160592
1.158058
1.156337
1.157624
1.161958
1.160725
1.158467
1.157169
1.158827
1.162114
1.160927
1.159023
1.158106
1.160025
1.162299
1.161305
1.159838
1.159229
1.161222
1.162558
1.1619
1.161028
1.160642
1.162443
1.162888
1.162655
1.162395
1.162335
1.163721
1.163206
1.163334
1.16353
1.163845
1.164914
)
;
    }
    bottomAir_to_rightSolid
    {
        type            calculated;
        value           nonuniform List<scalar> 
130
(
1.156419
1.157461
1.158734
1.160128
1.161551
1.162934
1.164221
1.165373
1.16636
1.167164
1.167768
1.168166
1.168351
1.155202
1.156508
1.158027
1.159626
1.161208
1.162709
1.164082
1.165293
1.166321
1.16715
1.167771
1.168175
1.16836
1.152648
1.154583
1.156639
1.158654
1.16054
1.162257
1.163779
1.165093
1.166189
1.167062
1.16771
1.168129
1.168321
1.14872
1.151907
1.154853
1.157465
1.159743
1.161715
1.163405
1.164828
1.165995
1.166914
1.16759
1.168025
1.168223
1.144018
1.149349
1.153379
1.156573
1.159179
1.161344
1.163148
1.164641
1.165851
1.166797
1.167489
1.167934
1.168137
1.144015
1.149346
1.153376
1.15657
1.159176
1.16134
1.163145
1.164638
1.165847
1.166793
1.167485
1.16793
1.168133
1.148711
1.151898
1.154844
1.157455
1.159733
1.161705
1.163394
1.164816
1.165982
1.166902
1.167578
1.168013
1.16821
1.152633
1.154569
1.156624
1.158639
1.160524
1.16224
1.163761
1.165074
1.166168
1.167042
1.167689
1.168108
1.168299
1.155183
1.156489
1.158006
1.159604
1.161186
1.162686
1.164057
1.165267
1.166293
1.167121
1.167741
1.168144
1.168329
1.156399
1.15744
1.158712
1.160104
1.161526
1.162907
1.164193
1.165344
1.166329
1.16713
1.167733
1.168127
1.168308
)
;
    }
    bottomAir_to_leftSolid
    {
        type            calculated;
        value           nonuniform List<scalar> 
130
(
1.172726
1.17248
1.171959
1.171181
1.170161
1.168919
1.167478
1.165873
1.164147
1.162358
1.160581
1.158912
1.157464
1.172732
1.172479
1.171947
1.171151
1.170105
1.168822
1.167322
1.165632
1.163789
1.16184
1.159858
1.157944
1.156233
1.172707
1.172445
1.171896
1.171071
1.169979
1.168627
1.167025
1.165185
1.163124
1.160868
1.158467
1.156011
1.153666
1.172673
1.172403
1.171836
1.170981
1.169841
1.168415
1.1667
1.164686
1.162362
1.159703
1.156693
1.153332
1.149722
1.172649
1.172373
1.171796
1.170921
1.169751
1.168276
1.166483
1.164347
1.161821
1.158826
1.155222
1.15076
1.144975
1.172646
1.172371
1.171793
1.170918
1.169748
1.168272
1.16648
1.164343
1.161818
1.158822
1.155219
1.150756
1.144971
1.172664
1.172394
1.171827
1.170972
1.169832
1.168406
1.16669
1.164677
1.162352
1.159694
1.156682
1.153322
1.149713
1.172693
1.172431
1.171882
1.171057
1.169964
1.168612
1.167009
1.165169
1.163108
1.160852
1.15845
1.155994
1.153651
1.172715
1.17246
1.171927
1.171131
1.170083
1.1688
1.1673
1.16561
1.163766
1.161817
1.159835
1.15792
1.156209
1.172714
1.17246
1.171937
1.171158
1.170137
1.168894
1.167453
1.165847
1.164121
1.162331
1.160554
1.158884
1.157435
)
;
    }
    bottomAir_to_heater
    {
        type            calculated;
        value           nonuniform List<scalar> 
92
(
1.156363
1.155654
1.155446
1.155739
1.154907
1.154068
1.153862
1.154288
1.151737
1.150558
1.150356
1.151129
1.076739
1.07672
1.076717
1.076735
1.088175
1.088147
1.088141
1.088163
1.09976
1.099713
1.099699
1.09973
1.11155
1.111397
1.111366
1.111475
1.146294
1.123701
1.144381
1.123047
1.144191
1.122976
1.145714
1.123514
1.076733
1.076729
1.088169
1.088157
1.099755
1.099724
1.111544
1.111469
1.123699
1.123512
1.076733
1.07674
1.07672
1.076718
1.076729
1.076735
1.08817
1.088177
1.088148
1.088142
1.088157
1.088163
1.099757
1.099762
1.099714
1.0997
1.099724
1.09973
1.111547
1.111552
1.111398
1.111366
1.111469
1.111474
1.1237
1.123702
1.123046
1.122975
1.12351
1.123513
1.146284
1.14437
1.144181
1.145705
1.15172
1.150542
1.150341
1.151114
1.154885
1.154047
1.153842
1.154268
1.15634
1.155631
1.155422
1.155714
)
;
    }
}


// ************************************************************************* //
