/*--------------------------------*- C++ -*----------------------------------*\
| =========                 |                                                 |
| \\      /  F ield         | OpenFOAM: The Open Source CFD Toolbox           |
|  \\    /   O peration     | Version:  v2012                                 |
|   \\  /    A nd           | Website:  www.openfoam.com                      |
|    \\/     M anipulation  |                                                 |
\*---------------------------------------------------------------------------*/
FoamFile
{
    version     2.0;
    format      ascii;
    class       volScalarField;
    location    "1200/bottomAir";
    object      T;
}
// * * * * * * * * * * * * * * * * * * * * * * * * * * * * * * * * * * * * * //

dimensions      [0 0 0 1 0 0 0];


internalField   nonuniform List<scalar> 
1460
(
459.4453
459.6077
459.7656
459.8805
459.9568
460.0236
460.0935
460.1699
460.2562
460.3554
460.4706
460.6054
460.7652
460.9572
461.1847
461.4207
461.5573
461.5026
461.3912
461.2772
461.1737
461.0825
461.0024
460.9312
460.8661
460.8035
460.7288
460.6247
460.4926
460.3656
459.3809
459.7488
460.1291
460.4048
460.5619
460.6306
460.6864
460.7634
460.8669
460.9971
461.1512
461.3245
461.5101
461.6949
461.8598
461.9737
462.0101
461.9698
461.8818
461.775
461.6659
461.5651
461.4793
461.4114
461.3587
461.2765
461.1236
460.8851
460.5839
460.3136
459.285
459.9053
460.6104
461.188
461.5447
461.7705
461.9316
462.1121
462.3315
462.5708
462.805
463.0084
463.1569
463.2293
463.2257
463.1846
463.1877
463.1925
463.1356
463.029
462.887
462.7271
462.5681
462.4225
462.2568
462.0325
461.7057
461.2294
460.6853
460.2349
459.1316
459.9487
460.8165
461.5058
462.0344
462.4679
462.8509
463.2059
463.5375
463.8414
464.1097
464.3322
464.4975
464.5952
464.6336
464.6272
464.592
464.5191
464.3836
464.1936
463.9614
463.6973
463.4091
463.1005
462.7669
462.3914
461.9426
461.3796
460.7071
460.1089
458.5731
459.1861
459.8092
460.3902
460.9533
461.5136
462.0735
462.628
463.168
463.6814
464.1534
464.566
464.8972
465.1238
465.2636
465.2969
465.191
465.0218
464.7425
464.3856
463.9752
463.529
463.0609
462.5822
462.1018
461.6243
461.1483
460.6636
460.157
459.6847
459.6206
459.7608
459.8738
459.9452
459.9887
460.0335
460.0808
460.133
460.1923
460.2616
460.3445
460.4474
460.5835
460.7762
461.0405
461.3493
461.4833
461.3711
461.2508
461.1543
461.0761
461.0107
460.9546
460.9054
460.8611
460.8197
460.7749
460.7066
460.6076
460.4944
459.6203
459.9763
460.2782
460.4608
460.5467
460.5771
460.6121
460.6636
460.7367
460.8334
460.9543
461.1005
461.2757
461.4814
461.6974
461.8698
461.8776
461.7929
461.695
461.6006
461.5142
461.4396
461.3795
461.3339
461.2977
461.2618
461.1721
461.0075
460.7602
460.4926
459.5822
460.2313
460.8508
461.2735
461.516
461.6335
461.7061
461.837
462.0101
462.2042
462.3971
462.5585
462.6758
462.7393
462.7512
462.7442
462.7501
462.7528
462.7212
462.6509
462.5497
462.4334
462.3215
462.24
462.1679
462.0288
461.7965
461.4341
460.9421
460.4618
459.4854
460.3703
461.1907
461.8015
462.2622
462.6385
462.9709
463.2755
463.5656
463.8306
464.0559
464.2251
464.327
464.3705
464.383
464.3404
464.2928
464.2682
464.2284
464.127
463.9615
463.749
463.507
463.2374
462.9436
462.6115
462.2122
461.7012
461.046
460.3816
458.8691
459.5337
460.1745
460.7692
461.3531
461.9439
462.5455
463.154
463.7607
464.3522
464.9101
465.4091
465.8097
466.0522
466.1793
466.1906
466.0861
465.9188
465.574
465.1361
464.6435
464.1201
463.583
463.0452
462.5162
462.0003
461.4948
460.9862
460.4508
459.9224
459.7029
459.828
459.9221
459.9773
460.0122
460.0472
460.0835
460.1228
460.1671
460.219
460.2844
460.3828
460.5647
460.9589
461.4831
461.9955
461.8639
461.4086
461.1925
461.0895
461.0257
460.977
460.9363
460.9005
460.8678
460.8369
460.8059
460.7564
460.6774
460.5789
459.7015
460.0356
460.3014
460.4479
460.5058
460.529
460.5569
460.5971
460.6539
460.7299
460.8292
460.9631
461.1864
461.5972
462.0912
462.4714
462.2201
461.7999
461.6003
461.493
461.4165
461.3565
461.3098
461.275
461.2487
461.2251
461.1675
461.0421
460.8311
460.5839
459.6607
460.2882
460.8626
461.2231
461.4098
461.4795
461.55
461.6587
461.801
461.9637
462.1335
462.3053
462.5176
462.8229
463.0903
463.225
463.0107
462.7007
462.5496
462.4518
462.3531
462.2506
462.155
462.078
462.0185
461.9405
461.7691
461.468
461.019
460.5561
459.5586
460.4341
461.2449
461.8327
462.2587
462.5917
462.8721
463.1459
463.4162
463.6752
463.9264
464.2027
464.5806
464.9441
465.1908
465.2381
464.9766
464.6007
464.2546
464.0217
463.8252
463.6175
463.397
463.1682
462.9262
462.636
462.2699
461.7816
461.1369
460.4751
458.968
459.6596
460.331
460.9618
461.5902
462.2359
462.9038
463.5902
464.285
464.9748
465.6417
466.2637
466.7952
467.1055
467.3392
467.4039
467.1619
466.8983
466.4287
465.8832
465.2931
464.6777
464.0536
463.4366
462.8393
462.2657
461.7125
461.1644
460.5944
460.0344
459.6853
459.8123
459.9116
459.9727
460.0093
460.0436
460.0779
460.1137
460.1526
460.1991
460.2744
460.4682
461.2689
464.5857
466.9529
468.0617
466.0664
462.246
461.3012
461.0771
461.0025
460.9607
460.9278
460.8986
460.8713
460.8447
460.8171
460.7716
460.6977
460.6049
459.6659
459.9942
460.262
460.4155
460.4858
460.5089
460.5343
460.5686
460.6155
460.6795
460.7749
461.0068
461.963
465.1548
467.5427
468.6177
466.5391
462.7081
461.6982
461.4549
461.3642
461.3091
461.269
461.2391
461.2165
461.1965
461.1445
461.0296
460.8322
460.5984
459.6118
460.2198
460.7828
461.1382
461.323
461.4065
461.474
461.5656
461.6834
461.8235
461.9949
462.3029
463.4161
466.4706
468.4842
469.3373
467.5202
463.8272
462.6844
462.3907
462.2542
462.1483
462.057
461.9823
461.9216
461.8538
461.7051
461.4283
461.0039
460.5623
459.5012
460.3558
461.1666
461.7592
462.1833
462.5074
462.7786
463.0557
463.3491
463.6715
464.081
464.7577
466.1359
468.106
469.3296
469.8912
468.6623
466.384
464.9669
464.2967
463.9076
463.6121
463.3484
463.1026
462.869
462.5949
462.2409
461.759
461.1216
460.4771
458.9775
459.6939
460.3987
461.0671
461.7393
462.4375
463.1681
463.9331
464.7305
465.5568
466.4193
467.3523
468.3776
469.0803
469.6909
470.0061
469.3229
468.5798
467.5878
466.7153
465.9204
465.1636
464.436
463.7411
463.0826
462.4571
461.8601
461.2746
460.6722
460.088
459.6349
459.7701
459.883
459.9581
460.0058
460.0415
460.0766
460.1124
460.1516
460.2092
460.3743
461.3465
468.8645
469.5074
462.1622
461.1754
461.0083
460.9572
460.9261
460.8992
460.8737
460.8482
460.8179
460.7687
460.692
460.5988
459.6011
459.9319
460.2157
460.3904
460.4812
460.5227
460.5452
460.5747
460.6156
460.6785
460.8539
461.8729
469.4711
470.1006
462.5855
461.537
461.354
461.2926
461.2549
461.2275
461.2063
461.1843
461.1265
461.0078
460.8105
460.5821
459.5367
460.1314
460.698
461.0694
461.2724
461.3748
461.4496
461.5282
461.6211
461.7357
461.9556
463.0156
470.3374
470.9309
463.5709
462.4365
462.2006
462.0906
462.0062
461.9356
461.8725
461.8002
461.6528
461.38
460.9655
460.5387
459.4198
460.2493
461.0553
461.6554
462.0855
462.41
462.6814
462.9415
463.2179
463.5475
464.1167
465.6848
471.3625
471.8582
466.1781
464.5237
463.8967
463.55
463.2777
463.0342
462.8068
462.5354
462.184
461.7041
461.0748
460.4494
458.9395
459.6612
460.3807
461.0675
461.7618
462.488
463.2549
464.0728
464.9504
465.9091
467.0302
468.5903
471.4373
471.8532
469.0236
467.4692
466.374
465.4592
464.6359
463.8789
463.1796
462.525
461.9053
461.3014
460.6845
460.0932
459.6367
459.7716
459.8841
459.9588
460.0063
460.0419
460.0769
460.1126
460.1517
460.2093
460.3744
461.3472
468.8681
469.52
462.1684
461.179
461.0111
460.9598
460.9285
460.9015
460.8759
460.8504
460.8201
460.7709
460.6943
460.601
459.6032
459.9337
460.2169
460.391
460.4812
460.5223
460.5447
460.5741
460.6149
460.6778
460.853
461.8726
469.4721
470.1124
462.5905
461.5399
461.3561
461.2944
461.2565
461.229
461.2077
461.1859
461.1283
461.0098
460.8126
460.5841
459.539
460.1336
460.6998
461.0706
461.2728
461.3744
461.4488
461.5275
461.6204
461.7351
461.955
463.0153
470.3383
470.9387
463.5736
462.4376
462.2012
462.0909
462.0065
461.936
461.8733
461.8013
461.6542
461.3817
460.9674
460.5406
459.4218
460.2515
461.0579
461.6579
462.0878
462.4119
462.6829
462.9429
463.2192
463.5486
464.1173
465.6853
471.3632
471.8634
466.1794
464.5234
463.8961
463.5493
463.2769
463.0334
462.8061
462.5352
462.1844
461.7051
461.0763
460.4511
458.9409
459.6623
460.3816
461.0683
461.7626
462.4887
463.2555
464.0734
464.9511
465.9098
467.031
468.591
471.438
471.8569
469.0254
467.4703
466.3749
465.46
464.6368
463.8799
463.1807
462.5262
461.9065
461.3028
460.6859
460.0947
459.6891
459.8156
459.9141
459.9744
460.0106
460.0446
460.0787
460.1143
460.153
460.1993
460.2745
460.4682
461.2689
464.5844
466.9517
468.0669
466.0773
462.2563
461.3094
461.084
461.0091
460.967
460.9341
460.9049
460.8777
460.8509
460.8232
460.7777
460.7039
460.6108
459.6701
459.9978
460.2645
460.4169
460.486
460.5086
460.5337
460.5678
460.6147
460.6786
460.7739
461.0059
461.9648
465.1539
467.5404
468.6204
466.5468
462.7157
461.7039
461.4598
461.3684
461.3131
461.2727
461.2428
461.2201
461.2001
461.1488
461.0344
460.8373
460.6036
459.6159
460.2238
460.7862
461.1405
461.3238
461.4055
461.473
461.5649
461.6832
461.8237
461.9955
462.3038
463.4182
466.4706
468.4825
469.3389
467.5249
463.8346
462.6869
462.3919
462.2548
462.1484
462.0569
461.9821
461.922
461.8558
461.7081
461.432
461.0083
460.567
459.505
460.3599
461.1709
461.7633
462.1868
462.5103
462.7809
463.0581
463.3514
463.6735
464.0825
464.7589
466.1373
468.1062
469.3286
469.8921
468.6643
466.3851
464.9661
464.2955
463.9065
463.6108
463.3471
463.1013
462.8681
462.595
462.2421
461.7614
461.1253
460.4816
458.9802
459.6962
460.4006
461.0685
461.7402
462.438
463.1683
463.9331
464.7304
465.5568
466.4196
467.3533
468.3794
469.0814
469.6912
470.007
469.3238
468.5803
467.589
466.7172
465.9229
465.1666
464.4393
463.7448
463.0865
462.4611
461.8643
461.2789
460.6766
460.0926
459.7078
459.8321
459.9253
459.9795
460.0139
460.0485
460.0844
460.1236
460.1678
460.2196
460.2849
460.3835
460.5656
460.9597
461.4842
461.999
461.8726
461.4174
461.2007
461.0974
461.0336
460.9851
460.9446
460.909
460.8765
460.8456
460.8147
460.7654
460.6864
460.5879
459.7062
460.0399
460.3046
460.4499
460.5063
460.529
460.5566
460.5968
460.6537
460.7298
460.8293
460.9633
461.187
461.5982
462.0925
462.4748
462.2261
461.8059
461.6058
461.4981
461.4215
461.3613
461.3145
461.2796
461.2534
461.2299
461.1735
461.0489
460.8385
460.5917
459.6651
460.2927
460.8668
461.2263
461.4117
461.4793
461.55
461.6592
461.8022
461.9656
462.136
462.3083
462.5208
462.8257
463.0925
463.2276
463.0143
462.704
462.5519
462.4533
462.3539
462.2507
462.1546
462.0771
462.0179
461.9428
461.7731
461.4733
461.0253
460.5633
459.5628
460.4386
461.2495
461.8369
462.2624
462.5948
462.8746
463.1484
463.4186
463.6773
463.928
464.2037
464.5814
464.9453
465.1923
465.2405
464.9789
464.6019
464.2555
464.0229
463.826
463.6179
463.397
463.1682
462.9268
462.6375
462.2726
461.7857
461.1426
460.4822
458.9716
459.6626
460.3333
460.9634
461.5912
462.2363
462.9037
463.5897
464.2843
464.974
465.6411
466.2636
466.7959
467.1068
467.3413
467.4069
467.1652
466.9019
466.4331
465.8883
465.2988
464.6839
464.0601
463.4432
462.846
462.2726
461.7195
461.1715
460.6016
460.042
459.6246
459.7643
459.8768
459.9476
459.9908
460.0353
460.0826
460.1348
460.1942
460.2637
460.3467
460.4499
460.5863
460.7792
461.0439
461.3532
461.4889
461.377
461.2568
461.1606
461.0827
461.0177
460.962
460.9132
460.8692
460.8281
460.784
460.7164
460.618
460.5051
459.6241
459.9801
460.2816
460.4634
460.5481
460.5782
460.6131
460.6647
460.7381
460.8351
460.9564
461.1029
461.2784
461.4846
461.701
461.8739
461.8821
461.7974
461.6994
461.6048
461.5182
461.4436
461.3834
461.3379
461.302
461.2667
461.1787
461.0156
460.7694
460.5027
459.5862
460.2355
460.8551
461.2775
461.5188
461.6346
461.7069
461.8388
462.0126
462.2074
462.4007
462.5623
462.6798
462.7431
462.7549
462.7478
462.7535
462.7559
462.7237
462.6527
462.5507
462.4336
462.321
462.2381
462.1669
462.0316
461.8015
461.4412
460.9508
460.4717
459.4894
460.3746
461.1948
461.8052
462.2653
462.6411
462.973
463.2772
463.5672
463.8321
464.0572
464.2264
464.3281
464.3721
464.3851
464.3431
464.2956
464.271
464.2316
464.1301
463.9644
463.7516
463.5094
463.2404
462.9473
462.6161
462.218
461.7083
461.0547
460.3916
458.8728
459.5372
460.1775
460.7716
461.355
461.9452
462.5462
463.1541
463.7605
464.3518
464.9097
465.409
465.8103
466.0538
466.1824
466.1949
466.0914
465.9254
465.5817
465.1445
464.6524
464.1292
463.5923
463.0546
462.5256
462.0098
461.5045
460.9962
460.4611
459.9333
459.4446
459.6088
459.7676
459.8831
459.96
460.0274
460.0978
460.1746
460.2613
460.3609
460.4763
460.6113
460.7712
460.9631
461.1902
461.4251
461.5596
461.5041
461.3925
461.2786
461.1754
461.0846
461.005
460.9343
460.8699
460.8081
460.7347
460.6321
460.5013
460.3754
459.3809
459.7504
460.1316
460.4077
460.5648
460.6334
460.6897
460.7669
460.8707
461.0012
461.1554
461.3288
461.5144
461.6992
461.8639
461.9775
462.0132
461.9722
461.8838
461.7766
461.6672
461.5661
461.4801
461.412
461.3592
461.2791
461.1287
460.8928
460.5935
460.3246
459.2855
459.9074
460.6131
461.1909
461.5466
461.7717
461.9321
462.1126
462.3321
462.5716
462.8059
463.0096
463.1585
463.2312
463.2279
463.1869
463.19
463.1947
463.1375
463.0303
462.8876
462.727
462.5674
462.4216
462.2582
462.0365
461.7117
461.2384
460.6961
460.2469
459.1329
459.9513
460.8189
461.5077
462.0357
462.4688
462.8516
463.2065
463.5381
463.842
464.1104
464.3332
464.4989
464.5971
464.6363
464.6312
464.5973
464.5256
464.3909
464.2013
463.9695
463.7057
463.4178
463.1096
462.7765
462.4019
461.954
461.3917
460.7196
460.1219
458.5753
459.1892
459.8123
460.3929
460.9557
461.5156
462.0752
462.6293
463.169
463.6822
464.1542
464.5672
464.8989
465.1263
465.2678
465.3028
465.1986
465.0308
464.7528
464.3967
463.9868
463.5409
463.073
462.5944
462.1141
461.6368
461.161
460.6765
460.1705
459.6992
)
;

boundaryField
{
    minX
    {
        type            zeroGradient;
    }
    maxX
    {
        type            zeroGradient;
    }
    minY
    {
        type            zeroGradient;
    }
    minZ
    {
        type            zeroGradient;
    }
    maxZ
    {
        type            zeroGradient;
    }
    bottomAir_to_rightSolid
    {
        type            compressible::turbulentTemperatureRadCoupledMixed;
        refValue        nonuniform List<scalar> 
130
(
463.0756
462.6586
462.1503
461.595
461.0293
460.4811
459.9717
459.517
459.1281
458.8122
458.5747
458.4189
458.3464
463.5632
463.0397
462.4324
461.7947
461.1653
460.5699
460.0268
459.5486
459.1437
458.8174
458.5737
458.415
458.3424
464.5907
463.8119
462.9873
462.1822
461.4307
460.749
460.1463
459.6275
459.1956
458.8519
458.5976
458.4331
458.358
466.1792
464.8895
463.7035
462.6571
461.7478
460.9637
460.2944
459.7322
459.272
458.9101
458.6448
458.474
458.3963
468.0949
465.9241
464.2959
463.0137
461.9724
461.1112
460.3958
459.8057
459.3285
458.9561
458.6843
458.5097
458.4301
468.0962
465.9253
464.2971
463.0149
461.9737
461.1126
460.3973
459.8072
459.3301
458.9577
458.6859
458.5113
458.4317
466.1828
464.893
463.7071
462.6607
461.7517
460.9678
460.2987
459.7367
459.2768
458.915
458.6494
458.4787
458.4013
464.5965
463.8177
462.9932
462.1883
461.4371
460.7558
460.1534
459.635
459.2036
458.86
458.6057
458.4413
458.3666
463.571
463.0475
462.4405
461.8032
461.1742
460.5792
460.0366
459.5589
459.1546
458.8288
458.5855
458.4273
458.355
463.0835
462.6669
462.1592
461.6044
461.0393
460.4916
459.9828
459.5287
459.1404
458.8253
458.5886
458.434
458.3631
)
;
        refGradient     nonuniform List<scalar> 
130
(
-12.59974
-12.59974
-12.59974
-12.59974
135.0189
135.0189
135.0189
135.0189
193.9882
193.9882
193.9882
193.9882
197.1414
-12.59974
-12.59974
-12.59974
-12.59974
135.0189
135.0189
135.0189
135.0189
193.9882
193.9882
193.9882
193.9882
197.1414
-162.2272
-162.2272
-162.2272
-162.2272
79.18947
79.18947
79.18947
79.18947
173.2374
173.2374
197.1414
197.1414
197.1414
-162.2272
-162.2272
-162.2272
-162.2272
79.18947
79.18947
79.18947
79.18947
173.2374
173.2374
197.1414
197.1414
197.1414
-266.1965
-266.1965
-266.1965
-266.1965
59.8193
59.8193
59.8193
59.8193
173.2374
173.2374
195.3852
195.3852
195.3852
-266.1965
-266.1965
-266.1965
-266.1965
59.8193
59.8193
59.8193
59.8193
173.2374
173.2374
195.3852
195.3852
195.3852
-160.0034
-160.0034
-160.0034
-160.0034
82.14536
82.14536
82.14536
82.14536
191.0526
191.0526
191.0526
191.0526
195.3852
-160.0034
-160.0034
-160.0034
-160.0034
82.14536
82.14536
82.14536
82.14536
191.0526
191.0526
191.0526
191.0526
195.3852
-12.19286
-12.19286
-12.19286
-12.19286
136.1747
136.1747
136.1747
136.1747
194.1895
194.1895
194.1895
194.1895
194.1895
-12.19286
-12.19286
-12.19286
-12.19286
136.1747
136.1747
136.1747
136.1747
194.1895
194.1895
194.1895
194.1895
194.1895
)
;
        valueFraction   uniform 0.9996787;
        value           nonuniform List<scalar> 
130
(
463.0762
462.6592
462.151
461.5957
461.0303
460.4821
459.9727
459.518
459.1291
458.8132
458.5756
458.4197
458.347
463.564
463.0405
462.4333
461.7956
461.1664
460.571
460.028
459.5497
459.1449
458.8185
458.5747
458.4159
458.3432
464.5913
463.8125
462.988
462.183
461.4318
460.7502
460.1475
459.6286
459.1968
458.853
458.5987
458.434
458.3588
466.1797
464.8902
463.7043
462.6579
461.749
460.9649
460.2956
459.7333
459.2732
458.9113
458.6458
458.475
458.3971
468.0958
465.9247
464.2966
463.0144
461.9736
461.1124
460.397
459.8068
459.3297
458.9573
458.6854
458.5106
458.4309
468.0971
465.9259
464.2978
463.0157
461.9749
461.1138
460.3985
459.8083
459.3313
458.9589
458.687
458.5122
458.4325
466.1833
464.8937
463.7078
462.6616
461.7529
460.969
460.2999
459.7379
459.2781
458.9162
458.6505
458.4797
458.4021
464.5971
463.8183
462.9939
462.1891
461.4382
460.7569
460.1546
459.6362
459.2048
458.8612
458.6067
458.4422
458.3674
463.5717
463.0483
462.4414
461.8041
461.1753
460.5803
460.0377
459.56
459.1557
458.8299
458.5865
458.4282
458.3557
463.0841
462.6676
462.1599
461.6051
461.0402
460.4926
459.9838
459.5297
459.1415
458.8263
458.5895
458.4348
458.3638
)
;
        Tnbr            T;
        qrNbr           none;
        qr              qr;
        thermalInertia  false;
        thicknessLayers List<scalar> 0();
        kappaLayers     List<scalar> 0();
        kappaMethod     fluidThermo;
        kappa           none;
        alphaAni        none;
        alpha           none;
    }
    bottomAir_to_leftSolid
    {
        type            compressible::turbulentTemperatureRadCoupledMixed;
        refValue        nonuniform List<scalar> 
130
(
456.6361
456.7318
456.9346
457.238
457.6365
458.1229
458.6882
459.3198
460.0009
460.7091
461.4147
462.0793
462.6574
456.6335
456.7321
456.9392
457.2495
457.6586
458.1609
458.7495
459.4145
460.1424
460.9142
461.7019
462.4654
463.1499
456.6434
456.7452
456.959
457.2807
457.7075
458.237
458.8661
459.5909
460.4054
461.3002
462.2565
463.239
464.1806
456.6567
456.7616
456.9824
457.3159
457.7615
458.3202
458.9942
459.7876
460.7074
461.7635
462.9655
464.3147
465.7731
456.6661
456.7731
456.9981
457.3393
457.7971
458.375
459.0795
459.9218
460.9216
462.1133
463.5551
465.3529
467.704
456.6672
456.7742
456.9993
457.3404
457.7983
458.3763
459.0807
459.9231
460.9229
462.1147
463.5565
465.3543
467.7054
456.6599
456.7649
456.9857
457.3194
457.7651
458.3239
458.9979
459.7914
460.7112
461.7674
462.9697
464.3189
465.7769
456.6486
456.7505
456.9645
457.2865
457.7135
458.2432
458.8724
459.5973
460.4118
461.3067
462.2633
463.2457
464.1869
456.6401
456.7393
456.9468
457.2575
457.6669
458.1695
458.7583
459.4234
460.1514
460.9234
461.7112
462.4747
463.1593
456.6406
456.7394
456.9431
457.2472
457.646
458.1328
458.6983
459.33
460.0113
460.7197
461.4255
462.0904
462.6691
)
;
        refGradient     nonuniform List<scalar> 
130
(
272.7216
272.7216
272.7216
272.7216
194.4941
194.4941
194.4941
194.4941
63.48431
63.48431
63.48431
63.48431
-157.6144
272.7216
272.7216
272.7216
272.7216
194.4941
194.4941
194.4941
194.4941
63.48431
63.48431
63.48431
63.48431
-157.6144
258.285
258.285
258.285
258.285
160.3751
160.3751
160.3751
160.3751
-27.75867
-27.75867
-157.6144
-157.6144
-157.6144
258.285
258.285
258.285
258.285
160.3751
160.3751
160.3751
160.3751
-27.75867
-27.75867
-157.6144
-157.6144
-157.6144
255.7477
255.7477
255.7477
255.7477
145.4304
145.4304
145.4304
145.4304
-27.75867
-27.75867
-333.3138
-333.3138
-333.3138
255.7477
255.7477
255.7477
255.7477
145.4304
145.4304
145.4304
145.4304
-27.75867
-27.75867
-333.3138
-333.3138
-333.3138
261.8757
261.8757
261.8757
261.8757
164.1792
164.1792
164.1792
164.1792
-71.32945
-71.32945
-71.32945
-71.32945
-333.3138
261.8757
261.8757
261.8757
261.8757
164.1792
164.1792
164.1792
164.1792
-71.32945
-71.32945
-71.32945
-71.32945
-333.3138
274.8824
274.8824
274.8824
274.8824
199.0832
199.0832
199.0832
199.0832
48.01615
48.01615
48.01615
48.01615
48.01615
274.8824
274.8824
274.8824
274.8824
199.0832
199.0832
199.0832
199.0832
48.01615
48.01615
48.01615
48.01615
48.01615
)
;
        valueFraction   uniform 0.9996787;
        value           nonuniform List<scalar> 
130
(
456.6371
456.733
456.9359
457.2394
457.6378
458.1243
458.6895
459.3211
460.0019
460.7102
461.4156
462.0801
462.658
456.6345
456.7333
456.9406
457.251
457.66
458.1624
458.7509
459.4159
460.1437
460.9154
461.703
462.4664
463.1506
456.6445
456.7464
456.9604
457.2822
457.709
458.2385
458.8676
459.5924
460.4066
461.3013
462.2574
463.2398
464.1812
456.6578
456.7629
456.9838
457.3174
457.763
458.3218
458.9957
459.7892
460.7087
461.7647
462.9664
464.3155
465.7737
456.6672
456.7743
456.9996
457.3408
457.7985
458.3765
459.081
459.9233
460.9229
462.1145
463.5558
465.3535
467.7048
456.6682
456.7754
457.0007
457.3419
457.7997
458.3778
459.0822
459.9246
460.9242
462.1158
463.5572
465.3549
467.7061
456.661
456.7662
456.9871
457.3209
457.7666
458.3254
458.9995
459.793
460.7124
461.7686
462.9707
464.3198
465.7773
456.6497
456.7518
456.9659
457.288
457.7149
458.2447
458.8739
459.5988
460.4129
461.3078
462.2643
463.2466
464.1873
456.6412
456.7405
456.9482
457.259
457.6683
458.171
458.7597
459.4249
460.1527
460.9246
461.7123
462.4757
463.1602
456.6416
456.7405
456.9444
457.2485
457.6473
458.1341
458.6996
459.3314
460.0123
460.7207
461.4264
462.0912
462.6698
)
;
        Tnbr            T;
        qrNbr           none;
        qr              qr;
        thermalInertia  false;
        thicknessLayers List<scalar> 0();
        kappaLayers     List<scalar> 0();
        kappaMethod     fluidThermo;
        kappa           none;
        alphaAni        none;
        alpha           none;
    }
    bottomAir_to_heater
    {
        type            compressible::turbulentTemperatureRadCoupledMixed;
        refValue        nonuniform List<scalar> 
92
(
463.0979
463.3821
463.4658
463.3484
463.6818
464.0188
464.1017
463.9305
464.9586
465.4352
465.5168
465.2041
497.3613
497.3695
497.3702
497.3628
492.1322
492.1442
492.1466
492.1375
486.944
486.9645
486.9702
486.9573
481.777
481.843
481.8563
481.8093
467.1661
476.5639
467.9474
476.8413
468.0249
476.8715
467.403
476.643
497.3613
497.3628
492.1322
492.1375
486.944
486.9573
481.777
481.8093
476.5639
476.643
497.361
497.361
497.3693
497.3701
497.3627
497.3627
492.1315
492.1315
492.1438
492.1464
492.1373
492.1373
486.9431
486.9431
486.9641
486.97
486.9573
486.9573
481.7761
481.7761
481.8427
481.8562
481.8095
481.8095
476.5635
476.5635
476.8415
476.8718
476.6437
476.6437
467.1705
467.9517
468.029
467.4066
464.9651
465.4416
465.5229
465.2099
463.6907
464.0273
464.11
463.9385
463.1071
463.3914
463.4753
463.3582
)
;
        refGradient     nonuniform List<scalar> 
92
(
-91.08329
-91.08329
-100.8389
-100.8389
-91.08329
-91.08329
-100.8389
-100.8389
-360.5326
-360.5326
-358.5402
-358.5402
-3162.184
-3162.184
-3160.811
-3160.811
-3162.184
-3162.184
-3160.811
-3160.811
-2072.76
-2072.76
-2067.127
-2067.127
-2072.76
-2072.76
-2067.127
-2067.127
-360.5326
-1297.492
-360.5326
-1297.492
-358.5402
-1297.492
-358.5402
-1297.492
-3267.417
-3190.652
-3267.417
-3190.652
-1927.506
-1857.538
-1927.506
-1857.538
-1927.506
-1857.538
-3267.417
-3157.958
-3157.958
-3147.099
-3190.652
-3147.099
-3267.417
-3157.958
-3157.958
-3147.099
-3190.652
-3147.099
-1927.506
-2067.108
-2067.108
-2063.145
-1857.538
-2063.145
-1927.506
-2067.108
-2067.108
-2063.145
-1857.538
-2063.145
-1927.506
-1292.113
-1292.113
-1292.113
-1857.538
-1292.113
-352.7555
-352.7555
-356.7024
-356.7024
-352.7555
-352.7555
-356.7024
-356.7024
-89.74677
-89.74677
-99.90288
-99.90288
-89.74677
-89.74677
-99.90288
-99.90288
)
;
        valueFraction   nonuniform List<scalar> 
92
(
0.9996787
0.9996787
0.9996787
0.9996787
0.9996787
0.9996787
0.9996787
0.9996787
0.9996787
0.9996787
0.9996787
0.9996787
0.9996787
0.9996787
0.9996787
0.9996787
0.9996787
0.9996787
0.9996787
0.9996787
0.9996787
0.9996787
0.9996787
0.9996787
0.9996787
0.9996787
0.9996787
0.9996787
0.9996787
0.9996787
0.9996787
0.9996787
0.9996787
0.9996787
0.9996787
0.9996787
0.9996787
0.9996787
0.9996787
0.9996787
0.9996787
0.9996787
0.9996787
0.9996787
0.9996787
0.9996787
0.9996787
0.9996787
0.9996787
0.9996787
0.9996787
0.9996787
0.9996787
0.9996787
0.9996787
0.9996787
0.9996787
0.9996787
0.9996787
0.9996787
0.9996787
0.9996787
0.9996787
0.9996787
0.9996787
0.9996787
0.9996787
0.9996787
0.9996787
0.9996787
0.9996787
0.9996787
0.9996787
0.9996787
0.9996787
0.9996787
0.9996787
0.9996787
0.9996787
0.9996787
0.9996787
0.9996787
0.9996787
0.9996787
0.9996787
0.9996787
0.9996787
0.9996787
0.9996787
0.9996787
0.9996787
0.9996787
)
;
        value           nonuniform List<scalar> 
92
(
463.0984
463.3826
463.4662
463.3488
463.6825
464.0194
464.1022
463.9311
464.9588
465.4353
465.5169
465.2043
497.3457
497.3546
497.3557
497.3477
492.1184
492.1312
492.134
492.1242
486.9341
486.9552
486.9612
486.9477
481.7693
481.8356
481.8491
481.8017
467.1663
476.5595
467.9474
476.8369
468.0251
476.8672
467.4031
476.6386
497.3486
497.3505
492.1214
492.127
486.9366
486.9501
481.7716
481.8041
476.5602
476.6395
497.3483
497.3454
497.3545
497.3556
497.3504
497.3476
492.1207
492.1177
492.1308
492.1337
492.1268
492.1241
486.9357
486.9332
486.9548
486.961
486.9501
486.9477
481.7707
481.7684
481.8353
481.849
481.8044
481.802
476.5598
476.559
476.8371
476.8676
476.6402
476.6393
467.1706
467.9518
468.0292
467.4068
464.9653
465.4417
465.523
465.2101
463.6913
464.0279
464.1105
463.939
463.1076
463.3919
463.4758
463.3587
)
;
        Tnbr            T;
        qrNbr           none;
        qr              qr;
        thermalInertia  false;
        thicknessLayers List<scalar> 0();
        kappaLayers     List<scalar> 0();
        kappaMethod     fluidThermo;
        kappa           none;
        alphaAni        none;
        alpha           none;
    }
}


// ************************************************************************* //
