/*--------------------------------*- C++ -*----------------------------------*\
| =========                 |                                                 |
| \\      /  F ield         | OpenFOAM: The Open Source CFD Toolbox           |
|  \\    /   O peration     | Version:  v2012                                 |
|   \\  /    A nd           | Website:  www.openfoam.com                      |
|    \\/     M anipulation  |                                                 |
\*---------------------------------------------------------------------------*/
FoamFile
{
    version     2.0;
    format      ascii;
    class       volVectorField;
    location    "1200/bottomAir";
    object      U;
}
// * * * * * * * * * * * * * * * * * * * * * * * * * * * * * * * * * * * * * //

dimensions      [0 1 -1 0 0 0 0];


internalField   nonuniform List<vector> 
1460
(
(0.003831232 -0.00577413 0.0005946963)
(0.01034627 -0.005015448 0.001114521)
(0.01509892 -0.002935217 0.001311453)
(0.01713607 -0.001096332 0.001251903)
(0.01716893 0.0001394707 0.001050975)
(0.0160951 0.0007504289 0.0008127297)
(0.01463906 0.0009141564 0.0005932822)
(0.01322044 0.0008598303 0.0004091726)
(0.01198352 0.0007382868 0.0002692721)
(0.0109175 0.0006106803 0.0001814286)
(0.009938478 0.0004901841 0.0001523606)
(0.008924942 0.0003786673 0.0001898544)
(0.007744852 0.0002944381 0.0002845592)
(0.006225493 0.0003086767 0.0003987978)
(0.004172878 0.0005223386 0.0003706112)
(0.001646985 0.0009948309 0.000121516)
(-0.001410724 0.001290653 -6.410937e-05)
(-0.003751734 0.001027939 7.667944e-05)
(-0.00568639 0.0008039103 9.645131e-05)
(-0.007167462 0.0006939476 0.000127629)
(-0.00844538 0.0006731159 0.0001834581)
(-0.00967508 0.0007124355 0.0002794473)
(-0.01097292 0.0007763595 0.0004171995)
(-0.01236494 0.0007895457 0.0005933058)
(-0.01371324 0.0005959664 0.0008021103)
(-0.01462608 8.221993e-07 0.001022694)
(-0.01450858 -0.00109973 0.00119056)
(-0.01262759 -0.002653897 0.001217634)
(-0.008478913 -0.004298973 0.001020488)
(-0.002974742 -0.004572198 0.0005612755)
(0.002691113 -0.01376087 -1.56856e-05)
(0.007379182 -0.0126439 0.0006233838)
(0.01066156 -0.008384605 0.001145641)
(0.01218629 -0.004458386 0.001383528)
(0.01246872 -0.001643933 0.00140319)
(0.0122694 9.091492e-05 0.001284129)
(0.01168062 0.0008986337 0.001141373)
(0.01093134 0.001120663 0.001056162)
(0.01005537 0.001116033 0.001042544)
(0.008974826 0.001108319 0.00109359)
(0.007646768 0.0011943 0.001185112)
(0.006059343 0.001381398 0.001275992)
(0.004266638 0.001626493 0.001296588)
(0.002336275 0.001943976 0.001206104)
(0.000446857 0.002429012 0.0008518818)
(-0.0009792065 0.003114601 0.0005240705)
(-0.002023108 0.003274686 0.0006257732)
(-0.003160947 0.002759447 0.0009373791)
(-0.00453683 0.002207602 0.001084785)
(-0.005885344 0.0017655 0.001124332)
(-0.007118692 0.001476084 0.001115003)
(-0.008191813 0.001300418 0.001111151)
(-0.0091168 0.001128054 0.00114661)
(-0.009930413 0.0007328616 0.001234739)
(-0.01048459 -0.0001892108 0.001369211)
(-0.0107378 -0.001868843 0.001443333)
(-0.01047165 -0.004402276 0.001370994)
(-0.009106319 -0.007749508 0.001103192)
(-0.006218549 -0.01115301 0.000608556)
(-0.002201298 -0.01138824 7.212553e-05)
(0.0008107762 -0.0178411 -0.0005505491)
(0.001148138 -0.0161485 0.0001354041)
(0.0005246453 -0.01062235 0.0009493205)
(-0.0005470305 -0.005641162 0.0015038)
(-0.001587449 -0.002568997 0.001754635)
(-0.00239739 -0.0008411588 0.001848352)
(-0.002785604 5.618621e-05 0.001843444)
(-0.003199055 0.0005247413 0.001895829)
(-0.003760426 0.0007956844 0.00204258)
(-0.004438251 0.0009238428 0.002182358)
(-0.005081715 0.0008873072 0.002241656)
(-0.005501111 0.0006895668 0.002183219)
(-0.005466374 0.0004237446 0.001971465)
(-0.004859904 0.0003126786 0.001672626)
(-0.003681282 0.0005382013 0.001287851)
(-0.002045448 0.001019144 0.001064374)
(-0.0001844163 0.001088607 0.00119995)
(0.001414688 0.0008387135 0.001534325)
(0.002358295 0.0007572005 0.001788828)
(0.002826721 0.0006831956 0.001909231)
(0.002964399 0.0005766689 0.001927095)
(0.002917395 0.0004045286 0.001882941)
(0.002776634 0.000125923 0.001840677)
(0.002612723 -0.0003639141 0.001843242)
(0.002177985 -0.001281228 0.001805953)
(0.00141083 -0.002930203 0.001664964)
(0.0004250625 -0.005695942 0.001394779)
(-0.0005674486 -0.009875505 0.0008634209)
(-0.001056126 -0.01428397 0.0001339315)
(-0.0007588047 -0.01491633 -0.0004045223)
(-0.001751587 -0.01516042 -0.001275539)
(-0.006186382 -0.01262534 -0.0006362115)
(-0.01046105 -0.008246494 0.0001940657)
(-0.01343146 -0.005366942 0.0007279999)
(-0.01527718 -0.003906037 0.001003456)
(-0.01639212 -0.003308602 0.001134917)
(-0.01703001 -0.003202598 0.001156151)
(-0.01729379 -0.003396029 0.001065251)
(-0.01718071 -0.003850672 0.0008535955)
(-0.0166473 -0.004527739 0.0005107176)
(-0.01563093 -0.005351958 2.969692e-05)
(-0.01405843 -0.006198684 -0.0005741478)
(-0.011816 -0.00687138 -0.00125809)
(-0.008886625 -0.007073757 -0.0018463)
(-0.005342649 -0.006746519 -0.00241651)
(-0.001027838 -0.006434113 -0.002625001)
(0.003433029 -0.006827975 -0.002169333)
(0.006843503 -0.006960332 -0.001605167)
(0.009602166 -0.006519033 -0.0009119781)
(0.01160777 -0.005813341 -0.0002876003)
(0.01300285 -0.005062159 0.000206308)
(0.0138762 -0.004400011 0.0005599305)
(0.01429799 -0.003912575 0.0007776245)
(0.01431527 -0.003637988 0.0008808087)
(0.01391789 -0.003659691 0.0008832425)
(0.01300593 -0.00415575 0.0007847364)
(0.01137154 -0.005419611 0.0005496386)
(0.008735413 -0.007848181 8.305979e-05)
(0.005092979 -0.01135918 -0.0006254554)
(0.001300374 -0.01283085 -0.00107755)
(-0.004699757 -0.007177933 -0.002202647)
(-0.01153902 -0.005353243 -0.001979718)
(-0.01643135 -0.003585407 -0.001523616)
(-0.01925311 -0.002691263 -0.00134795)
(-0.02095064 -0.00234566 -0.001416244)
(-0.0219681 -0.002292256 -0.001667505)
(-0.02252538 -0.002396882 -0.002093605)
(-0.02267395 -0.00258313 -0.002703432)
(-0.02239061 -0.002808512 -0.003512523)
(-0.02160623 -0.003035073 -0.004536853)
(-0.02020284 -0.003214618 -0.00577388)
(-0.01801614 -0.00328701 -0.007182705)
(-0.0148404 -0.0031834 -0.008643197)
(-0.01076404 -0.002836485 -0.009782242)
(-0.006060595 -0.002098702 -0.01096145)
(0.0004064276 -0.001527465 -0.0114692)
(0.006013887 -0.002294892 -0.01035051)
(0.01054402 -0.002822771 -0.009313508)
(0.01424509 -0.003133473 -0.00778424)
(0.01677841 -0.003208738 -0.006291915)
(0.01840358 -0.003117151 -0.004986528)
(0.01933563 -0.002932748 -0.003904299)
(0.01972493 -0.002717443 -0.003041054)
(0.01966386 -0.002521894 -0.002377064)
(0.01918737 -0.002398704 -0.001896378)
(0.01824739 -0.00241781 -0.001587949)
(0.01665281 -0.002691069 -0.001456675)
(0.01403413 -0.003421953 -0.001552079)
(0.009671217 -0.004826816 -0.001887894)
(0.003727085 -0.006025611 -0.001935342)
(0.004278963 -0.005868115 0.001368261)
(0.01141984 -0.004525615 0.00194753)
(0.01675923 -0.002267814 0.002118911)
(0.0194006 -0.0005056919 0.00198523)
(0.02009892 0.0005941559 0.001700624)
(0.01965177 0.001080066 0.001395667)
(0.01874591 0.001160145 0.001118801)
(0.01774339 0.00104311 0.00089107)
(0.01679315 0.0008497535 0.0007320502)
(0.01591181 0.0006246264 0.0006722783)
(0.01504371 0.0003687764 0.0007534193)
(0.0140622 7.28393e-05 0.001047009)
(0.01276995 -0.000232184 0.001607248)
(0.01075955 -0.0003709479 0.002488428)
(0.007553703 -0.0001247417 0.003249268)
(0.002810377 0.000766799 0.003345198)
(-0.003651602 0.001190493 0.002399809)
(-0.007216112 0.000707526 0.001809871)
(-0.009765203 0.0005413671 0.001229909)
(-0.01141423 0.0005710108 0.0009218247)
(-0.01270583 0.0006759363 0.0008217997)
(-0.01383843 0.0008062076 0.0008774007)
(-0.01493111 0.0009309611 0.00104539)
(-0.01599116 0.0009905828 0.001293123)
(-0.01688484 0.0008652723 0.001595716)
(-0.01727478 0.0003678049 0.001919217)
(-0.01659719 -0.0006618936 0.00218985)
(-0.01418288 -0.002216308 0.002281289)
(-0.009477059 -0.004079236 0.00207344)
(-0.003385475 -0.004806221 0.001483813)
(0.002726946 -0.01418694 0.0007067868)
(0.007902717 -0.01202307 0.001659384)
(0.01193076 -0.007348384 0.002300241)
(0.01436715 -0.003589485 0.002508576)
(0.01568264 -0.001047838 0.002437524)
(0.01631713 0.0004294138 0.002233878)
(0.01639703 0.001018551 0.002092522)
(0.01625376 0.001079368 0.002068542)
(0.01586778 0.0009379576 0.002175351)
(0.01513733 0.0007757751 0.002422363)
(0.01395342 0.0006824988 0.002791877)
(0.01218864 0.0006899522 0.003251998)
(0.009798991 0.00082523 0.003653502)
(0.006648606 0.00132114 0.00402246)
(0.002925663 0.00248996 0.003720459)
(-0.001274457 0.004226941 0.002879594)
(-0.004658359 0.003893069 0.002795626)
(-0.007221582 0.002575713 0.003080793)
(-0.009499112 0.001825814 0.003032272)
(-0.01123268 0.001426544 0.002813453)
(-0.0125054 0.001258177 0.002583335)
(-0.0133764 0.001211013 0.002417444)
(-0.01392777 0.001166155 0.002352928)
(-0.01422442 0.0009142154 0.00239538)
(-0.01425458 0.0001506554 0.002539457)
(-0.01364184 -0.00135429 0.002702405)
(-0.01245877 -0.003725124 0.002683417)
(-0.0102762 -0.007063434 0.002377137)
(-0.006728464 -0.01095722 0.001699851)
(-0.002308661 -0.01202776 0.0008410104)
(0.000222892 -0.0185389 -5.718773e-05)
(0.0003128611 -0.01547094 0.001252517)
(0.0001118233 -0.009168293 0.002507856)
(4.789676e-05 -0.004357285 0.003317941)
(9.888389e-05 -0.001324891 0.003748286)
(0.0004671776 0.0003537899 0.003874858)
(0.001053418 0.001186401 0.003928055)
(0.001034914 0.001626927 0.004241032)
(0.0007726558 0.00196822 0.00477702)
(0.0002052091 0.002322858 0.005433899)
(-0.0005981708 0.002640663 0.006066477)
(-0.001589551 0.002798664 0.006458099)
(-0.002477396 0.002881338 0.006221532)
(-0.00306523 0.003319256 0.005549086)
(-0.003168657 0.004286021 0.004289352)
(-0.002914795 0.005223599 0.003471515)
(-0.002320658 0.004609179 0.004034832)
(-0.00168789 0.003545793 0.004991772)
(-0.001574351 0.003092289 0.00541478)
(-0.001615616 0.002736591 0.005252607)
(-0.001631728 0.002369755 0.004884562)
(-0.001554878 0.001991791 0.004475606)
(-0.001359549 0.001581868 0.004139162)
(-0.0008900675 0.001026105 0.003952225)
(-0.0002166241 7.341589e-05 0.003904758)
(-1.825036e-05 -0.00167748 0.003674994)
(-1.867333e-05 -0.00451469 0.003166453)
(-0.0001736375 -0.008770308 0.002301054)
(-0.0003566087 -0.01403248 0.00108405)
(-0.000356207 -0.01580851 6.242444e-06)
(-0.003221199 -0.01553665 -0.0009608855)
(-0.008834763 -0.01159831 0.0003587926)
(-0.01338437 -0.006776137 0.001633483)
(-0.01597072 -0.003904218 0.002514108)
(-0.01727174 -0.002476326 0.003069104)
(-0.01776693 -0.001852545 0.003425273)
(-0.01780652 -0.001609855 0.00362555)
(-0.01748676 -0.001577422 0.003709646)
(-0.0169995 -0.001758459 0.003654674)
(-0.0162889 -0.002069572 0.003374925)
(-0.01528484 -0.002400353 0.002778403)
(-0.01386756 -0.002563991 0.001786534)
(-0.01166451 -0.002158382 0.0003209397)
(-0.008851343 -0.0009152465 -0.001172684)
(-0.00557864 0.001248703 -0.003079571)
(-0.002059697 0.002498009 -0.003681769)
(0.00209549 0.0002532933 -0.002018824)
(0.005574313 -0.001889389 -0.0003373394)
(0.008470302 -0.002787959 0.0009285414)
(0.01059172 -0.00289326 0.001751168)
(0.01220162 -0.00265539 0.002299274)
(0.01342579 -0.002358902 0.002626152)
(0.01435977 -0.002160323 0.002779914)
(0.01492879 -0.002104846 0.002811852)
(0.01514125 -0.002241213 0.002709811)
(0.01483703 -0.002785722 0.002434929)
(0.01371691 -0.004087913 0.001952528)
(0.01140127 -0.00663402 0.00115851)
(0.007418431 -0.01070887 1.918257e-05)
(0.002474523 -0.0134298 -0.0009804561)
(-0.00689547 -0.007155977 -0.002375668)
(-0.01521466 -0.004527115 -0.002204859)
(-0.02078222 -0.002573529 -0.002086002)
(-0.02368388 -0.001612265 -0.00227005)
(-0.02526468 -0.001146272 -0.002719221)
(-0.02607218 -0.0009098709 -0.003414205)
(-0.02639528 -0.000750586 -0.004382619)
(-0.02632084 -0.0005692908 -0.005664353)
(-0.02585943 -0.0003081891 -0.007310685)
(-0.02495359 7.348139e-05 -0.009374683)
(-0.02347265 0.0006251662 -0.01187691)
(-0.02120326 0.001376156 -0.01476154)
(-0.01768063 0.002312757 -0.01771513)
(-0.01318299 0.003406934 -0.01948017)
(-0.007705775 0.005102339 -0.02142064)
(0.0009370842 0.006355049 -0.02215669)
(0.008233768 0.004619934 -0.02064303)
(0.01365239 0.003258876 -0.01917792)
(0.01771189 0.00195512 -0.01609643)
(0.02027346 0.000926691 -0.01305264)
(0.02190086 0.0001904291 -0.01042053)
(0.02288024 -0.0003050711 -0.008247079)
(0.02337342 -0.0006231198 -0.006496182)
(0.02345466 -0.0008353112 -0.005105951)
(0.02313682 -0.001014546 -0.004031554)
(0.02234135 -0.001256215 -0.003237452)
(0.02080913 -0.001690287 -0.002694709)
(0.01806152 -0.002542497 -0.002416023)
(0.01299831 -0.004196906 -0.002419041)
(0.00558603 -0.006159602 -0.00236277)
(0.004262043 -0.005267105 0.0008661501)
(0.01143639 -0.003830033 0.001144233)
(0.01677131 -0.00168729 0.001140597)
(0.01949631 -9.824731e-05 0.001002495)
(0.0203479 0.0008172642 0.0008282408)
(0.02015925 0.001172333 0.0006886457)
(0.01954911 0.001181293 0.0006093295)
(0.01884226 0.001022466 0.0006162417)
(0.01818813 0.0007846502 0.0007467179)
(0.0176319 0.0004883193 0.001075399)
(0.01717555 0.0001091629 0.00172977)
(0.01671871 -0.0003360385 0.002965018)
(0.01606585 -0.0006978632 0.005072174)
(0.01437359 -0.0003302007 0.007947057)
(0.01053186 0.0008502867 0.01036415)
(0.002942039 0.002664734 0.01116045)
(-0.006569635 0.001918263 0.008576769)
(-0.01029777 0.000276358 0.005815419)
(-0.01249572 7.234901e-06 0.003454024)
(-0.01359236 0.0001998048 0.002105041)
(-0.01443119 0.0004627351 0.001392263)
(-0.01518754 0.0006937663 0.001063576)
(-0.0159412 0.0008831423 0.0009757622)
(-0.01667569 0.001001642 0.001047326)
(-0.01726647 0.0009664095 0.001229316)
(-0.01742464 0.0006195011 0.001476828)
(-0.0166136 -0.0002181304 0.001732247)
(-0.01415516 -0.00160039 0.001893275)
(-0.009484996 -0.003361669 0.001853537)
(-0.003369331 -0.004224463 0.001416932)
(0.002805843 -0.01330961 0.0008489894)
(0.008313327 -0.01097578 0.001361977)
(0.01269124 -0.006422789 0.001643425)
(0.01549424 -0.002902005 0.001731416)
(0.01720055 -0.000620847 0.001691665)
(0.018102 0.0005767689 0.001649506)
(0.01852889 0.0009704729 0.001707068)
(0.01874969 0.0009108031 0.001893129)
(0.01875585 0.0006580997 0.002235382)
(0.01845315 0.0003694018 0.002777712)
(0.01773305 0.0001440311 0.003547729)
(0.01636902 0.0001456567 0.004583118)
(0.01443182 0.0007559857 0.005693174)
(0.01141748 0.003008428 0.006627369)
(0.006827077 0.006787225 0.006278877)
(-0.0004409663 0.01033442 0.005446401)
(-0.007085189 0.007359092 0.00530279)
(-0.01048923 0.003012416 0.005144747)
(-0.01308706 0.001338672 0.004396384)
(-0.01471355 0.0008339165 0.003609322)
(-0.01568379 0.0007848344 0.002973023)
(-0.01619876 0.0008798387 0.002508634)
(-0.01638473 0.0009739863 0.002217989)
(-0.01632271 0.000895386 0.002078337)
(-0.01600824 0.0004010417 0.002066832)
(-0.01516374 -0.0007897846 0.002139228)
(-0.01359301 -0.002889517 0.002149778)
(-0.01104027 -0.006004064 0.001987779)
(-0.007149624 -0.00980736 0.001627138)
(-0.002391521 -0.01112152 0.001058727)
(0.0003818689 -0.01786145 0.0008759284)
(0.001041587 -0.01460145 0.001633769)
(0.001519989 -0.008364368 0.002436094)
(0.00213776 -0.003774718 0.003100439)
(0.002785014 -0.0009279828 0.003523062)
(0.003795146 0.0006275933 0.003718534)
(0.004393097 0.00132651 0.003988697)
(0.004722838 0.001629668 0.004524609)
(0.004798015 0.001900809 0.00527491)
(0.004565122 0.002281552 0.006201724)
(0.004051956 0.002815804 0.007148776)
(0.003012333 0.003587671 0.007808831)
(0.002203458 0.005100465 0.006895769)
(0.001612377 0.008236729 0.004702582)
(0.000439655 0.01272342 0.001406904)
(-0.002175165 0.01553837 0.0001633364)
(-0.004133602 0.01162419 0.00217337)
(-0.004409329 0.006523611 0.004791385)
(-0.005003153 0.004100654 0.006001804)
(-0.005441481 0.003044313 0.005882968)
(-0.005481336 0.002507815 0.005353756)
(-0.005295793 0.002145354 0.004748046)
(-0.00491258 0.001848522 0.00422409)
(-0.004357955 0.001455837 0.003869762)
(-0.003619683 0.0006384235 0.00372464)
(-0.002703139 -0.0009811508 0.003495175)
(-0.002086169 -0.003682108 0.002987675)
(-0.001542299 -0.007786842 0.002251231)
(-0.001069327 -0.01304412 0.001420533)
(-0.0005073781 -0.01510167 0.0007405385)
(-0.002975715 -0.01534238 0.0007329567)
(-0.007996706 -0.01122241 0.001449358)
(-0.01192815 -0.006177635 0.002328324)
(-0.01391078 -0.003161753 0.003077036)
(-0.01465018 -0.001631549 0.003604888)
(-0.01460656 -0.0008857337 0.003951815)
(-0.01403189 -0.0004908833 0.004160611)
(-0.01344485 -0.000320027 0.00422144)
(-0.01284723 -0.0002502205 0.004037905)
(-0.01220951 -0.0001014557 0.003425459)
(-0.0114775 0.0004414152 0.002100308)
(-0.01056472 0.001841325 -0.0002643746)
(-0.008630496 0.004691084 -0.003974072)
(-0.00631186 0.008536496 -0.006668006)
(-0.003663379 0.01351164 -0.009642922)
(-0.001136885 0.01629867 -0.010505)
(0.001744174 0.01164069 -0.008209675)
(0.004898441 0.006031878 -0.005513814)
(0.006780914 0.00214753 -0.002063866)
(0.007867914 0.0001366442 0.0002283852)
(0.008843854 -0.0005765105 0.001693265)
(0.009728888 -0.0007354541 0.002526871)
(0.01061617 -0.000755109 0.002916858)
(0.01148875 -0.000846497 0.003031164)
(0.01224446 -0.001150916 0.00297831)
(0.01244026 -0.001820608 0.002746522)
(0.01185861 -0.003231252 0.002302533)
(0.01011475 -0.005937555 0.001633156)
(0.006700354 -0.01025314 0.0008440081)
(0.002280985 -0.01322645 0.0003008992)
(-0.006917556 -0.007119648 -0.000358454)
(-0.01524306 -0.004184212 -0.0008491911)
(-0.02078941 -0.002016096 -0.001352509)
(-0.02368918 -0.0009045809 -0.001980572)
(-0.02532765 -0.0002905202 -0.002776078)
(-0.02628077 0.0001290179 -0.003783653)
(-0.02685085 0.0005353915 -0.005070115)
(-0.0271338 0.0010223 -0.006694639)
(-0.02715581 0.001644616 -0.008747284)
(-0.0268522 0.002491769 -0.01133797)
(-0.02601394 0.003656039 -0.01454407)
(-0.02420915 0.005183801 -0.01836297)
(-0.02015992 0.00703919 -0.0221521)
(-0.01540275 0.008987026 -0.02291701)
(-0.009269171 0.01245663 -0.02552576)
(0.001823877 0.01497216 -0.02653796)
(0.01088172 0.01129513 -0.02463842)
(0.01731231 0.008518288 -0.02396654)
(0.021959 0.006089585 -0.02012416)
(0.02402804 0.004226497 -0.01623024)
(0.02490369 0.002834755 -0.01289701)
(0.02515811 0.001816381 -0.01015812)
(0.02502895 0.001060417 -0.007927234)
(0.02460686 0.0004846557 -0.006111835)
(0.02392048 3.055455e-05 -0.004672138)
(0.02287343 -0.0004083504 -0.003552083)
(0.02119264 -0.0009994995 -0.002680638)
(0.01836249 -0.002008924 -0.002009978)
(0.01322727 -0.003878345 -0.001491894)
(0.005704275 -0.006154049 -0.0009120655)
(0.004251828 -0.005440063 -4.601829e-05)
(0.01142395 -0.004115547 -4.19445e-05)
(0.0167993 -0.002007412 -7.754855e-05)
(0.0195943 -0.0004129398 -9.622966e-05)
(0.02054682 0.00055631 -8.112882e-05)
(0.0204797 0.0009728958 -1.271463e-05)
(0.02002741 0.001030355 9.47619e-05)
(0.01954833 0.0008992719 0.0002506494)
(0.01925325 0.000656412 0.0004868132)
(0.01929329 0.0003043788 0.0008736138)
(0.01987368 -0.0001785554 0.001522819)
(0.02107843 -0.0005305118 0.002692387)
(0.02213301 0.0005590128 0.004158142)
(0.01998847 0.005628183 0.006183192)
(0.01404716 0.01167134 0.009133186)
(8.008085e-05 0.01569966 0.010676)
(-0.01265815 0.009431321 0.007969284)
(-0.01660913 0.001617841 0.006404647)
(-0.01722987 -0.0003212396 0.004057297)
(-0.01652767 -0.0001996671 0.002362214)
(-0.01623059 0.0002189474 0.001450672)
(-0.01629286 0.0005504372 0.0009611299)
(-0.01660289 0.0007856539 0.0007261808)
(-0.0170336 0.0009252878 0.000642469)
(-0.01740936 0.0009124072 0.0006547792)
(-0.0174267 0.0006034977 0.0007242517)
(-0.01654654 -0.0001815225 0.0008227717)
(-0.01406304 -0.001504351 0.0008997386)
(-0.009417074 -0.00321163 0.0009031568)
(-0.003323873 -0.004062721 0.0006978698)
(0.002892378 -0.01348784 0.0004942436)
(0.008537662 -0.01133317 0.0007552049)
(0.01300681 -0.006864615 0.0008729772)
(0.01590358 -0.003365972 0.0009315542)
(0.01768607 -0.001107642 0.0009722134)
(0.01885534 0.0001021658 0.001040108)
(0.0195555 0.0005464626 0.001185829)
(0.02011981 0.0005316694 0.001395524)
(0.0205864 0.000284325 0.001688098)
(0.02089921 -4.608605e-05 0.002068583)
(0.02100616 -0.0002791065 0.002414641)
(0.02057592 0.0004481876 0.002625652)
(0.01917419 0.005343721 0.00120367)
(0.01527225 0.01660377 0.00346726)
(0.009638529 0.02814849 0.005832762)
(-8.51498e-05 0.03422931 0.006962946)
(-0.009005127 0.0236073 0.004754628)
(-0.01380616 0.007825095 0.002798636)
(-0.01682718 0.001666451 0.003481651)
(-0.01793464 0.0003613044 0.002973914)
(-0.01827556 0.0003360707 0.00247105)
(-0.01825874 0.0005179244 0.002015862)
(-0.01801294 0.0006703665 0.001694111)
(-0.01760549 0.0006429402 0.001493191)
(-0.01701039 0.0002350317 0.001393708)
(-0.01595577 -0.0008326511 0.001368639)
(-0.01423204 -0.002820609 0.001338238)
(-0.01151345 -0.005851849 0.001244538)
(-0.007452224 -0.009571476 0.001063422)
(-0.002473607 -0.01085865 0.000728492)
(0.000637577 -0.01800683 0.0009043071)
(0.001764331 -0.01495403 0.001403313)
(0.002616782 -0.008839849 0.001876318)
(0.003538223 -0.004262597 0.0023131)
(0.004504559 -0.001424965 0.002627564)
(0.005631526 0.0001462232 0.002894482)
(0.006604389 0.0009157913 0.003249274)
(0.007442652 0.001298958 0.003759736)
(0.008154823 0.001641629 0.004416286)
(0.008648045 0.002157591 0.00518107)
(0.008902891 0.003157751 0.00571752)
(0.008122043 0.005702777 0.005371236)
(0.007571284 0.0135212 0.001058882)
(0.006097499 0.02631514 0.001918463)
(0.004143481 0.03979374 0.002979537)
(0.0001560997 0.04668154 0.00372168)
(-0.003390557 0.03443184 0.002248124)
(-0.005422399 0.01596603 0.0009480644)
(-0.007788609 0.006817186 0.004426265)
(-0.008922036 0.003709874 0.004840416)
(-0.008884096 0.00258293 0.004526664)
(-0.008409554 0.002035907 0.003969275)
(-0.007694894 0.001669019 0.003470405)
(-0.006849992 0.001258625 0.003091711)
(-0.005916398 0.0004766595 0.002846952)
(-0.004752679 -0.001064412 0.002597622)
(-0.003749339 -0.003705958 0.002226556)
(-0.002786697 -0.007759592 0.001729587)
(-0.001840683 -0.01291561 0.001215967)
(-0.0007388378 -0.01491197 0.0007632828)
(-0.002500439 -0.01566925 0.001135255)
(-0.006826639 -0.01176667 0.001652376)
(-0.01020602 -0.006569837 0.002263078)
(-0.01169523 -0.003278399 0.002829798)
(-0.01197207 -0.001487232 0.003235052)
(-0.01151795 -0.0005517772 0.003498465)
(-0.01067706 -6.345281e-05 0.003650524)
(-0.009823192 0.0001959086 0.003742944)
(-0.00906914 0.0004612582 0.003597438)
(-0.008543041 0.001101442 0.002972191)
(-0.008382308 0.002886149 0.001473924)
(-0.008918867 0.007067587 -0.001156689)
(-0.006787879 0.01584272 -0.005395369)
(-0.005199659 0.02586467 -0.002499341)
(-0.002231445 0.03774133 -0.002235537)
(0.001310976 0.04413977 -0.001709561)
(0.004761092 0.03298816 -0.002509955)
(0.007251021 0.01850621 -0.005899094)
(0.008186819 0.008277087 -0.00241582)
(0.007179472 0.003297138 -0.0001321882)
(0.006913471 0.001141066 0.001370883)
(0.007153275 0.0003775525 0.00216149)
(0.007757678 0.0001040883 0.002512583)
(0.008540197 -0.0001227654 0.002639769)
(0.009406262 -0.0005786042 0.002653044)
(0.009955968 -0.001450579 0.002476439)
(0.009796828 -0.003094119 0.002133766)
(0.008529355 -0.006037615 0.001623013)
(0.005650586 -0.01049777 0.001071625)
(0.001887649 -0.01334846 0.0006912213)
(-0.0066136 -0.007326052 0.000602165)
(-0.01477529 -0.00428634 0.000172043)
(-0.02033427 -0.001895008 -0.0003665944)
(-0.02329191 -0.000559099 -0.0009674436)
(-0.02501631 0.0002765409 -0.001676433)
(-0.02611463 0.0009197197 -0.002534855)
(-0.02690806 0.001548643 -0.003591839)
(-0.02766506 0.002328317 -0.004980317)
(-0.02840906 0.003391219 -0.006793418)
(-0.02908137 0.004897489 -0.009152215)
(-0.02940537 0.007051693 -0.0121839)
(-0.02826881 0.01007819 -0.01569886)
(-0.02185456 0.01434393 -0.01791327)
(-0.0171987 0.01787253 -0.01282219)
(-0.01084333 0.02519826 -0.01333378)
(0.003190622 0.03011655 -0.01318357)
(0.01403168 0.02226717 -0.01341197)
(0.02128858 0.01635297 -0.01889401)
(0.0278486 0.01114411 -0.01694249)
(0.02899449 0.007699921 -0.01355902)
(0.02846272 0.005318696 -0.0104986)
(0.0274954 0.003652147 -0.008028481)
(0.02645216 0.002461627 -0.006072342)
(0.02541984 0.00157911 -0.004539553)
(0.02437505 0.0008773758 -0.003360293)
(0.02305199 0.0002054087 -0.002413627)
(0.02118333 -0.0005969845 -0.001657186)
(0.01821518 -0.001807359 -0.001044442)
(0.0129941 -0.003873636 -0.000524204)
(0.005537119 -0.006274003 -2.694903e-05)
(0.004212763 -0.005891111 -0.0001523746)
(0.01133921 -0.004782566 -0.0001946049)
(0.01675791 -0.002696518 -0.0002228944)
(0.01961318 -0.001037736 -0.0002260495)
(0.02062211 3.908544e-05 -0.0002047732)
(0.0206166 0.0006012771 -0.0001639993)
(0.02019986 0.0007742568 -0.000111876)
(0.01976374 0.0007016641 -5.314243e-05)
(0.01954945 0.0004513073 1.663753e-05)
(0.01972843 2.171585e-05 0.0001144824)
(0.02058697 -0.0004379875 0.0002522191)
(0.02114768 0.001220512 0.000562237)
(0.01635248 0.01442842 0.0008219246)
(-0.01504154 0.01442358 0.002737492)
(-0.01949752 0.001387597 0.001816844)
(-0.01848028 -0.0004694202 0.0009713175)
(-0.01733455 -7.716393e-05 0.0005580043)
(-0.01692725 0.0003545608 0.000336348)
(-0.01695506 0.0006357126 0.0002270473)
(-0.01721252 0.0007735568 0.0001786176)
(-0.0174731 0.0007331747 0.0001673205)
(-0.01740955 0.0003828404 0.0001789013)
(-0.01647806 -0.0004318696 0.0002040961)
(-0.01396175 -0.001755851 0.0002306989)
(-0.009317455 -0.003423061 0.0002441545)
(-0.003274657 -0.004161148 0.0001960405)
(0.002870101 -0.01399141 0.0001735147)
(0.008453116 -0.01216633 0.0002464769)
(0.01286533 -0.00779062 0.000264021)
(0.01571198 -0.004255342 0.0002730393)
(0.01747518 -0.001907493 0.0002837448)
(0.01867721 -0.0005830116 0.0003196973)
(0.01959801 -1.071856e-05 0.0003763144)
(0.02031089 8.588051e-05 0.0004417698)
(0.02087796 -8.332162e-05 0.0005070325)
(0.02105078 -0.0002854631 0.0005311066)
(0.02058215 0.0002903295 0.0003384538)
(0.0167505 0.006642238 -0.0001702522)
(0.01164482 0.03298196 -0.00136721)
(-0.01063893 0.03326767 0.0006156634)
(-0.01537802 0.007420217 0.001078091)
(-0.01884119 0.0007923245 0.0009980986)
(-0.01930656 3.098896e-05 0.0009095499)
(-0.01919914 0.0001580602 0.0007528809)
(-0.01874144 0.0003108993 0.0006252955)
(-0.0181276 0.0002662278 0.0005377759)
(-0.01733345 -0.000158139 0.0004887306)
(-0.01612044 -0.001222893 0.0004692842)
(-0.01434896 -0.003199192 0.0004531192)
(-0.01158909 -0.006199778 0.0004265889)
(-0.00749571 -0.009823385 0.0003798883)
(-0.002478797 -0.01093089 0.0002745037)
(0.000743927 -0.01834177 0.0004218482)
(0.002025769 -0.01562963 0.0005990618)
(0.002998588 -0.009665741 0.0007573498)
(0.00400528 -0.005087515 0.0009244357)
(0.005085892 -0.002209171 0.001061913)
(0.006331744 -0.0005774356 0.001196655)
(0.007551366 0.0003549474 0.001391913)
(0.00880818 0.0009468728 0.001641743)
(0.01004391 0.0015324 0.001930405)
(0.01096442 0.002542236 0.002194241)
(0.01138491 0.00526005 0.002057447)
(0.00794336 0.01511461 0.0009121939)
(0.006767929 0.04666166 -0.00211115)
(-0.006089676 0.0471634 -0.000501518)
(-0.007466454 0.0159856 0.001478041)
(-0.01114544 0.005873251 0.002005405)
(-0.01110394 0.003060303 0.002018023)
(-0.01041384 0.002036333 0.001771237)
(-0.009350046 0.001462017 0.001527038)
(-0.008205988 0.000911051 0.001327975)
(-0.007059472 2.74159e-05 0.001176329)
(-0.005752198 -0.001513755 0.001032936)
(-0.004551735 -0.004103386 0.0008694052)
(-0.003391664 -0.008103845 0.0006759671)
(-0.00221567 -0.01312323 0.0005006323)
(-0.000857594 -0.01492175 0.0003463185)
(-0.002190681 -0.01597504 0.0005882852)
(-0.006079316 -0.01239138 0.0007853935)
(-0.009075736 -0.007199842 0.001029744)
(-0.01019327 -0.003730406 0.00129086)
(-0.01006409 -0.001706765 0.001495136)
(-0.009263668 -0.0005701994 0.001632551)
(-0.008093368 4.369633e-05 0.001739164)
(-0.006740495 0.0004241123 0.001822647)
(-0.005538182 0.000974265 0.001783895)
(-0.004803606 0.00248463 0.001482903)
(-0.004737226 0.007064509 0.0006439208)
(-0.006944884 0.01889398 -0.0008468333)
(0.0001725652 0.04648504 -0.003758091)
(0.0003451847 0.04687232 -0.002678965)
(0.007156377 0.0197435 -0.0005590829)
(0.004746366 0.007808846 0.0003979567)
(0.004220521 0.002935096 0.000965171)
(0.004406906 0.001252239 0.001201638)
(0.005209642 0.0006467636 0.001269406)
(0.006255474 0.0002634916 0.001258352)
(0.007423502 -0.0003127741 0.001210586)
(0.008161674 -0.00138227 0.001111087)
(0.00835991 -0.003240656 0.0009417635)
(0.007442244 -0.006345908 0.0007142262)
(0.00493904 -0.01082283 0.0005043909)
(0.001611954 -0.01345679 0.0003734866)
(-0.006265818 -0.007502245 0.0004368782)
(-0.01416841 -0.004442125 0.0002502907)
(-0.01961236 -0.001870527 -2.725524e-07)
(-0.02249823 -0.0003230504 -0.0002741068)
(-0.02414519 0.0007287317 -0.0005950022)
(-0.02514165 0.001584937 -0.0009836968)
(-0.02593322 0.002476405 -0.001473559)
(-0.02682285 0.003663601 -0.002122152)
(-0.02788732 0.005400306 -0.002985895)
(-0.02907257 0.008032761 -0.004128835)
(-0.0296563 0.01219861 -0.005631398)
(-0.02677757 0.01925673 -0.007395784)
(-0.01230419 0.0324514 -0.008616377)
(0.01258954 0.03276529 -0.008043958)
(0.02699711 0.01966999 -0.007303976)
(0.02997193 0.0125654 -0.005856276)
(0.02920944 0.008328855 -0.004514742)
(0.02766643 0.005611496 -0.003427986)
(0.02619502 0.003782765 -0.002559824)
(0.0249084 0.002503004 -0.001874942)
(0.02375252 0.001554974 -0.001342858)
(0.02246387 0.0006966875 -0.0009255362)
(0.02061437 -0.0002979446 -0.0005897324)
(0.01767568 -0.00169159 -0.0003139494)
(0.01252622 -0.003914102 -7.129873e-05)
(0.00527003 -0.006355003 0.0001438676)
(0.004212676 -0.005879379 0.0002019944)
(0.01133865 -0.004767982 0.0002540459)
(0.01675498 -0.0026829 0.00028561)
(0.01960773 -0.001026403 0.0002879498)
(0.02061469 4.745581e-05 0.0002624871)
(0.02060809 0.0006062497 0.0002153074)
(0.02019176 0.0007766044 0.0001562)
(0.01975683 0.0007021904 9.119841e-05)
(0.01954405 0.0004505292 1.621607e-05)
(0.01972503 1.974989e-05 -8.544411e-05)
(0.02058637 -0.0004408308 -0.0002249371)
(0.02115043 0.00121906 -0.0005336646)
(0.01635502 0.01443456 -0.0007917781)
(-0.01505146 0.01445505 -0.002641931)
(-0.01950873 0.001400327 -0.001711676)
(-0.0184852 -0.0004647153 -0.0008683619)
(-0.01733291 -7.343138e-05 -0.0004541772)
(-0.01692145 0.000358198 -0.0002290127)
(-0.01694619 0.0006394733 -0.0001148402)
(-0.01720183 0.0007778437 -6.131387e-05)
(-0.01746189 0.0007386894 -4.601715e-05)
(-0.01739938 0.0003899613 -5.656299e-05)
(-0.01647011 -0.0004240996 -8.574159e-05)
(-0.01395637 -0.001748153 -0.0001208513)
(-0.009314911 -0.003416118 -0.0001467042)
(-0.003274013 -0.004156132 -0.0001188799)
(0.002871938 -0.01397603 -0.0001604682)
(0.008458392 -0.01214652 -0.0002342406)
(0.01287285 -0.007771112 -0.0002482419)
(0.01572065 -0.004238131 -0.0002537926)
(0.01748377 -0.001893892 -0.0002635993)
(0.01868528 -0.0005737918 -0.0003009589)
(0.01960363 -5.813599e-06 -0.0003590971)
(0.0203154 8.732614e-05 -0.0004256233)
(0.02088148 -8.464533e-05 -0.0004916144)
(0.02105318 -0.000289122 -0.0005158998)
(0.02058354 0.000285162 -0.0003224494)
(0.01674947 0.006640337 0.0001899887)
(0.0116459 0.03298546 0.001390606)
(-0.01064064 0.03331824 -0.0005510251)
(-0.01537319 0.007451298 -0.001021711)
(-0.0188377 0.000811653 -0.0009480136)
(-0.01930303 4.707674e-05 -0.0008579468)
(-0.01919508 0.0001734312 -0.0006989643)
(-0.01873725 0.0003263625 -0.0005698882)
(-0.01812384 0.0002821123 -0.0004823958)
(-0.01733242 -0.0001423893 -0.0004355465)
(-0.01611916 -0.001208085 -0.000422309)
(-0.01434746 -0.003185535 -0.0004159156)
(-0.01158758 -0.006187599 -0.0004011793)
(-0.007494796 -0.009813049 -0.0003630704)
(-0.002478681 -0.01092348 -0.0002563243)
(0.0007457728 -0.01832955 -0.0004359393)
(0.002031871 -0.01561291 -0.0006237903)
(0.003008565 -0.009647963 -0.0007817666)
(0.004018046 -0.005070568 -0.0009461794)
(0.005099443 -0.002194945 -0.001080678)
(0.006345032 -0.0005668782 -0.001215702)
(0.007560993 0.0003614818 -0.00141428)
(0.008813819 0.0009497098 -0.001665098)
(0.01004495 0.001532864 -0.001953481)
(0.01096106 0.00254102 -0.002215443)
(0.01137828 0.005257844 -0.002072452)
(0.007935958 0.01511436 -0.0009115037)
(0.006766785 0.04666734 0.002126308)
(-0.006089713 0.0472113 0.0005331594)
(-0.007461792 0.01601261 -0.001477046)
(-0.01114676 0.005888328 -0.00202968)
(-0.01110863 0.00307317 -0.002048487)
(-0.01042022 0.00204887 -0.001801113)
(-0.009355967 0.001475125 -0.00155444)
(-0.008209857 0.000925385 -0.001352954)
(-0.007057497 4.26263e-05 -0.001201166)
(-0.005749869 -0.001500537 -0.001062926)
(-0.004547581 -0.004092323 -0.0009074549)
(-0.0033877 -0.008094184 -0.0007204519)
(-0.002213295 -0.01311493 -0.0005457181)
(-0.000857113 -0.01491567 -0.000372804)
(-0.002190146 -0.01596795 -0.0006210108)
(-0.006077952 -0.01238067 -0.0008340474)
(-0.009073875 -0.007187061 -0.001083975)
(-0.01019165 -0.003717874 -0.001347976)
(-0.01006376 -0.001696463 -0.00155201)
(-0.009266923 -0.0005627655 -0.001685988)
(-0.008096707 4.858289e-05 -0.001789439)
(-0.006748099 0.0004275441 -0.001868791)
(-0.005548499 0.0009766371 -0.001822543)
(-0.004815336 0.002486233 -0.001511146)
(-0.004748956 0.00706587 -0.0006593152)
(-0.006952795 0.01889735 0.0008444642)
(0.0001699275 0.04648907 0.003765068)
(0.0003463528 0.04691537 0.002684515)
(0.007162764 0.01976825 0.0005407932)
(0.004752535 0.007818078 -0.000437473)
(0.004225636 0.002938127 -0.001019397)
(0.004411845 0.001252761 -0.001265093)
(0.005214634 0.0006459504 -0.001337742)
(0.00626095 0.0002613385 -0.001328622)
(0.007429093 -0.000315709 -0.001282155)
(0.008170526 -0.001383922 -0.001184382)
(0.008368348 -0.003239956 -0.001017738)
(0.007449128 -0.006342392 -0.0007918331)
(0.00494333 -0.01081756 -0.0005800119)
(0.001613194 -0.01345273 -0.0004265882)
(-0.006266422 -0.007498848 -0.0004769257)
(-0.01416954 -0.004437983 -0.000298607)
(-0.01961273 -0.001866817 -4.628491e-05)
(-0.02249785 -0.0003200627 0.0002311077)
(-0.02414453 0.0007307705 0.0005561344)
(-0.02514117 0.001585869 0.0009486945)
(-0.02593465 0.002476975 0.001442381)
(-0.02682588 0.003664284 0.002095072)
(-0.02789162 0.005400926 0.002963315)
(-0.02907773 0.008033403 0.004110961)
(-0.02966173 0.01219955 0.005618394)
(-0.02678176 0.01925859 0.00738766)
(-0.01230659 0.03245433 0.0086132)
(0.01259432 0.03280028 0.008016065)
(0.02700982 0.01969273 0.00726633)
(0.02998654 0.01257943 0.005813703)
(0.02922301 0.008337567 0.004469286)
(0.02767853 0.005616748 0.003380583)
(0.02620582 0.003785659 0.002511005)
(0.02491794 0.002504169 0.001824862)
(0.02376045 0.001554613 0.001291152)
(0.02246929 0.0006953109 0.0008706509)
(0.02061781 -0.0002993989 0.0005298848)
(0.0176778 -0.001692338 0.0002478553)
(0.01252741 -0.00391357 -5.035386e-07)
(0.005270723 -0.006353484 -0.0002042597)
(0.004250085 -0.005420427 7.030781e-05)
(0.01141989 -0.004091257 7.231616e-05)
(0.01678979 -0.001984339 0.0001121404)
(0.01957955 -0.0003936917 0.0001333495)
(0.02052833 0.0005697722 0.0001187891)
(0.02045984 0.0009803425 4.869448e-05)
(0.02000918 0.001033568 -6.110119e-05)
(0.01953314 0.0008997881 -0.0002193976)
(0.01924203 0.0006549195 -0.0004574859)
(0.01928684 0.0003011432 -0.0008456594)
(0.01987349 -0.0001834863 -0.001495952)
(0.02108699 -0.0005365541 -0.002666144)
(0.02215068 0.0005536492 -0.00413271)
(0.02000956 0.005616776 -0.006165099)
(0.01406906 0.01165497 -0.009119796)
(0.0001230656 0.0157009 -0.01066759)
(-0.01265182 0.009450327 -0.007951079)
(-0.01661232 0.001637727 -0.00636734)
(-0.01722616 -0.0003078052 -0.004008221)
(-0.01651563 -0.0001894045 -0.002303525)
(-0.01621145 0.0002283005 -0.001383859)
(-0.01626723 0.0005593982 -0.0008862488)
(-0.01657227 0.0007949289 -0.000643397)
(-0.01699993 0.0009356692 -0.0005520876)
(-0.01737536 0.0009250192 -0.0005578801)
(-0.01739591 0.0006196917 -0.0006232972)
(-0.01652265 -0.0001619784 -0.0007224195)
(-0.01404639 -0.001485373 -0.000804784)
(-0.009408239 -0.003195048 -0.0008177551)
(-0.003320805 -0.004050619 -0.0006296105)
(0.002894685 -0.013462 -0.0004915136)
(0.00854457 -0.01129946 -0.000753669)
(0.01301657 -0.006829995 -0.0008677418)
(0.01591451 -0.003334048 -0.0009213928)
(0.01769692 -0.001080938 -0.00095854)
(0.0188606 0.0001205341 -0.001025028)
(0.01955967 0.0005558201 -0.001169826)
(0.02012387 0.0005342332 -0.001379057)
(0.02059053 0.000281704 -0.0016715)
(0.02090369 -5.286557e-05 -0.002052104)
(0.02101111 -0.000289347 -0.002398118)
(0.02058319 0.0004365924 -0.002608949)
(0.01918411 0.005345178 -0.001184447)
(0.01528499 0.01658881 -0.003454331)
(0.009646172 0.0281251 -0.005823109)
(-6.655573e-05 0.03423045 -0.00695341)
(-0.00900951 0.02363371 -0.004734085)
(-0.0138123 0.007864576 -0.00276435)
(-0.01682544 0.001698406 -0.003446038)
(-0.0179282 0.0003900496 -0.002936462)
(-0.01826535 0.0003640113 -0.002430848)
(-0.01824587 0.0005466976 -0.00197311)
(-0.01799813 0.0007010273 -0.001649354)
(-0.01758996 0.0006763464 -0.001447453)
(-0.01699628 0.0002711989 -0.001348529)
(-0.01594961 -0.0007969739 -0.001326005)
(-0.0142248 -0.002789458 -0.001302939)
(-0.01150716 -0.005825214 -0.001218361)
(-0.007447855 -0.009549445 -0.00104435)
(-0.002472282 -0.01084163 -0.0007092833)
(0.0006400679 -0.01798759 -0.0009175221)
(0.001772454 -0.01492769 -0.001424482)
(0.002630024 -0.008811365 -0.001897066)
(0.003556349 -0.004234981 -0.002330797)
(0.004523909 -0.001401036 -0.002641014)
(0.005658067 0.0001623556 -0.002904528)
(0.006619755 0.0009240718 -0.003260652)
(0.007451182 0.001301599 -0.003772397)
(0.00815501 0.001641313 -0.004430551)
(0.008640159 0.002155749 -0.005197209)
(0.008888639 0.003154968 -0.005734506)
(0.008102859 0.005699708 -0.005384568)
(0.007562419 0.01352617 -0.001058434)
(0.006095341 0.02629897 -0.001914433)
(0.004137371 0.03976772 -0.002973344)
(0.0001558021 0.0466804 -0.003712465)
(-0.003407147 0.03445492 -0.002228914)
(-0.005440996 0.016016 -0.0009264655)
(-0.007799375 0.006838478 -0.004419244)
(-0.008936371 0.00372589 -0.004842949)
(-0.008902333 0.002598614 -0.004533869)
(-0.008430329 0.002052692 -0.003978335)
(-0.007715426 0.001687799 -0.003480012)
(-0.006867369 0.001280673 -0.003100753)
(-0.005930025 0.00050244 -0.002854508)
(-0.004752547 -0.001038813 -0.00261153)
(-0.003744629 -0.003684432 -0.002249168)
(-0.002779843 -0.007740886 -0.001759125)
(-0.001836028 -0.01289915 -0.001247593)
(-0.0007380088 -0.0148978 -0.0007810606)
(-0.002499882 -0.01565842 -0.001158858)
(-0.006825831 -0.01175055 -0.001686394)
(-0.01020522 -0.006551612 -0.00229969)
(-0.01169459 -0.003261652 -0.002867187)
(-0.01197269 -0.001474417 -0.003271593)
(-0.01152244 -0.000542356 -0.003533334)
(-0.01068258 -5.576807e-05 -0.003684861)
(-0.009835787 0.0002012952 -0.003776442)
(-0.00908698 0.0004650636 -0.003628945)
(-0.008564557 0.001104129 -0.003000205)
(-0.008405297 0.002888119 -0.0014966)
(-0.008939916 0.00706897 0.001141991)
(-0.00679988 0.01584453 0.005388512)
(-0.005209074 0.02585051 0.002500245)
(-0.002247188 0.03771562 0.002239537)
(0.001296665 0.04413741 0.001717233)
(0.004738026 0.03300438 0.002524787)
(0.007234023 0.01853669 0.005906092)
(0.008186604 0.008290704 0.002402559)
(0.007179716 0.003303917 0.0001007918)
(0.006913286 0.00114469 -0.001415199)
(0.007152603 0.0003796941 -0.002213455)
(0.007756888 0.0001050764 -0.002568053)
(0.008540007 -0.0001236368 -0.002695753)
(0.009408818 -0.0005826454 -0.002708701)
(0.009963719 -0.001454113 -0.002533414)
(0.009806062 -0.003094122 -0.002192155)
(0.008537964 -0.006032872 -0.001682675)
(0.005656213 -0.01048893 -0.001130204)
(0.001888736 -0.01333912 -0.0007321074)
(-0.00661433 -0.007321319 -0.0006283194)
(-0.01477726 -0.00428084 -0.0002038076)
(-0.02033653 -0.0018905 0.0003367583)
(-0.02329367 -0.0005561674 0.0009398967)
(-0.02501855 0.0002777803 0.001651065)
(-0.02611807 0.0009193388 0.002511369)
(-0.02691407 0.001547756 0.003570538)
(-0.02767305 0.002327481 0.004961177)
(-0.02841859 0.003390112 0.006776571)
(-0.02909193 0.00489607 0.009137712)
(-0.02941635 0.00704996 0.01217177)
(-0.02827938 0.01007613 0.01568927)
(-0.02186248 0.01434063 0.01790586)
(-0.01720838 0.017862 0.01281965)
(-0.01086236 0.02518037 0.01333331)
(0.003161937 0.0301145 0.01318565)
(0.01400801 0.02227471 0.01341644)
(0.02127975 0.01636758 0.01889298)
(0.02785262 0.0111533 0.01692952)
(0.02900098 0.007704536 0.01353512)
(0.02847004 0.00532027 0.01046621)
(0.02750332 0.003651667 0.007989647)
(0.02646061 0.002459657 0.006028656)
(0.02542875 0.001575686 0.004492286)
(0.02438247 0.0008724218 0.003309839)
(0.02305703 0.0002000846 0.002359978)
(0.02118616 -0.0006015113 0.001600097)
(0.01821646 -0.001809989 0.000983767)
(0.01299475 -0.003873302 0.0004609852)
(0.005536828 -0.006270673 -2.457378e-05)
(0.004260194 -0.005249126 -0.0008653292)
(0.01143142 -0.003807329 -0.001141696)
(0.01675952 -0.001664837 -0.001133404)
(0.01947756 -7.879096e-05 -0.0009900138)
(0.02032273 0.0008302053 -0.0008114749)
(0.02013221 0.001178737 -0.0006684749)
(0.01952384 0.001183053 -0.0005866837)
(0.01882102 0.001021282 -0.0005917702)
(0.01817194 0.0007816014 -0.0007209487)
(0.01762113 0.0004840153 -0.001048962)
(0.01717034 0.0001038201 -0.001703593)
(0.01671938 -0.0003422362 -0.002940926)
(0.01607259 -0.0007047716 -0.005052772)
(0.01438761 -0.0003385806 -0.007933698)
(0.01055133 0.0008401657 -0.01035525)
(0.002979844 0.002661523 -0.01115703)
(-0.006549217 0.001931712 -0.008574259)
(-0.01028059 0.0002879349 -0.005803299)
(-0.01247626 1.657528e-05 -0.003433676)
(-0.01356655 0.0002083979 -0.002077326)
(-0.01439787 0.0004712783 -0.001357542)
(-0.01514666 0.0007027156 -0.001021666)
(-0.01589363 0.0008931091 -0.0009261523)
(-0.01662357 0.00101369 -0.0009895337)
(-0.01721366 0.0009823848 -0.001163374)
(-0.01737665 0.0006415637 -0.001403941)
(-0.01657609 -0.0001904271 -0.001655926)
(-0.01412854 -0.001572605 -0.001817848)
(-0.009470289 -0.003336544 -0.001783007)
(-0.003363646 -0.004205316 -0.00135885)
(0.002807333 -0.01328744 -0.0008529315)
(0.008317662 -0.01094598 -0.001367168)
(0.01269688 -0.006390831 -0.001644844)
(0.01549961 -0.002871378 -0.001726968)
(0.017206 -0.0005944365 -0.001681108)
(0.01810021 0.0005939303 -0.001635802)
(0.01852613 0.0009778496 -0.001691641)
(0.01874727 0.000911494 -0.001877143)
(0.01875375 0.0006546964 -0.002219768)
(0.01845101 0.000363772 -0.002763379)
(0.01773034 0.000137384 -0.003535622)
(0.01636535 0.0001384008 -0.004573729)
(0.01442805 0.000747834 -0.005688144)
(0.01141429 0.002997487 -0.006627702)
(0.006822708 0.006773096 -0.006279586)
(-0.0004427077 0.01033484 -0.005438618)
(-0.007089457 0.007378965 -0.005286651)
(-0.01049025 0.003031926 -0.005119464)
(-0.01308459 0.001355985 -0.00436655)
(-0.01470796 0.0008515631 -0.003577028)
(-0.01567507 0.0008045739 -0.002938437)
(-0.01618689 0.0009029616 -0.002471831)
(-0.01637004 0.001001851 -0.002179197)
(-0.01630603 0.0009299149 -0.002037698)
(-0.01599219 0.000443942 -0.002024913)
(-0.01515813 -0.0007428612 -0.002098041)
(-0.01358493 -0.002846473 -0.002114442)
(-0.0110328 -0.005965715 -0.001958683)
(-0.007143822 -0.009774427 -0.001603381)
(-0.002389192 -0.01109456 -0.00103623)
(0.0003829931 -0.01784561 -0.0008867189)
(0.001045654 -0.01457858 -0.001649727)
(0.001527098 -0.008337933 -0.002451586)
(0.002149146 -0.003747697 -0.003113014)
(0.002797528 -0.0009037321 -0.003531256)
(0.003816934 0.0006442652 -0.003720363)
(0.004403472 0.001335013 -0.003990633)
(0.004726958 0.001633489 -0.004529973)
(0.004794746 0.001903364 -0.005283747)
(0.004554393 0.002284368 -0.006214176)
(0.004034769 0.002818857 -0.007163956)
(0.002989078 0.003589662 -0.007824959)
(0.002178148 0.005100241 -0.006907203)
(0.00158865 0.008231568 -0.004710339)
(0.0004144196 0.01271577 -0.001407256)
(-0.002196915 0.01553687 -0.000154723)
(-0.004157 0.01163861 -0.002153913)
(-0.004429489 0.00653868 -0.004766616)
(-0.005021646 0.004112846 -0.005982225)
(-0.005463304 0.003056564 -0.00586833)
(-0.005508061 0.002520207 -0.005342389)
(-0.005327512 0.002158706 -0.004738671)
(-0.004947125 0.001864448 -0.004216182)
(-0.00439241 0.001476739 -0.003861083)
(-0.003657081 0.0006660337 -0.003715375)
(-0.002714894 -0.0009495183 -0.003494296)
(-0.002090875 -0.003653455 -0.002994483)
(-0.001540495 -0.007760253 -0.002265101)
(-0.001066525 -0.01301966 -0.001437443)
(-0.0005067893 -0.01507865 -0.0007480097)
(-0.002976741 -0.01533274 -0.0007489716)
(-0.007999521 -0.01120783 -0.00147111)
(-0.01193172 -0.006161635 -0.002351446)
(-0.01391398 -0.00314742 -0.003100466)
(-0.01465325 -0.00162049 -0.003627854)
(-0.01461098 -0.000876719 -0.003974444)
(-0.01403734 -0.0004821656 -0.004182903)
(-0.0134573 -0.0003133526 -0.004243718)
(-0.01286504 -0.0002454778 -0.004061065)
(-0.01223201 -9.826251e-05 -0.003448152)
(-0.01150347 0.0004429135 -0.002121025)
(-0.0105932 0.001840235 0.0002476622)
(-0.008657768 0.004689701 0.003963834)
(-0.006339031 0.008531808 0.006662666)
(-0.003691841 0.01350157 0.009640189)
(-0.001165145 0.0162992 0.01050867)
(0.001719307 0.0116546 0.008216908)
(0.00488393 0.006043965 0.005518338)
(0.006774565 0.002153113 0.002051559)
(0.00786453 0.0001417922 -0.0002552866)
(0.008839892 -0.0005708077 -0.00172935)
(0.009722965 -0.0007291787 -0.002568153)
(0.01060777 -0.000748636 -0.00296043)
(0.01147923 -0.0008408771 -0.003075377)
(0.01223966 -0.001149726 -0.003023436)
(0.01243867 -0.001820001 -0.002792757)
(0.01186006 -0.003227735 -0.002348692)
(0.01011775 -0.00592997 -0.001679269)
(0.006702998 -0.0102412 -0.0008879581)
(0.002281153 -0.01321169 -0.0003299538)
(-0.006919052 -0.007115215 0.0003429621)
(-0.01524621 -0.004179227 0.0008307441)
(-0.02079273 -0.002012259 0.001334398)
(-0.0236925 -0.0009021822 0.001963013)
(-0.02533182 -0.0002896072 0.002759162)
(-0.02628685 0.0001287183 0.00376745)
(-0.02685889 0.0005346628 0.005054644)
(-0.0271432 0.001021365 0.006679679)
(-0.02716713 0.001643227 0.008733586)
(-0.0268652 0.002490002 0.01132565)
(-0.02602849 0.003653819 0.0145332)
(-0.02422547 0.005180892 0.01835358)
(-0.02017766 0.007035089 0.02214378)
(-0.01542317 0.008980698 0.02290967)
(-0.009292673 0.01244686 0.0255184)
(0.001791044 0.01497028 0.02653419)
(0.01086033 0.01129841 0.02463435)
(0.01730134 0.008523037 0.02395947)
(0.02195574 0.006092121 0.02010588)
(0.0240274 0.00422657 0.01620124)
(0.024905 0.002832916 0.01285934)
(0.02516087 0.001813244 0.01011365)
(0.02503305 0.001056276 0.007877823)
(0.02461164 0.0004793295 0.006058774)
(0.02392451 2.469963e-05 0.004616218)
(0.02287549 -0.0004134807 0.003493979)
(0.02119295 -0.001003279 0.00262135)
(0.01836153 -0.002010535 0.001950538)
(0.0132261 -0.003876648 0.001434545)
(0.005703194 -0.0061483 0.0008691661)
(0.004278922 -0.005859675 -0.001386052)
(0.01141734 -0.004513827 -0.001965303)
(0.01675072 -0.002255146 -0.002131338)
(0.01938497 -0.0004938157 -0.001990341)
(0.0200762 0.0006018874 -0.001698687)
(0.01962624 0.001083414 -0.001387335)
(0.01872164 0.00116046 -0.001105042)
(0.0177233 0.001041894 -0.0008729892)
(0.01677861 0.0008480514 -0.0007107988)
(0.01590306 0.0006230264 -0.0006489731)
(0.01504041 0.0003674547 -0.0007291696)
(0.01406383 7.17475e-05 -0.001023008)
(0.01277571 -0.0002331218 -0.001585138)
(0.01076874 -0.0003718198 -0.002470171)
(0.007564562 -0.0001261874 -0.003237503)
(0.002827555 0.0007657398 -0.003339857)
(-0.003637812 0.001193907 -0.002400094)
(-0.007199255 0.0007100469 -0.001811033)
(-0.009742567 0.0005434559 -0.001228934)
(-0.01138348 0.0005732609 -0.0009175636)
(-0.01266597 0.0006786583 -0.0008135343)
(-0.01378919 0.0008098386 -0.0008644452)
(-0.01487322 0.0009364005 -0.001026995)
(-0.01592715 0.000999673 -0.001268462)
(-0.01681986 0.0008808094 -0.001563959)
(-0.01721714 0.0003923931 -0.001880266)
(-0.01655024 -0.0006304821 -0.002146205)
(-0.01414951 -0.002181992 -0.002235044)
(-0.009458752 -0.004045431 -0.002027778)
(-0.003378469 -0.004778853 -0.001444656)
(0.002727464 -0.01417663 -0.0007139437)
(0.007903056 -0.01200673 -0.001667713)
(0.01192953 -0.007328404 -0.002305982)
(0.01436337 -0.003567853 -0.002509806)
(0.01567794 -0.00102707 -0.002433375)
(0.0163053 0.0004446631 -0.00222562)
(0.01638478 0.001026419 -0.00208247)
(0.01624263 0.001082802 -0.002058274)
(0.01585797 0.0009399442 -0.00216594)
(0.0151284 0.0007779744 -0.002414458)
(0.01394497 0.0006854835 -0.002785659)
(0.01218059 0.000693531 -0.003247374)
(0.009791429 0.0008284705 -0.003650335)
(0.006641246 0.001323273 -0.004020962)
(0.002917522 0.002489635 -0.003719401)
(-0.001283067 0.004228147 -0.002870963)
(-0.00466491 0.003896387 -0.002778147)
(-0.007225457 0.002577316 -0.003058192)
(-0.009500041 0.001826986 -0.003006782)
(-0.01123113 0.001428799 -0.002785819)
(-0.01250125 0.001262954 -0.002553728)
(-0.01336946 0.001220043 -0.002386085)
(-0.0139178 0.001181861 -0.002320047)
(-0.01421202 0.0009411058 -0.002360992)
(-0.01424257 0.0001926669 -0.002503325)
(-0.01364173 -0.00130342 -0.002667681)
(-0.01245639 -0.003673376 -0.002652989)
(-0.0102734 -0.007011579 -0.002350103)
(-0.006726056 -0.01090787 -0.001676313)
(-0.002307172 -0.01198599 -0.0008193222)
(0.0002222798 -0.01853151 5.223177e-05)
(0.0003110707 -0.01545722 -0.001260748)
(0.000108867 -0.009149163 -0.002516684)
(4.711755e-05 -0.004334458 -0.003325592)
(9.906722e-05 -0.001303089 -0.00375343)
(0.000478669 0.0003702627 -0.003873649)
(0.001063255 0.001198278 -0.003925088)
(0.001035898 0.001636107 -0.004242057)
(0.0007703717 0.001976503 -0.004782158)
(0.0001981989 0.002331538 -0.005442242)
(-0.0006089079 0.002648568 -0.006075785)
(-0.001603667 0.002805003 -0.006466669)
(-0.00249365 0.002885624 -0.006227904)
(-0.00308254 0.00332204 -0.005552298)
(-0.003186379 0.004287213 -0.004288678)
(-0.002932022 0.005227211 -0.003462112)
(-0.002338323 0.004616711 -0.004014472)
(-0.001705321 0.003554732 -0.004967168)
(-0.001592397 0.003103704 -0.005390116)
(-0.001638512 0.002749486 -0.005228049)
(-0.001661986 0.002383598 -0.004859698)
(-0.001594384 0.002007206 -0.004450123)
(-0.001405522 0.001601625 -0.004112964)
(-0.0009520975 0.001053026 -0.003925935)
(-0.0002799465 0.0001078153 -0.003882873)
(-5.29111e-05 -0.001631942 -0.00366385)
(-4.310284e-05 -0.004474607 -0.003158601)
(-0.0001875316 -0.008727898 -0.002299428)
(-0.0003633033 -0.01399048 -0.001086523)
(-0.0003582077 -0.01577032 -3.871152e-06)
(-0.003223831 -0.01553093 0.0009565799)
(-0.008841133 -0.01158771 -0.0003665127)
(-0.01339288 -0.006764059 -0.001641997)
(-0.01597888 -0.003892975 -0.002522917)
(-0.01727914 -0.002467243 -0.003077572)
(-0.01777472 -0.001844495 -0.003433899)
(-0.01781549 -0.001601016 -0.003634482)
(-0.01749516 -0.001568672 -0.003719416)
(-0.01701185 -0.001751177 -0.003665256)
(-0.01630485 -0.002063402 -0.003385528)
(-0.01530466 -0.00239551 -0.002788156)
(-0.0138909 -0.002560597 -0.001794745)
(-0.01169084 -0.002156749 -0.0003271706)
(-0.00887854 -0.0009139245 0.001169751)
(-0.005605357 0.001248219 0.003079067)
(-0.002088367 0.002504082 0.003686832)
(0.002074149 0.0002673119 0.002027701)
(0.005556229 -0.00187762 0.0003364914)
(0.008456157 -0.002775701 -0.0009391415)
(0.01057621 -0.002877501 -0.001768212)
(0.01218271 -0.002636941 -0.002320878)
(0.01340293 -0.002338157 -0.002650826)
(0.01433191 -0.002137109 -0.002806808)
(0.01490564 -0.002083328 -0.002839553)
(0.01511886 -0.00222362 -0.002738411)
(0.01481769 -0.002768014 -0.002463837)
(0.01370166 -0.004068236 -0.001980781)
(0.01138953 -0.006612397 -0.001186841)
(0.007411782 -0.01068534 -4.587343e-05)
(0.002471466 -0.01340596 0.0009656857)
(-0.006897671 -0.007152919 0.00237371)
(-0.01521846 -0.004523568 0.00220066)
(-0.0207866 -0.002570633 0.002080912)
(-0.02368876 -0.001610235 0.002264328)
(-0.02527078 -0.001145422 0.002712983)
(-0.02608039 -0.0009101258 0.003407497)
(-0.0264057 -0.0007514639 0.004375662)
(-0.02633318 -0.0005703716 0.005657213)
(-0.02587364 -0.0003093064 0.007303468)
(-0.02496954 7.20383e-05 0.009367403)
(-0.02349037 0.0006232486 0.01186955)
(-0.02122278 0.001373618 0.01475397)
(-0.01770228 0.002309493 0.01770751)
(-0.0132074 0.003402951 0.01947308)
(-0.007729905 0.005097044 0.02141348)
(0.0009051586 0.006353706 0.02215124)
(0.008213223 0.004620807 0.02063485)
(0.01363811 0.003261338 0.01916755)
(0.01770315 0.001957153 0.01607756)
(0.02026811 0.0009276091 0.01302577)
(0.02189803 0.0001904206 0.01038665)
(0.02287907 -0.0003056632 0.008207237)
(0.02337335 -0.0006245399 0.006451484)
(0.02345514 -0.0008367991 0.005057475)
(0.02313641 -0.001015272 0.003980096)
(0.02233944 -0.001255247 0.003184349)
(0.02080611 -0.001687859 0.002641771)
(0.01805764 -0.002538227 0.00236512)
(0.01299457 -0.004190165 0.002373453)
(0.005583078 -0.006150228 0.002331933)
(0.003834082 -0.005790184 -0.0006081305)
(0.01034904 -0.005026443 -0.001128132)
(0.01509745 -0.002940592 -0.001322225)
(0.01712787 -0.001097203 -0.001258471)
(0.0171544 0.0001405017 -0.001053183)
(0.01607671 0.0007519298 -0.0008110522)
(0.0146203 0.000916268 -0.0005883622)
(0.01320382 0.0008632339 -0.0004018513)
(0.0119702 0.0007432063 -0.0002604898)
(0.01090772 0.0006169799 -0.0001720004)
(0.009931958 0.0004975249 -0.0001429347)
(0.00892117 0.0003865899 -0.000181009)
(0.007743118 0.0003024114 -0.0002769116)
(0.006224791 0.000316099 -0.0003930344)
(0.004171636 0.0005280916 -0.0003678451)
(0.001644656 0.0009968004 -0.0001216146)
(-0.001411527 0.00128618 6.072293e-05)
(-0.003747166 0.001020693 -8.145054e-05)
(-0.005674947 0.0007959202 -0.0001010959)
(-0.007147354 0.0006856284 -0.0001315068)
(-0.0084149 0.000664491 -0.0001861028)
(-0.009632716 0.0007038492 -0.0002803657)
(-0.0109181 0.000769039 -0.0004158178)
(-0.01229917 0.0007863446 -0.0005890113)
(-0.01364214 0.0006018753 -0.0007941995)
(-0.01455958 1.911771e-05 -0.001011197)
(-0.01445251 -0.001072483 -0.001176726)
(-0.0125868 -0.002620197 -0.001202275)
(-0.008456279 -0.004263233 -0.001005097)
(-0.002966863 -0.004542618 -0.0005481005)
(0.002689397 -0.01378136 1.189245e-05)
(0.007372788 -0.01265524 -0.0006276531)
(0.01064918 -0.008386641 -0.001149591)
(0.01216817 -0.004452058 -0.001386289)
(0.01244547 -0.001633675 -0.001403748)
(0.01224723 0.000102816 -0.001282045)
(0.01165836 0.00090985 -0.001138514)
(0.01091231 0.00113101 -0.001053579)
(0.01003981 0.00112637 -0.00104089)
(0.008962626 0.001119048 -0.001093051)
(0.007637897 0.001205278 -0.00118548)
(0.006053789 0.001392151 -0.001276953)
(0.004264284 0.001636412 -0.001297966)
(0.00233656 0.001952531 -0.001207788)
(0.0004487431 0.00243467 -0.0008532133)
(-0.000976735 0.00311464 -0.0005228225)
(-0.002019823 0.003267061 -0.0006207746)
(-0.003156345 0.002747366 -0.0009293176)
(-0.004530942 0.00219365 -0.001074747)
(-0.005878368 0.001750827 -0.001112779)
(-0.007110481 0.001461977 -0.001102102)
(-0.008182213 0.001289275 -0.001096984)
(-0.009105568 0.001124119 -0.001131212)
(-0.009917793 0.0007428526 -0.001218121)
(-0.01048123 -0.0001606993 -0.001351295)
(-0.01073479 -0.00182586 -0.001427826)
(-0.01046836 -0.004350624 -0.001358417)
(-0.00910327 -0.00769066 -0.001092539)
(-0.00621713 -0.01109353 -0.0005993754)
(-0.002200509 -0.01133796 -6.347967e-05)
(0.0008073078 -0.01785778 0.0005499083)
(0.001137088 -0.0161556 -0.000136826)
(0.0005062368 -0.01062031 -0.0009520491)
(-0.0005688071 -0.005629308 -0.001507327)
(-0.001609533 -0.002561678 -0.001757228)
(-0.002415798 -0.0008344644 -0.001848865)
(-0.002794209 6.286629e-05 -0.001842173)
(-0.003203579 0.0005314978 -0.00189643)
(-0.0037627 0.0008024475 -0.00204566)
(-0.004440791 0.0009304174 -0.002186742)
(-0.005085381 0.0008933936 -0.002246442)
(-0.005505986 0.0006951322 -0.002187703)
(-0.005472006 0.000428992 -0.001975075)
(-0.004865569 0.0003179247 -0.001675112)
(-0.003685656 0.0005440326 -0.001288572)
(-0.002048944 0.001028226 -0.0010628)
(-0.0001894189 0.001101162 -0.001195191)
(0.001406911 0.0008549942 -0.001527172)
(0.002345397 0.0007785346 -0.001780722)
(0.002805957 0.000708405 -0.001900157)
(0.002933824 0.0006046022 -0.001916655)
(0.002876095 0.000434668 -0.001870722)
(0.002727499 0.0001596633 -0.001825992)
(0.002556677 -0.0003230985 -0.001827631)
(0.002134528 -0.001231508 -0.00179616)
(0.001372952 -0.002874461 -0.001660489)
(0.0003950915 -0.00564344 -0.001391015)
(-0.0005877091 -0.00981617 -0.0008626025)
(-0.001068218 -0.01422532 -0.0001343833)
(-0.0007624733 -0.01486564 0.0004063687)
(-0.001755957 -0.01516905 0.001276242)
(-0.006197236 -0.01262629 0.0006366093)
(-0.01047634 -0.00824508 -0.0001941033)
(-0.0134464 -0.005365609 -0.0007281747)
(-0.01529137 -0.0039061 -0.001003348)
(-0.01640709 -0.003308721 -0.001134927)
(-0.01704562 -0.003202024 -0.001156254)
(-0.01731002 -0.003394607 -0.001065334)
(-0.01719762 -0.003849086 -0.000853612)
(-0.01666506 -0.004526079 -0.0005108974)
(-0.01564964 -0.00535019 -3.013172e-05)
(-0.014078 -0.006196718 0.0005734084)
(-0.01183628 -0.00686916 0.001257084)
(-0.008907325 -0.007070956 0.001845004)
(-0.005361344 -0.006742546 0.002415036)
(-0.001047934 -0.006424367 0.002623346)
(0.003421236 -0.006810891 0.002166194)
(0.006834335 -0.006940428 0.001600762)
(0.009595417 -0.006494626 0.0009053968)
(0.01160138 -0.005784413 0.0002789444)
(0.01299541 -0.005028973 -0.0002167017)
(0.01386658 -0.004363124 -0.0005716093)
(0.0142855 -0.003872768 -0.0007907775)
(0.01429967 -0.0035975 -0.0008950112)
(0.01390027 -0.00361767 -0.0008981145)
(0.01298855 -0.004111308 -0.0007993871)
(0.01135495 -0.005374542 -0.0005635932)
(0.008720322 -0.007803702 -9.644396e-05)
(0.005081498 -0.01131857 0.0006142729)
(0.001295453 -0.01279521 0.001072061)
(-0.004703036 -0.007180846 0.002205051)
(-0.0115438 -0.005353296 0.001981615)
(-0.01643618 -0.003585063 0.001524975)
(-0.01925804 -0.002690845 0.001348834)
(-0.02095663 -0.002345804 0.001416683)
(-0.02197611 -0.002292618 0.00166745)
(-0.02253553 -0.002397253 0.002093133)
(-0.02268607 -0.00258339 0.002702559)
(-0.02240461 -0.002808721 0.003511251)
(-0.02162217 -0.003035293 0.004535091)
(-0.02022079 -0.003214879 0.005771515)
(-0.01803615 -0.003287334 0.007179621)
(-0.01486255 -0.003183796 0.008639393)
(-0.01078854 -0.00283698 0.009778246)
(-0.006083526 -0.002099174 0.01095699)
(0.0003795412 -0.001524718 0.01146486)
(0.005995856 -0.002288906 0.01034285)
(0.01052913 -0.002815049 0.009303632)
(0.01423503 -0.003124674 0.007770168)
(0.01677135 -0.003198843 0.006274091)
(0.0183981 -0.003106081 0.004965402)
(0.01933064 -0.002920474 0.003880449)
(0.01971957 -0.002704055 0.003015015)
(0.0196572 -0.002507372 0.002349332)
(0.01917858 -0.002382736 0.0018675)
(0.01823689 -0.002400286 0.001558901)
(0.01664151 -0.002672689 0.001428616)
(0.01402305 -0.00340252 0.001526075)
(0.009661836 -0.004807416 0.001865762)
(0.003721431 -0.006007695 0.00192141)
)
;

boundaryField
{
    minX
    {
        type            fixedValue;
        value           uniform (0 0 0);
    }
    maxX
    {
        type            fixedValue;
        value           uniform (0 0 0);
    }
    minY
    {
        type            fixedValue;
        value           uniform (0 0 0);
    }
    minZ
    {
        type            fixedValue;
        value           uniform (0 0 0);
    }
    maxZ
    {
        type            fixedValue;
        value           uniform (0 0 0);
    }
    bottomAir_to_rightSolid
    {
        type            fixedValue;
        value           uniform (0 0 0);
    }
    bottomAir_to_leftSolid
    {
        type            fixedValue;
        value           uniform (0 0 0);
    }
    bottomAir_to_heater
    {
        type            fixedValue;
        value           uniform (0 0 0);
    }
}


// ************************************************************************* //
